# transit_schema 1
# transit_product: a one-way transmission of the profile named below; this block adds comments only, and the columns are the spectrum
# adv_input ./output/Hydro_ioniz_adv.txt
# adv_schema 2
# adv_input_certified F no_stationary_claim (see the certification report of the run)
# adv_stationarity_operator face_flux_mass the mass row of the state, |R_1|/s_1 with s_1 the row's own largest term, which is the fractional change of the FACE mass flux across the cell; the same operator the stationary certification measures that row by, and its value for every row is the adv_mass_row column of Hydro_ioniz_adv.txt.
# adv_conditional_tol 1.0E-02 the correction of a corrected row is accurate to this fraction of itself in the mass flux: the terms the correction drops are the ones the mass divergence puts into the steady equations, each of them adv_mass_row times a term they keep, so the product is FIRST ORDER in that measure. A row at or below this fraction is corrected and is a CONDITIONAL correction to it; a row above it is retained. This is not the tolerance of a certified stationary state, which is a statement about the WHOLE state and is reported in the adv_input_certified line.
# adv_mass_row max 1.493e+00 over the 500 rows of the profile; the measure of every row is the adv_mass_row column of that file
# adv_model_restrictions the post-process reconstructs an H/He + trace-metal gas: the molecular (H2 H2p H3p HeHp) and oxygen (OH H2O CO) columns are NOT advection corrected and are the equilibrium solution, those species are absent from the particle and electron counts every equation here is solved with, and the H3+ infrared cooling is absent from its energy balance, so the metal and H/He columns inside a molecular layer inherit that approximation.
# input_provenance: git=43bc28cef587 tree=dirty run=2026-09-14T10:49:26
# input_provenance: ck_input=3308737884381581541 ck_base=348301453606273072 ck_metals=-1
# input_provenance: recon=PLM base_bc=characteristic carrier=none restart_schema=3 resid_def=145 N=500
# transit_tool git=43bc28cef587 EXHALE_transit.py mtime=2026-09-09T19:33:43 exhale_transit_lib.py mtime=2026-09-09T19:52:38
# census sampled_rows 500 refused_rows 6 above_disk_cap 49
# census_refusal_reasons retained: 6 rows
# census_composition corrected: 474 rows, retained: 26 rows
# census_share_b[Rp] 1.0000 1.4336 2.0552 2.9844 4.2784 6.2129 8.9067 12.9339
# census_share       0.5661 0.0000 0.0000 0.0000 0.0000 0.0000 0.0000 0.0000
# census_share_max 0.5661 at b = 1.0000 Rp
# census_note a share of line-center optical depth carried by refused rows is a CONTRIBUTION diagnostic and not an uncertainty on the transit depth: the disk-averaged transmission averages exp(-tau) and is nonlinear in tau, so a saturated ray moves little when its optical depth moves
# override EXHALE_TRANSIT_RES_HETR=68000
# lambda[A]  T_theo  T_instr  T_rot+instr  (O I 1302 triplet)
1.296000000000000000e+03 9.999999999937290163e-01 9.999999999932041028e-01 9.999999999932043249e-01
1.296019999999999982e+03 9.999999999936893813e-01 9.999999999931781236e-01 9.999999999931781236e-01
1.296039999999999964e+03 9.999999999936497463e-01 9.999999999931524775e-01 9.999999999931524775e-01
1.296059999999999945e+03 9.999999999936093342e-01 9.999999999931246109e-01 9.999999999931246109e-01
1.296080000000000155e+03 9.999999999935688111e-01 9.999999999930988537e-01 9.999999999930986316e-01
1.296100000000000136e+03 9.999999999935276218e-01 9.999999999930689887e-01 9.999999999930687666e-01
1.296119999999999891e+03 9.999999999934860995e-01 9.999999999930394567e-01 9.999999999930394567e-01
1.296139999999999873e+03 9.999999999934442441e-01 9.999999999930073713e-01 9.999999999930073713e-01
1.296159999999999854e+03 9.999999999934020556e-01 9.999999999929762851e-01 9.999999999929760630e-01
1.296179999999999836e+03 9.999999999933593120e-01 9.999999999929435335e-01 9.999999999929436445e-01
1.296199999999999818e+03 9.999999999933161243e-01 9.999999999929111150e-01 9.999999999929113370e-01
1.296220000000000027e+03 9.999999999932726036e-01 9.999999999928771421e-01 9.999999999928773642e-01
1.296240000000000009e+03 9.999999999932286388e-01 9.999999999928421701e-01 9.999999999928421701e-01
1.296259999999999991e+03 9.999999999931838968e-01 9.999999999928063099e-01 9.999999999928063099e-01
1.296279999999999973e+03 9.999999999931391548e-01 9.999999999927696726e-01 9.999999999927696726e-01
1.296299999999999955e+03 9.999999999930939687e-01 9.999999999927324801e-01 9.999999999927324801e-01
1.296320000000000164e+03 9.999999999930482275e-01 9.999999999926935113e-01 9.999999999926935113e-01
1.296340000000000146e+03 9.999999999930018202e-01 9.999999999926542094e-01 9.999999999926542094e-01
1.296359999999999900e+03 9.999999999929549688e-01 9.999999999926145744e-01 9.999999999926145744e-01
1.296379999999999882e+03 9.999999999929078953e-01 9.999999999925729410e-01 9.999999999925729410e-01
1.296399999999999864e+03 9.999999999928601557e-01 9.999999999925308636e-01 9.999999999925308636e-01
1.296419999999999845e+03 9.999999999928119720e-01 9.999999999924876759e-01 9.999999999924876759e-01
1.296439999999999827e+03 9.999999999927633443e-01 9.999999999924436000e-01 9.999999999924436000e-01
1.296460000000000036e+03 9.999999999927142724e-01 9.999999999923975258e-01 9.999999999923975258e-01
1.296480000000000018e+03 9.999999999926647565e-01 9.999999999923528948e-01 9.999999999923531169e-01
1.296500000000000000e+03 9.999999999926145744e-01 9.999999999923052663e-01 9.999999999923052663e-01
1.296519999999999982e+03 9.999999999925638372e-01 9.999999999922596361e-01 9.999999999922596361e-01
1.296539999999999964e+03 9.999999999925125449e-01 9.999999999922106753e-01 9.999999999922108973e-01
1.296560000000000173e+03 9.999999999924609195e-01 9.999999999921612703e-01 9.999999999921612703e-01
1.296580000000000155e+03 9.999999999924086280e-01 9.999999999921115323e-01 9.999999999921115323e-01
1.296599999999999909e+03 9.999999999923557814e-01 9.999999999920595739e-01 9.999999999920595739e-01
1.296619999999999891e+03 9.999999999923021576e-01 9.999999999920081706e-01 9.999999999920081706e-01
1.296639999999999873e+03 9.999999999922483118e-01 9.999999999919545468e-01 9.999999999919547689e-01
1.296659999999999854e+03 9.999999999921937999e-01 9.999999999919019222e-01 9.999999999919018112e-01
1.296679999999999836e+03 9.999999999921389549e-01 9.999999999918465221e-01 9.999999999918465221e-01
1.296700000000000045e+03 9.999999999920831106e-01 9.999999999917914550e-01 9.999999999917914550e-01
1.296720000000000027e+03 9.999999999920264893e-01 9.999999999917349447e-01 9.999999999917349447e-01
1.296740000000000009e+03 9.999999999919697569e-01 9.999999999916786564e-01 9.999999999916782123e-01
1.296759999999999991e+03 9.999999999919121363e-01 9.999999999916192595e-01 9.999999999916192595e-01
1.296779999999999973e+03 9.999999999918539606e-01 9.999999999915597515e-01 9.999999999915597515e-01
1.296800000000000182e+03 9.999999999917952298e-01 9.999999999914999105e-01 9.999999999914999105e-01
1.296820000000000164e+03 9.999999999917358329e-01 9.999999999914399584e-01 9.999999999914399584e-01
1.296839999999999918e+03 9.999999999916758808e-01 9.999999999913773419e-01 9.999999999913775639e-01
1.296859999999999900e+03 9.999999999916150406e-01 9.999999999913148363e-01 9.999999999913148363e-01
1.296879999999999882e+03 9.999999999915535343e-01 9.999999999912522197e-01 9.999999999912522197e-01
1.296899999999999864e+03 9.999999999914914728e-01 9.999999999911873827e-01 9.999999999911876047e-01
1.296919999999999845e+03 9.999999999914285231e-01 9.999999999911209914e-01 9.999999999911209914e-01
1.296940000000000055e+03 9.999999999913650184e-01 9.999999999910551551e-01 9.999999999910551551e-01
1.296960000000000036e+03 9.999999999913009585e-01 9.999999999909879866e-01 9.999999999909879866e-01
1.296980000000000018e+03 9.999999999912360105e-01 9.999999999909193749e-01 9.999999999909193749e-01
1.297000000000000000e+03 9.999999999911702853e-01 9.999999999908504300e-01 9.999999999908504300e-01
1.297019999999999982e+03 9.999999999911034498e-01 9.999999999907803749e-01 9.999999999907801529e-01
1.297040000000000191e+03 9.999999999910362813e-01 9.999999999907095427e-01 9.999999999907095427e-01
1.297059999999999945e+03 9.999999999909685577e-01 9.999999999906374892e-01 9.999999999906377113e-01
1.297079999999999927e+03 9.999999999908997239e-01 9.999999999905639925e-01 9.999999999905642145e-01
1.297099999999999909e+03 9.999999999908302240e-01 9.999999999904911618e-01 9.999999999904911618e-01
1.297119999999999891e+03 9.999999999907599468e-01 9.999999999904164438e-01 9.999999999904164438e-01
1.297139999999999873e+03 9.999999999906886705e-01 9.999999999903400605e-01 9.999999999903400605e-01
1.297159999999999854e+03 9.999999999906166170e-01 9.999999999902616787e-01 9.999999999902616787e-01
1.297180000000000064e+03 9.999999999905436754e-01 9.999999999901847403e-01 9.999999999901847403e-01
1.297200000000000045e+03 9.999999999904700676e-01 9.999999999901056924e-01 9.999999999901056924e-01
1.297220000000000027e+03 9.999999999903953496e-01 9.999999999900263115e-01 9.999999999900263115e-01
1.297240000000000009e+03 9.999999999903199654e-01 9.999999999899448211e-01 9.999999999899450431e-01
1.297259999999999991e+03 9.999999999902435821e-01 9.999999999898631087e-01 9.999999999898628866e-01
1.297279999999999973e+03 9.999999999901659775e-01 9.999999999897796199e-01 9.999999999897796199e-01
1.297299999999999955e+03 9.999999999900878178e-01 9.999999999896946878e-01 9.999999999896949099e-01
1.297319999999999936e+03 9.999999999900087699e-01 9.999999999896105329e-01 9.999999999896105329e-01
1.297339999999999918e+03 9.999999999899286118e-01 9.999999999895232694e-01 9.999999999895232694e-01
1.297359999999999900e+03 9.999999999898475656e-01 9.999999999894351177e-01 9.999999999894351177e-01
1.297379999999999882e+03 9.999999999897652980e-01 9.999999999893462999e-01 9.999999999893462999e-01
1.297399999999999864e+03 9.999999999896822533e-01 9.999999999892559277e-01 9.999999999892561497e-01
1.297420000000000073e+03 9.999999999895980984e-01 9.999999999891651115e-01 9.999999999891651115e-01
1.297440000000000055e+03 9.999999999895127223e-01 9.999999999890715197e-01 9.999999999890715197e-01
1.297460000000000036e+03 9.999999999894265690e-01 9.999999999889785940e-01 9.999999999889785940e-01
1.297480000000000018e+03 9.999999999893389724e-01 9.999999999888824487e-01 9.999999999888824487e-01
1.297500000000000000e+03 9.999999999892507097e-01 9.999999999887866364e-01 9.999999999887866364e-01
1.297519999999999982e+03 9.999999999891611147e-01 9.999999999886891588e-01 9.999999999886891588e-01
1.297539999999999964e+03 9.999999999890704094e-01 9.999999999885915702e-01 9.999999999885915702e-01
1.297559999999999945e+03 9.999999999889787050e-01 9.999999999884906510e-01 9.999999999884907620e-01
1.297579999999999927e+03 9.999999999888854463e-01 9.999999999883888435e-01 9.999999999883890656e-01
1.297599999999999909e+03 9.999999999887912994e-01 9.999999999882854818e-01 9.999999999882857038e-01
1.297619999999999891e+03 9.999999999886955981e-01 9.999999999881806767e-01 9.999999999881806767e-01
1.297639999999999873e+03 9.999999999885991198e-01 9.999999999880746504e-01 9.999999999880744284e-01
1.297660000000000082e+03 9.999999999885010871e-01 9.999999999879665147e-01 9.999999999879667367e-01
1.297680000000000064e+03 9.999999999884017221e-01 9.999999999878584900e-01 9.999999999878584900e-01
1.297700000000000045e+03 9.999999999883010249e-01 9.999999999877466905e-01 9.999999999877466905e-01
1.297720000000000027e+03 9.999999999881994395e-01 9.999999999876345580e-01 9.999999999876347800e-01
1.297740000000000009e+03 9.999999999880962998e-01 9.999999999875207601e-01 9.999999999875207601e-01
1.297759999999999991e+03 9.999999999879919388e-01 9.999999999874067402e-01 9.999999999874065182e-01
1.297779999999999973e+03 9.999999999878859125e-01 9.999999999872877243e-01 9.999999999872877243e-01
1.297799999999999955e+03 9.999999999877779988e-01 9.999999999871704848e-01 9.999999999871709289e-01
1.297819999999999936e+03 9.999999999876693080e-01 9.999999999870494705e-01 9.999999999870496925e-01
1.297839999999999918e+03 9.999999999875589518e-01 9.999999999869274570e-01 9.999999999869276790e-01
1.297859999999999900e+03 9.999999999874469303e-01 9.999999999868040002e-01 9.999999999868040002e-01
1.297879999999999882e+03 9.999999999873336876e-01 9.999999999866777678e-01 9.999999999866782119e-01
1.297900000000000091e+03 9.999999999872185574e-01 9.999999999865504252e-01 9.999999999865504252e-01
1.297920000000000073e+03 9.999999999871022061e-01 9.999999999864198630e-01 9.999999999864200850e-01
1.297940000000000055e+03 9.999999999869837453e-01 9.999999999862886346e-01 9.999999999862886346e-01
1.297960000000000036e+03 9.999999999868638412e-01 9.999999999861540756e-01 9.999999999861540756e-01
1.297980000000000018e+03 9.999999999867423828e-01 9.999999999860196276e-01 9.999999999860196276e-01
1.297999999999999773e+03 9.999999999866190370e-01 9.999999999858816269e-01 9.999999999858816269e-01
1.298019999999999754e+03 9.999999999864943590e-01 9.999999999857426269e-01 9.999999999857425159e-01
1.298039999999999964e+03 9.999999999863675715e-01 9.999999999855996302e-01 9.999999999855996302e-01
1.298059999999999945e+03 9.999999999862390077e-01 9.999999999854553012e-01 9.999999999854553012e-01
1.298079999999999927e+03 9.999999999861086675e-01 9.999999999853085297e-01 9.999999999853085297e-01
1.298099999999999909e+03 9.999999999859762179e-01 9.999999999851606480e-01 9.999999999851605370e-01
1.298119999999999891e+03 9.999999999858421029e-01 9.999999999850096577e-01 9.999999999850094357e-01
1.298140000000000100e+03 9.999999999857057675e-01 9.999999999848554477e-01 9.999999999848553367e-01
1.298160000000000082e+03 9.999999999855675448e-01 9.999999999846989063e-01 9.999999999846989063e-01
1.298180000000000064e+03 9.999999999854277677e-01 9.999999999845412546e-01 9.999999999845412546e-01
1.298200000000000045e+03 9.999999999852851040e-01 9.999999999843789400e-01 9.999999999843791620e-01
1.298220000000000027e+03 9.999999999851405530e-01 9.999999999842158482e-01 9.999999999842158482e-01
1.298239999999999782e+03 9.999999999849942256e-01 9.999999999840504250e-01 9.999999999840504250e-01
1.298259999999999764e+03 9.999999999848452337e-01 9.999999999838798947e-01 9.999999999838794507e-01
1.298279999999999973e+03 9.999999999846941323e-01 9.999999999837083653e-01 9.999999999837083653e-01
1.298299999999999955e+03 9.999999999845410326e-01 9.999999999835330611e-01 9.999999999835329501e-01
1.298319999999999936e+03 9.999999999843851572e-01 9.999999999833562025e-01 9.999999999833564246e-01
1.298339999999999918e+03 9.999999999842268394e-01 9.999999999831739039e-01 9.999999999831739039e-01
1.298359999999999900e+03 9.999999999840665232e-01 9.999999999829906061e-01 9.999999999829908282e-01
1.298380000000000109e+03 9.999999999839032094e-01 9.999999999828027564e-01 9.999999999828025343e-01
1.298400000000000091e+03 9.999999999837377862e-01 9.999999999826135744e-01 9.999999999826135744e-01
1.298420000000000073e+03 9.999999999835698095e-01 9.999999999824185082e-01 9.999999999824182861e-01
1.298440000000000055e+03 9.999999999833988351e-01 9.999999999822217767e-01 9.999999999822217767e-01
1.298460000000000036e+03 9.999999999832253073e-01 9.999999999820203822e-01 9.999999999820203822e-01
1.298479999999999791e+03 9.999999999830488928e-01 9.999999999818164342e-01 9.999999999818164342e-01
1.298499999999999773e+03 9.999999999828697028e-01 9.999999999816080454e-01 9.999999999816080454e-01
1.298519999999999982e+03 9.999999999826878483e-01 9.999999999813964369e-01 9.999999999813964369e-01
1.298539999999999964e+03 9.999999999825024410e-01 9.999999999811798324e-01 9.999999999811796103e-01
1.298559999999999945e+03 9.999999999823147023e-01 9.999999999809593421e-01 9.999999999809593421e-01
1.298579999999999927e+03 9.999999999821235219e-01 9.999999999807346329e-01 9.999999999807346329e-01
1.298599999999999909e+03 9.999999999819292329e-01 9.999999999805055939e-01 9.999999999805055939e-01
1.298620000000000118e+03 9.999999999817320573e-01 9.999999999802736683e-01 9.999999999802738904e-01
1.298640000000000100e+03 9.999999999815306628e-01 9.999999999800364137e-01 9.999999999800361916e-01
1.298660000000000082e+03 9.999999999813268259e-01 9.999999999797926087e-01 9.999999999797928307e-01
1.298680000000000064e+03 9.999999999811189921e-01 9.999999999795446959e-01 9.999999999795449179e-01
1.298700000000000045e+03 9.999999999809078277e-01 9.999999999792923422e-01 9.999999999792918981e-01
1.298719999999999800e+03 9.999999999806927775e-01 9.999999999790327720e-01 9.999999999790328831e-01
1.298739999999999782e+03 9.999999999804745077e-01 9.999999999787693161e-01 9.999999999787693161e-01
1.298759999999999991e+03 9.999999999802521300e-01 9.999999999784962013e-01 9.999999999784964233e-01
1.298779999999999973e+03 9.999999999800263106e-01 9.999999999782179794e-01 9.999999999782177573e-01
1.298799999999999955e+03 9.999999999797959394e-01 9.999999999779330961e-01 9.999999999779333182e-01
1.298819999999999936e+03 9.999999999795617933e-01 9.999999999776398862e-01 9.999999999776398862e-01
1.298839999999999918e+03 9.999999999793235395e-01 9.999999999773385717e-01 9.999999999773383497e-01
1.298860000000000127e+03 9.999999999790811778e-01 9.999999999770284864e-01 9.999999999770287085e-01
1.298880000000000109e+03 9.999999999788340421e-01 9.999999999767068548e-01 9.999999999767070769e-01
1.298900000000000091e+03 9.999999999785825766e-01 9.999999999763752312e-01 9.999999999763751202e-01
1.298920000000000073e+03 9.999999999783267812e-01 9.999999999760305069e-01 9.999999999760307290e-01
1.298940000000000055e+03 9.999999999780658788e-01 9.999999999756723490e-01 9.999999999756725710e-01
1.298959999999999809e+03 9.999999999778006465e-01 9.999999999752968716e-01 9.999999999752970936e-01
1.298979999999999791e+03 9.999999999775304182e-01 9.999999999749047408e-01 9.999999999749048518e-01
1.299000000000000000e+03 9.999999999772550829e-01 9.999999999744926260e-01 9.999999999744924040e-01
1.299019999999999982e+03 9.999999999769744186e-01 9.999999999740554202e-01 9.999999999740551981e-01
1.299039999999999964e+03 9.999999999766884251e-01 9.999999999735899037e-01 9.999999999735894596e-01
1.299059999999999945e+03 9.999999999763973246e-01 9.999999999730949662e-01 9.999999999730949662e-01
1.299079999999999927e+03 9.999999999761003400e-01 9.999999999725625033e-01 9.999999999725622812e-01
1.299100000000000136e+03 9.999999999757979152e-01 9.999999999719827448e-01 9.999999999719827448e-01
1.299120000000000118e+03 9.999999999754896063e-01 9.999999999713573562e-01 9.999999999713573562e-01
1.299140000000000100e+03 9.999999999751747470e-01 9.999999999706705722e-01 9.999999999706707943e-01
1.299160000000000082e+03 9.999999999748543367e-01 9.999999999699162867e-01 9.999999999699158426e-01
1.299179999999999836e+03 9.999999999745271539e-01 9.999999999690770691e-01 9.999999999690764030e-01
1.299199999999999818e+03 9.999999999741938650e-01 9.999999999681423724e-01 9.999999999681421503e-01
1.299219999999999800e+03 9.999999999738535816e-01 9.999999999670916573e-01 9.999999999670914352e-01
1.299240000000000009e+03 9.999999999735066369e-01 9.999999999659061611e-01 9.999999999659057170e-01
1.299259999999999991e+03 9.999999999731524758e-01 9.999999999645619031e-01 9.999999999645614590e-01
1.299279999999999973e+03 9.999999999727913202e-01 9.999999999630294623e-01 9.999999999630284631e-01
1.299299999999999955e+03 9.999999999724219490e-01 9.999999999612733115e-01 9.999999999612725343e-01
1.299319999999999936e+03 9.999999999720456945e-01 9.999999999592558142e-01 9.999999999592548150e-01
1.299340000000000146e+03 9.999999999716612242e-01 9.999999999569262332e-01 9.999999999569250120e-01
1.299360000000000127e+03 9.999999999712687604e-01 9.999999999542346085e-01 9.999999999542330542e-01
1.299380000000000109e+03 9.999999999708679699e-01 9.999999999511115512e-01 9.999999999511089976e-01
1.299400000000000091e+03 9.999999999704587417e-01 9.999999999474802337e-01 9.999999999474777912e-01
1.299419999999999845e+03 9.999999999700405207e-01 9.999999999432543918e-01 9.999999999432517273e-01
1.299439999999999827e+03 9.999999999696129738e-01 9.999999999383267779e-01 9.999999999383238913e-01
1.299459999999999809e+03 9.999999999691764341e-01 9.999999999325779321e-01 9.999999999325744904e-01
1.299480000000000018e+03 9.999999999687302354e-01 9.999999999258663008e-01 9.999999999258618599e-01
1.299500000000000000e+03 9.999999999682740448e-01 9.999999999180252397e-01 9.999999999180204657e-01
1.299519999999999982e+03 9.999999999678075291e-01 9.999999999088637903e-01 9.999999999088584612e-01
1.299539999999999964e+03 9.999999999673302442e-01 9.999999998981606852e-01 9.999999998981543570e-01
1.299559999999999945e+03 9.999999999668427453e-01 9.999999998856576866e-01 9.999999998856494710e-01
1.299580000000000155e+03 9.999999999663435890e-01 9.999999998710572546e-01 9.999999998710480398e-01
1.299600000000000136e+03 9.999999999658334415e-01 9.999999998540145540e-01 9.999999998540032298e-01
1.299620000000000118e+03 9.999999999653109706e-01 9.999999998341354557e-01 9.999999998341225771e-01
1.299640000000000100e+03 9.999999999647766202e-01 9.999999998109608823e-01 9.999999998109463384e-01
1.299659999999999854e+03 9.999999999642289472e-01 9.999999997839679189e-01 9.999999997839515986e-01
1.299679999999999836e+03 9.999999999636687287e-01 9.999999997525563789e-01 9.999999997525367279e-01
1.299699999999999818e+03 9.999999999630950764e-01 9.999999997160331500e-01 9.999999997160101683e-01
1.299720000000000027e+03 9.999999999625075464e-01 9.999999996736093077e-01 9.999999996735828844e-01
1.299740000000000009e+03 9.999999999619052504e-01 9.999999996243829070e-01 9.999999996243529310e-01
1.299759999999999991e+03 9.999999999612884105e-01 9.999999995673292119e-01 9.999999995672947950e-01
1.299779999999999973e+03 9.999999999606561385e-01 9.999999995012720522e-01 9.999999995012321952e-01
1.299799999999999955e+03 9.999999999600081013e-01 9.999999994248828239e-01 9.999999994248367496e-01
1.299820000000000164e+03 9.999999999593435218e-01 9.999999993366480711e-01 9.999999993365962236e-01
1.299840000000000146e+03 9.999999999586620669e-01 9.999999992348561628e-01 9.999999992347968769e-01
1.299860000000000127e+03 9.999999999579629595e-01 9.999999991175660963e-01 9.999999991174991498e-01
1.299880000000000109e+03 9.999999999572459775e-01 9.999999989825906210e-01 9.999999989825134605e-01
1.299899999999999864e+03 9.999999999565101216e-01 9.999999988274577145e-01 9.999999988273695628e-01
1.299919999999999845e+03 9.999999999557547259e-01 9.999999986493871562e-01 9.999999986492875692e-01
1.299939999999999827e+03 9.999999999549790131e-01 9.999999984452518920e-01 9.999999984451382051e-01
1.299960000000000036e+03 9.999999999541823170e-01 9.999999982115436170e-01 9.999999982114148311e-01
1.299980000000000018e+03 9.999999999533643047e-01 9.999999979443277009e-01 9.999999979441823728e-01
1.300000000000000000e+03 9.999999999525235328e-01 9.999999976392103251e-01 9.999999976390457901e-01
1.300019999999999982e+03 9.999999999516596683e-01 9.999999972912765323e-01 9.999999972910909030e-01
1.300039999999999964e+03 9.999999999507716009e-01 9.999999968950546991e-01 9.999999968948458662e-01
1.300060000000000173e+03 9.999999999498584424e-01 9.999999964444516998e-01 9.999999964442167766e-01
1.300080000000000155e+03 9.999999999489193048e-01 9.999999959326976162e-01 9.999999959324337162e-01
1.300100000000000136e+03 9.999999999479532997e-01 9.999999953522860086e-01 9.999999953519899121e-01
1.300119999999999891e+03 9.999999999469592060e-01 9.999999946949066354e-01 9.999999946945747897e-01
1.300139999999999873e+03 9.999999999459353583e-01 9.999999939513726233e-01 9.999999939510035851e-01
1.300159999999999854e+03 9.999999999448816457e-01 9.999999931115545193e-01 9.999999931111416274e-01
1.300179999999999836e+03 9.999999999437959586e-01 9.999999921642922507e-01 9.999999921638322853e-01
1.300200000000000045e+03 9.999999999426777419e-01 9.999999910973196293e-01 9.999999910968073724e-01
1.300220000000000027e+03 9.999999999415251084e-01 9.999999898971778656e-01 9.999999898966089873e-01
1.300240000000000009e+03 9.999999999403368367e-01 9.999999885491265283e-01 9.999999885484959217e-01
1.300259999999999991e+03 9.999999999391115946e-01 9.999999870370531729e-01 9.999999870363549537e-01
1.300279999999999973e+03 9.999999999378473836e-01 9.999999853433734209e-01 9.999999853426009278e-01
1.300300000000000182e+03 9.999999999365427605e-01 9.999999834489414763e-01 9.999999834480902683e-01
1.300320000000000164e+03 9.999999999351962821e-01 9.999999813329416565e-01 9.999999813320028519e-01
1.300340000000000146e+03 9.999999999338055057e-01 9.999999789727924693e-01 9.999999789717609611e-01
1.300359999999999900e+03 9.999999999323686550e-01 9.999999763440490241e-01 9.999999763429145982e-01
1.300379999999999882e+03 9.999999999308842868e-01 9.999999734202885682e-01 9.999999734190454515e-01
1.300399999999999864e+03 9.999999999293498476e-01 9.999999701730281076e-01 9.999999701716670852e-01
1.300419999999999845e+03 9.999999999277625617e-01 9.999999665716033936e-01 9.999999665701148066e-01
1.300440000000000055e+03 9.999999999261204309e-01 9.999999625830912064e-01 9.999999625814678383e-01
1.300460000000000036e+03 9.999999999244209015e-01 9.999999581722063269e-01 9.999999581704382967e-01
1.300480000000000018e+03 9.999999999226611980e-01 9.999999533012184916e-01 9.999999532992961404e-01
1.300500000000000000e+03 9.999999999208383228e-01 9.999999479298665728e-01 9.999999479277791314e-01
1.300519999999999982e+03 9.999999999189493893e-01 9.999999420152917429e-01 9.999999420130291083e-01
1.300539999999999964e+03 9.999999999169909559e-01 9.999999355119714162e-01 9.999999355095227083e-01
1.300560000000000173e+03 9.999999999149594698e-01 9.999999283716607401e-01 9.999999283690155227e-01
1.300580000000000155e+03 9.999999999128518224e-01 9.999999205433627303e-01 9.999999205405110114e-01
1.300599999999999909e+03 9.999999999106631288e-01 9.999999119732954078e-01 9.999999119702264183e-01
1.300619999999999891e+03 9.999999999083901692e-01 9.999999026048846940e-01 9.999999026015875536e-01
1.300639999999999873e+03 9.999999999060278366e-01 9.999998923787751792e-01 9.999998923752386748e-01
1.300659999999999854e+03 9.999999999035719123e-01 9.999998812328541042e-01 9.999998812290699091e-01
1.300680000000000064e+03 9.999999999010169560e-01 9.999998691023089803e-01 9.999998690982658811e-01
1.300700000000000045e+03 9.999999998983576388e-01 9.999998559196947578e-01 9.999998559153823185e-01
1.300720000000000027e+03 9.999999998955881875e-01 9.999998416150405189e-01 9.999998416104486365e-01
1.300740000000000009e+03 9.999999998927023848e-01 9.999998261159764867e-01 9.999998261110986109e-01
1.300759999999999991e+03 9.999999998896937914e-01 9.999998093478839056e-01 9.999998093427112655e-01
1.300779999999999973e+03 9.999999998865549689e-01 9.999997912340923278e-01 9.999997912286182622e-01
1.300800000000000182e+03 9.999999998832780346e-01 9.999997716960944416e-01 9.999997716903129552e-01
1.300820000000000164e+03 9.999999998798561052e-01 9.999997506537987579e-01 9.999997506477047438e-01
1.300839999999999918e+03 9.999999998762781894e-01 9.999997280258229315e-01 9.999997280194121707e-01
1.300859999999999900e+03 9.999999998725367378e-01 9.999997037298109515e-01 9.999997037230805574e-01
1.300879999999999882e+03 9.999999998686206482e-01 9.999996776827975165e-01 9.999996776757476002e-01
1.300899999999999864e+03 9.999999998645183741e-01 9.999996498016027191e-01 9.999996497942338358e-01
1.300920000000000073e+03 9.999999998602188134e-01 9.999996200032702509e-01 9.999996199955865084e-01
1.300940000000000055e+03 9.999999998557089764e-01 9.999995882055274787e-01 9.999995881975314305e-01
1.300960000000000036e+03 9.999999998509745414e-01 9.999995543272965914e-01 9.999995543189963421e-01
1.300980000000000018e+03 9.999999998459995210e-01 9.999995182892383871e-01 9.999995182806425964e-01
1.301000000000000000e+03 9.999999998407685942e-01 9.999994800143157114e-01 9.999994800054347044e-01
1.301019999999999982e+03 9.999999998352633312e-01 9.999994394284015264e-01 9.999994394192492919e-01
1.301040000000000191e+03 9.999999998294638592e-01 9.999993964609119601e-01 9.999993964515050404e-01
1.301059999999999945e+03 9.999999998233493059e-01 9.999993510454630030e-01 9.999993510358209381e-01
1.301079999999999927e+03 9.999999998168955795e-01 9.999993031205555161e-01 9.999993031106982899e-01
1.301099999999999909e+03 9.999999998100778109e-01 9.999992526302662332e-01 9.999992526202182708e-01
1.301119999999999891e+03 9.999999998028675785e-01 9.999991995249717380e-01 9.999991995147597956e-01
1.301139999999999873e+03 9.999999997952339070e-01 9.999991437620625589e-01 9.999991437517181669e-01
1.301160000000000082e+03 9.999999997871434898e-01 9.999990853066820229e-01 9.999990852962373777e-01
1.301180000000000064e+03 9.999999997785584682e-01 9.999990241324429041e-01 9.999990241219316456e-01
1.301200000000000045e+03 9.999999997694380971e-01 9.999989602221539542e-01 9.999989602116160503e-01
1.301220000000000027e+03 9.999999997597360801e-01 9.999988935685271141e-01 9.999988935580023108e-01
1.301240000000000009e+03 9.999999997494023463e-01 9.999988241748648532e-01 9.999988241643953391e-01
1.301259999999999991e+03 9.999999997383802741e-01 9.999987520557157561e-01 9.999987520453503809e-01
1.301280000000000200e+03 9.999999997266074692e-01 9.999986772375147881e-01 9.999986772272985158e-01
1.301299999999999955e+03 9.999999997140138763e-01 9.999985997591526177e-01 9.999985997491355194e-01
1.301319999999999936e+03 9.999999997005211139e-01 9.999985196725277303e-01 9.999985196627627637e-01
1.301339999999999918e+03 9.999999996860419182e-01 9.999984370430250458e-01 9.999984370335657236e-01
1.301359999999999900e+03 9.999999996704765914e-01 9.999983519499352491e-01 9.999983519408353061e-01
1.301379999999999882e+03 9.999999996537144442e-01 9.999982644868070647e-01 9.999982644781241214e-01
1.301400000000000091e+03 9.999999996356282450e-01 9.999981747617273653e-01 9.999981747535167109e-01
1.301420000000000073e+03 9.999999996160753302e-01 9.999980828975060243e-01 9.999980828898258345e-01
1.301440000000000055e+03 9.999999995948916087e-01 9.999979890317923781e-01 9.999979890246991632e-01
1.301460000000000036e+03 9.999999995718913404e-01 9.999978933170754480e-01 9.999978933106244972e-01
1.301480000000000018e+03 9.999999995468593639e-01 9.999977959206027833e-01 9.999977959148518281e-01
1.301500000000000000e+03 9.999999995195493208e-01 9.999976970241930552e-01 9.999976970191967185e-01
1.301520000000000209e+03 9.999999994896753286e-01 9.999975968239342983e-01 9.999975968197449827e-01
1.301539999999999964e+03 9.999999994569059858e-01 9.999974955297868950e-01 9.999974955264562260e-01
1.301559999999999945e+03 9.999999994208541576e-01 9.999973933650622149e-01 9.999973933626403744e-01
1.301579999999999927e+03 9.999999993810654297e-01 9.999972905658067734e-01 9.999972905643383925e-01
1.301599999999999909e+03 9.999999993370047857e-01 9.999971873800594935e-01 9.999971873795874266e-01
1.301619999999999891e+03 9.999999992880370669e-01 9.999970840670092675e-01 9.999970840675727057e-01
1.301640000000000100e+03 9.999999992334046572e-01 9.999969808960496032e-01 9.999969808976837404e-01
1.301660000000000082e+03 9.999999991721980619e-01 9.999968781457130307e-01 9.999968781484488423e-01
1.301680000000000064e+03 9.999999991033180491e-01 9.999967761025279067e-01 9.999967761063912608e-01
1.301700000000000045e+03 9.999999990254244686e-01 9.999966750597722998e-01 9.999966750647840685e-01
1.301720000000000027e+03 9.999999989368716369e-01 9.999965753161335069e-01 9.999965753223093445e-01
1.301740000000000009e+03 9.999999988356221836e-01 9.999964771743081737e-01 9.999964771816571840e-01
1.301760000000000218e+03 9.999999987191248163e-01 9.999963809395155945e-01 9.999963809480414412e-01
1.301779999999999973e+03 9.999999985841545591e-01 9.999962869179550573e-01 9.999962869276544097e-01
1.301799999999999955e+03 9.999999984265868225e-01 9.999961954152257748e-01 9.999961954260909724e-01
1.301819999999999936e+03 9.999999982410783250e-01 9.999961067346898602e-01 9.999961067467063591e-01
1.301839999999999918e+03 9.999999980206061290e-01 9.999960211758206485e-01 9.999960211889667994e-01
1.301859999999999900e+03 9.999999977557935127e-01 9.999959390325334763e-01 9.999959390467805243e-01
1.301880000000000109e+03 9.999999974338978914e-01 9.999958605915136856e-01 9.999958606068281020e-01
1.301900000000000091e+03 9.999999970372434044e-01 9.999957861305597273e-01 9.999957861469016551e-01
1.301920000000000073e+03 9.999999965407428970e-01 9.999957159169522436e-01 9.999957159342729440e-01
1.301940000000000055e+03 9.999999959078256229e-01 9.999956502058540142e-01 9.999956502241034162e-01
1.301960000000000036e+03 9.999999950835022355e-01 9.999955892387718537e-01 9.999955892578910044e-01
1.301980000000000018e+03 9.999999939819890216e-01 9.999955332420746856e-01 9.999955332619987480e-01
1.301999999999999773e+03 9.999999924634277448e-01 9.999954824255949948e-01 9.999954824462563563e-01
1.302019999999999982e+03 9.999999902871292701e-01 9.999954369813138788e-01 9.999954370026393757e-01
1.302039999999999964e+03 9.999999870097918686e-01 9.999953970821597871e-01 9.999953971040711487e-01
1.302059999999999945e+03 9.999999817398936841e-01 9.999953628808933015e-01 9.999953629033102587e-01
1.302079999999999927e+03 9.999999724580910243e-01 9.999953345091427970e-01 9.999953345319794185e-01
1.302099999999999909e+03 9.999999537367455504e-01 9.999953120765497916e-01 9.999953120997192579e-01
1.302120000000000118e+03 9.999999064194492471e-01 9.999952956700589590e-01 9.999952956934724524e-01
1.302140000000000100e+03 9.999996693456091323e-01 9.999952853533465857e-01 9.999952853769121797e-01
1.302160000000000082e+03 9.997319847873782361e-01 9.999952811664086783e-01 9.999952811900352234e-01
1.302180000000000064e+03 9.999414190121096446e-01 9.999952831252877372e-01 9.999952831488819749e-01
1.302200000000000045e+03 9.999997806350985341e-01 9.999952912219677303e-01 9.999952912454381782e-01
1.302220000000000027e+03 9.999999204378641204e-01 9.999953054244048456e-01 9.999953054476595771e-01
1.302239999999999782e+03 9.999999587577983462e-01 9.999953256767438736e-01 9.999953256996920725e-01
1.302259999999999991e+03 9.999999748019078316e-01 9.999953518996512747e-01 9.999953519222061216e-01
1.302279999999999973e+03 9.999999830168603276e-01 9.999953839908264364e-01 9.999953840129011118e-01
1.302299999999999955e+03 9.999999877798345649e-01 9.999954218256514871e-01 9.999954218471637235e-01
1.302319999999999936e+03 9.999999907859766779e-01 9.999954652579629011e-01 9.999954652788333176e-01
1.302339999999999918e+03 9.999999928042127006e-01 9.999955141209786458e-01 9.999955141411319692e-01
1.302360000000000127e+03 9.999999942244668372e-01 9.999955682283278025e-01 9.999955682476933116e-01
1.302380000000000109e+03 9.999999952616344112e-01 9.999956273752140801e-01 9.999956273937259388e-01
1.302400000000000091e+03 9.999999960420662415e-01 9.999956913396562674e-01 9.999956913572530803e-01
1.302420000000000073e+03 9.999999966440037413e-01 9.999957598838514761e-01 9.999957599004795084e-01
1.302440000000000055e+03 9.999999971179983627e-01 9.999958327555844573e-01 9.999958327711936379e-01
1.302460000000000036e+03 9.999999974978938111e-01 9.999959096897361732e-01 9.999959097042823153e-01
1.302479999999999791e+03 9.999999978070379658e-01 9.999959904098113528e-01 9.999959904232580410e-01
1.302500000000000000e+03 9.999999980619619366e-01 9.999960746295443181e-01 9.999960746418598001e-01
1.302519999999999982e+03 9.999999982746344829e-01 9.999961620544989271e-01 9.999961620656581118e-01
1.302539999999999964e+03 9.999999984538963105e-01 9.999962523836966044e-01 9.999962523936816172e-01
1.302559999999999945e+03 9.999999986063893287e-01 9.999963453112433731e-01 9.999963453200404473e-01
1.302579999999999927e+03 9.999999987371837040e-01 9.999964405279413437e-01 9.999964405355452612e-01
1.302600000000000136e+03 9.999999988502026316e-01 9.999965377228706709e-01 9.999965377292809876e-01
1.302620000000000118e+03 9.999999989485220953e-01 9.999966365849356498e-01 9.999966365901581389e-01
1.302640000000000100e+03 9.999999990345784795e-01 9.999967368043590765e-01 9.999967368084043962e-01
1.302660000000000082e+03 9.999999991103244446e-01 9.999968380741124374e-01 9.999968380769969079e-01
1.302680000000000064e+03 9.999999991773379504e-01 9.999969400912790407e-01 9.999969400930230901e-01
1.302700000000000045e+03 9.999999992369066337e-01 9.999970425583274425e-01 9.999970425589573830e-01
1.302719999999999800e+03 9.999999992900887591e-01 9.999971451843032710e-01 9.999971451838495229e-01
1.302740000000000009e+03 9.999999993377610696e-01 9.999972476859153581e-01 9.999972476844103397e-01
1.302759999999999991e+03 9.999999993806532039e-01 9.999973497885281670e-01 9.999973497860112914e-01
1.302779999999999973e+03 9.999999994193797814e-01 9.999974512270335403e-01 9.999974512235439983e-01
1.302799999999999955e+03 9.999999994544580550e-01 9.999975517466219710e-01 9.999975517422030613e-01
1.302819999999999936e+03 9.999999994863280062e-01 9.999976511034229798e-01 9.999976510981191113e-01
1.302840000000000146e+03 9.999999995153635579e-01 9.999977490650460155e-01 9.999977490589037066e-01
1.302860000000000127e+03 9.999999995418881182e-01 9.999978454109872406e-01 9.999978454040552300e-01
1.302880000000000109e+03 9.999999995661771335e-01 9.999979399329268492e-01 9.999979399252523216e-01
1.302900000000000091e+03 9.999999995884713000e-01 9.999980324349104777e-01 9.999980324265428377e-01
1.302920000000000073e+03 9.999999996089781185e-01 9.999981227334114875e-01 9.999981227243982529e-01
1.302940000000000055e+03 9.999999996278793324e-01 9.999982106572830043e-01 9.999982106476753563e-01
1.302959999999999809e+03 9.999999996453340367e-01 9.999982960476171412e-01 9.999982960374595997e-01
1.302980000000000018e+03 9.999999996614804543e-01 9.999983787574800997e-01 9.999983787468212926e-01
1.303000000000000000e+03 9.999999996764429300e-01 9.999984586515802132e-01 9.999984586404622178e-01
1.303019999999999982e+03 9.999999996903288224e-01 9.999985356058159747e-01 9.999985355942824228e-01
1.303039999999999964e+03 9.999999997032346100e-01 9.999986095067761038e-01 9.999986094948670745e-01
1.303059999999999945e+03 9.999999997152457798e-01 9.999986802511410255e-01 9.999986802388943774e-01
1.303080000000000155e+03 9.999999997264377161e-01 9.999987477450370532e-01 9.999987477324903118e-01
1.303100000000000136e+03 9.999999997368790305e-01 9.999988119033217382e-01 9.999988118905055456e-01
1.303120000000000118e+03 9.999999997466300083e-01 9.999988726488300284e-01 9.999988726357734725e-01
1.303140000000000100e+03 9.999999997557452724e-01 9.999989299115759067e-01 9.999989298983081865e-01
1.303160000000000082e+03 9.999999997642737837e-01 9.999989836279420397e-01 9.999989836144832500e-01
1.303179999999999836e+03 9.999999997722590628e-01 9.999990337398196871e-01 9.999990337261918105e-01
1.303199999999999818e+03 9.999999997797415219e-01 9.999990801937718166e-01 9.999990801799900630e-01
1.303220000000000027e+03 9.999999997867559109e-01 9.999991229401760107e-01 9.999991229262567005e-01
1.303240000000000009e+03 9.999999997933358697e-01 9.999991619323872483e-01 9.999991619183387082e-01
1.303259999999999991e+03 9.999999997995099310e-01 9.999991971259016843e-01 9.999991971117325740e-01
1.303279999999999973e+03 9.999999998053045180e-01 9.999992284775733875e-01 9.999992284632874817e-01
1.303299999999999955e+03 9.999999998107442778e-01 9.999992559448466212e-01 9.999992559304466955e-01
1.303320000000000164e+03 9.999999998158506376e-01 9.999992794850370847e-01 9.999992794705226951e-01
1.303340000000000146e+03 9.999999998206436924e-01 9.999992990546680005e-01 9.999992990400367043e-01
1.303360000000000127e+03 9.999999998251414279e-01 9.999993146088702600e-01 9.999993145941149519e-01
1.303380000000000109e+03 9.999999998293598313e-01 9.999993261008338630e-01 9.999993260859473265e-01
1.303400000000000091e+03 9.999999998333140017e-01 9.999993334813463974e-01 9.999993334663211941e-01
1.303419999999999845e+03 9.999999998370170395e-01 9.999993366984046839e-01 9.999993366832324870e-01
1.303439999999999827e+03 9.999999998404820456e-01 9.999993356969153480e-01 9.999993356815835011e-01
1.303460000000000036e+03 9.999999998437191229e-01 9.999993304184799925e-01 9.999993304029776153e-01
1.303480000000000018e+03 9.999999998467382634e-01 9.999993208012717405e-01 9.999993207855863986e-01
1.303500000000000000e+03 9.999999998495481268e-01 9.999993067800161395e-01 9.999993067641377298e-01
1.303519999999999982e+03 9.999999998521573730e-01 9.999992882860738730e-01 9.999992882699920704e-01
1.303539999999999964e+03 9.999999998545724411e-01 9.999992652476139554e-01 9.999992652313151043e-01
1.303560000000000173e+03 9.999999998567993265e-01 9.999992375898938413e-01 9.999992375733717243e-01
1.303580000000000155e+03 9.999999998588438022e-01 9.999992052356579952e-01 9.999992052189016212e-01
1.303600000000000136e+03 9.999999998607101981e-01 9.999991681056172865e-01 9.999991680886229917e-01
1.303620000000000118e+03 9.999999998624021780e-01 9.999991261190507297e-01 9.999991261018139621e-01
1.303640000000000100e+03 9.999999998639226284e-01 9.999990791944955992e-01 9.999990791770172471e-01
1.303659999999999854e+03 9.999999998652747690e-01 9.999990272505425715e-01 9.999990272328235230e-01
1.303679999999999836e+03 9.999999998664597101e-01 9.999989702067171304e-01 9.999989701887618265e-01
1.303700000000000045e+03 9.999999998674781176e-01 9.999989079844560091e-01 9.999989079662745528e-01
1.303720000000000027e+03 9.999999998683301028e-01 9.999988405081755571e-01 9.999988404897819372e-01
1.303740000000000009e+03 9.999999998690148884e-01 9.999987677063947311e-01 9.999987676878026033e-01
1.303759999999999991e+03 9.999999998695315861e-01 9.999986895129502340e-01 9.999986894941814697e-01
1.303779999999999973e+03 9.999999998698777537e-01 9.999986058682600598e-01 9.999986058493416374e-01
1.303799999999999955e+03 9.999999998700503934e-01 9.999985167206509873e-01 9.999985167016117726e-01
1.303820000000000164e+03 9.999999998700453974e-01 9.999984220277088331e-01 9.999984220085839093e-01
1.303840000000000146e+03 9.999999998698578807e-01 9.999983217576853267e-01 9.999983217385141065e-01
1.303860000000000127e+03 9.999999998694821812e-01 9.999982158908994334e-01 9.999982158717262148e-01
1.303880000000000109e+03 9.999999998689101943e-01 9.999981044211732062e-01 9.999981044020481713e-01
1.303899999999999864e+03 9.999999998681344815e-01 9.999979873572319988e-01 9.999979873382075501e-01
1.303919999999999845e+03 9.999999998671448287e-01 9.999978647241085650e-01 9.999978647052450986e-01
1.303940000000000055e+03 9.999999998659304667e-01 9.999977365645076333e-01 9.999977365458672107e-01
1.303960000000000036e+03 9.999999998644778509e-01 9.999976029401177469e-01 9.999976029217686468e-01
1.303980000000000018e+03 9.999999998627726594e-01 9.999974639328685910e-01 9.999974639148824229e-01
1.304000000000000000e+03 9.999999998607976837e-01 9.999973196461057201e-01 9.999973196285577570e-01
1.304019999999999982e+03 9.999999998585333838e-01 9.999971702056805745e-01 9.999971701886476438e-01
1.304039999999999964e+03 9.999999998559579995e-01 9.999970157609260335e-01 9.999970157444918462e-01
1.304060000000000173e+03 9.999999998530452183e-01 9.999968564855189479e-01 9.999968564697664375e-01
1.304080000000000155e+03 9.999999998497670628e-01 9.999966925782057814e-01 9.999966925632205461e-01
1.304100000000000136e+03 9.999999998460897821e-01 9.999965242633850337e-01 9.999965242492561135e-01
1.304119999999999891e+03 9.999999998419755176e-01 9.999963517915251288e-01 9.999963517783387879e-01
1.304139999999999873e+03 9.999999998373806376e-01 9.999961754394131042e-01 9.999961754272602699e-01
1.304159999999999854e+03 9.999999998322550709e-01 9.999959955102245557e-01 9.999959954991919364e-01
1.304180000000000064e+03 9.999999998265400869e-01 9.999958123334050653e-01 9.999958123235791474e-01
1.304200000000000045e+03 9.999999998201686280e-01 9.999956262643391325e-01 9.999956262558072906e-01
1.304220000000000027e+03 9.999999998130628676e-01 9.999954376838420256e-01 9.999954376766858610e-01
1.304240000000000009e+03 9.999999998051306571e-01 9.999952469974188185e-01 9.999952469917186004e-01
1.304259999999999991e+03 9.999999997962648601e-01 9.999950546343180369e-01 9.999950546301498155e-01
1.304279999999999973e+03 9.999999997863388002e-01 9.999948610463808008e-01 9.999948610438175178e-01
1.304300000000000182e+03 9.999999997752035963e-01 9.999946667066736961e-01 9.999946667057795224e-01
1.304320000000000164e+03 9.999999997626801695e-01 9.999944721079064847e-01 9.999944721087424826e-01
1.304340000000000146e+03 9.999999997485556902e-01 9.999942777606646294e-01 9.999942777632833124e-01
1.304359999999999900e+03 9.999999997325720313e-01 9.999940841914231049e-01 9.999940841958715465e-01
1.304379999999999882e+03 9.999999997144174424e-01 9.999938919403953408e-01 9.999938919467106224e-01
1.304399999999999864e+03 9.999999996937075641e-01 9.999937015591879863e-01 9.999937015674011942e-01
1.304420000000000073e+03 9.999999996699714400e-01 9.999935136083147880e-01 9.999935136184449069e-01
1.304440000000000055e+03 9.999999996426209847e-01 9.999933286545388267e-01 9.999933286665985133e-01
1.304460000000000036e+03 9.999999996109155687e-01 9.999931472681088396e-01 9.999931472821010914e-01
1.304480000000000018e+03 9.999999995739148329e-01 9.999929700198776361e-01 9.999929700357926832e-01
1.304500000000000000e+03 9.999999995304076350e-01 9.999927974783198170e-01 9.999927974961378974e-01
1.304519999999999982e+03 9.999999994788135727e-01 9.999926302064907624e-01 9.999926302261837874e-01
1.304540000000000191e+03 9.999999994170389872e-01 9.999924687589487604e-01 9.999924687804787604e-01
1.304560000000000173e+03 9.999999993422651334e-01 9.999923136786389444e-01 9.999923137019535169e-01
1.304580000000000155e+03 9.999999992506225510e-01 9.999921654937888871e-01 9.999921655188296343e-01
1.304599999999999909e+03 9.999999991366833596e-01 9.999920247148375019e-01 9.999920247415319263e-01
1.304619999999999891e+03 9.999999989926426913e-01 9.999918918314109062e-01 9.999918918596789608e-01
1.304639999999999873e+03 9.999999988069526724e-01 9.999917673093794424e-01 9.999917673391315320e-01
1.304660000000000082e+03 9.999999985619399956e-01 9.999916515880228340e-01 9.999916516191608151e-01
1.304680000000000064e+03 9.999999982294447420e-01 9.999915450773313452e-01 9.999915451097445285e-01
1.304700000000000045e+03 9.999999977623583725e-01 9.999914481554328383e-01 9.999914481890077589e-01
1.304720000000000027e+03 9.999999970769659630e-01 9.999913611662404334e-01 9.999913612008517472e-01
1.304740000000000009e+03 9.999999960125888210e-01 9.999912844172568205e-01 9.999912844527761857e-01
1.304759999999999991e+03 9.999999942277846277e-01 9.999912181776243747e-01 9.999912182139143457e-01
1.304780000000000200e+03 9.999999908865568887e-01 9.999911626763924311e-01 9.999911627133144520e-01
1.304800000000000182e+03 9.999999834555248768e-01 9.999911181010493477e-01 9.999911181384567582e-01
1.304820000000000164e+03 9.999999607830042381e-01 9.999910845963174699e-01 9.999910846340640536e-01
1.304839999999999918e+03 9.999964737222072353e-01 9.999910622632214308e-01 9.999910623011567523e-01
1.304859999999999900e+03 9.993882273095197055e-01 9.999910511584439998e-01 9.999910511964158477e-01
1.304879999999999882e+03 9.999992851912168357e-01 9.999910512939810259e-01 9.999910513318392979e-01
1.304900000000000091e+03 9.999999681039741795e-01 9.999910626370859257e-01 9.999910626746782993e-01
1.304920000000000073e+03 9.999999855386051406e-01 9.999910851105109355e-01 9.999910851476889739e-01
1.304940000000000055e+03 9.999999917562654161e-01 9.999911185930556723e-01 9.999911186296757126e-01
1.304960000000000036e+03 9.999999946720020683e-01 9.999911629203906971e-01 9.999911629563092985e-01
1.304980000000000018e+03 9.999999962704004819e-01 9.999912178861793954e-01 9.999912179212594454e-01
1.305000000000000000e+03 9.999999972406674598e-01 9.999912832434645349e-01 9.999912832775753602e-01
1.305020000000000209e+03 9.999999978736412443e-01 9.999913587063222753e-01 9.999913587393373104e-01
1.305040000000000191e+03 9.999999983093635914e-01 9.999914439517612053e-01 9.999914439835622115e-01
1.305059999999999945e+03 9.999999986220515780e-01 9.999915386218510838e-01 9.999915386523298144e-01
1.305079999999999927e+03 9.999999988540251294e-01 9.999916423260697407e-01 9.999916423551243883e-01
1.305099999999999909e+03 9.999999990308516828e-01 9.999917546438314986e-01 9.999917546713692484e-01
1.305119999999999891e+03 9.999999991687154033e-01 9.999918751271904549e-01 9.999918751531284844e-01
1.305140000000000100e+03 9.999999992782687697e-01 9.999920033036840961e-01 9.999920033279510179e-01
1.305160000000000082e+03 9.999999993667533227e-01 9.999921386793074740e-01 9.999921387018411156e-01
1.305180000000000064e+03 9.999999994392323455e-01 9.999922807415677628e-01 9.999922807623163878e-01
1.305200000000000045e+03 9.999999994993309382e-01 9.999924289626264118e-01 9.999924289815477207e-01
1.305220000000000027e+03 9.999999995497002026e-01 9.999925828024619490e-01 9.999925828195274091e-01
1.305240000000000009e+03 9.999999995923151141e-01 9.999927417120743067e-01 9.999927417272657104e-01
1.305260000000000218e+03 9.999999996286702553e-01 9.999929051366572841e-01 9.999929051499649724e-01
1.305280000000000200e+03 9.999999996599127083e-01 9.999930725187610170e-01 9.999930725301870993e-01
1.305299999999999955e+03 9.999999996869362029e-01 9.999932433013685174e-01 9.999932433109259833e-01
1.305319999999999936e+03 9.999999997104423999e-01 9.999934169309196985e-01 9.999934169386291982e-01
1.305339999999999918e+03 9.999999997309894084e-01 9.999935928602067259e-01 9.999935928661017881e-01
1.305359999999999900e+03 9.999999997490242043e-01 9.999937705511632302e-01 9.999937705552824907e-01
1.305380000000000109e+03 9.999999997649086092e-01 9.999939494774975346e-01 9.999939494798907313e-01
1.305400000000000091e+03 9.999999997789350559e-01 9.999941291271731147e-01 9.999941291278967581e-01
1.305420000000000073e+03 9.999999997913429084e-01 9.999943090047139771e-01 9.999943090038304616e-01
1.305440000000000055e+03 9.999999998023280101e-01 9.999944886333130833e-01 9.999944886308943515e-01
1.305460000000000036e+03 9.999999998120495670e-01 9.999946675567539245e-01 9.999946675528748052e-01
1.305480000000000018e+03 9.999999998206373641e-01 9.999948453411098281e-01 9.999948453358514788e-01
1.305500000000000227e+03 9.999999998281959845e-01 9.999950215762404282e-01 9.999950215696881139e-01
1.305520000000000209e+03 9.999999998348071406e-01 9.999951958770633142e-01 9.999951958693048537e-01
1.305539999999999964e+03 9.999999998405340040e-01 9.999953678845974192e-01 9.999953678757251829e-01
1.305559999999999945e+03 9.999999998454187633e-01 9.999955372668000164e-01 9.999955372569071521e-01
1.305579999999999927e+03 9.999999998494876197e-01 9.999957037191675724e-01 9.999957037083496703e-01
1.305599999999999909e+03 9.999999998527469014e-01 9.999958669651342058e-01 9.999958669534860789e-01
1.305620000000000118e+03 9.999999998551835079e-01 9.999960267562482130e-01 9.999960267438643413e-01
1.305640000000000100e+03 9.999999998567593584e-01 9.999961828721499746e-01 9.999961828591252821e-01
1.305660000000000082e+03 9.999999998574093940e-01 9.999963351203648987e-01 9.999963351067919781e-01
1.305680000000000064e+03 9.999999998570348048e-01 9.999964833358933047e-01 9.999964833218634164e-01
1.305700000000000045e+03 9.999999998554885972e-01 9.999966273806488726e-01 9.999966273662509453e-01
1.305720000000000027e+03 9.999999998525618272e-01 9.999967671427237859e-01 9.999967671280418635e-01
1.305740000000000236e+03 9.999999998479598418e-01 9.999969025355136543e-01 9.999969025206310036e-01
1.305760000000000218e+03 9.999999998412608671e-01 9.999970334967149821e-01 9.999970334817098738e-01
1.305779999999999973e+03 9.999999998318565009e-01 9.999971599871974037e-01 9.999971599721427795e-01
1.305799999999999955e+03 9.999999998188515704e-01 9.999972819897833265e-01 9.999972819747489083e-01
1.305819999999999936e+03 9.999999998008903823e-01 9.999973995079343148e-01 9.999973994929848287e-01
1.305839999999999918e+03 9.999999997758528547e-01 9.999975125643760787e-01 9.999975125495713657e-01
1.305860000000000127e+03 9.999999997402805318e-01 9.999976211996616238e-01 9.999976211850560848e-01
1.305880000000000109e+03 9.999999996882269482e-01 9.999977254707007601e-01 9.999977254563441331e-01
1.305900000000000091e+03 9.999999996087692855e-01 9.999978254492506435e-01 9.999978254351882256e-01
1.305920000000000073e+03 9.999999994800252701e-01 9.999979212204191947e-01 9.999979212066900658e-01
1.305940000000000055e+03 9.999999992527176529e-01 9.999980128811448710e-01 9.999980128677826707e-01
1.305960000000000036e+03 9.999999987955288105e-01 9.999981005387079680e-01 9.999981005257422284e-01
1.305980000000000246e+03 9.999999976513033184e-01 9.999981843092637934e-01 9.999981842967192724e-01
1.306000000000000227e+03 9.999999880993613033e-01 9.999982643164067042e-01 9.999982643043030528e-01
1.306019999999999982e+03 9.999684804120241299e-01 9.999983406897958726e-01 9.999983406781484119e-01
1.306039999999999964e+03 9.999850951849387215e-01 9.999984135638152472e-01 9.999984135526344131e-01
1.306059999999999945e+03 9.999999925199836159e-01 9.999984830763209986e-01 9.999984830656135637e-01
1.306079999999999927e+03 9.999999978377802634e-01 9.999985493674357073e-01 9.999985493572054462e-01
1.306100000000000136e+03 9.999999988700656317e-01 9.999986125784373625e-01 9.999986125686832761e-01
1.306120000000000118e+03 9.999999992962450568e-01 9.999986728507146427e-01 9.999986728414326231e-01
1.306140000000000100e+03 9.999999995131307884e-01 9.999987303248122350e-01 9.999987303159969532e-01
1.306160000000000082e+03 9.999999996386391699e-01 9.999987851395549798e-01 9.999987851311965548e-01
1.306180000000000064e+03 9.999999997179277456e-01 9.999988374312711592e-01 9.999988374233583777e-01
1.306200000000000045e+03 9.999999997713278077e-01 9.999988873330873940e-01 9.999988873256063782e-01
1.306220000000000255e+03 9.999999998090979281e-01 9.999989349743183542e-01 9.999989349672540051e-01
1.306240000000000009e+03 9.999999998368683807e-01 9.999989804799481741e-01 9.999989804732833942e-01
1.306259999999999991e+03 9.999999998579413019e-01 9.999990239701809225e-01 9.999990239638981704e-01
1.306279999999999973e+03 9.999999998743559493e-01 9.999990655600821121e-01 9.999990655541619589e-01
1.306299999999999955e+03 9.999999998874287144e-01 9.999991053592944823e-01 9.999991053537183872e-01
1.306319999999999936e+03 9.999999998980392268e-01 9.999991434718303873e-01 9.999991434665770340e-01
1.306340000000000146e+03 9.999999999067942236e-01 9.999991799959242478e-01 9.999991799909749846e-01
1.306360000000000127e+03 9.999999999141229168e-01 9.999992150239663813e-01 9.999992150193004470e-01
1.306380000000000109e+03 9.999999999203365020e-01 9.999992486424789107e-01 9.999992486380762102e-01
1.306400000000000091e+03 9.999999999256633521e-01 9.999992809321581744e-01 9.999992809279992789e-01
1.306420000000000073e+03 9.999999999302777720e-01 9.999993119679662090e-01 9.999993119640320227e-01
1.306440000000000055e+03 9.999999999343106571e-01 9.999993418192548722e-01 9.999993418155272984e-01
1.306460000000000264e+03 9.999999999378639259e-01 9.999993705499493624e-01 9.999993705464098603e-01
1.306480000000000018e+03 9.999999999410189577e-01 9.999993982187440622e-01 9.999993982153769778e-01
1.306500000000000000e+03 9.999999999438390352e-01 9.999994248793420137e-01 9.999994248761304716e-01
1.306519999999999982e+03 9.999999999463747846e-01 9.999994505807103806e-01 9.999994505776393927e-01
1.306539999999999964e+03 9.999999999486682833e-01 9.999994753673586700e-01 9.999994753644148027e-01
1.306559999999999945e+03 9.999999999507529491e-01 9.999994992796236160e-01 9.999994992767939905e-01
1.306580000000000155e+03 9.999999999526570926e-01 9.999995223539781541e-01 9.999995223512508913e-01
1.306600000000000136e+03 9.999999999544036955e-01 9.999995446233240770e-01 9.999995446206881855e-01
1.306620000000000118e+03 9.999999999560127417e-01 9.999995661173114447e-01 9.999995661147577097e-01
1.306640000000000100e+03 9.999999999575001075e-01 9.999995868626344597e-01 9.999995868601541105e-01
1.306660000000000082e+03 9.999999999588798927e-01 9.999996068833357787e-01 9.999996068809211547e-01
1.306680000000000064e+03 9.999999999601637546e-01 9.999996262010996118e-01 9.999996261987442736e-01
1.306700000000000273e+03 9.999999999613620183e-01 9.999996448355316092e-01 9.999996448332295618e-01
1.306720000000000027e+03 9.999999999624840097e-01 9.999996628044328650e-01 9.999996628021796674e-01
1.306740000000000009e+03 9.999999999635368342e-01 9.999996801240529365e-01 9.999996801218445919e-01
1.306759999999999991e+03 9.999999999645268201e-01 9.999996968093314287e-01 9.999996968071650505e-01
1.306779999999999973e+03 9.999999999654602956e-01 9.999997128741260344e-01 9.999997128719985140e-01
1.306799999999999955e+03 9.999999999663425898e-01 9.999997283314147056e-01 9.999997283293244887e-01
1.306820000000000164e+03 9.999999999671770334e-01 9.999997431934888326e-01 9.999997431914348089e-01
1.306840000000000146e+03 9.999999999679686224e-01 9.999997574721238847e-01 9.999997574701053882e-01
1.306860000000000127e+03 9.999999999687205765e-01 9.999997711787295129e-01 9.999997711767459885e-01
1.306880000000000109e+03 9.999999999694361152e-01 9.999997843244894380e-01 9.999997843225411076e-01
1.306900000000000091e+03 9.999999999701179032e-01 9.999997969204748038e-01 9.999997969185618896e-01
1.306920000000000073e+03 9.999999999707683829e-01 9.999998089777437649e-01 9.999998089758670439e-01
1.306940000000000282e+03 9.999999999713902188e-01 9.999998205074256408e-01 9.999998205055860012e-01
1.306960000000000036e+03 9.999999999719851873e-01 9.999998315207934141e-01 9.999998315189920772e-01
1.306980000000000018e+03 9.999999999725550648e-01 9.999998420293119139e-01 9.999998420275495459e-01
1.307000000000000000e+03 9.999999999731017386e-01 9.999998520446721217e-01 9.999998520429508320e-01
1.307019999999999982e+03 9.999999999736265410e-01 9.999998615788302514e-01 9.999998615771507060e-01
1.307039999999999964e+03 9.999999999741308043e-01 9.999998706440114127e-01 9.999998706423747219e-01
1.307059999999999945e+03 9.999999999746159718e-01 9.999998792527210467e-01 9.999998792511288759e-01
1.307080000000000155e+03 9.999999999750832647e-01 9.999998874177339347e-01 9.999998874161871720e-01
1.307100000000000136e+03 9.999999999755334601e-01 9.999998951520882029e-01 9.999998951505880695e-01
1.307120000000000118e+03 9.999999999759680014e-01 9.999999024690559013e-01 9.999999024676033965e-01
1.307140000000000100e+03 9.999999999763874436e-01 9.999999093821256846e-01 9.999999093807211414e-01
1.307160000000000082e+03 9.999999999767922310e-01 9.999999159049641761e-01 9.999999159036088159e-01
1.307179999999999836e+03 9.999999999771839176e-01 9.999999220513873244e-01 9.999999220500813690e-01
1.307200000000000045e+03 9.999999999775628368e-01 9.999999278353146615e-01 9.999999278340582221e-01
1.307220000000000027e+03 9.999999999779296544e-01 9.999999332707364408e-01 9.999999332695302945e-01
1.307240000000000009e+03 9.999999999782852589e-01 9.999999383716654533e-01 9.999999383705090450e-01
1.307259999999999991e+03 9.999999999786297611e-01 9.999999431521003901e-01 9.999999431509942749e-01
1.307279999999999973e+03 9.999999999789639382e-01 9.999999476259792131e-01 9.999999476249227248e-01
1.307299999999999955e+03 9.999999999792876793e-01 9.999999518071407412e-01 9.999999518061333248e-01
1.307320000000000164e+03 9.999999999796026495e-01 9.999999557092825730e-01 9.999999557083235624e-01
1.307340000000000146e+03 9.999999999799082939e-01 9.999999593459202307e-01 9.999999593450091817e-01
1.307360000000000127e+03 9.999999999802058337e-01 9.999999627303602923e-01 9.999999627294963167e-01
1.307380000000000109e+03 9.999999999804948247e-01 9.999999658756516530e-01 9.999999658748337517e-01
1.307400000000000091e+03 9.999999999807757112e-01 9.999999687945674287e-01 9.999999687937940474e-01
1.307419999999999845e+03 9.999999999810497142e-01 9.999999714995687627e-01 9.999999714988393462e-01
1.307440000000000055e+03 9.999999999813161677e-01 9.999999740027801787e-01 9.999999740020932837e-01
1.307460000000000036e+03 9.999999999815756269e-01 9.999999763159711508e-01 9.999999763153253340e-01
1.307480000000000018e+03 9.999999999818286467e-01 9.999999784505322342e-01 9.999999784499260524e-01
1.307500000000000000e+03 9.999999999820748942e-01 9.999999804174589668e-01 9.999999804168910877e-01
1.307519999999999982e+03 9.999999999823155905e-01 9.999999822273416550e-01 9.999999822268104133e-01
1.307539999999999964e+03 9.999999999825500696e-01 9.999999838903503857e-01 9.999999838898543381e-01
1.307560000000000173e+03 9.999999999827791086e-01 9.999999854162335833e-01 9.999999854157711754e-01
1.307580000000000155e+03 9.999999999830025965e-01 9.999999868143064630e-01 9.999999868138763626e-01
1.307600000000000136e+03 9.999999999832207553e-01 9.999999880934568042e-01 9.999999880930567908e-01
1.307620000000000118e+03 9.999999999834341402e-01 9.999999892621370678e-01 9.999999892617663644e-01
1.307640000000000100e+03 9.999999999836424180e-01 9.999999903283723901e-01 9.999999903280293312e-01
1.307659999999999854e+03 9.999999999838461440e-01 9.999999912997613594e-01 9.999999912994441686e-01
1.307680000000000064e+03 9.999999999840453180e-01 9.999999921834873406e-01 9.999999921831946859e-01
1.307700000000000045e+03 9.999999999842397180e-01 9.999999929863226944e-01 9.999999929860530212e-01
1.307720000000000027e+03 9.999999999844303433e-01 9.999999937146386575e-01 9.999999937143905226e-01
1.307740000000000009e+03 9.999999999846166387e-01 9.999999943744171116e-01 9.999999943741896269e-01
1.307759999999999991e+03 9.999999999847991594e-01 9.999999949712663483e-01 9.999999949710575153e-01
1.307779999999999973e+03 9.999999999849779053e-01 9.999999955104239557e-01 9.999999955102329974e-01
1.307800000000000182e+03 9.999999999851527654e-01 9.999999959967796892e-01 9.999999959966050511e-01
1.307820000000000164e+03 9.999999999853241839e-01 9.999999964348894599e-01 9.999999964347300319e-01
1.307840000000000146e+03 9.999999999854919386e-01 9.999999968289816632e-01 9.999999968288366681e-01
1.307860000000000127e+03 9.999999999856564736e-01 9.999999971829829359e-01 9.999999971828511525e-01
1.307880000000000109e+03 9.999999999858175670e-01 9.999999975005261499e-01 9.999999975004064678e-01
1.307899999999999864e+03 9.999999999859754407e-01 9.999999977849647337e-01 9.999999977848562649e-01
1.307920000000000073e+03 9.999999999861303168e-01 9.999999980393973198e-01 9.999999980392988430e-01
1.307940000000000055e+03 9.999999999862823064e-01 9.999999982666682996e-01 9.999999982665794818e-01
1.307960000000000036e+03 9.999999999864312983e-01 9.999999984693965782e-01 9.999999984693163091e-01
1.307980000000000018e+03 9.999999999865780698e-01 9.999999986499794602e-01 9.999999986499074067e-01
1.308000000000000000e+03 9.999999999867215106e-01 9.999999988106141879e-01 9.999999988105493509e-01
1.308019999999999982e+03 9.999999999868625089e-01 9.999999989533066014e-01 9.999999989532483147e-01
1.308040000000000191e+03 9.999999999870006206e-01 9.999999990798842386e-01 9.999999990798320582e-01
1.308060000000000173e+03 9.999999999871366230e-01 9.999999991920132114e-01 9.999999991919664710e-01
1.308080000000000155e+03 9.999999999872697387e-01 9.999999992912050883e-01 9.999999992911633440e-01
1.308100000000000136e+03 9.999999999874007450e-01 9.999999993788327712e-01 9.999999993787952457e-01
1.308119999999999891e+03 9.999999999875293089e-01 9.999999994561392658e-01 9.999999994561058481e-01
1.308139999999999873e+03 9.999999999876556522e-01 9.999999995242468964e-01 9.999999995242173645e-01
1.308160000000000082e+03 9.999999999877799972e-01 9.999999995841676315e-01 9.999999995841416522e-01
1.308180000000000064e+03 9.999999999879021217e-01 9.999999996368152955e-01 9.999999996367920918e-01
1.308200000000000045e+03 9.999999999880223589e-01 9.999999996830108984e-01 9.999999996829902482e-01
1.308220000000000027e+03 9.999999999881400425e-01 9.999999997234906290e-01 9.999999997234724214e-01
1.308240000000000009e+03 9.999999999882561719e-01 9.999999997589138490e-01 9.999999997588976397e-01
1.308259999999999991e+03 9.999999999883701918e-01 9.999999997898709747e-01 9.999999997898568749e-01
1.308280000000000200e+03 9.999999999884822133e-01 9.999999998168906945e-01 9.999999998168781490e-01
1.308300000000000182e+03 9.999999999885926805e-01 9.999999998404420776e-01 9.999999998404310864e-01
1.308320000000000164e+03 9.999999999887012603e-01 9.999999998609453433e-01 9.999999998609354623e-01
1.308340000000000146e+03 9.999999999888079527e-01 9.999999998787701960e-01 9.999999998787618694e-01
1.308359999999999900e+03 9.999999999889133129e-01 9.999999998942475932e-01 9.999999998942402657e-01
1.308379999999999882e+03 9.999999999890164526e-01 9.999999999076721879e-01 9.999999999076658597e-01
1.308400000000000091e+03 9.999999999891183711e-01 9.999999999192993316e-01 9.999999999192937805e-01
1.308420000000000073e+03 9.999999999892188463e-01 9.999999999293587294e-01 9.999999999293536224e-01
1.308440000000000055e+03 9.999999999893177671e-01 9.999999999380508875e-01 9.999999999380465576e-01
1.308460000000000036e+03 9.999999999894145786e-01 9.999999999455544408e-01 9.999999999455507771e-01
1.308480000000000018e+03 9.999999999895103908e-01 9.999999999520261529e-01 9.999999999520230443e-01
1.308500000000000000e+03 9.999999999896046488e-01 9.999999999575993614e-01 9.999999999575966969e-01
1.308520000000000209e+03 9.999999999896973524e-01 9.999999999623945257e-01 9.999999999623920832e-01
1.308540000000000191e+03 9.999999999897888348e-01 9.999999999665174499e-01 9.999999999665151185e-01
1.308560000000000173e+03 9.999999999898788738e-01 9.999999999700589504e-01 9.999999999700572850e-01
1.308580000000000155e+03 9.999999999899675807e-01 9.999999999730994071e-01 9.999999999730977418e-01
1.308599999999999909e+03 9.999999999900550662e-01 9.999999999757067659e-01 9.999999999757053226e-01
1.308619999999999891e+03 9.999999999901412195e-01 9.999999999779426441e-01 9.999999999779416449e-01
1.308640000000000100e+03 9.999999999902261516e-01 9.999999999798581118e-01 9.999999999798571126e-01
1.308660000000000082e+03 9.999999999903100845e-01 9.999999999814987994e-01 9.999999999814978002e-01
1.308680000000000064e+03 9.999999999903922410e-01 9.999999999829042308e-01 9.999999999829034536e-01
1.308700000000000045e+03 9.999999999904741754e-01 9.999999999841084897e-01 9.999999999841079346e-01
1.308720000000000027e+03 9.999999999905541115e-01 9.999999999851408861e-01 9.999999999851402199e-01
1.308740000000000009e+03 9.999999999906333814e-01 9.999999999860257338e-01 9.999999999860251787e-01
1.308760000000000218e+03 9.999999999907114301e-01 9.999999999867869027e-01 9.999999999867866807e-01
1.308780000000000200e+03 9.999999999907883685e-01 9.999999999874398249e-01 9.999999999874396028e-01
1.308800000000000182e+03 9.999999999908641968e-01 9.999999999880019308e-01 9.999999999880018198e-01
1.308820000000000164e+03 9.999999999909391368e-01 9.999999999884865431e-01 9.999999999884860991e-01
1.308839999999999918e+03 9.999999999910129667e-01 9.999999999889057634e-01 9.999999999889057634e-01
1.308859999999999900e+03 9.999999999910855752e-01 9.999999999892701386e-01 9.999999999892701386e-01
1.308880000000000109e+03 9.999999999911575177e-01 9.999999999895862191e-01 9.999999999895859970e-01
1.308900000000000091e+03 9.999999999912287940e-01 9.999999999898635528e-01 9.999999999898635528e-01
1.308920000000000073e+03 9.999999999912986270e-01 9.999999999901064696e-01 9.999999999901063585e-01
1.308940000000000055e+03 9.999999999913676829e-01 9.999999999903216308e-01 9.999999999903216308e-01
1.308960000000000036e+03 9.999999999914359616e-01 9.999999999905127002e-01 9.999999999905127002e-01
1.308980000000000018e+03 9.999999999915033522e-01 9.999999999906823422e-01 9.999999999906823422e-01
1.309000000000000227e+03 9.999999999915697435e-01 9.999999999908356640e-01 9.999999999908354420e-01
1.309020000000000209e+03 9.999999999916352467e-01 9.999999999909739978e-01 9.999999999909738868e-01
1.309040000000000191e+03 9.999999999916998616e-01 9.999999999910995641e-01 9.999999999910995641e-01
1.309059999999999945e+03 9.999999999917639215e-01 9.999999999912160265e-01 9.999999999912160265e-01
1.309079999999999927e+03 9.999999999918272042e-01 9.999999999913232740e-01 9.999999999913232740e-01
1.309099999999999909e+03 9.999999999918895988e-01 9.999999999914229720e-01 9.999999999914229720e-01
1.309120000000000118e+03 9.999999999919511051e-01 9.999999999915156756e-01 9.999999999915156756e-01
1.309140000000000100e+03 9.999999999920119453e-01 9.999999999916037163e-01 9.999999999916037163e-01
1.309160000000000082e+03 9.999999999920718974e-01 9.999999999916862059e-01 9.999999999916862059e-01
1.309180000000000064e+03 9.999999999921310723e-01 9.999999999917654758e-01 9.999999999917652538e-01
1.309200000000000045e+03 9.999999999921896920e-01 9.999999999918409710e-01 9.999999999918409710e-01
1.309220000000000027e+03 9.999999999922476457e-01 9.999999999919132465e-01 9.999999999919132465e-01
1.309240000000000236e+03 9.999999999923048222e-01 9.999999999919838567e-01 9.999999999919836347e-01
1.309260000000000218e+03 9.999999999923614435e-01 9.999999999920530236e-01 9.999999999920530236e-01
1.309280000000000200e+03 9.999999999924171767e-01 9.999999999921187488e-01 9.999999999921187488e-01
1.309299999999999955e+03 9.999999999924724658e-01 9.999999999921835858e-01 9.999999999921834748e-01
1.309319999999999936e+03 9.999999999925270888e-01 9.999999999922456473e-01 9.999999999922456473e-01
1.309339999999999918e+03 9.999999999925809346e-01 9.999999999923068206e-01 9.999999999923068206e-01
1.309360000000000127e+03 9.999999999926344474e-01 9.999999999923676608e-01 9.999999999923676608e-01
1.309380000000000109e+03 9.999999999926868499e-01 9.999999999924261695e-01 9.999999999924261695e-01
1.309400000000000091e+03 9.999999999927388084e-01 9.999999999924835681e-01 9.999999999924835681e-01
1.309420000000000073e+03 9.999999999927903227e-01 9.999999999925412997e-01 9.999999999925412997e-01
1.309440000000000055e+03 9.999999999928412819e-01 9.999999999925971439e-01 9.999999999925971439e-01
1.309460000000000036e+03 9.999999999928913530e-01 9.999999999926524330e-01 9.999999999926524330e-01
1.309480000000000246e+03 9.999999999929412020e-01 9.999999999927062788e-01 9.999999999927060568e-01
1.309500000000000227e+03 9.999999999929904959e-01 9.999999999927604577e-01 9.999999999927601246e-01
1.309520000000000209e+03 9.999999999930390127e-01 9.999999999928128602e-01 9.999999999928128602e-01
1.309539999999999964e+03 9.999999999930868633e-01 9.999999999928652628e-01 9.999999999928652628e-01
1.309559999999999945e+03 9.999999999931344918e-01 9.999999999929161110e-01 9.999999999929161110e-01
1.309579999999999927e+03 9.999999999931815653e-01 9.999999999929664041e-01 9.999999999929664041e-01
1.309600000000000136e+03 9.999999999932280836e-01 9.999999999930168082e-01 9.999999999930168082e-01
1.309620000000000118e+03 9.999999999932739358e-01 9.999999999930665462e-01 9.999999999930665462e-01
1.309640000000000100e+03 9.999999999933194550e-01 9.999999999931160621e-01 9.999999999931156180e-01
1.309660000000000082e+03 9.999999999933644190e-01 9.999999999931635797e-01 9.999999999931635797e-01
1.309680000000000064e+03 9.999999999934088279e-01 9.999999999932109862e-01 9.999999999932109862e-01
1.309700000000000045e+03 9.999999999934527928e-01 9.999999999932581707e-01 9.999999999932581707e-01
1.309720000000000255e+03 9.999999999934962025e-01 9.999999999933050221e-01 9.999999999933050221e-01
1.309740000000000236e+03 9.999999999935393902e-01 9.999999999933512074e-01 9.999999999933512074e-01
1.309760000000000218e+03 9.999999999935822448e-01 9.999999999933972816e-01 9.999999999933969486e-01
1.309779999999999973e+03 9.999999999936241002e-01 9.999999999934419126e-01 9.999999999934421346e-01
1.309799999999999955e+03 9.999999999936659556e-01 9.999999999934865436e-01 9.999999999934865436e-01
1.309819999999999936e+03 9.999999999937071449e-01 9.999999999935303974e-01 9.999999999935303974e-01
1.309840000000000146e+03 9.999999999937482231e-01 9.999999999935741402e-01 9.999999999935741402e-01
1.309860000000000127e+03 9.999999999937887463e-01 9.999999999936177719e-01 9.999999999936177719e-01
1.309880000000000109e+03 9.999999999938289363e-01 9.999999999936592943e-01 9.999999999936591832e-01
1.309900000000000091e+03 9.999999999938683493e-01 9.999999999937019268e-01 9.999999999937019268e-01
1.309920000000000073e+03 9.999999999939075401e-01 9.999999999937436712e-01 9.999999999937436712e-01
1.309940000000000055e+03 9.999999999939462869e-01 9.999999999937854156e-01 9.999999999937854156e-01
1.309960000000000264e+03 9.999999999939848117e-01 9.999999999938263828e-01 9.999999999938263828e-01
1.309980000000000246e+03 9.999999999940226703e-01 9.999999999938671280e-01 9.999999999938673501e-01
1.310000000000000000e+03 9.999999999940604178e-01 9.999999999939059858e-01 9.999999999939059858e-01
1.310019999999999982e+03 9.999999999940974993e-01 9.999999999939448436e-01 9.999999999939450657e-01
1.310039999999999964e+03 9.999999999941346918e-01 9.999999999939850337e-01 9.999999999939850337e-01
1.310059999999999945e+03 9.999999999941714401e-01 9.999999999940236695e-01 9.999999999940235584e-01
1.310080000000000155e+03 9.999999999942073003e-01 9.999999999940614170e-01 9.999999999940614170e-01
1.310100000000000136e+03 9.999999999942431606e-01 9.999999999940994977e-01 9.999999999940994977e-01
1.310120000000000118e+03 9.999999999942784656e-01 9.999999999941376894e-01 9.999999999941376894e-01
1.310140000000000100e+03 9.999999999943135487e-01 9.999999999941739937e-01 9.999999999941737716e-01
1.310160000000000082e+03 9.999999999943484097e-01 9.999999999942109641e-01 9.999999999942109641e-01
1.310180000000000064e+03 9.999999999943831597e-01 9.999999999942474904e-01 9.999999999942472684e-01
1.310200000000000273e+03 9.999999999944171325e-01 9.999999999942824624e-01 9.999999999942826845e-01
1.310220000000000255e+03 9.999999999944509943e-01 9.999999999943183226e-01 9.999999999943181006e-01
1.310240000000000009e+03 9.999999999944843010e-01 9.999999999943537388e-01 9.999999999943537388e-01
1.310259999999999991e+03 9.999999999945172746e-01 9.999999999943889328e-01 9.999999999943887108e-01
1.310279999999999973e+03 9.999999999945501372e-01 9.999999999944234608e-01 9.999999999944232387e-01
1.310299999999999955e+03 9.999999999945824447e-01 9.999999999944574336e-01 9.999999999944576556e-01
1.310319999999999936e+03 9.999999999946147522e-01 9.999999999944914064e-01 9.999999999944912954e-01
1.310340000000000146e+03 9.999999999946466156e-01 9.999999999945246021e-01 9.999999999945246021e-01
1.310360000000000127e+03 9.999999999946783680e-01 9.999999999945583529e-01 9.999999999945583529e-01
1.310380000000000109e+03 9.999999999947096763e-01 9.999999999945915485e-01 9.999999999945913265e-01
1.310400000000000091e+03 9.999999999947405405e-01 9.999999999946237450e-01 9.999999999946237450e-01
1.310420000000000073e+03 9.999999999947714047e-01 9.999999999946556084e-01 9.999999999946558304e-01
1.310440000000000282e+03 9.999999999948017138e-01 9.999999999946875828e-01 9.999999999946875828e-01
1.310460000000000264e+03 9.999999999948318008e-01 9.999999999947206675e-01 9.999999999947206675e-01
1.310480000000000018e+03 9.999999999948617768e-01 9.999999999947514207e-01 9.999999999947511986e-01
1.310500000000000000e+03 9.999999999948913088e-01 9.999999999947817297e-01 9.999999999947817297e-01
1.310519999999999982e+03 9.999999999949206186e-01 9.999999999948130380e-01 9.999999999948130380e-01
1.310539999999999964e+03 9.999999999949499285e-01 9.999999999948435692e-01 9.999999999948433471e-01
1.310559999999999945e+03 9.999999999949789053e-01 9.999999999948736562e-01 9.999999999948736562e-01
1.310580000000000155e+03 9.999999999950073271e-01 9.999999999949030771e-01 9.999999999949030771e-01
1.310600000000000136e+03 9.999999999950356377e-01 9.999999999949333862e-01 9.999999999949333862e-01
1.310620000000000118e+03 9.999999999950637264e-01 9.999999999949622520e-01 9.999999999949620300e-01
1.310640000000000100e+03 9.999999999950915930e-01 9.999999999949905627e-01 9.999999999949905627e-01
1.310660000000000082e+03 9.999999999951190155e-01 9.999999999950197616e-01 9.999999999950195395e-01
1.310680000000000291e+03 9.999999999951463270e-01 9.999999999950480722e-01 9.999999999950478502e-01
1.310700000000000273e+03 9.999999999951733054e-01 9.999999999950758278e-01 9.999999999950758278e-01
1.310720000000000027e+03 9.999999999952000618e-01 9.999999999951039165e-01 9.999999999951039165e-01
1.310740000000000009e+03 9.999999999952267071e-01 9.999999999951320051e-01 9.999999999951317831e-01
1.310759999999999991e+03 9.999999999952530194e-01 9.999999999951594276e-01 9.999999999951592056e-01
1.310779999999999973e+03 9.999999999952791097e-01 9.999999999951864060e-01 9.999999999951861840e-01
1.310799999999999955e+03 9.999999999953050889e-01 9.999999999952133845e-01 9.999999999952132734e-01
1.310820000000000164e+03 9.999999999953310681e-01 9.999999999952392526e-01 9.999999999952392526e-01
1.310840000000000146e+03 9.999999999953566032e-01 9.999999999952647878e-01 9.999999999952647878e-01
1.310860000000000127e+03 9.999999999953815832e-01 9.999999999952920993e-01 9.999999999952920993e-01
1.310880000000000109e+03 9.999999999954065633e-01 9.999999999953178564e-01 9.999999999953176344e-01
1.310900000000000091e+03 9.999999999954315433e-01 9.999999999953433916e-01 9.999999999953430585e-01
1.310920000000000300e+03 9.999999999954560792e-01 9.999999999953681495e-01 9.999999999953681495e-01
1.310940000000000055e+03 9.999999999954803931e-01 9.999999999953935736e-01 9.999999999953935736e-01
1.310960000000000036e+03 9.999999999955047070e-01 9.999999999954178875e-01 9.999999999954177765e-01
1.310980000000000018e+03 9.999999999955286878e-01 9.999999999954427565e-01 9.999999999954427565e-01
1.311000000000000000e+03 9.999999999955523355e-01 9.999999999954670704e-01 9.999999999954670704e-01
1.311019999999999982e+03 9.999999999955762053e-01 9.999999999954901631e-01 9.999999999954901631e-01
1.311039999999999964e+03 9.999999999955994090e-01 9.999999999955141439e-01 9.999999999955141439e-01
1.311060000000000173e+03 9.999999999956227237e-01 9.999999999955381247e-01 9.999999999955379026e-01
1.311080000000000155e+03 9.999999999956458163e-01 9.999999999955604402e-01 9.999999999955606622e-01
1.311100000000000136e+03 9.999999999956686869e-01 9.999999999955839769e-01 9.999999999955839769e-01
1.311120000000000118e+03 9.999999999956912244e-01 9.999999999956066254e-01 9.999999999956066254e-01
1.311140000000000100e+03 9.999999999957137620e-01 9.999999999956293850e-01 9.999999999956291630e-01
1.311160000000000309e+03 9.999999999957358554e-01 9.999999999956517005e-01 9.999999999956514785e-01
1.311180000000000064e+03 9.999999999957578378e-01 9.999999999956734609e-01 9.999999999956734609e-01
1.311200000000000045e+03 9.999999999957797092e-01 9.999999999956951102e-01 9.999999999956946661e-01
1.311220000000000027e+03 9.999999999958013586e-01 9.999999999957162045e-01 9.999999999957162045e-01
1.311240000000000009e+03 9.999999999958230079e-01 9.999999999957376318e-01 9.999999999957376318e-01
1.311259999999999991e+03 9.999999999958444352e-01 9.999999999957583929e-01 9.999999999957583929e-01
1.311279999999999973e+03 9.999999999958655295e-01 9.999999999957792651e-01 9.999999999957792651e-01
1.311300000000000182e+03 9.999999999958866237e-01 9.999999999957994712e-01 9.999999999957994712e-01
1.311320000000000164e+03 9.999999999959073849e-01 9.999999999958195662e-01 9.999999999958195662e-01
1.311340000000000146e+03 9.999999999959281460e-01 9.999999999958392172e-01 9.999999999958389951e-01
1.311360000000000127e+03 9.999999999959487962e-01 9.999999999958588681e-01 9.999999999958588681e-01
1.311380000000000109e+03 9.999999999959690022e-01 9.999999999958778529e-01 9.999999999958778529e-01
1.311400000000000318e+03 9.999999999959893193e-01 9.999999999958971708e-01 9.999999999958971708e-01
1.311420000000000073e+03 9.999999999960095254e-01 9.999999999959158226e-01 9.999999999959158226e-01
1.311440000000000055e+03 9.999999999960293984e-01 9.999999999959342523e-01 9.999999999959340302e-01
1.311460000000000036e+03 9.999999999960490493e-01 9.999999999959520158e-01 9.999999999959522379e-01
1.311480000000000018e+03 9.999999999960689223e-01 9.999999999959697794e-01 9.999999999959697794e-01
1.311500000000000000e+03 9.999999999960882402e-01 9.999999999959869879e-01 9.999999999959869879e-01
1.311519999999999982e+03 9.999999999961076691e-01 9.999999999960046404e-01 9.999999999960044184e-01
1.311540000000000191e+03 9.999999999961268760e-01 9.999999999960211827e-01 9.999999999960214048e-01
1.311560000000000173e+03 9.999999999961460828e-01 9.999999999960381691e-01 9.999999999960381691e-01
1.311580000000000155e+03 9.999999999961647346e-01 9.999999999960541563e-01 9.999999999960541563e-01
1.311600000000000136e+03 9.999999999961834973e-01 9.999999999960703656e-01 9.999999999960703656e-01
1.311620000000000118e+03 9.999999999962021491e-01 9.999999999960861308e-01 9.999999999960861308e-01
1.311640000000000327e+03 9.999999999962204678e-01 9.999999999961012298e-01 9.999999999961014518e-01
1.311660000000000082e+03 9.999999999962388975e-01 9.999999999961163288e-01 9.999999999961163288e-01
1.311680000000000064e+03 9.999999999962568831e-01 9.999999999961313168e-01 9.999999999961315389e-01
1.311700000000000045e+03 9.999999999962749797e-01 9.999999999961460828e-01 9.999999999961458608e-01
1.311720000000000027e+03 9.999999999962928543e-01 9.999999999961601826e-01 9.999999999961599606e-01
1.311740000000000009e+03 9.999999999963105068e-01 9.999999999961739494e-01 9.999999999961739494e-01
1.311759999999999991e+03 9.999999999963282704e-01 9.999999999961870500e-01 9.999999999961871611e-01
1.311780000000000200e+03 9.999999999963455899e-01 9.999999999962004837e-01 9.999999999962004837e-01
1.311800000000000182e+03 9.999999999963629094e-01 9.999999999962135844e-01 9.999999999962135844e-01
1.311820000000000164e+03 9.999999999963800068e-01 9.999999999962259079e-01 9.999999999962259079e-01
1.311840000000000146e+03 9.999999999963972153e-01 9.999999999962383423e-01 9.999999999962383423e-01
1.311860000000000127e+03 9.999999999964144237e-01 9.999999999962502217e-01 9.999999999962499997e-01
1.311880000000000337e+03 9.999999999964312991e-01 9.999999999962617681e-01 9.999999999962617681e-01
1.311900000000000091e+03 9.999999999964478414e-01 9.999999999962732034e-01 9.999999999962732034e-01
1.311920000000000073e+03 9.999999999964647168e-01 9.999999999962841946e-01 9.999999999962841946e-01
1.311940000000000055e+03 9.999999999964812591e-01 9.999999999962948527e-01 9.999999999962948527e-01
1.311960000000000036e+03 9.999999999964976904e-01 9.999999999963052888e-01 9.999999999963052888e-01
1.311980000000000018e+03 9.999999999965138997e-01 9.999999999963151698e-01 9.999999999963151698e-01
1.312000000000000000e+03 9.999999999965298869e-01 9.999999999963251618e-01 9.999999999963249397e-01
