# lambda[A]  T_theo  T_instr  T_rot+instr  (He I 10830)
1.082820000000000073e+04 9.999999836666971786e-01 9.999999829191685841e-01 9.999999828911794175e-01
1.082822011639555421e+04 9.999999831585917320e-01 9.999999825894100303e-01 9.999999825665888409e-01
1.082824023279110770e+04 9.999999826212967458e-01 9.999999821812757261e-01 9.999999821633452912e-01
1.082826034918665937e+04 9.999999820521924265e-01 9.999999816965698951e-01 9.999999816828455401e-01
1.082828046558221104e+04 9.999999814483317984e-01 9.999999811397767280e-01 9.999999811293199814e-01
1.082830058197776452e+04 9.999999808063899653e-01 9.999999805160737498e-01 9.999999805078709780e-01
1.082832069837331619e+04 9.999999801226019391e-01 9.999999798295116094e-01 9.999999798226358871e-01
1.082834081476886786e+04 9.999999793926870328e-01 9.999999790817950540e-01 9.999999790754892093e-01
1.082836093116442316e+04 9.999999786117580447e-01 9.999999782716620933e-01 9.999999782653541391e-01
1.082838104755997483e+04 9.999999777742106799e-01 9.999999773945345005e-01 9.999999773877900067e-01
1.082840116395552650e+04 9.999999768735861050e-01 9.999999764418098236e-01 9.999999764342485387e-01
1.082842128035107999e+04 9.999999759023967538e-01 9.999999753988092488e-01 9.999999753899699861e-01
1.082844139674663165e+04 9.999999748518908493e-01 9.999999742396037394e-01 9.999999742287377646e-01
1.082846151314218332e+04 9.999999737117115650e-01 9.999999729152799777e-01 9.999999729009606542e-01
1.082848162953773681e+04 9.999999724693025005e-01 9.999999713286137348e-01 9.999999713079653629e-01
1.082850174593328848e+04 9.999999711087039778e-01 9.999999692812582275e-01 9.999999692484174973e-01
1.082852186232884196e+04 9.999999696077587208e-01 9.999999663666234717e-01 9.999999663096851288e-01
1.082854197872439545e+04 9.999999679312173706e-01 9.999999617581887268e-01 9.999999616531990432e-01
1.082856209511994712e+04 9.999999660135054924e-01 9.999999538014535672e-01 9.999999536006807244e-01
1.082858221151549878e+04 9.999999637163838884e-01 9.999999392455974911e-01 9.999999388545567358e-01
1.082860232791105227e+04 9.999999607280176672e-01 9.999999118269423670e-01 9.999999110590045426e-01
1.082862244430660394e+04 9.999999563312460538e-01 9.999998597041404036e-01 9.999998581896728522e-01
1.082864256070215561e+04 9.999999488927623359e-01 9.999997608808603999e-01 9.999997578834478595e-01
1.082866267709771091e+04 9.999999347836120434e-01 9.999995751257203525e-01 9.999995691702062706e-01
1.082868279349326258e+04 9.999999061933695366e-01 9.999992298322971651e-01 9.999992179629479949e-01
1.082870290988881425e+04 9.999998468883611880e-01 9.999985954992410830e-01 9.999985718480658425e-01
1.082872302628436773e+04 9.999997243141603986e-01 9.999974437823317963e-01 9.999973969463289425e-01
1.082874314267991940e+04 9.999994754562452348e-01 9.999953773251178957e-01 9.999952858981241421e-01
1.082876325907547107e+04 9.999989823962358582e-01 9.999917165106388950e-01 9.999915421798197812e-01
1.082878337547102456e+04 9.999980312145930750e-01 9.999853262189323244e-01 9.999850044583364905e-01
1.082880349186657622e+04 9.999962439796235003e-01 9.999743705186944220e-01 9.999738005131270091e-01
1.082882360826212971e+04 9.999929657866587496e-01 9.999560025377443040e-01 9.999550407678036157e-01
1.082884372465768320e+04 9.999870709850628980e-01 9.999260385045664057e-01 9.999245039157363957e-01
1.082886384105323486e+04 9.999766091863870887e-01 9.998787313321005898e-01 9.998764324310377427e-01
1.082888395744878653e+04 9.999581120249735333e-01 9.998068370459776144e-01 9.998036295629051384e-01
1.082890407384434002e+04 9.999252049452469482e-01 9.997022202673769842e-01 9.996980950375227160e-01
1.082892419023989169e+04 9.998660360517569456e-01 9.995572151100883262e-01 9.995523988775253388e-01
1.082894430663544335e+04 9.997594920745658253e-01 9.993667886745773998e-01 9.993618203137547562e-01
1.082896442303099866e+04 9.995722230445553969e-01 9.991312328424029054e-01 9.991269649062983760e-01
1.082898453942655033e+04 9.992622985362342725e-01 9.988587109697961708e-01 9.988561947203136171e-01
1.082900465582210199e+04 9.987973721282998874e-01 9.985666820690233259e-01 9.985669302840712858e-01
1.082902477221765548e+04 9.981882560300159302e-01 9.982812316564977362e-01 9.982849096637637087e-01
1.082904488861320715e+04 9.975205021190262089e-01 9.980337960833086663e-01 9.980409430214146616e-01
1.082906500500875882e+04 9.969516577464652141e-01 9.978556173981640853e-01 9.978655153788031917e-01
1.082908512140431230e+04 9.966548961455605760e-01 9.977712106564059491e-01 9.977824802755508315e-01
1.082910523779986397e+04 9.967322885532426957e-01 9.977927313231758077e-01 9.978036471155120601e-01
1.082912535419541564e+04 9.971564956737196672e-01 9.979170478088231766e-01 9.979259745211945809e-01
1.082914547059097094e+04 9.977868272440895137e-01 9.981265035439883526e-01 9.981323005830360362e-01
1.082916558698652261e+04 9.984465854759921877e-01 9.983931096671470051e-01 9.983953653208781365e-01
1.082918570338207428e+04 9.990033989570420436e-01 9.986847783927675914e-01 9.986838097543442316e-01
1.082920581977762777e+04 9.994040838625638523e-01 9.989716645044646182e-01 9.989683143312503288e-01
1.082922593617317943e+04 9.996597083893243862e-01 9.992309027200340088e-01 9.992262341659775560e-01
1.082924605256873110e+04 9.998097877803027167e-01 9.994488229276730085e-01 9.994438295656089544e-01
1.082926616896428641e+04 9.998940160972630276e-01 9.996206807054098809e-01 9.996160957413383619e-01
1.082928628535983808e+04 9.999407165700597844e-01 9.997486560808586109e-01 9.997448875114097744e-01
1.082930640175538974e+04 9.999667955440538769e-01 9.998391435865442434e-01 9.998363118274339323e-01
1.082932651815094323e+04 9.999815056366031518e-01 9.999002143234978490e-01 9.998982439435836200e-01
1.082934663454649490e+04 9.999898225244527872e-01 9.999397629563713252e-01 9.999384816901758510e-01
1.082936675094204656e+04 9.999944877763978779e-01 9.999644689666601360e-01 9.999636844312685957e-01
1.082938686733760005e+04 9.999970621741924859e-01 9.999794379197223249e-01 9.999789823489768636e-01
1.082940698373315172e+04 9.999984514518582834e-01 9.999882803966855249e-01 9.999880276650846556e-01
1.082942710012870339e+04 9.999991817336584266e-01 9.999933972604071464e-01 9.999932622392835313e-01
1.082944721652425869e+04 9.999995546209198283e-01 9.999963088782848342e-01 9.999962387971806921e-01
1.082946733291981036e+04 9.999997391395941682e-01 9.999979421749958242e-01 9.999979065054982463e-01
1.082948744931536203e+04 9.999998273443949648e-01 9.999988463537322625e-01 9.999988283882020879e-01
1.082950756571091551e+04 9.999998677690354887e-01 9.999993400878055549e-01 9.999993310622989906e-01
1.082952768210646718e+04 9.999998851234366271e-01 9.999996054624731290e-01 9.999996009121758789e-01
1.082954779850201885e+04 9.999998915364476382e-01 9.999997452424862487e-01 9.999997429292625251e-01
1.082956791489757234e+04 9.999998927400383097e-01 9.999998167506027880e-01 9.999998155575935410e-01
1.082958803129312582e+04 9.999998913365525377e-01 9.999998515397139354e-01 9.999998509070774366e-01
1.082960814768867749e+04 9.999998884534680998e-01 9.999998666754509324e-01 9.999998663191170811e-01
1.082962826408423098e+04 9.999998845456482544e-01 9.999998711247225502e-01 9.999998708964318306e-01
1.082964838047978265e+04 9.999998797664836347e-01 9.999998692818810042e-01 9.999998690973417315e-01
1.082966849687533431e+04 9.999998741290295756e-01 9.999998627724975275e-01 9.999998625704910049e-01
1.082968861327088780e+04 9.999998675646083468e-01 9.999998511179304383e-01 9.999998508300227407e-01
1.082970872966643947e+04 9.999998599212067685e-01 9.999998314542875022e-01 9.999998309707540667e-01
1.082972884606199113e+04 9.999998508989910162e-01 9.999997971569178912e-01 9.999997962729233469e-01
1.082974896245754644e+04 9.999998398704118552e-01 9.999997348220950322e-01 9.999997331385223065e-01
1.082976907885309811e+04 9.999998254484152582e-01 9.999996184816859479e-01 9.999996152117128778e-01
1.082978919524864978e+04 9.999998045042689521e-01 9.999993990012038259e-01 9.999993925839157916e-01
1.082980931164420326e+04 9.999997700255635058e-01 9.999989850568177241e-01 9.999989723776788741e-01
1.082982942803975493e+04 9.999997066329429085e-01 9.999982094405699407e-01 9.999981842641075813e-01
1.082984954443530660e+04 9.999995815731305138e-01 9.999967699844168889e-01 9.999967198629857723e-01
1.082986966083086008e+04 9.999993273379061964e-01 9.999941271464143355e-01 9.999940275415881707e-01
1.082988977722641357e+04 9.999988093963296798e-01 9.999893293192461119e-01 9.999891330111528864e-01
1.082990989362196524e+04 9.999977684006415846e-01 9.999807221920568034e-01 9.999803415362392700e-01
1.082993001001751873e+04 9.999957198538581560e-01 9.999654828334362255e-01 9.999647627210735967e-01
1.082995012641307039e+04 9.999917840103865752e-01 9.999389110012252280e-01 9.999375925813217547e-01
1.082997024280862206e+04 9.999844008449122468e-01 9.998934260598771884e-01 9.998911065773709028e-01
1.082999035920417555e+04 9.999708489794809640e-01 9.998172815377123213e-01 9.998133843606864524e-01
1.083001047559972722e+04 9.999464060445225622e-01 9.996931431428880410e-01 9.996869222375305286e-01
1.083003059199527888e+04 9.999027964416498104e-01 9.994968821667855607e-01 9.994874916212895810e-01
1.083005070839083419e+04 9.998251682571069887e-01 9.991971722686566748e-01 9.991838261521911457e-01
1.083007082478638586e+04 9.996862430049848758e-01 9.987566424733411719e-01 9.987388670015283632e-01
1.083009094118193752e+04 9.994362120120879878e-01 9.981352914521133268e-01 9.981132314891302260e-01
1.083011105757749101e+04 9.989896298442357825e-01 9.972964909127305377e-01 9.972711898060492297e-01
1.083013117397304268e+04 9.982186262549606059e-01 9.962151987983547397e-01 9.961887472014593348e-01
1.083015129036859435e+04 9.969722441678554592e-01 9.948871436197120888e-01 9.948626089940322270e-01
1.083017140676414783e+04 9.951389468477122024e-01 9.933370492119580897e-01 9.933181540474851356e-01
1.083019152315969950e+04 9.927352161249711759e-01 9.916237562781387016e-01 9.916143459425937889e-01
1.083021163955525299e+04 9.899535600984955552e-01 9.898404826160455139e-01 9.898438778237342861e-01
1.083023175595080647e+04 9.871037393858219655e-01 9.881092967628671841e-01 9.881276404963772464e-01
1.083025187234635814e+04 9.844741858391352629e-01 9.865698550800711120e-01 9.866035513908777421e-01
1.083027198874191163e+04 9.822459530579612519e-01 9.853633500289390446e-01 9.854106853479396300e-01
1.083029210513746330e+04 9.805623051929834855e-01 9.846134495318988877e-01 9.846705032999425455e-01
1.083031222153301496e+04 9.796723125447147629e-01 9.844069020761474498e-01 9.844678660951683424e-01
1.083033233792857027e+04 9.799339275966680862e-01 9.847773722908786942e-01 9.848353503358689975e-01
1.083035245432412194e+04 9.815910407001826599e-01 9.856964910623173814e-01 9.857447090891517938e-01
1.083037257071967360e+04 9.845058334169451975e-01 9.870753774625111721e-01 9.871085411946701749e-01
1.083039268711522709e+04 9.881183412058128779e-01 9.887776728315329500e-01 9.887930721821299729e-01
1.083041280351077876e+04 9.916951320050539920e-01 9.906418910195636807e-01 9.906398756585390597e-01
1.083043291990633043e+04 9.946649386776086343e-01 9.925078869628450873e-01 9.924915447717621575e-01
1.083045303630188391e+04 9.967988410408935573e-01 9.942408786708321067e-01 9.942150466302648315e-01
1.083047315269743558e+04 9.981656716389319950e-01 9.957474332013632745e-01 9.957174079703383640e-01
1.083049326909298725e+04 9.989723664460943287e-01 9.969807133779848840e-01 9.969510931066554171e-01
1.083051338548854255e+04 9.994270462901372332e-01 9.979357622802875749e-01 9.979097313301116268e-01
1.083053350188409422e+04 9.996797353816124776e-01 9.986382331196953510e-01 9.986173825011567251e-01
1.083055361827964589e+04 9.998209044009915836e-01 9.991309189811480307e-01 9.991154945374474128e-01
1.083057373467519938e+04 9.999004634786979873e-01 9.994617572643269554e-01 9.994511246937689553e-01
1.083059385107075104e+04 9.999453809882096200e-01 9.996753841112837602e-01 9.996685065920317692e-01
1.083061396746630271e+04 9.999705405859163898e-01 9.998086493829848598e-01 9.998044489773225685e-01
1.083063408386185620e+04 9.999844099637549277e-01 9.998893573797854595e-01 9.998869200506220745e-01
1.083065420025740968e+04 9.999918935045142288e-01 9.999370398602688281e-01 9.999356871247938594e-01
1.083067431665296135e+04 9.999958331255548449e-01 9.999646446479673045e-01 9.999639211327739918e-01
1.083069443304851484e+04 9.999978539786049669e-01 9.999803629633365887e-01 9.999799869105546746e-01
1.083071454944406651e+04 9.999988649283855224e-01 9.999891893341344984e-01 9.999889976987277329e-01
1.083073466583961817e+04 9.999993602052055230e-01 9.999940846507446857e-01 9.999939880716460783e-01
1.083075478223517166e+04 9.999996001864749351e-01 9.999967679014897248e-01 9.999967194115990665e-01
1.083077489863072333e+04 9.999997174788480825e-01 9.999982215997279544e-01 9.999981972235914007e-01
1.083079501502627500e+04 9.999997772999309475e-01 9.999990002900581709e-01 9.999989879905353263e-01
1.083081513142183030e+04 9.999998106299262668e-01 9.999994133231354665e-01 9.999994070902950005e-01
1.083083524781738197e+04 9.999998317106839618e-01 9.999996311283738670e-01 9.999996279547386235e-01
1.083085536421293364e+04 9.999998469101174514e-01 9.999997462742249432e-01 9.999997446463013695e-01
1.083087548060848712e+04 9.999998590281541366e-01 9.999998082303866997e-01 9.999998073829440282e-01
1.083089559700403879e+04 9.999998693024895191e-01 9.999998429649269438e-01 9.999998425107156086e-01
1.083091571339959046e+04 9.999998783053243301e-01 9.999998638548899255e-01 9.999998635986651063e-01
1.083093582979514395e+04 9.999998863290260331e-01 9.999998776646685794e-01 9.999998775087148850e-01
1.083095594619069743e+04 9.999998935464529115e-01 9.999998877594656888e-01 9.999998876553017890e-01
1.083097606258624910e+04 9.999999000760344536e-01 9.999998957952513923e-01 9.999998957189794035e-01
1.083099617898180259e+04 9.999999060081087299e-01 9.999999025867311042e-01 9.999999025265611241e-01
1.083101629537735425e+04 9.999999114159894287e-01 9.999999085422887068e-01 9.999999084923126835e-01
1.083103641177290592e+04 9.999999163610836517e-01 9.999999138766421103e-01 9.999999138337830606e-01
1.083105652816845941e+04 9.999999208956642516e-01 9.999999187124027911e-01 9.999999186749419788e-01
1.083107664456401108e+04 9.999999250646415261e-01 9.999999231276119893e-01 9.999999230944953688e-01
1.083109676095956274e+04 9.999999289068430830e-01 9.999999271776847110e-01 9.999999271481956331e-01
1.083111687735511805e+04 9.999999324560038261e-01 9.999999309055289665e-01 9.999999308791349684e-01
1.083113699375066972e+04 9.999999357415623180e-01 9.999999343463077395e-01 9.999999343225921544e-01
1.083115711014622138e+04 9.999999387893081515e-01 9.999999375298097570e-01 9.999999375084278608e-01
1.083117722654177487e+04 9.999999416219205184e-01 9.999999404817415671e-01 9.999999404624069221e-01
1.083119734293732654e+04 9.999999442594093013e-01 9.999999432245246789e-01 9.999999432069934802e-01
1.083121745933287821e+04 9.999999467194893299e-01 9.999999457778502299e-01 9.999999457619134224e-01
1.083123757572843169e+04 9.999999490178902439e-01 9.999999481590915451e-01 9.999999481445688287e-01
1.083125769212398336e+04 9.999999511686217257e-01 9.999999503836398684e-01 9.999999503703761450e-01
1.083127780851953685e+04 9.999999531841943234e-01 9.999999524651738136e-01 9.999999524530345241e-01
1.083129792491509033e+04 9.999999550758110756e-01 9.999999544158907350e-01 9.999999544047558642e-01
1.083131804131064200e+04 9.999999568535280492e-01 9.999999562466939107e-01 9.999999562364619843e-01
1.083133815770619367e+04 9.999999585263951163e-01 9.999999579673594097e-01 9.999999579579395004e-01
1.083135827410174716e+04 9.999999601025721940e-01 9.999999595866745361e-01 9.999999595779851536e-01
1.083137839049729882e+04 9.999999615894366034e-01 9.999999611125541810e-01 9.999999611045270465e-01
1.083139850689285049e+04 9.999999629936693335e-01 9.999999625521490687e-01 9.999999625447213436e-01
1.083141862328840580e+04 9.999999643213346445e-01 9.999999639119294681e-01 9.999999639050447531e-01
1.083143873968395746e+04 9.999999655779454599e-01 9.999999651977627968e-01 9.999999651913721310e-01
1.083145885607950913e+04 9.999999667685257609e-01 9.999999664149820111e-01 9.999999664090417628e-01
1.083147897247506262e+04 9.999999678976592143e-01 9.999999675684416722e-01 9.999999675629125395e-01
1.083149908887061429e+04 9.999999689695363569e-01 9.999999686625714590e-01 9.999999686574181368e-01
1.083151920526616595e+04 9.999999699879940085e-01 9.999999697014193556e-01 9.999999696966102025e-01
1.083153932166171944e+04 9.999999709565520201e-01 9.999999706886882889e-01 9.999999706841944391e-01
1.083155943805727111e+04 9.999999718784421399e-01 9.999999716277764295e-01 9.999999716235726810e-01
1.083157955445282460e+04 9.999999727566377672e-01 9.999999725218016167e-01 9.999999725178639887e-01
1.083159967084837808e+04 9.999999735938780443e-01 9.999999733736314456e-01 9.999999733699400650e-01
1.083161978724392975e+04 9.999999743926890616e-01 9.999999741859096902e-01 9.999999741824442401e-01
1.083163990363948142e+04 9.999999751554042859e-01 9.999999749610709587e-01 9.999999749578147856e-01
1.083166002003503490e+04 9.999999758841818798e-01 9.999999757013652291e-01 9.999999756983034560e-01
1.083168013643058657e+04 9.999999765810198005e-01 9.999999764088740584e-01 9.999999764059915863e-01
1.083170025282613824e+04 9.999999772477707882e-01 9.999999770855232395e-01 9.999999770828073009e-01
1.083172036922169355e+04 9.999999778861545785e-01 9.999999777330997874e-01 9.999999777305386139e-01
1.083174048561724521e+04 9.999999784977685602e-01 9.999999783532603770e-01 9.999999783508431994e-01
1.083176060201279688e+04 9.999999790840997660e-01 9.999999789475465528e-01 9.999999789452619359e-01
1.083178071840835037e+04 9.999999796465312007e-01 9.999999795173890593e-01 9.999999795152292315e-01
1.083180083480390203e+04 9.999999801863536097e-01 9.999999800641236058e-01 9.999999800620799073e-01
1.083182095119945370e+04 9.999999807047703637e-01 9.999999805889937532e-01 9.999999805870579683e-01
1.083184106759500719e+04 9.999999812029067847e-01 9.999999810931599065e-01 9.999999810913254850e-01
1.083186118399055886e+04 9.999999816818123666e-01 9.999999815777066425e-01 9.999999815759663679e-01
1.083188130038611052e+04 9.999999821424720992e-01 9.999999820436471509e-01 9.999999820419959162e-01
1.083190141678166583e+04 9.999999825858068014e-01 9.999999824919301172e-01 9.999999824903614831e-01
1.083192153317721750e+04 9.999999830126797828e-01 9.999999829234431648e-01 9.999999829219521352e-01
1.083194164957276917e+04 9.999999834239017282e-01 9.999999833390192938e-01 9.999999833376000957e-01
1.083196176596832265e+04 9.999999838202323632e-01 9.999999837394347724e-01 9.999999837380830758e-01
1.083198188236387432e+04 9.999999842023872265e-01 9.999999841254133548e-01 9.999999841241214993e-01
1.083200199875942599e+04 9.999999845710385582e-01 9.999999844976114050e-01 9.999999844963671780e-01
1.083202211515498129e+04 9.999999849268187413e-01 9.999999848565903626e-01 9.999999848553700055e-01
1.083204223155053296e+04 9.999999852703237435e-01 9.999999852027521285e-01 9.999999852015093449e-01
1.083206234794608463e+04 9.999999856021157818e-01 9.999999855362193824e-01 9.999999855348651323e-01
1.083208246434163812e+04 9.999999859227237664e-01 9.999999858566450683e-01 9.999999858550235876e-01
1.083210258073718978e+04 9.999999862326479638e-01 9.999999861629648157e-01 9.999999861608283025e-01
1.083212269713274145e+04 9.999999865323609960e-01 9.999999864531522453e-01 9.999999864501472047e-01
1.083214281352829494e+04 9.999999868223092836e-01 9.999999867241006202e-01 9.999999867197794101e-01
1.083216292992384660e+04 9.999999871029141563e-01 9.999999869717799417e-01 9.999999869656465146e-01
1.083218304631939827e+04 9.999999873745754053e-01 9.999999871917710781e-01 9.999999871833643583e-01
1.083220316271495358e+04 9.999999876376716168e-01 9.999999873801458383e-01 9.999999873691345353e-01
1.083222327911050525e+04 9.999999878925612817e-01 9.999999875344705025e-01 9.999999875207306044e-01
