# lambda[A]  T_theo  T_instr  T_rot+instr  (Ly-alpha 1215.67)
1.212923414867214660e+03 9.996224043566994677e-01 9.996220199901847403e-01 9.996220102272188601e-01
1.212943462933877072e+03 9.996191241894717416e-01 9.996191168785946157e-01 9.996191154148847957e-01
1.212963511000539938e+03 9.996157932071170205e-01 9.996157870791385625e-01 9.996157868709067973e-01
1.212983559067202577e+03 9.996124102880648010e-01 9.996124040234677377e-01 9.996124038143594515e-01
1.213003607133865216e+03 9.996089742735093653e-01 9.996089678675850188e-01 9.996089676529998913e-01
1.213023655200527855e+03 9.996054839656381974e-01 9.996054774135639809e-01 9.996054771933022831e-01
1.213043703267190722e+03 9.996019381257634784e-01 9.996019314224827701e-01 9.996019311963362242e-01
1.213063751333853133e+03 9.995983354723405601e-01 9.995983286125499356e-01 9.995983283803007158e-01
1.213083799400515773e+03 9.995946746788764159e-01 9.995946676570109934e-01 9.995946674184295055e-01
1.213103847467178639e+03 9.995909543717113044e-01 9.995909471819289793e-01 9.995909469367760813e-01
1.213123895533841278e+03 9.995871731276734229e-01 9.995871657638394359e-01 9.995871655118639953e-01
1.213143943600503917e+03 9.995833294715976702e-01 9.995833219272677317e-01 9.995833216682057376e-01
1.213163991667166783e+03 9.995794218736974157e-01 9.995794141420980550e-01 9.995794138756720626e-01
1.213184039733829195e+03 9.995754487467798377e-01 9.995754408207904174e-01 9.995754405467092152e-01
1.213204087800491834e+03 9.995714084433013902e-01 9.995714003154331229e-01 9.995714000333916216e-01
1.213224135867154473e+03 9.995672992522465217e-01 9.995672909146205987e-01 9.995672906242983879e-01
1.213244183933817339e+03 9.995631193958254279e-01 9.995631108401499265e-01 9.995631105412091655e-01
1.213264232000479979e+03 9.995588670259712982e-01 9.995588582435177560e-01 9.995588579356038395e-01
1.213284280067142390e+03 9.995545402206368335e-01 9.995545312022127149e-01 9.995545308849526078e-01
1.213304328133805257e+03 9.995501369798657221e-01 9.995501277157881059e-01 9.995501273887890115e-01
1.213324376200467896e+03 9.995456552216368529e-01 9.995456457017036778e-01 9.995456453645532591e-01
1.213344424267130535e+03 9.995410927774599497e-01 9.995410829909182615e-01 9.995410826431810891e-01
1.213364472333793401e+03 9.995364473877091926e-01 9.995364373232230593e-01 9.995364369644401670e-01
1.213384520400456040e+03 9.995317166966826150e-01 9.995317063422988202e-01 9.995317059719879271e-01
1.213404568467118452e+03 9.995268982473697328e-01 9.995268875904810280e-01 9.995268872081327638e-01
1.213424616533781091e+03 9.995219894759077572e-01 9.995219785032141147e-01 9.995219781082914645e-01
1.213444664600443957e+03 9.995169877057109575e-01 9.995169764031787141e-01 9.995169759951153532e-01
1.213464712667106596e+03 9.995118901412541890e-01 9.995118784940733025e-01 9.995118780722720420e-01
1.213484760733769235e+03 9.995066938614890484e-01 9.995066818540263576e-01 9.995066814178562575e-01
1.213504808800432102e+03 9.995013958128695641e-01 9.995013834286206045e-01 9.995013829774154202e-01
1.213524856867094513e+03 9.994959928019685469e-01 9.994959800235069247e-01 9.994959795565633298e-01
1.213544904933757152e+03 9.994904814876611754e-01 9.994904682965828346e-01 9.994904678131565356e-01
1.213564953000420019e+03 9.994848583728421776e-01 9.994848447497090005e-01 9.994848442490141815e-01
1.213585001067082658e+03 9.994791197956596207e-01 9.994791057199383655e-01 9.994791052011441357e-01
1.213605049133745297e+03 9.994732619202327806e-01 9.994732473702295783e-01 9.994732468324563079e-01
1.213625097200407936e+03 9.994672807268190073e-01 9.994672656796125265e-01 9.994672651219301818e-01
1.213645145267070802e+03 9.994611720014058287e-01 9.994611564327734454e-01 9.994611558541968144e-01
1.213665193333733214e+03 9.994549313246835487e-01 9.994549152090249633e-01 9.994549146085112135e-01
1.213685241400395853e+03 9.994485540603703644e-01 9.994485373706255560e-01 9.994485367470689052e-01
1.213705289467058719e+03 9.994420353428394854e-01 9.994420180504022255e-01 9.994420174026313886e-01
1.213725337533721358e+03 9.994353700640151716e-01 9.994353521386407646e-01 9.994353514654141790e-01
1.213745385600383997e+03 9.994285528594839541e-01 9.994285342691900942e-01 9.994285335691899252e-01
1.213765433667046864e+03 9.994215780937709681e-01 9.994215588047333787e-01 9.994215580765616336e-01
1.213785481733709275e+03 9.994144398447250000e-01 9.994144198211650787e-01 9.994144190633372782e-01
1.213805529800371914e+03 9.994071318869574005e-01 9.994071110910217604e-01 9.994071103019612767e-01
1.213825577867034553e+03 9.993996476742560420e-01 9.993996260658885022e-01 9.993996252439202310e-01
1.213845625933697420e+03 9.993919803209171393e-01 9.993919578577193930e-01 9.993919570010619813e-01
1.213865674000360059e+03 9.993841225818954621e-01 9.993840992189787498e-01 9.993840983257367139e-01
1.213885722067022471e+03 9.993760668316938878e-01 9.993760425215176824e-01 9.993760415896739691e-01
1.213905770133685337e+03 9.993678050418910441e-01 9.993677797340891900e-01 9.993677787614942964e-01
1.213925818200347976e+03 9.993593287571881367e-01 9.993593023983781132e-01 9.993593013827426486e-01
1.213945866267010615e+03 9.993506290698528360e-01 9.993506016034315875e-01 9.993506005423141714e-01
1.213965914333673481e+03 9.993416965924185602e-01 9.993416679583363438e-01 9.993416668491310606e-01
1.213985962400336120e+03 9.993325214284750624e-01 9.993324915629898664e-01 9.993324904029136091e-01
1.214006010466998532e+03 9.993230931413722429e-01 9.993230619767784484e-01 9.993230607628570406e-01
1.214026058533661171e+03 9.993134007206315728e-01 9.993133681849626360e-01 9.993133669140132902e-01
1.214046106600324038e+03 9.993034325458275413e-01 9.993033985625263682e-01 9.993033972311438085e-01
1.214066154666986677e+03 9.992931763476889939e-01 9.992931408352434541e-01 9.992931394397767120e-01
1.214086202733649316e+03 9.992826191660986179e-01 9.992825820376374235e-01 9.992825805741711864e-01
1.214106250800312182e+03 9.992717473046728305e-01 9.992717084675140082e-01 9.992717069318449719e-01
1.214126298866974594e+03 9.992605462815186135e-01 9.992605056366687943e-01 9.992605040242776848e-01
1.214146346933637233e+03 9.992490007757364179e-01 9.992489582173273988e-01 9.992489565233525495e-01
1.214166395000300099e+03 9.992370945691627648e-01 9.992370499838252318e-01 9.992370482030282774e-01
1.214186443066962738e+03 9.992248104827905486e-01 9.992247637489490852e-01 9.992247618756803229e-01
1.214206491133625377e+03 9.992121303072211136e-01 9.992120812943035002e-01 9.992120793224619213e-01
1.214226539200288016e+03 9.991990347264170236e-01 9.991989832939669469e-01 9.991989812169547180e-01
1.214246587266950655e+03 9.991855032339302944e-01 9.991854492306091462e-01 9.991854470412829814e-01
1.214266635333613294e+03 9.991715140406752793e-01 9.991714573031388325e-01 9.991714549937522616e-01
1.214286683400275933e+03 9.991570439731792819e-01 9.991569843248158111e-01 9.991569818869583397e-01
1.214306731466938800e+03 9.991420683611359488e-01 9.991420056106439240e-01 9.991420030351696457e-01
1.214326779533601439e+03 9.991265609129073022e-01 9.991264948526948908e-01 9.991264921296435508e-01
1.214346827600264078e+03 9.991104935774632878e-01 9.991104239818490163e-01 9.991104211003580815e-01
1.214366875666926717e+03 9.990938363910669695e-01 9.990937630142527892e-01 9.990937599624573062e-01
1.214386923733589356e+03 9.990765573067885708e-01 9.990764798805820135e-01 9.990764766455006995e-01
1.214406971800251995e+03 9.990586220047024124e-01 9.990585402359514200e-01 9.990585368033614300e-01
1.214427019866914634e+03 9.990399936803554537e-01 9.990399072480661280e-01 9.990399036023589474e-01
1.214447067933577500e+03 9.990206328088039323e-01 9.990205413608975737e-01 9.990205374849175923e-01
1.214467116000240139e+03 9.990004968811638797e-01 9.990004000308289056e-01 9.990003959056896754e-01
1.214487164066902551e+03 9.989795401102486982e-01 9.989794374318381465e-01 9.989794330367134378e-01
1.214507212133565417e+03 9.989577131014312217e-01 9.989576041258423356e-01 9.989575994377311030e-01
1.214527260200228056e+03 9.989349624843534281e-01 9.989348466938232640e-01 9.989348416872798619e-01
1.214547308266890695e+03 9.989112305005256598e-01 9.989111073227620041e-01 9.989111019695910976e-01
1.214567356333553562e+03 9.988864545411848539e-01 9.988863233427360822e-01 9.988863176116419273e-01
1.214587404400216201e+03 9.988605666289641638e-01 9.988604267077171306e-01 9.988604205639024514e-01
1.214607452466878613e+03 9.988334928359804410e-01 9.988333434126531740e-01 9.988333368173596405e-01
1.214627500533541252e+03 9.988051526298225014e-01 9.988049928382887188e-01 9.988049857482680371e-01
1.214647548600204118e+03 9.987754581375426488e-01 9.987752870137975858e-01 9.987752793806999874e-01
1.214667596666866757e+03 9.987443133161338915e-01 9.987441297856628486e-01 9.987441215553291007e-01
1.214687644733529396e+03 9.987116130159569005e-01 9.987114158792226304e-01 9.987114069908616942e-01
1.214707692800192262e+03 9.986772419211756846e-01 9.986770298368713439e-01 9.986770202221022519e-01
1.214727740866854674e+03 9.986410733482626867e-01 9.986408448138955896e-01 9.986408343956256761e-01
1.214747788933517313e+03 9.986029678799671627e-01 9.986027212092464245e-01 9.986027099003531582e-01
1.214767837000180180e+03 9.985627718076420800e-01 9.985625051040009081e-01 9.985624928057768024e-01
1.214787885066842819e+03 9.985203153491856165e-01 9.985200264746240117e-01 9.985200130749356529e-01
1.214807933133505458e+03 9.984754106029385401e-01 9.984750971411603393e-01 9.984750825122589157e-01
1.214827981200167869e+03 9.984278491891886986e-01 9.984275084017660840e-01 9.984274923976699245e-01
1.214848029266830736e+03 9.983773995201915552e-01 9.983770282941656360e-01 9.983770107475226085e-01
1.214868077333493375e+03 9.983238036261388171e-01 9.983233984110777559e-01 9.983233791293789627e-01
1.214888125400156014e+03 9.982667734477311816e-01 9.982663301797694011e-01 9.982663089407668444e-01
1.214908173466818880e+03 9.982059864850423292e-01 9.982055004948104937e-01 9.982054770409399813e-01
1.214928221533481519e+03 9.981410806661495938e-01 9.981405465667118060e-01 9.981405205982755158e-01
1.214948269600144158e+03 9.980716482661182720e-01 9.980710598160583702e-01 9.980710309828497717e-01
1.214968317666806797e+03 9.979972286657604608e-01 9.979965786012694462e-01 9.979965464922250229e-01
1.214988365733469436e+03 9.979172996874635659e-01 9.979165795156237362e-01 9.979165436459822569e-01
1.215008413800132075e+03 9.978312671793065913e-01 9.978304669225555035e-01 9.978304267178164100e-01
1.215028461866794714e+03 9.977384524337489236e-01 9.977375603124848391e-01 9.977375150882457078e-01
1.215048509933457581e+03 9.976380769167478846e-01 9.976370789528394845e-01 9.976370278892794374e-01
1.215068558000120220e+03 9.975292436370942761e-01 9.975281231550592320e-01 9.975280652643830903e-01
1.215088606066782631e+03 9.974109142889275859e-01 9.974096512827771432e-01 9.974095853673059509e-01
1.215108654133445498e+03 9.972818810292523040e-01 9.972804513497990353e-01 9.972803759474424545e-01
1.215128702200108137e+03 9.971407313694026220e-01 9.971391056661724761e-01 9.971390189785682701e-01
1.215148750266770776e+03 9.969858041016108618e-01 9.969839464189819145e-01 9.969838462152160741e-01
1.215168798333433642e+03 9.968151333319567042e-01 9.968129991946642621e-01 9.968128826791573527e-01
1.215188846400096281e+03 9.966263762960059225e-01 9.966239099749862884e-01 9.966237735987022450e-01
1.215208894466758693e+03 9.964167180224047238e-01 9.964138482377594697e-01 9.964136873890138135e-01
1.215228942533421332e+03 9.961827397412813534e-01 9.961793660178305254e-01 9.961791721016570733e-01
1.215248990600084198e+03 9.959201907551903377e-01 9.959153962023711282e-01 9.959150250391914927e-01
1.215269038666746837e+03 9.956180913470566995e-01 9.955735349449132965e-01 9.955701413807058753e-01
1.215289086733409476e+03 9.949511630298613074e-01 9.944283804606219856e-01 9.943901065024761676e-01
1.215309134800072343e+03 9.898836930264992562e-01 9.878746121346466680e-01 9.877505068592633553e-01
1.215329182866734754e+03 9.675953533193764056e-01 9.706233323102525512e-01 9.708192565642875804e-01
1.215349230933397394e+03 9.711561428326402901e-01 9.729388208737183019e-01 9.730512057388356340e-01
1.215369279000060260e+03 9.898973743999008867e-01 9.880090841987094752e-01 9.878949889053698641e-01
1.215389327066722899e+03 9.924817039944712205e-01 9.920935814954461307e-01 9.920632708041005055e-01
1.215409375133385538e+03 9.918109910450298994e-01 9.917685636159722096e-01 9.917651193101948426e-01
1.215429423200047950e+03 9.907903408656750788e-01 9.907617296611943569e-01 9.907596692985103370e-01
1.215449471266710816e+03 9.895278603295076802e-01 9.894893879951462967e-01 9.894865933673959724e-01
1.215469519333373455e+03 9.879394728943692305e-01 9.878854076223650971e-01 9.878813333422786780e-01
1.215489567400036094e+03 9.858931291307964084e-01 9.858140778837120033e-01 9.858078614565179976e-01
1.215509615466698961e+03 9.831773286972659287e-01 9.830545457775285989e-01 9.830443132253038341e-01
1.215529663533361600e+03 9.794233842906783227e-01 9.791703641314482010e-01 9.791497848924237690e-01
1.215549711600024011e+03 9.735375643262763612e-01 9.727239323272262039e-01 9.726676656251562747e-01
1.215569759666686878e+03 9.607765084459792826e-01 9.586767290271939190e-01 9.584344698618348923e-01
1.215589807733349517e+03 9.304017305914046299e-01 9.205965153757053043e-01 9.180855756290754455e-01
1.215609855800012156e+03 8.187044114783050830e-01 7.414727713604929438e-01 7.317351944896021143e-01
1.215629903866674795e+03 4.563490804663195011e-02 1.306196205994237802e-01 1.404533214946979691e-01
1.215649951933337661e+03 2.879374229554938723e-27 5.643331501763034462e-03 8.268024312623524844e-03
1.215670000000000300e+03 7.733699445772649297e-83 3.528893448827273186e-05 3.058652791356660243e-04
1.215690048066662712e+03 7.402476031316623759e-28 5.093151154149719653e-03 7.650330500926648576e-03
1.215710096133325578e+03 4.091602350637591617e-02 1.266884202479657551e-01 1.366561143379141641e-01
1.215730144199988217e+03 8.160048734067945064e-01 7.387951782229731368e-01 7.290399819113678737e-01
1.215750192266650856e+03 9.298919523494868500e-01 9.198662080165875832e-01 9.173258577349421294e-01
1.215770240333313495e+03 9.605744932466138142e-01 9.584508364055215335e-01 9.582033275839810793e-01
1.215790288399976362e+03 9.734463204556454974e-01 9.726242245663218045e-01 9.725672829399379937e-01
1.215810336466638773e+03 9.793714505488793076e-01 9.791154286189662770e-01 9.790946584856273782e-01
1.215830384533301412e+03 9.831393535090021674e-01 9.830159385721712884e-01 9.830056424514582725e-01
1.215850432599964279e+03 9.858638161973747316e-01 9.857844424107574666e-01 9.857781953047359824e-01
1.215870480666626918e+03 9.879160935270616672e-01 9.878618384186214074e-01 9.878577464140175790e-01
1.215890528733289557e+03 9.895088069931062824e-01 9.894702294511883434e-01 9.894674256067075291e-01
1.215910576799952423e+03 9.907747142843393862e-01 9.907464054316280633e-01 9.907444147219559571e-01
1.215930624866614835e+03 9.918007855475985401e-01 9.917794658236139815e-01 9.917780105502950194e-01
1.215950672933277474e+03 9.926462221119900509e-01 9.926298125228054658e-01 9.926287223104394153e-01
1.215970720999940113e+03 9.933526190604243800e-01 9.933397522849135575e-01 9.933389183588160476e-01
1.215990769066602979e+03 9.939499906831600340e-01 9.939397390865749582e-01 9.939390896321091962e-01
1.216010817133265618e+03 9.944604937244471143e-01 9.944522109689774014e-01 9.944516971923418325e-01
1.216030865199928030e+03 9.949008096891563957e-01 9.948940348928888566e-01 9.948936228063737230e-01
1.216050913266590896e+03 9.952837156259723983e-01 9.952781134373458460e-01 9.952777788452832342e-01
1.216070961333253535e+03 9.956191474365362337e-01 9.956144694671030804e-01 9.956141948104197947e-01
1.216091009399916175e+03 9.959149365492672157e-01 9.959109958977959698e-01 9.959107682138825801e-01
1.216111057466579041e+03 9.961773308135563054e-01 9.961739848389994378e-01 9.961737944106120457e-01
1.216131105533241680e+03 9.964113694713090386e-01 9.964085079006466117e-01 9.964083473417527648e-01
1.216151153599904092e+03 9.966211573890407793e-01 9.966186939599718242e-01 9.966185575853073741e-01
1.216171201666566731e+03 9.968100684909279030e-01 9.968079349875906825e-01 9.968078183703800166e-01
1.216191249733229597e+03 9.969808986632966441e-01 9.969790406015353046e-01 9.969789402583956184e-01
1.216211297799892236e+03 9.971359821040539639e-01 9.971343555706890793e-01 9.971342687339590505e-01
1.216231345866554875e+03 9.972772808931715804e-01 9.972758502025291794e-01 9.972757746536057288e-01
1.216251393933217742e+03 9.974064547078613785e-01 9.974051906433873960e-01 9.974051245892249229e-01
1.216271441999880153e+03 9.975249156392642647e-01 9.975237941184256218e-01 9.975237360989578361e-01
1.216291490066542792e+03 9.976338716968303766e-01 9.976328727456136303e-01 9.976328215636032226e-01
1.216311538133205659e+03 9.977343616234051193e-01 9.977334685799746916e-01 9.977334232473129561e-01
1.216331586199868298e+03 9.978272829625937090e-01 9.978264818527097235e-01 9.978264415489225270e-01
1.216351634266530937e+03 9.979134148336823440e-01 9.979126938765258137e-01 9.979126579164294686e-01
1.216371682333193576e+03 9.979934365190624712e-01 9.979927857333210639e-01 9.979927535416130979e-01
1.216391730399856442e+03 9.980679427136837090e-01 9.980673536015992608e-01 9.980673246927505016e-01
1.216411778466518854e+03 9.981374560971321142e-01 9.981369213897629544e-01 9.981368953520011189e-01
1.216431826533181493e+03 9.982024377470621879e-01 9.982019511980000370e-01 9.982019276804739993e-01
1.216451874599844359e+03 9.982632958045536409e-01 9.982628520222249779e-01 9.982628307246603772e-01
1.216471922666506998e+03 9.983203927183653681e-01 9.983199870292054356e-01 9.983199676935262667e-01
1.216491970733169637e+03 9.983740513297034713e-01 9.983736796661123458e-01 9.983736620696177511e-01
1.216512018799832504e+03 9.984245600074961313e-01 9.984242188157435027e-01 9.984242027655231277e-01
1.216532066866494915e+03 9.984721770032256583e-01 9.984718631674491807e-01 9.984718484957948448e-01
1.216552114933157554e+03 9.985171341617021801e-01 9.985168449409138614e-01 9.985168315015305884e-01
1.216572162999820193e+03 9.985596400980061293e-01 9.985593730736439522e-01 9.985593607385039316e-01
1.216592211066483060e+03 9.985998829299649326e-01 9.985996359620089580e-01 9.985996246187313075e-01
1.216612259133145699e+03 9.986380326387267470e-01 9.986378038287949677e-01 9.986377933784509331e-01
1.216632307199808110e+03 9.986742431166043543e-01 9.986740307767587588e-01 9.986740211320278560e-01
1.216652355266470977e+03 9.987086539505537486e-01 9.987084565767949673e-01 9.987084476604063399e-01
1.216672403333133616e+03 9.987413919810339547e-01 9.987412082306620364e-01 9.987411999740753998e-01
1.216692451399796255e+03 9.987725726690112049e-01 9.987724013411931612e-01 9.987723936834730365e-01
1.216712499466459121e+03 9.988023012982716331e-01 9.988021413172790686e-01 9.988021342041359940e-01
1.216732547533121760e+03 9.988306740356845959e-01 9.988305244363711033e-01 9.988305178193365164e-01
1.216752595599784172e+03 9.988577788683815628e-01 9.988576387835431669e-01 9.988576326192608601e-01
1.216772643666446811e+03 9.988836964338239088e-01 9.988835650831597857e-01 9.988835593327730633e-01
1.216792691733109677e+03 9.989085007563108798e-01 9.989083774367452095e-01 9.989083720653669785e-01
1.216812739799772316e+03 9.989322599014678339e-01 9.989321439786407186e-01 9.989321389548925234e-01
1.216832787866434956e+03 9.989550365586138403e-01 9.989549274593771955e-01 9.989549227549894272e-01
1.216852835933097822e+03 9.989768885595456949e-01 9.989767857653339966e-01 9.989767813547918429e-01
1.216872883999760234e+03 9.989978693411243338e-01 9.989977723820848698e-01 9.989977682423240024e-01
1.216892932066422873e+03 9.990180283581232557e-01 9.990179368079117328e-01 9.990179329180479684e-01
1.216912980133085739e+03 9.990374114519637860e-01 9.990373249231235819e-01 9.990373212642179590e-01
1.216933028199748378e+03 9.990560611803003255e-01 9.990559793201604366e-01 9.990559758750076069e-01
1.216953076266411017e+03 9.990740171118239754e-01 9.990739395988489369e-01 9.990739363517963101e-01
1.216973124333073656e+03 9.990913160901452317e-01 9.990912426306921557e-01 9.990912395674764745e-01
1.216993172399736295e+03 9.991079924701888881e-01 9.991079227956228825e-01 9.991079199032253388e-01
1.217013220466398934e+03 9.991240783301367223e-01 9.991240121942650543e-01 9.991240094607864997e-01
1.217033268533061573e+03 9.991396036616299048e-01 9.991395408384213805e-01 9.991395382529669744e-01
1.217053316599724440e+03 9.991545965406379848e-01 9.991545368221935730e-01 9.991545343747751939e-01
1.217073364666387079e+03 9.991690832811344070e-01 9.991690264758851248e-01 9.991690241573307762e-01
1.217093412733049718e+03 9.991830885734949153e-01 9.991830345045983330e-01 9.991830323064732067e-01
1.217113460799712584e+03 9.991966356093096024e-01 9.991965841132264270e-01 9.991965820277621813e-01
1.217133508866374996e+03 9.992097461941233938e-01 9.992096971193498156e-01 9.992096951393829585e-01
1.217153556933037635e+03 9.992224408494454480e-01 9.992223940553887074e-01 9.992223921743033088e-01
1.217173604999700274e+03 9.992347389052190776e-01 9.992346942611960436e-01 9.992346924728738866e-01
1.217193653066363140e+03 9.992466585838059023e-01 9.992466159681521187e-01 9.992466142669284013e-01
1.217213701133025779e+03 9.992582170764234828e-01 9.992581763757001356e-01 9.992581747563221706e-01
1.217233749199688191e+03 9.992694306128596660e-01 9.992693917211469268e-01 9.992693901787396138e-01
1.217253797266351057e+03 9.992803145251960562e-01 9.992802773434625863e-01 9.992802758734957713e-01
1.217273845333013696e+03 9.992908833061888707e-01 9.992908477417271618e-01 9.992908463399854391e-01
1.217293893399676335e+03 9.993011506628677321e-01 9.993011166287912861e-01 9.993011152913487960e-01
1.217313941466339202e+03 9.993111295658649862e-01 9.993110969806540123e-01 9.993110957038514597e-01
1.217333989533001841e+03 9.993208322949066469e-01 9.993208010820034959e-01 9.993207998624251687e-01
1.217354037599664252e+03 9.993302704808626480e-01 9.993302405683043288e-01 9.993302394027603341e-01
1.217374085666326891e+03 9.993394551446900254e-01 9.993394264647784686e-01 9.993394253502873026e-01
1.217394133732989758e+03 9.993483967335807794e-01 9.993483692225830772e-01 9.993483681563541943e-01
1.217414181799652397e+03 9.993571051545655504e-01 9.993570787524431731e-01 9.993570777318638854e-01
1.217434229866315036e+03 9.993655898058244613e-01 9.993655644559850115e-01 9.993655634786067221e-01
1.217454277932977902e+03 9.993738596058948653e-01 9.993738352549675907e-01 9.993738343184945805e-01
1.217474325999640314e+03 9.993819230209737281e-01 9.993818996186006887e-01 9.993818987208790139e-01
1.217494374066302953e+03 9.993897880904595299e-01 9.993897655891086362e-01 9.993897647281152485e-01
1.217514422132965819e+03 9.993974624508950022e-01 9.993974408056836012e-01 9.993974399795185759e-01
1.217534470199628458e+03 9.994049533584233869e-01 9.994049325269575013e-01 9.994049317338342675e-01
1.217554518266291097e+03 9.994122677098811192e-01 9.994122476521054566e-01 9.994122468903435808e-01
1.217574566332953736e+03 9.994194120626218591e-01 9.994193927406823663e-01 9.994193920087011129e-01
1.217594614399616376e+03 9.994263926531697928e-01 9.994263740312839817e-01 9.994263733275940975e-01
1.217614662466279015e+03 9.994332154147776981e-01 9.994331974591149637e-01 9.994331967823151253e-01
1.217634710532941654e+03 9.994398859939706004e-01 9.994398686725396441e-01 9.994398680213082420e-01
1.217654758599604520e+03 9.994464097661350799e-01 9.994463930486795489e-01 9.994463924217702466e-01
1.217674806666267159e+03 9.994527918502206232e-01 9.994527757081204111e-01 9.994527751043581487e-01
1.217694854732929798e+03 9.994590371226105274e-01 9.994590215287892931e-01 9.994590209470651798e-01
1.217714902799592437e+03 9.994651502302041024e-01 9.994651351590431165e-01 9.994651345983111002e-01
1.217734950866255076e+03 9.994711356027721205e-01 9.994711210300278870e-01 9.994711204892995360e-01
1.217754998932917715e+03 9.994769974646128263e-01 9.994769833673419202e-01 9.994769828456828709e-01
1.217775046999580354e+03 9.994827398455651268e-01 9.994827262020494762e-01 9.994827256985777675e-01
1.217795095066243221e+03 9.994883665914006121e-01 9.994883533810805520e-01 9.994883528949620732e-01
1.217815143132905860e+03 9.994938813736433669e-01 9.994938685770544673e-01 9.994938681074999609e-01
1.217835191199568271e+03 9.994992876988428865e-01 9.994992752975528916e-01 9.994992748438158436e-01
1.217855239266231138e+03 9.995045889173294063e-01 9.995045768938821684e-01 9.995045764552559220e-01
1.217875287332893777e+03 9.995097882314845084e-01 9.995097765693456981e-01 9.995097761451623430e-01
1.217895335399556416e+03 9.995148887035559815e-01 9.995148773870616843e-01 9.995148769766876162e-01
1.217915383466219282e+03 9.995198932630329214e-01 9.995198822773414538e-01 9.995198818801762641e-01
1.217935431532881921e+03 9.995248047136142677e-01 9.995247940446605472e-01 9.995247936601351357e-01
1.217955479599544333e+03 9.995296257397897621e-01 9.995296153742415646e-01 9.995296150018171399e-01
1.217975527666206972e+03 9.995343589130558648e-01 9.995343488382736341e-01 9.995343484774393827e-01
1.217995575732869838e+03 9.995390066977836163e-01 9.995389969017822729e-01 9.995389965520522502e-01
1.218015623799532477e+03 9.995435714567624252e-01 9.995435619281738404e-01 9.995435615890879699e-01
1.218035671866195116e+03 9.995480554564337705e-01 9.995480461844725717e-01 9.995480458555933145e-01
1.218055719932857983e+03 9.995524608718309167e-01 9.995524518462639563e-01 9.995524515271764221e-01
1.218075767999520394e+03 9.995567897912521760e-01 9.995567810023645583e-01 9.995567806926745069e-01
1.218095816066183033e+03 9.995610442206621649e-01 9.995610356592307122e-01 9.995610353585627772e-01
1.218115864132845900e+03 9.995652260878552520e-01 9.995652177451209708e-01 9.995652174531194367e-01
1.218135912199508539e+03 9.995693372463881898e-01 9.995693291140291814e-01 9.995693288303542090e-01
1.218155960266171178e+03 9.995733794792859284e-01 9.995733715493944072e-01 9.995733712737231436e-01
1.218176008332833590e+03 9.995773545025506968e-01 9.995773467676090096e-01 9.995773464996350333e-01
1.218196056399496456e+03 9.995812639684693579e-01 9.995812564213284457e-01 9.995812561607596569e-01
1.218216104466159095e+03 9.995851094687400185e-01 9.995851021025995431e-01 9.995851018491573869e-01
1.218236152532821734e+03 9.995888925374230016e-01 9.995888853458114731e-01 9.995888850992303842e-01
1.218256200599484600e+03 9.995926146537319479e-01 9.995926076304889607e-01 9.995926073905160303e-01
1.218276248666147239e+03 9.995962772446667088e-01 9.995962703839254004e-01 9.995962701503194880e-01
1.218296296732809878e+03 9.995998816875018012e-01 9.995998749836724206e-01 9.995998747562037101e-01
1.218316344799472517e+03 9.996034293121398573e-01 9.996034227598957767e-01 9.996034225383446659e-01
1.218336392866135157e+03 9.996069214033339589e-01 9.996069149975953527e-01 9.996069147817520095e-01
1.218356440932797796e+03 9.996103592027866247e-01 9.996103529387088127e-01 9.996103527283728418e-01
1.218376488999460435e+03 9.996137439111383305e-01 9.996137377839917626e-01 9.996137375745327569e-01
1.218396537066123301e+03 9.996170766898442306e-01 9.996170693793505757e-01 9.996170679060679687e-01
1.218416585132785940e+03 9.996203586629475168e-01 9.996199740848374926e-01 9.996199642571624855e-01
