# transit_schema 1
# transit_product: a one-way transmission of the profile named below; this block adds comments only, and the columns are the spectrum
# adv_input ./output/Hydro_ioniz_adv.txt
# adv_schema 2
# adv_input_certified F no_stationary_claim (see the certification report of the run)
# adv_stationarity_operator face_flux_mass the mass row of the state, |R_1|/s_1 with s_1 the row's own largest term, which is the fractional change of the FACE mass flux across the cell; the same operator the stationary certification measures that row by, and its value for every row is the adv_mass_row column of Hydro_ioniz_adv.txt.
# adv_conditional_tol 1.0E-02 the correction of a corrected row is accurate to this fraction of itself in the mass flux: the terms the correction drops are the ones the mass divergence puts into the steady equations, each of them adv_mass_row times a term they keep, so the product is FIRST ORDER in that measure. A row at or below this fraction is corrected and is a CONDITIONAL correction to it; a row above it is retained. This is not the tolerance of a certified stationary state, which is a statement about the WHOLE state and is reported in the adv_input_certified line.
# adv_mass_row max 1.574e+00 over the 500 rows of the profile; the measure of every row is the adv_mass_row column of that file
# adv_model_restrictions the post-process reconstructs an H/He + trace-metal gas: the molecular (H2 H2p H3p HeHp) and oxygen (OH H2O CO) columns are NOT advection corrected and are the equilibrium solution, those species are absent from the particle and electron counts every equation here is solved with, and the H3+ infrared cooling is absent from its energy balance, so the metal and H/He columns inside a molecular layer inherit that approximation.
# input_provenance: git=43bc28cef587 tree=dirty run=2026-09-16T10:52:19
# input_provenance: ck_input=3075617078807835672 ck_base=730118493624933824 ck_metals=-1
# input_provenance: recon=PLM base_bc=characteristic carrier=none restart_schema=3 resid_def=145 N=500
# transit_tool git=43bc28cef587 EXHALE_transit.py mtime=2026-09-09T19:33:43 exhale_transit_lib.py mtime=2026-09-09T19:52:38
# census sampled_rows 500 refused_rows 6 above_disk_cap 48
# census_refusal_reasons retained: 6 rows
# census_composition corrected: 475 rows, retained: 25 rows
# census_share_b[Rp] 1.0000 1.4397 2.0726 3.0230 4.3521 6.3477 9.1386 13.3289
# census_share       0.7270 0.0000 0.0000 0.0000 0.0000 0.0000 0.0000 0.0000
# census_share_max 0.7270 at b = 1.0000 Rp
# census_note a share of line-center optical depth carried by refused rows is a CONTRIBUTION diagnostic and not an uncertainty on the transit depth: the disk-averaged transmission averages exp(-tau) and is nonlinear in tau, so a saturated ray moves little when its optical depth moves
# override EXHALE_TRANSIT_RES_HETR=68000
# lambda[A]  T_theo  T_instr  T_rot+instr  (O I 1302 triplet)
1.296000000000000000e+03 9.999999999937474460e-01 9.999999999932208672e-01 9.999999999932206451e-01
1.296019999999999982e+03 9.999999999937079220e-01 9.999999999931951100e-01 9.999999999931953321e-01
1.296039999999999964e+03 9.999999999936680650e-01 9.999999999931694639e-01 9.999999999931694639e-01
1.296059999999999945e+03 9.999999999936274309e-01 9.999999999931415973e-01 9.999999999931414862e-01
1.296080000000000155e+03 9.999999999935867967e-01 9.999999999931153960e-01 9.999999999931153960e-01
1.296100000000000136e+03 9.999999999935457184e-01 9.999999999930855310e-01 9.999999999930855310e-01
1.296119999999999891e+03 9.999999999935040851e-01 9.999999999930552219e-01 9.999999999930552219e-01
1.296139999999999873e+03 9.999999999934618966e-01 9.999999999930241357e-01 9.999999999930241357e-01
1.296159999999999854e+03 9.999999999934195971e-01 9.999999999929918282e-01 9.999999999929916061e-01
1.296179999999999836e+03 9.999999999933768535e-01 9.999999999929590766e-01 9.999999999929592986e-01
1.296199999999999818e+03 9.999999999933334438e-01 9.999999999929271022e-01 9.999999999929271022e-01
1.296220000000000027e+03 9.999999999932899231e-01 9.999999999928923522e-01 9.999999999928923522e-01
1.296240000000000009e+03 9.999999999932455141e-01 9.999999999928583794e-01 9.999999999928583794e-01
1.296259999999999991e+03 9.999999999932009942e-01 9.999999999928215200e-01 9.999999999928215200e-01
1.296279999999999973e+03 9.999999999931562522e-01 9.999999999927848826e-01 9.999999999927848826e-01
1.296299999999999955e+03 9.999999999931108441e-01 9.999999999927473571e-01 9.999999999927473571e-01
1.296320000000000164e+03 9.999999999930645478e-01 9.999999999927087213e-01 9.999999999927087213e-01
1.296340000000000146e+03 9.999999999930181405e-01 9.999999999926696415e-01 9.999999999926694194e-01
1.296359999999999900e+03 9.999999999929712891e-01 9.999999999926286742e-01 9.999999999926286742e-01
1.296379999999999882e+03 9.999999999929237715e-01 9.999999999925864858e-01 9.999999999925862637e-01
1.296399999999999864e+03 9.999999999928761429e-01 9.999999999925451855e-01 9.999999999925451855e-01
1.296419999999999845e+03 9.999999999928279593e-01 9.999999999925017757e-01 9.999999999925017757e-01
1.296439999999999827e+03 9.999999999927791094e-01 9.999999999924579219e-01 9.999999999924579219e-01
1.296460000000000036e+03 9.999999999927299266e-01 9.999999999924115146e-01 9.999999999924115146e-01
1.296480000000000018e+03 9.999999999926801886e-01 9.999999999923668836e-01 9.999999999923666616e-01
1.296500000000000000e+03 9.999999999926300065e-01 9.999999999923185889e-01 9.999999999923185889e-01
1.296519999999999982e+03 9.999999999925791583e-01 9.999999999922722926e-01 9.999999999922720706e-01
1.296539999999999964e+03 9.999999999925276439e-01 9.999999999922239979e-01 9.999999999922239979e-01
1.296560000000000173e+03 9.999999999924757965e-01 9.999999999921743710e-01 9.999999999921743710e-01
1.296580000000000155e+03 9.999999999924232830e-01 9.999999999921240779e-01 9.999999999921240779e-01
1.296599999999999909e+03 9.999999999923702143e-01 9.999999999920726745e-01 9.999999999920722304e-01
1.296619999999999891e+03 9.999999999923169236e-01 9.999999999920204941e-01 9.999999999920204941e-01
1.296639999999999873e+03 9.999999999922625227e-01 9.999999999919670923e-01 9.999999999919670923e-01
1.296659999999999854e+03 9.999999999922076777e-01 9.999999999919138016e-01 9.999999999919135796e-01
1.296679999999999836e+03 9.999999999921521665e-01 9.999999999918579574e-01 9.999999999918579574e-01
1.296700000000000045e+03 9.999999999920962113e-01 9.999999999918022242e-01 9.999999999918022242e-01
1.296720000000000027e+03 9.999999999920395899e-01 9.999999999917453808e-01 9.999999999917453808e-01
1.296740000000000009e+03 9.999999999919826354e-01 9.999999999916888704e-01 9.999999999916888704e-01
1.296759999999999991e+03 9.999999999919249039e-01 9.999999999916301396e-01 9.999999999916301396e-01
1.296779999999999973e+03 9.999999999918665061e-01 9.999999999915692994e-01 9.999999999915692994e-01
1.296800000000000182e+03 9.999999999918075533e-01 9.999999999915100135e-01 9.999999999915100135e-01
1.296820000000000164e+03 9.999999999917480453e-01 9.999999999914501725e-01 9.999999999914501725e-01
1.296839999999999918e+03 9.999999999916875382e-01 9.999999999913868898e-01 9.999999999913871118e-01
1.296859999999999900e+03 9.999999999916266979e-01 9.999999999913237181e-01 9.999999999913237181e-01
1.296879999999999882e+03 9.999999999915649695e-01 9.999999999912599913e-01 9.999999999912602133e-01
1.296899999999999864e+03 9.999999999915024640e-01 9.999999999911959314e-01 9.999999999911959314e-01
1.296919999999999845e+03 9.999999999914392923e-01 9.999999999911289850e-01 9.999999999911289850e-01
1.296940000000000055e+03 9.999999999913757875e-01 9.999999999910629267e-01 9.999999999910629267e-01
1.296960000000000036e+03 9.999999999913108395e-01 9.999999999909963133e-01 9.999999999909962023e-01
1.296980000000000018e+03 9.999999999912457804e-01 9.999999999909261472e-01 9.999999999909263693e-01
1.297000000000000000e+03 9.999999999911793891e-01 9.999999999908575354e-01 9.999999999908575354e-01
1.297019999999999982e+03 9.999999999911128867e-01 9.999999999907875914e-01 9.999999999907875914e-01
1.297040000000000191e+03 9.999999999910452742e-01 9.999999999907150938e-01 9.999999999907150938e-01
1.297059999999999945e+03 9.999999999909772175e-01 9.999999999906438175e-01 9.999999999906438175e-01
1.297079999999999927e+03 9.999999999909082726e-01 9.999999999905705428e-01 9.999999999905705428e-01
1.297099999999999909e+03 9.999999999908386616e-01 9.999999999904967130e-01 9.999999999904967130e-01
1.297119999999999891e+03 9.999999999907676074e-01 9.999999999904215509e-01 9.999999999904215509e-01
1.297139999999999873e+03 9.999999999906964421e-01 9.999999999903446124e-01 9.999999999903446124e-01
1.297159999999999854e+03 9.999999999906238335e-01 9.999999999902663417e-01 9.999999999902663417e-01
1.297180000000000064e+03 9.999999999905507808e-01 9.999999999901886261e-01 9.999999999901886261e-01
1.297200000000000045e+03 9.999999999904766179e-01 9.999999999901093561e-01 9.999999999901093561e-01
1.297220000000000027e+03 9.999999999904016779e-01 9.999999999900273107e-01 9.999999999900273107e-01
1.297240000000000009e+03 9.999999999903255166e-01 9.999999999899479297e-01 9.999999999899479297e-01
1.297259999999999991e+03 9.999999999902488002e-01 9.999999999898645520e-01 9.999999999898645520e-01
1.297279999999999973e+03 9.999999999901709735e-01 9.999999999897810632e-01 9.999999999897810632e-01
1.297299999999999955e+03 9.999999999900925918e-01 9.999999999896959091e-01 9.999999999896961311e-01
1.297319999999999936e+03 9.999999999900129888e-01 9.999999999896103109e-01 9.999999999896105329e-01
1.297339999999999918e+03 9.999999999899323866e-01 9.999999999895224922e-01 9.999999999895224922e-01
1.297359999999999900e+03 9.999999999898508962e-01 9.999999999894342295e-01 9.999999999894342295e-01
1.297379999999999882e+03 9.999999999897681846e-01 9.999999999893456337e-01 9.999999999893454117e-01
1.297399999999999864e+03 9.999999999896848069e-01 9.999999999892549285e-01 9.999999999892551505e-01
1.297420000000000073e+03 9.999999999896000968e-01 9.999999999891628910e-01 9.999999999891628910e-01
1.297440000000000055e+03 9.999999999895142766e-01 9.999999999890695213e-01 9.999999999890695213e-01
1.297460000000000036e+03 9.999999999894273461e-01 9.999999999889751523e-01 9.999999999889751523e-01
1.297480000000000018e+03 9.999999999893395275e-01 9.999999999888797841e-01 9.999999999888798952e-01
1.297500000000000000e+03 9.999999999892505986e-01 9.999999999887828617e-01 9.999999999887828617e-01
1.297519999999999982e+03 9.999999999891607816e-01 9.999999999886846069e-01 9.999999999886846069e-01
1.297539999999999964e+03 9.999999999890697433e-01 9.999999999885863522e-01 9.999999999885863522e-01
1.297559999999999945e+03 9.999999999889770397e-01 9.999999999884842117e-01 9.999999999884842117e-01
1.297579999999999927e+03 9.999999999888834479e-01 9.999999999883817381e-01 9.999999999883818491e-01
1.297599999999999909e+03 9.999999999887888569e-01 9.999999999882781543e-01 9.999999999882781543e-01
1.297619999999999891e+03 9.999999999886927116e-01 9.999999999881731272e-01 9.999999999881733492e-01
1.297639999999999873e+03 9.999999999885955670e-01 9.999999999880656576e-01 9.999999999880656576e-01
1.297660000000000082e+03 9.999999999884966462e-01 9.999999999879579660e-01 9.999999999879579660e-01
1.297680000000000064e+03 9.999999999883968371e-01 9.999999999878482759e-01 9.999999999878482759e-01
1.297700000000000045e+03 9.999999999882958068e-01 9.999999999877352552e-01 9.999999999877352552e-01
1.297720000000000027e+03 9.999999999881934443e-01 9.999999999876231227e-01 9.999999999876229007e-01
1.297740000000000009e+03 9.999999999880895274e-01 9.999999999875086587e-01 9.999999999875084367e-01
1.297759999999999991e+03 9.999999999879842782e-01 9.999999999873931955e-01 9.999999999873931955e-01
1.297779999999999973e+03 9.999999999878778079e-01 9.999999999872750678e-01 9.999999999872750678e-01
1.297799999999999955e+03 9.999999999877697832e-01 9.999999999871557188e-01 9.999999999871559409e-01
1.297819999999999936e+03 9.999999999876596490e-01 9.999999999870343714e-01 9.999999999870343714e-01
1.297839999999999918e+03 9.999999999875487378e-01 9.999999999869113587e-01 9.999999999869113587e-01
1.297859999999999900e+03 9.999999999874361611e-01 9.999999999867857925e-01 9.999999999867857925e-01
1.297879999999999882e+03 9.999999999873223633e-01 9.999999999866586720e-01 9.999999999866586720e-01
1.297900000000000091e+03 9.999999999872066780e-01 9.999999999865312184e-01 9.999999999865309963e-01
1.297920000000000073e+03 9.999999999870891054e-01 9.999999999863991018e-01 9.999999999863993239e-01
1.297940000000000055e+03 9.999999999869704226e-01 9.999999999862677624e-01 9.999999999862677624e-01
1.297960000000000036e+03 9.999999999868496303e-01 9.999999999861328703e-01 9.999999999861328703e-01
1.297980000000000018e+03 9.999999999867270617e-01 9.999999999859967570e-01 9.999999999859968680e-01
1.297999999999999773e+03 9.999999999866031608e-01 9.999999999858578681e-01 9.999999999858578681e-01
1.298019999999999754e+03 9.999999999864773725e-01 9.999999999857164257e-01 9.999999999857164257e-01
1.298039999999999964e+03 9.999999999863499189e-01 9.999999999855729849e-01 9.999999999855732069e-01
1.298059999999999945e+03 9.999999999862203559e-01 9.999999999854279897e-01 9.999999999854279897e-01
1.298079999999999927e+03 9.999999999860892386e-01 9.999999999852804411e-01 9.999999999852804411e-01
1.298099999999999909e+03 9.999999999859559008e-01 9.999999999851310051e-01 9.999999999851307830e-01
1.298119999999999891e+03 9.999999999858204536e-01 9.999999999849783494e-01 9.999999999849783494e-01
1.298140000000000100e+03 9.999999999856833410e-01 9.999999999848241394e-01 9.999999999848243615e-01
1.298160000000000082e+03 9.999999999855443411e-01 9.999999999846663767e-01 9.999999999846663767e-01
1.298180000000000064e+03 9.999999999854031207e-01 9.999999999845067267e-01 9.999999999845068377e-01
1.298200000000000045e+03 9.999999999852599020e-01 9.999999999843439680e-01 9.999999999843437459e-01
1.298220000000000027e+03 9.999999999851143517e-01 9.999999999841797660e-01 9.999999999841797660e-01
1.298239999999999782e+03 9.999999999849664700e-01 9.999999999840109011e-01 9.999999999840109011e-01
1.298259999999999764e+03 9.999999999848165899e-01 9.999999999838413700e-01 9.999999999838413700e-01
1.298279999999999973e+03 9.999999999846644894e-01 9.999999999836686193e-01 9.999999999836686193e-01
1.298299999999999955e+03 9.999999999845100573e-01 9.999999999834915387e-01 9.999999999834915387e-01
1.298319999999999936e+03 9.999999999843531828e-01 9.999999999833114606e-01 9.999999999833112385e-01
1.298339999999999918e+03 9.999999999841938658e-01 9.999999999831290509e-01 9.999999999831290509e-01
1.298359999999999900e+03 9.999999999840321063e-01 9.999999999829431996e-01 9.999999999829431996e-01
1.298380000000000109e+03 9.999999999838675713e-01 9.999999999827554609e-01 9.999999999827552388e-01
1.298400000000000091e+03 9.999999999837010378e-01 9.999999999825623931e-01 9.999999999825623931e-01
1.298420000000000073e+03 9.999999999835316178e-01 9.999999999823681041e-01 9.999999999823681041e-01
1.298440000000000055e+03 9.999999999833593112e-01 9.999999999821681529e-01 9.999999999821681529e-01
1.298460000000000036e+03 9.999999999831841180e-01 9.999999999819660923e-01 9.999999999819663143e-01
1.298479999999999791e+03 9.999999999830062603e-01 9.999999999817599239e-01 9.999999999817599239e-01
1.298499999999999773e+03 9.999999999828261821e-01 9.999999999815503138e-01 9.999999999815503138e-01
1.298519999999999982e+03 9.999999999826425512e-01 9.999999999813367069e-01 9.999999999813367069e-01
1.298539999999999964e+03 9.999999999824559227e-01 9.999999999811184370e-01 9.999999999811184370e-01
1.298559999999999945e+03 9.999999999822661856e-01 9.999999999808955042e-01 9.999999999808955042e-01
1.298579999999999927e+03 9.999999999820736729e-01 9.999999999806699069e-01 9.999999999806699069e-01
1.298599999999999909e+03 9.999999999818778296e-01 9.999999999804382034e-01 9.999999999804382034e-01
1.298620000000000118e+03 9.999999999816786556e-01 9.999999999802043904e-01 9.999999999802043904e-01
1.298640000000000100e+03 9.999999999814761509e-01 9.999999999799641381e-01 9.999999999799641381e-01
1.298660000000000082e+03 9.999999999812699825e-01 9.999999999797193340e-01 9.999999999797193340e-01
1.298680000000000064e+03 9.999999999810610385e-01 9.999999999794692007e-01 9.999999999794693117e-01
1.298700000000000045e+03 9.999999999808477646e-01 9.999999999792135164e-01 9.999999999792130723e-01
1.298719999999999800e+03 9.999999999806311601e-01 9.999999999789535021e-01 9.999999999789537242e-01
1.298739999999999782e+03 9.999999999804107809e-01 9.999999999786869376e-01 9.999999999786868266e-01
1.298759999999999991e+03 9.999999999801867379e-01 9.999999999784130456e-01 9.999999999784130456e-01
1.298779999999999973e+03 9.999999999799584760e-01 9.999999999781338245e-01 9.999999999781338245e-01
1.298799999999999955e+03 9.999999999797265504e-01 9.999999999778454995e-01 9.999999999778454995e-01
1.298819999999999936e+03 9.999999999794900729e-01 9.999999999775519566e-01 9.999999999775519566e-01
1.298839999999999918e+03 9.999999999792499317e-01 9.999999999772493098e-01 9.999999999772495318e-01
1.298860000000000127e+03 9.999999999790052385e-01 9.999999999769384473e-01 9.999999999769382253e-01
1.298880000000000109e+03 9.999999999787558824e-01 9.999999999766158165e-01 9.999999999766155945e-01
1.298900000000000091e+03 9.999999999785023075e-01 9.999999999762854141e-01 9.999999999762856362e-01
1.298920000000000073e+03 9.999999999782437365e-01 9.999999999759411340e-01 9.999999999759413560e-01
1.298940000000000055e+03 9.999999999779809468e-01 9.999999999755845304e-01 9.999999999755845304e-01
1.298959999999999809e+03 9.999999999777130499e-01 9.999999999752131608e-01 9.999999999752129387e-01
1.298979999999999791e+03 9.999999999774401571e-01 9.999999999748222512e-01 9.999999999748220292e-01
1.299000000000000000e+03 9.999999999771627124e-01 9.999999999744146884e-01 9.999999999744146884e-01
1.299019999999999982e+03 9.999999999768790504e-01 9.999999999739845880e-01 9.999999999739845880e-01
1.299039999999999964e+03 9.999999999765903924e-01 9.999999999735278422e-01 9.999999999735276202e-01
1.299059999999999945e+03 9.999999999762967384e-01 9.999999999730441180e-01 9.999999999730437850e-01
1.299079999999999927e+03 9.999999999759967562e-01 9.999999999725260880e-01 9.999999999725261990e-01
1.299100000000000136e+03 9.999999999756913338e-01 9.999999999719674237e-01 9.999999999719676458e-01
1.299120000000000118e+03 9.999999999753799163e-01 9.999999999713655718e-01 9.999999999713655718e-01
1.299140000000000100e+03 9.999999999750623925e-01 9.999999999707074316e-01 9.999999999707070986e-01
1.299160000000000082e+03 9.999999999747384294e-01 9.999999999699881181e-01 9.999999999699877851e-01
1.299179999999999836e+03 9.999999999744082491e-01 9.999999999691933095e-01 9.999999999691928654e-01
1.299199999999999818e+03 9.999999999740714074e-01 9.999999999683130136e-01 9.999999999683124585e-01
1.299219999999999800e+03 9.999999999737281264e-01 9.999999999673306883e-01 9.999999999673301332e-01
1.299240000000000009e+03 9.999999999733774070e-01 9.999999999662239070e-01 9.999999999662236849e-01
1.299259999999999991e+03 9.999999999730195821e-01 9.999999999649780147e-01 9.999999999649772375e-01
1.299279999999999973e+03 9.999999999726543187e-01 9.999999999635627024e-01 9.999999999635619252e-01
1.299299999999999955e+03 9.999999999722822830e-01 9.999999999619476609e-01 9.999999999619469948e-01
1.299319999999999936e+03 9.999999999719019206e-01 9.999999999601030254e-01 9.999999999601022482e-01
1.299340000000000146e+03 9.999999999715133425e-01 9.999999999579807231e-01 9.999999999579795018e-01
1.299360000000000127e+03 9.999999999711169929e-01 9.999999999555336805e-01 9.999999999555322372e-01
1.299380000000000109e+03 9.999999999707118725e-01 9.999999999527038330e-01 9.999999999527025007e-01
1.299400000000000091e+03 9.999999999702980924e-01 9.999999999494249003e-01 9.999999999494226799e-01
1.299419999999999845e+03 9.999999999698755415e-01 9.999999999456160582e-01 9.999999999456136157e-01
1.299439999999999827e+03 9.999999999694434427e-01 9.999999999411872675e-01 9.999999999411848250e-01
1.299459999999999809e+03 9.999999999690025732e-01 9.999999999360303926e-01 9.999999999360271730e-01
1.299480000000000018e+03 9.999999999685513785e-01 9.999999999300189790e-01 9.999999999300150932e-01
1.299500000000000000e+03 9.999999999680904139e-01 9.999999999230074765e-01 9.999999999230029246e-01
1.299519999999999982e+03 9.999999999676189022e-01 9.999999999148275753e-01 9.999999999148224683e-01
1.299539999999999964e+03 9.999999999671368434e-01 9.999999999052808786e-01 9.999999999052748834e-01
1.299559999999999945e+03 9.999999999666436823e-01 9.999999998941405677e-01 9.999999998941331292e-01
1.299580000000000155e+03 9.999999999661396410e-01 9.999999998811429647e-01 9.999999998811351931e-01
1.299600000000000136e+03 9.999999999656229432e-01 9.999999998659860889e-01 9.999999998659767630e-01
1.299620000000000118e+03 9.999999999650950322e-01 9.999999998483160013e-01 9.999999998483051211e-01
1.299640000000000100e+03 9.999999999645544646e-01 9.999999998277323554e-01 9.999999998277188107e-01
1.299659999999999854e+03 9.999999999640010184e-01 9.999999998037696347e-01 9.999999998037545357e-01
1.299679999999999836e+03 9.999999999634345826e-01 9.999999997758957093e-01 9.999999997758787229e-01
1.299699999999999818e+03 9.999999999628542691e-01 9.999999997434999566e-01 9.999999997434798615e-01
1.299720000000000027e+03 9.999999999622600777e-01 9.999999997058850454e-01 9.999999997058613976e-01
1.299740000000000009e+03 9.999999999616508983e-01 9.999999996622520593e-01 9.999999996622258580e-01
1.299759999999999991e+03 9.999999999610270640e-01 9.999999996116933909e-01 9.999999996116633039e-01
1.299779999999999973e+03 9.999999999603874645e-01 9.999999995531734243e-01 9.999999995531387853e-01
1.299799999999999955e+03 9.999999999597316558e-01 9.999999994855141017e-01 9.999999994854738006e-01
1.299820000000000164e+03 9.999999999590598598e-01 9.999999994073770493e-01 9.999999994073304199e-01
1.299840000000000146e+03 9.999999999583705224e-01 9.999999993172471457e-01 9.999999993171942991e-01
1.299860000000000127e+03 9.999999999576629772e-01 9.999999992134129823e-01 9.999999992133528082e-01
1.299880000000000109e+03 9.999999999569372244e-01 9.999999990939344441e-01 9.999999990938660543e-01
1.299899999999999864e+03 9.999999999561925978e-01 9.999999989566293879e-01 9.999999989565515612e-01
1.299919999999999845e+03 9.999999999554280983e-01 9.999999987990383365e-01 9.999999987989502959e-01
1.299939999999999827e+03 9.999999999546435037e-01 9.999999986183941703e-01 9.999999986182936951e-01
1.299960000000000036e+03 9.999999999538375928e-01 9.999999984115938156e-01 9.999999984114800178e-01
1.299980000000000018e+03 9.999999999530095884e-01 9.999999981751607203e-01 9.999999981750320455e-01
1.300000000000000000e+03 9.999999999521588245e-01 9.999999979052086596e-01 9.999999979050624432e-01
1.300019999999999982e+03 9.999999999512844129e-01 9.999999975973856703e-01 9.999999975972215793e-01
1.300039999999999964e+03 9.999999999503853543e-01 9.999999972468579523e-01 9.999999972466735443e-01
1.300060000000000173e+03 9.999999999494609826e-01 9.999999968482337076e-01 9.999999968480263179e-01
1.300080000000000155e+03 9.999999999485100766e-01 9.999999963955271687e-01 9.999999963952936888e-01
1.300100000000000136e+03 9.999999999475319701e-01 9.999999958820973145e-01 9.999999958818355239e-01
1.300119999999999891e+03 9.999999999465248868e-01 9.999999953005940245e-01 9.999999953003013697e-01
1.300139999999999873e+03 9.999999999454886046e-01 9.999999946428939079e-01 9.999999946425666142e-01
1.300159999999999854e+03 9.999999999444215693e-01 9.999999939000330240e-01 9.999999938996676496e-01
1.300179999999999836e+03 9.999999999433223374e-01 9.999999930621434885e-01 9.999999930617364807e-01
1.300200000000000045e+03 9.999999999421895769e-01 9.999999921183725382e-01 9.999999921179203444e-01
1.300220000000000027e+03 9.999999999410223994e-01 9.999999910568169170e-01 9.999999910563154293e-01
1.300240000000000009e+03 9.999999999398190287e-01 9.999999898644391649e-01 9.999999898638818330e-01
1.300259999999999991e+03 9.999999999385775773e-01 9.999999885269829081e-01 9.999999885263655131e-01
1.300279999999999973e+03 9.999999999372974901e-01 9.999999870288939219e-01 9.999999870282122449e-01
1.300300000000000182e+03 9.999999999359755476e-01 9.999999853532351990e-01 9.999999853524824678e-01
1.300320000000000164e+03 9.999999999346116386e-01 9.999999834815912481e-01 9.999999834807622445e-01
1.300340000000000146e+03 9.999999999332028766e-01 9.999999813939876026e-01 9.999999813930753323e-01
1.300359999999999900e+03 9.999999999317475963e-01 9.999999790687947865e-01 9.999999790677929212e-01
1.300379999999999882e+03 9.999999999302432441e-01 9.999999764826390525e-01 9.999999764815401537e-01
1.300399999999999864e+03 9.999999999286883767e-01 9.999999736103181158e-01 9.999999736091138569e-01
1.300419999999999845e+03 9.999999999270797746e-01 9.999999704247025667e-01 9.999999704233883957e-01
1.300440000000000055e+03 9.999999999254157723e-01 9.999999668966639277e-01 9.999999668952290754e-01
1.300460000000000036e+03 9.999999999236933723e-01 9.999999629949826163e-01 9.999999629934193113e-01
1.300480000000000018e+03 9.999999999219101321e-01 9.999999586862736711e-01 9.999999586845733646e-01
1.300500000000000000e+03 9.999999999200627210e-01 9.999999539349109234e-01 9.999999539330652887e-01
1.300519999999999982e+03 9.999999999181482524e-01 9.999999487029712641e-01 9.999999487009715304e-01
1.300539999999999964e+03 9.999999999161631736e-01 9.999999429501730264e-01 9.999999429480095348e-01
1.300560000000000173e+03 9.999999999141039320e-01 9.999999366338248041e-01 9.999999366314876736e-01
1.300580000000000155e+03 9.999999999119673078e-01 9.999999297087963646e-01 9.999999297062762693e-01
1.300599999999999909e+03 9.999999999097485270e-01 9.999999221274928907e-01 9.999999221247816150e-01
1.300619999999999891e+03 9.999999999074441481e-01 9.999999138398474319e-01 9.999999138369343177e-01
1.300639999999999873e+03 9.999999999050491750e-01 9.999999047933307850e-01 9.999999047902051741e-01
1.300659999999999854e+03 9.999999999025590558e-01 9.999998949329693687e-01 9.999998949296245998e-01
1.300680000000000064e+03 9.999999998999686834e-01 9.999998842013988476e-01 9.999998841978239295e-01
1.300700000000000045e+03 9.999999998972717297e-01 9.999998725389256382e-01 9.999998725351136875e-01
1.300720000000000027e+03 9.999999998944635315e-01 9.999998598836158381e-01 9.999998598795568627e-01
1.300740000000000009e+03 9.999999998915366506e-01 9.999998461714076914e-01 9.999998461670970284e-01
1.300759999999999991e+03 9.999999998884856467e-01 9.999998313362528091e-01 9.999998313316800225e-01
1.300779999999999973e+03 9.999999998853020822e-01 9.999998153102755971e-01 9.999998153054374672e-01
1.300800000000000182e+03 9.999999998819784075e-01 9.999997980239786477e-01 9.999997980188674029e-01
1.300820000000000164e+03 9.999999998785069621e-01 9.999997794064530154e-01 9.999997794010654362e-01
1.300839999999999918e+03 9.999999998748786423e-01 9.999997593856460032e-01 9.999997593799796469e-01
1.300859999999999900e+03 9.999999998710832338e-01 9.999997378886403832e-01 9.999997378826928074e-01
1.300879999999999882e+03 9.999999998671103008e-01 9.999997148419733639e-01 9.999997148357420151e-01
1.300899999999999864e+03 9.999999998629492959e-01 9.999996901719900855e-01 9.999996901654772952e-01
1.300920000000000073e+03 9.999999998585873406e-01 9.999996638052240927e-01 9.999996637984311931e-01
1.300940000000000055e+03 9.999999998540112234e-01 9.999996356688114485e-01 9.999996356617443238e-01
1.300960000000000036e+03 9.999999998492075104e-01 9.999996056909433717e-01 9.999996056836072400e-01
1.300980000000000018e+03 9.999999998441598814e-01 9.999995738013426338e-01 9.999995737937431572e-01
1.301000000000000000e+03 9.999999998388522382e-01 9.999995399317578304e-01 9.999995399239077765e-01
1.301019999999999982e+03 9.999999998332657070e-01 9.999995040165183813e-01 9.999995040084282971e-01
1.301040000000000191e+03 9.999999998273803037e-01 9.999994659930776519e-01 9.999994659847618594e-01
1.301059999999999945e+03 9.999999998211749341e-01 9.999994258026009275e-01 9.999994257940775233e-01
1.301079999999999927e+03 9.999999998146256175e-01 9.999993833905765905e-01 9.999993833818618949e-01
1.301099999999999909e+03 9.999999998077060415e-01 9.999993387074139761e-01 9.999993386985310817e-01
1.301119999999999891e+03 9.999999998003881174e-01 9.999992917090991806e-01 9.999992917000718462e-01
1.301139999999999873e+03 9.999999997926403150e-01 9.999992423578221157e-01 9.999992423486768756e-01
1.301160000000000082e+03 9.999999997844283284e-01 9.999991906226239902e-01 9.999991906133894881e-01
1.301180000000000064e+03 9.999999997757140768e-01 9.999991364800430160e-01 9.999991364707516706e-01
1.301200000000000045e+03 9.999999997664560381e-01 9.999990799147515652e-01 9.999990799054343515e-01
1.301220000000000027e+03 9.999999997566075827e-01 9.999990209201833347e-01 9.999990209108771122e-01
1.301240000000000009e+03 9.999999997461170853e-01 9.999989594991378627e-01 9.999989594898819334e-01
1.301259999999999991e+03 9.999999997349274805e-01 9.999988956643772742e-01 9.999988956552108288e-01
1.301280000000000200e+03 9.999999997229754856e-01 9.999988294391687349e-01 9.999988294301344061e-01
1.301299999999999955e+03 9.999999997101899352e-01 9.999987608578122522e-01 9.999987608489554480e-01
1.301319999999999936e+03 9.999999996964915594e-01 9.999986899661194029e-01 9.999986899574846433e-01
1.301339999999999918e+03 9.999999996817899861e-01 9.999986168218355509e-01 9.999986168134704645e-01
1.301359999999999900e+03 9.999999996659856283e-01 9.999985414950179896e-01 9.999985414869708711e-01
1.301379999999999882e+03 9.999999996489661314e-01 9.999984640683452497e-01 9.999984640606658370e-01
1.301400000000000091e+03 9.999999996306012662e-01 9.999983846373668994e-01 9.999983846301042645e-01
1.301420000000000073e+03 9.999999996107462596e-01 9.999983033106689678e-01 9.999983033038746250e-01
1.301440000000000055e+03 9.999999995892355775e-01 9.999982202099751971e-01 9.999982202036997725e-01
1.301460000000000036e+03 9.999999995658789276e-01 9.999981354701557024e-01 9.999981354644476017e-01
1.301480000000000018e+03 9.999999995404585951e-01 9.999980492391437048e-01 9.999980492340554417e-01
1.301500000000000000e+03 9.999999995127245578e-01 9.999979616777828761e-01 9.999979616733604137e-01
1.301520000000000209e+03 9.999999994823859373e-01 9.999978729595522253e-01 9.999978729558426371e-01
1.301539999999999964e+03 9.999999994491066690e-01 9.999977832702244829e-01 9.999977832672748423e-01
1.301559999999999945e+03 9.999999994124922909e-01 9.999976928074032489e-01 9.999976928052559666e-01
1.301579999999999927e+03 9.999999993720827263e-01 9.999976017799684369e-01 9.999976017786640359e-01
1.301599999999999909e+03 9.999999993273332999e-01 9.999975104074348975e-01 9.999975104070112364e-01
1.301619999999999891e+03 9.999999992775993052e-01 9.999974189191994656e-01 9.999974189196909613e-01
1.301640000000000100e+03 9.999999992221108025e-01 9.999973275537036299e-01 9.999973275551420349e-01
1.301660000000000082e+03 9.999999991599445304e-01 9.999972365574996136e-01 9.999972365599112401e-01
1.301680000000000064e+03 9.999999990899837155e-01 9.999971461842288578e-01 9.999971461876382417e-01
1.301700000000000045e+03 9.999999990108668912e-01 9.999970566935268979e-01 9.999970566979501374e-01
1.301720000000000027e+03 9.999999989209228390e-01 9.999969683498342032e-01 9.999969683552863975e-01
1.301740000000000009e+03 9.999999988180809929e-01 9.999968814211565027e-01 9.999968814276466444e-01
1.301760000000000218e+03 9.999999986997507584e-01 9.999967961777507242e-01 9.999967961852801457e-01
1.301779999999999973e+03 9.999999985626564225e-01 9.999967128907640834e-01 9.999967128993337839e-01
1.301799999999999955e+03 9.999999984026088917e-01 9.999966318308259883e-01 9.999966318404257537e-01
1.301819999999999936e+03 9.999999982141796195e-01 9.999965532666035273e-01 9.999965532772205901e-01
1.301839999999999918e+03 9.999999979902366443e-01 9.999964774633420816e-01 9.999964774749579011e-01
1.301859999999999900e+03 9.999999977212573610e-01 9.999964046813804019e-01 9.999964046939706641e-01
1.301880000000000109e+03 9.999999973942980125e-01 9.999963351746788964e-01 9.999963351882136253e-01
1.301900000000000091e+03 9.999999969914090681e-01 9.999962691893482525e-01 9.999962692037903667e-01
1.301920000000000073e+03 9.999999964871129077e-01 9.999962069621967098e-01 9.999962069775055751e-01
1.301940000000000055e+03 9.999999958442743475e-01 9.999961487193250731e-01 9.999961487354543932e-01
1.301960000000000036e+03 9.999999950070558308e-01 9.999960946747618040e-01 9.999960946916600646e-01
1.301980000000000018e+03 9.999999938883639139e-01 9.999960450291422998e-01 9.999960450467539896e-01
1.301999999999999773e+03 9.999999923462190576e-01 9.999959999684765455e-01 9.999959999867400473e-01
1.302019999999999982e+03 9.999999901363293420e-01 9.999959596629864889e-01 9.999959596818375207e-01
1.302039999999999964e+03 9.999999868088708110e-01 9.999959242660247938e-01 9.999959242853935226e-01
1.302059999999999945e+03 9.999999814595612602e-01 9.999958939131081692e-01 9.999958939329252061e-01
1.302079999999999927e+03 9.999999720414485260e-01 9.999958687210536157e-01 9.999958687412420222e-01
1.302099999999999909e+03 9.999999530589801511e-01 9.999958487872050439e-01 9.999958488076892138e-01
1.302120000000000118e+03 9.999999051637025183e-01 9.999958341888276481e-01 9.999958342095267572e-01
1.302140000000000100e+03 9.999996588810879938e-01 9.999958249825880996e-01 9.999958250034233220e-01
1.302160000000000082e+03 9.997665582240250481e-01 9.999958212041821781e-01 9.999958212250716905e-01
1.302180000000000064e+03 9.999443580575134716e-01 9.999958228681061767e-01 9.999958228889683776e-01
1.302200000000000045e+03 9.999997773229948317e-01 9.999958299675448803e-01 9.999958299882982793e-01
1.302220000000000027e+03 9.999999193412549836e-01 9.999958424744180840e-01 9.999958424949804137e-01
1.302239999999999782e+03 9.999999581483844935e-01 9.999958603395466827e-01 9.999958603598393392e-01
1.302259999999999991e+03 9.999999744194247864e-01 9.999958834929678630e-01 9.999958835129125756e-01
1.302279999999999973e+03 9.999999827558411214e-01 9.999959118443746409e-01 9.999959118638964695e-01
1.302299999999999955e+03 9.999999875908813785e-01 9.999959452836886253e-01 9.999959453027135181e-01
1.302319999999999936e+03 9.999999906431339403e-01 9.999959836817502445e-01 9.999959837002071472e-01
1.302339999999999918e+03 9.999999926926034233e-01 9.999960268911289862e-01 9.999960269089532838e-01
1.302360000000000127e+03 9.999999941349724253e-01 9.999960747470493239e-01 9.999960747641774006e-01
1.302380000000000109e+03 9.999999951883646876e-01 9.999961270683986880e-01 9.999961270847730344e-01
1.302400000000000091e+03 9.999999959810483841e-01 9.999961836588486808e-01 9.999961836744145627e-01
1.302420000000000073e+03 9.999999965924634138e-01 9.999962443080370189e-01 9.999962443227463638e-01
1.302440000000000055e+03 9.999999970739403832e-01 9.999963087928450678e-01 9.999963088066541328e-01
1.302460000000000036e+03 9.999999974598474672e-01 9.999963768787022422e-01 9.999963768915715034e-01
1.302479999999999791e+03 9.999999977738938117e-01 9.999964483209669019e-01 9.999964483328649401e-01
1.302500000000000000e+03 9.999999980328696525e-01 9.999965228663276751e-01 9.999965228772250692e-01
1.302519999999999982e+03 9.999999982489308215e-01 9.999966002542350907e-01 9.999966002641114127e-01
1.302539999999999964e+03 9.999999984310553591e-01 9.999966802183379855e-01 9.999966802271762489e-01
1.302559999999999945e+03 9.999999985859892027e-01 9.999967624879289030e-01 9.999967624957186718e-01
1.302579999999999927e+03 9.999999987188837869e-01 9.999968467893683988e-01 9.999968467961029006e-01
1.302600000000000136e+03 9.999999988337228141e-01 9.999969328474953567e-01 9.999969328531743695e-01
1.302620000000000118e+03 9.999999989336305628e-01 9.999970203869861241e-01 9.999970203916160871e-01
1.302640000000000100e+03 9.999999990210827194e-01 9.999971091336983253e-01 9.999971091372870102e-01
1.302660000000000082e+03 9.999999990980621423e-01 9.999971988159218617e-01 9.999971988184853666e-01
1.302680000000000064e+03 9.999999991661723264e-01 9.999972891656041529e-01 9.999972891671601305e-01
1.302700000000000045e+03 9.999999992267202265e-01 9.999973799194734614e-01 9.999973799200445601e-01
1.302719999999999800e+03 9.999999992807815374e-01 9.999974708200962681e-01 9.999974708197094664e-01
1.302740000000000009e+03 9.999999993292463252e-01 9.999975616168544912e-01 9.999975616155405422e-01
1.302759999999999991e+03 9.999999993728571068e-01 9.999976520668160118e-01 9.999976520646075562e-01
1.302779999999999973e+03 9.999999994122369396e-01 9.999977419355197128e-01 9.999977419324518335e-01
1.302799999999999955e+03 9.999999994479118470e-01 9.999978309976577107e-01 9.999978309937689325e-01
1.302819999999999936e+03 9.999999994803283609e-01 9.999979190376540039e-01 9.999979190329844059e-01
1.302840000000000146e+03 9.999999995098675099e-01 9.999980058501459768e-01 9.999980058447363040e-01
1.302860000000000127e+03 9.999999995368562544e-01 9.999980912403495514e-01 9.999980912342426587e-01
1.302880000000000109e+03 9.999999995615763693e-01 9.999981750243330803e-01 9.999981750175711559e-01
1.302900000000000091e+03 9.999999995842705491e-01 9.999982570291778838e-01 9.999982570218055589e-01
1.302920000000000073e+03 9.999999996051507356e-01 9.999983370930436433e-01 9.999983370851035502e-01
1.302940000000000055e+03 9.999999996244013367e-01 9.999984150651373138e-01 9.999984150566719743e-01
1.302959999999999809e+03 9.999999996421838899e-01 9.999984908055838950e-01 9.999984907966357195e-01
1.302980000000000018e+03 9.999999996586392825e-01 9.999985641852102702e-01 9.999985641758207811e-01
1.303000000000000000e+03 9.999999996738931918e-01 9.999986350852501094e-01 9.999986350754590525e-01
1.303019999999999982e+03 9.999999996880559738e-01 9.999987033969595096e-01 9.999987033868040776e-01
1.303039999999999964e+03 9.999999997012241071e-01 9.999987690211755709e-01 9.999987690106924010e-01
1.303059999999999945e+03 9.999999997134849661e-01 9.999988318677925925e-01 9.999988318570155466e-01
1.303080000000000155e+03 9.999999997249171546e-01 9.999988918551975248e-01 9.999988918441587993e-01
1.303100000000000136e+03 9.999999997355875081e-01 9.999989489096531292e-01 9.999989488983797026e-01
1.303120000000000118e+03 9.999999997455591982e-01 9.999990029646231848e-01 9.999990029531440339e-01
1.303140000000000100e+03 9.999999997548876252e-01 9.999990539600810413e-01 9.999990539484191476e-01
1.303160000000000082e+03 9.999999997636217497e-01 9.999991018417957456e-01 9.999991018299720924e-01
1.303179999999999836e+03 9.999999997718073130e-01 9.999991465605772012e-01 9.999991465486104403e-01
1.303199999999999818e+03 9.999999997794838391e-01 9.999991880715416448e-01 9.999991880594467641e-01
1.303220000000000027e+03 9.999999997866886314e-01 9.999992263333529197e-01 9.999992263211422427e-01
1.303240000000000009e+03 9.999999997934543305e-01 9.999992613074841774e-01 9.999992612951689175e-01
1.303259999999999991e+03 9.999999997998103574e-01 9.999992929574902378e-01 9.999992929450756129e-01
1.303279999999999973e+03 9.999999998057851336e-01 9.999993212483048177e-01 9.999993212357969341e-01
1.303299999999999955e+03 9.999999998114021960e-01 9.999993461455719546e-01 9.999993461329707012e-01
1.303320000000000164e+03 9.999999998166841930e-01 9.999993676149984134e-01 9.999993676023066769e-01
1.303340000000000146e+03 9.999999998216515529e-01 9.999993856217819221e-01 9.999993856089955946e-01
1.303360000000000127e+03 9.999999998263224832e-01 9.999994001300515079e-01 9.999994001171677027e-01
1.303380000000000109e+03 9.999999998307145255e-01 9.999994111024083088e-01 9.999994110894212529e-01
1.303400000000000091e+03 9.999999998348421126e-01 9.999994184994905888e-01 9.999994184863925106e-01
1.303419999999999845e+03 9.999999998387200106e-01 9.999994222796294574e-01 9.999994222664115862e-01
1.303439999999999827e+03 9.999999998423590997e-01 9.999994223985757547e-01 9.999994223852294306e-01
1.303460000000000036e+03 9.999999998457732575e-01 9.999994188092957703e-01 9.999994187958124447e-01
1.303480000000000018e+03 9.999999998489708108e-01 9.999994114618572238e-01 9.999994114482244623e-01
1.303500000000000000e+03 9.999999998519619737e-01 9.999994003033889634e-01 9.999994002895975509e-01
1.303519999999999982e+03 9.999999998547551838e-01 9.999993852781418058e-01 9.999993852641835268e-01
1.303539999999999964e+03 9.999999998573576576e-01 9.999993663276215417e-01 9.999993663134854049e-01
1.303560000000000173e+03 9.999999998597758344e-01 9.999993433908180851e-01 9.999993433764992057e-01
1.303580000000000155e+03 9.999999998620159314e-01 9.999993164045360983e-01 9.999993163900227078e-01
1.303600000000000136e+03 9.999999998640829446e-01 9.999992853037855678e-01 9.999992852890774442e-01
1.303620000000000118e+03 9.999999998659814260e-01 9.999992500222995018e-01 9.999992500073895396e-01
1.303640000000000100e+03 9.999999998677145951e-01 9.999992104931023640e-01 9.999992104779924507e-01
1.303659999999999854e+03 9.999999998692854497e-01 9.999991666491891973e-01 9.999991666338782226e-01
1.303679999999999836e+03 9.999999998706965432e-01 9.999991184242698061e-01 9.999991184087645424e-01
1.303700000000000045e+03 9.999999998719497629e-01 9.999990657536033112e-01 9.999990657379085324e-01
1.303720000000000027e+03 9.999999998730452200e-01 9.999990085748853286e-01 9.999990085590149125e-01
1.303740000000000009e+03 9.999999998739832474e-01 9.999989468292299621e-01 9.999989468131952330e-01
1.303759999999999991e+03 9.999999998747634011e-01 9.999988804621812166e-01 9.999988804460011593e-01
1.303779999999999973e+03 9.999999998753853481e-01 9.999988094248047910e-01 9.999988094085004997e-01
1.303799999999999955e+03 9.999999998758455355e-01 9.999987336748020761e-01 9.999987336583990860e-01
1.303820000000000164e+03 9.999999998761425202e-01 9.999986531776839938e-01 9.999986531612118368e-01
1.303840000000000146e+03 9.999999998762717501e-01 9.999985679079442802e-01 9.999985678914377063e-01
1.303860000000000127e+03 9.999999998762285625e-01 9.999984778502816196e-01 9.999984778337767111e-01
1.303880000000000109e+03 9.999999998760069619e-01 9.999983830007983521e-01 9.999983829843391847e-01
1.303899999999999864e+03 9.999999998756012864e-01 9.999982833682178329e-01 9.999982833518485936e-01
1.303919999999999845e+03 9.999999998750033203e-01 9.999981789750704841e-01 9.999981789588433534e-01
1.303940000000000055e+03 9.999999998742031826e-01 9.999980698588643024e-01 9.999980698428315717e-01
1.303960000000000036e+03 9.999999998731898820e-01 9.999979560732026318e-01 9.999979560574221438e-01
1.303980000000000018e+03 9.999999998719523164e-01 9.999978376888566389e-01 9.999978376733896779e-01
1.304000000000000000e+03 9.999999998704751647e-01 9.999977147947763934e-01 9.999977147796866861e-01
1.304019999999999982e+03 9.999999998687424396e-01 9.999975874990095770e-01 9.999975874843669565e-01
1.304039999999999964e+03 9.999999998667351564e-01 9.999974559295546905e-01 9.999974559154263254e-01
1.304060000000000173e+03 9.999999998644318877e-01 9.999973202350769252e-01 9.999973202215365342e-01
1.304080000000000155e+03 9.999999998618080976e-01 9.999971805855492057e-01 9.999971805726685092e-01
1.304100000000000136e+03 9.999999998588353645e-01 9.999970371727345819e-01 9.999970371605889641e-01
1.304119999999999891e+03 9.999999998554811587e-01 9.999968902105524915e-01 9.999968901992197789e-01
1.304139999999999873e+03 9.999999998517083988e-01 9.999967399352985842e-01 9.999967399248511635e-01
1.304159999999999854e+03 9.999999998474744523e-01 9.999965866056921282e-01 9.999965865962071598e-01
1.304180000000000064e+03 9.999999998427286929e-01 9.999964305027887468e-01 9.999964304943417259e-01
1.304200000000000045e+03 9.999999998374132781e-01 9.999962719297015301e-01 9.999962719223656205e-01
1.304220000000000027e+03 9.999999998314624827e-01 9.999961112111549477e-01 9.999961112050003154e-01
1.304240000000000009e+03 9.999999998247968147e-01 9.999959486928723384e-01 9.999959486879674841e-01
1.304259999999999991e+03 9.999999998173241256e-01 9.999957847407606737e-01 9.999957847371704345e-01
1.304279999999999973e+03 9.999999998089361686e-01 9.999956197399334501e-01 9.999956197377213307e-01
1.304300000000000182e+03 9.999999997995044909e-01 9.999954540935503955e-01 9.999954540927700197e-01
1.304320000000000164e+03 9.999999997888758818e-01 9.999952882214652172e-01 9.999952882221689876e-01
1.304340000000000146e+03 9.999999997768669324e-01 9.999951225587196957e-01 9.999951225609540195e-01
1.304359999999999900e+03 9.999999997632568194e-01 9.999949575538593649e-01 9.999949575576635441e-01
1.304379999999999882e+03 9.999999997477762026e-01 9.999947936670924298e-01 9.999947936724988828e-01
1.304399999999999864e+03 9.999999997300967891e-01 9.999946313683008015e-01 9.999946313753339533e-01
1.304420000000000073e+03 9.999999997098122373e-01 9.999944711349094684e-01 9.999944711435884148e-01
1.304440000000000055e+03 9.999999996864173957e-01 9.999943134496394048e-01 9.999943134599731387e-01
1.304460000000000036e+03 9.999999996592763285e-01 9.999941587981404645e-01 9.999941588101319834e-01
1.304480000000000018e+03 9.999999996275802383e-01 9.999940076665386757e-01 9.999940076801788758e-01
1.304500000000000000e+03 9.999999995902884020e-01 9.999938605388969393e-01 9.999938605541707215e-01
1.304519999999999982e+03 9.999999995460419067e-01 9.999937178946287641e-01 9.999937179115103714e-01
1.304540000000000191e+03 9.999999994930426350e-01 9.999935802058689260e-01 9.999935802243258287e-01
1.304560000000000173e+03 9.999999994288658600e-01 9.999934479348233651e-01 9.999934479548099331e-01
1.304580000000000155e+03 9.999999993501853535e-01 9.999933215311261892e-01 9.999933215525933505e-01
1.304599999999999909e+03 9.999999992523365133e-01 9.999932014292187699e-01 9.999932014521035750e-01
1.304619999999999891e+03 9.999999991286100398e-01 9.999930880457790217e-01 9.999930880700133029e-01
1.304639999999999873e+03 9.999999989690795399e-01 9.999929817772180707e-01 9.999929818027247785e-01
1.304660000000000082e+03 9.999999987585533878e-01 9.999928829972583033e-01 9.999928830239509514e-01
1.304680000000000064e+03 9.999999984728260571e-01 9.999927920546373139e-01 9.999927920824241978e-01
1.304700000000000045e+03 9.999999980714062708e-01 9.999927092709307574e-01 9.999927092997124012e-01
1.304720000000000027e+03 9.999999974823382543e-01 9.999926349385319657e-01 9.999926349682030091e-01
1.304740000000000009e+03 9.999999965675215874e-01 9.999925693188002063e-01 9.999925693492464074e-01
1.304759999999999991e+03 9.999999950335057841e-01 9.999925126403869102e-01 9.999925126714943602e-01
1.304780000000000200e+03 9.999999921618649701e-01 9.999924650977797258e-01 9.999924651294270772e-01
1.304800000000000182e+03 9.999999857757457811e-01 9.999924268500459679e-01 9.999924268821085427e-01
1.304820000000000164e+03 9.999999662682504953e-01 9.999923980198092144e-01 9.999923980521602251e-01
1.304839999999999918e+03 9.999964361742759156e-01 9.999923786924622693e-01 9.999923787249724860e-01
1.304859999999999900e+03 9.994793004980297990e-01 9.999923689156290374e-01 9.999923689481705624e-01
1.304879999999999882e+03 9.999992603839299443e-01 9.999923686988678728e-01 9.999923687313099219e-01
1.304900000000000091e+03 9.999999725825179375e-01 9.999923780136308338e-01 9.999923780458447320e-01
1.304920000000000073e+03 9.999999875663092563e-01 9.999923967934836178e-01 9.999923968253409123e-01
1.304940000000000055e+03 9.999999929099324669e-01 9.999924249345679694e-01 9.999924249659424280e-01
1.304960000000000036e+03 9.999999954160571081e-01 9.999924622963116683e-01 9.999924623270839419e-01
1.304980000000000018e+03 9.999999967900119469e-01 9.999925087023996406e-01 9.999925087324516015e-01
1.305000000000000000e+03 9.999999976240895316e-01 9.999925639419532386e-01 9.999925639711726433e-01
1.305020000000000209e+03 9.999999981682523575e-01 9.999926277709511035e-01 9.999926277992294832e-01
1.305040000000000191e+03 9.999999985428644766e-01 9.999926999138532002e-01 9.999926999410893025e-01
1.305059999999999945e+03 9.999999988117186378e-01 9.999927800654171417e-01 9.999927800915185960e-01
1.305079999999999927e+03 9.999999990111912984e-01 9.999928678927122450e-01 9.999928679175905666e-01
1.305099999999999909e+03 9.999999991632587681e-01 9.999929630372702549e-01 9.999929630608468401e-01
1.305119999999999891e+03 9.999999992818332517e-01 9.999930651174074869e-01 9.999930651396123915e-01
1.305140000000000100e+03 9.999999993760713135e-01 9.999931737306435586e-01 9.999931737514138330e-01
1.305160000000000082e+03 9.999999994521979740e-01 9.999932884562474644e-01 9.999932884755303730e-01
1.305180000000000064e+03 9.999999995145663068e-01 9.999934088578413816e-01 9.999934088755938477e-01
1.305200000000000045e+03 9.999999995662917085e-01 9.999935344860855224e-01 9.999935345022727962e-01
1.305220000000000027e+03 9.999999996096542443e-01 9.999936648813798623e-01 9.999936648959752983e-01
1.305240000000000009e+03 9.999999996463506680e-01 9.999937995765869614e-01 9.999937995895757936e-01
1.305260000000000218e+03 9.999999996776665068e-01 9.999939380997597826e-01 9.999939381111346837e-01
1.305280000000000200e+03 9.999999997045881939e-01 9.999940799768124444e-01 9.999940799865757457e-01
1.305299999999999955e+03 9.999999997278838926e-01 9.999942247341642165e-01 9.999942247423254660e-01
1.305319999999999936e+03 9.999999997481566760e-01 9.999943719013055787e-01 9.999943719078858706e-01
1.305339999999999918e+03 9.999999997658868267e-01 9.999945210132731299e-01 9.999945210182987765e-01
1.305359999999999900e+03 9.999999997814593700e-01 9.999946716130151403e-01 9.999946716165212246e-01
1.305380000000000109e+03 9.999999997951847241e-01 9.999948232536411963e-01 9.999948232556697958e-01
1.305400000000000091e+03 9.999999998073154650e-01 9.999949755005353991e-01 9.999949755011351415e-01
1.305420000000000073e+03 9.999999998180568728e-01 9.999951279333056942e-01 9.999951279325325348e-01
1.305440000000000055e+03 9.999999998275783675e-01 9.999952801475886499e-01 9.999952801455023188e-01
1.305460000000000036e+03 9.999999998360176168e-01 9.999954317566674966e-01 9.999954317533336079e-01
1.305480000000000018e+03 9.999999998434860871e-01 9.999955823929292942e-01 9.999955823884165707e-01
1.305500000000000227e+03 9.999999998500754828e-01 9.999957317091159315e-01 9.999957317034984250e-01
1.305520000000000209e+03 9.999999998558563030e-01 9.999958793794081480e-01 9.999958793727619089e-01
1.305539999999999964e+03 9.999999998608833929e-01 9.999960251003084943e-01 9.999960250927125704e-01
1.305559999999999945e+03 9.999999998651956101e-01 9.999961685913341114e-01 9.999961685828686608e-01
1.305579999999999927e+03 9.999999998688161584e-01 9.999963095955228809e-01 9.999963095862693940e-01
1.305599999999999909e+03 9.999999998717535865e-01 9.999964478797638279e-01 9.999964478698037951e-01
1.305620000000000118e+03 9.999999998739972362e-01 9.999965832349263506e-01 9.999965832243415953e-01
1.305640000000000100e+03 9.999999998755199071e-01 9.999967154758412358e-01 9.999967154647132483e-01
1.305660000000000082e+03 9.999999998762695297e-01 9.999968444410936019e-01 9.999968444295013192e-01
1.305680000000000064e+03 9.999999998761645026e-01 9.999969699926799516e-01 9.999969699807017554e-01
1.305700000000000045e+03 9.999999998750874752e-01 9.999970920154953591e-01 9.999970920032072996e-01
1.305720000000000027e+03 9.999999998728675843e-01 9.999972104167051956e-01 9.999972104041799925e-01
1.305740000000000236e+03 9.999999998692643555e-01 9.999973251249831829e-01 9.999973251122914464e-01
1.305760000000000218e+03 9.999999998639321763e-01 9.999974360896398684e-01 9.999974360768474346e-01
1.305779999999999973e+03 9.999999998563744441e-01 9.999975432796462949e-01 9.999975432668175568e-01
1.305799999999999955e+03 9.999999998458565242e-01 9.999976466825852839e-01 9.999976466697794164e-01
1.305819999999999936e+03 9.999999998312679717e-01 9.999977463035202296e-01 9.999977462907918557e-01
1.305839999999999918e+03 9.999999998108719534e-01 9.999978421637982784e-01 9.999978421511985793e-01
1.305860000000000127e+03 9.999999997818326269e-01 9.999979342998266407e-01 9.999979342874024679e-01
1.305880000000000109e+03 9.999999997392758910e-01 9.999980227617991657e-01 9.999980227495933738e-01
1.305900000000000091e+03 9.999999996742440223e-01 9.999981076124088153e-01 9.999981076004578195e-01
1.305920000000000073e+03 9.999999995687952614e-01 9.999981889255490364e-01 9.999981889138873647e-01
1.305940000000000055e+03 9.999999993825133826e-01 9.999982667850215723e-01 9.999982667736769804e-01
1.305960000000000036e+03 9.999999990076634537e-01 9.999983412832553764e-01 9.999983412722528442e-01
1.305980000000000246e+03 9.999999980688651924e-01 9.999984125200493956e-01 9.999984125094100174e-01
1.306000000000000227e+03 9.999999883157051350e-01 9.999984806013467731e-01 9.999984805910863139e-01
1.306019999999999982e+03 9.999716312077349123e-01 9.999985456380550142e-01 9.999985456281863527e-01
1.306039999999999964e+03 9.999860099993765905e-01 9.999986077449067867e-01 9.999986077354391378e-01
1.306059999999999945e+03 9.999999932073977416e-01 9.999986670393846699e-01 9.999986670303228076e-01
1.306079999999999927e+03 9.999999982223450878e-01 9.999987236407010815e-01 9.999987236320471151e-01
1.306100000000000136e+03 9.999999990693814178e-01 9.999987776688478158e-01 9.999987776606013012e-01
1.306120000000000118e+03 9.999999994189603392e-01 9.999988292437089754e-01 9.999988292358663600e-01
1.306140000000000100e+03 9.999999995968650301e-01 9.999988784842527290e-01 9.999988784768076844e-01
1.306160000000000082e+03 9.999999996998348850e-01 9.999989255077914585e-01 9.999989255007357691e-01
1.306180000000000064e+03 9.999999997649036132e-01 9.999989704293176240e-01 9.999989704226412979e-01
1.306200000000000045e+03 9.999999998087449882e-01 9.999990133609256704e-01 9.999990133546157178e-01
1.306220000000000255e+03 9.999999998397697265e-01 9.999990544112888902e-01 9.999990544053320995e-01
1.306240000000000009e+03 9.999999998625946906e-01 9.999990936852299894e-01 9.999990936796121499e-01
1.306259999999999991e+03 9.999999998799271594e-01 9.999991312833480528e-01 9.999991312780530661e-01
1.306279999999999973e+03 9.999999998934384626e-01 9.999991673017287752e-01 9.999991672967402101e-01
1.306299999999999955e+03 9.999999999042091803e-01 9.999992018317076514e-01 9.999992018270085214e-01
1.306319999999999936e+03 9.999999999129594030e-01 9.999992349597137675e-01 9.999992349552866422e-01
1.306340000000000146e+03 9.999999999201872880e-01 9.999992667671515623e-01 9.999992667629790111e-01
1.306360000000000127e+03 9.999999999262442207e-01 9.999992973303570842e-01 9.999992973264211216e-01
1.306380000000000109e+03 9.999999999313855525e-01 9.999993267205999903e-01 9.999993267168844069e-01
1.306400000000000091e+03 9.999999999357990221e-01 9.999993550041247348e-01 9.999993550006119891e-01
1.306420000000000073e+03 9.999999999396268491e-01 9.999993822422436063e-01 9.999993822389174891e-01
1.306440000000000055e+03 9.999999999429770581e-01 9.999994084914670678e-01 9.999994084883113699e-01
1.306460000000000264e+03 9.999999999459331379e-01 9.999994338036582997e-01 9.999994338006583661e-01
1.306480000000000018e+03 9.999999999485613689e-01 9.999994582262283771e-01 9.999994582233696638e-01
1.306500000000000000e+03 9.999999999509138204e-01 9.999994818023448806e-01 9.999994817996136209e-01
1.306519999999999982e+03 9.999999999530323480e-01 9.999995045711673747e-01 9.999995045685506900e-01
1.306539999999999964e+03 9.999999999549514795e-01 9.999995265680912127e-01 9.999995265655771126e-01
1.306559999999999945e+03 9.999999999566985265e-01 9.999995478250097714e-01 9.999995478225878198e-01
1.306580000000000155e+03 9.999999999582964705e-01 9.999995683705824590e-01 9.999995683682425529e-01
1.306600000000000136e+03 9.999999999597641853e-01 9.999995882304996142e-01 9.999995882282325388e-01
1.306620000000000118e+03 9.999999999611185464e-01 9.999996074277586189e-01 9.999996074255568246e-01
1.306640000000000100e+03 9.999999999623724323e-01 9.999996259829304623e-01 9.999996259807863996e-01
1.306660000000000082e+03 9.999999999635375003e-01 9.999996439144240856e-01 9.999996439123318703e-01
1.306680000000000064e+03 9.999999999646232984e-01 9.999996612387390682e-01 9.999996612366932602e-01
1.306700000000000273e+03 9.999999999656377092e-01 9.999996779707215344e-01 9.999996779687172488e-01
1.306720000000000027e+03 9.999999999665890593e-01 9.999996941237895287e-01 9.999996941218232127e-01
1.306740000000000009e+03 9.999999999674828999e-01 9.999997097101593901e-01 9.999997097082282682e-01
1.306759999999999991e+03 9.999999999683253371e-01 9.999997247410580270e-01 9.999997247391587685e-01
1.306779999999999973e+03 9.999999999691199237e-01 9.999997392269104335e-01 9.999997392250419281e-01
1.306799999999999955e+03 9.999999999698720998e-01 9.999997531775188797e-01 9.999997531756796842e-01
1.306820000000000164e+03 9.999999999705847520e-01 9.999997666022301113e-01 9.999997666004195596e-01
1.306840000000000146e+03 9.999999999712616550e-01 9.999997795100771247e-01 9.999997795082945506e-01
1.306860000000000127e+03 9.999999999719054733e-01 9.999997919099044008e-01 9.999997919081499154e-01
1.306880000000000109e+03 9.999999999725186495e-01 9.999998038104868092e-01 9.999998038087608565e-01
1.306900000000000091e+03 9.999999999731042921e-01 9.999998152206248658e-01 9.999998152189283340e-01
1.306920000000000073e+03 9.999999999736632894e-01 9.999998261492273333e-01 9.999998261475608885e-01
1.306940000000000282e+03 9.999999999741984169e-01 9.999998366053767240e-01 9.999998366037413655e-01
1.306960000000000036e+03 9.999999999747107848e-01 9.999998465983847007e-01 9.999998465967816497e-01
1.306980000000000018e+03 9.999999999752020585e-01 9.999998561378323769e-01 9.999998561362627436e-01
1.307000000000000000e+03 9.999999999756744584e-01 9.999998652335975180e-01 9.999998652320628567e-01
1.307019999999999982e+03 9.999999999761284286e-01 9.999998738958694178e-01 9.999998738943710608e-01
1.307039999999999964e+03 9.999999999765646352e-01 9.999998821351635536e-01 9.999998821337023891e-01
1.307059999999999945e+03 9.999999999769854098e-01 9.999998899623100401e-01 9.999998899608877334e-01
1.307080000000000155e+03 9.999999999773904191e-01 9.999998973884494102e-01 9.999998973870668495e-01
1.307100000000000136e+03 9.999999999777816617e-01 9.999999044250108549e-01 9.999999044236692614e-01
1.307120000000000118e+03 9.999999999781591375e-01 9.999999110836952365e-01 9.999999110823953874e-01
1.307140000000000100e+03 9.999999999785240679e-01 9.999999173764384519e-01 9.999999173751815684e-01
1.307160000000000082e+03 9.999999999788766747e-01 9.999999233153853417e-01 9.999999233141714239e-01
1.307179999999999836e+03 9.999999999792184013e-01 9.999999289128475022e-01 9.999999289116773271e-01
1.307200000000000045e+03 9.999999999795493588e-01 9.999999341812699782e-01 9.999999341801445452e-01
1.307220000000000027e+03 9.999999999798696582e-01 9.999999391331868548e-01 9.999999391321056086e-01
1.307240000000000009e+03 9.999999999801806316e-01 9.999999437811841752e-01 9.999999437801477820e-01
1.307259999999999991e+03 9.999999999804821682e-01 9.999999481378583077e-01 9.999999481368658794e-01
1.307279999999999973e+03 9.999999999807750450e-01 9.999999522157682064e-01 9.999999522148204090e-01
1.307299999999999955e+03 9.999999999810589291e-01 9.999999560274028809e-01 9.999999560264987153e-01
1.307320000000000164e+03 9.999999999813354856e-01 9.999999595851418732e-01 9.999999595842812283e-01
1.307340000000000146e+03 9.999999999816038265e-01 9.999999629012149560e-01 9.999999629003969437e-01
1.307360000000000127e+03 9.999999999818652840e-01 9.999999659876666058e-01 9.999999659868907820e-01
1.307380000000000109e+03 9.999999999821196361e-01 9.999999688563290245e-01 9.999999688555943900e-01
1.307400000000000091e+03 9.999999999823672159e-01 9.999999715187841698e-01 9.999999715180898363e-01
1.307419999999999845e+03 9.999999999826085784e-01 9.999999739863436599e-01 9.999999739856885173e-01
1.307440000000000055e+03 9.999999999828436126e-01 9.999999762700222394e-01 9.999999762694052885e-01
1.307460000000000036e+03 9.999999999830726516e-01 9.999999783805129105e-01 9.999999783799327080e-01
1.307480000000000018e+03 9.999999999832963615e-01 9.999999803281675037e-01 9.999999803276228283e-01
1.307500000000000000e+03 9.999999999835141873e-01 9.999999821229930141e-01 9.999999821224827556e-01
1.307519999999999982e+03 9.999999999837270170e-01 9.999999837746211817e-01 9.999999837741437858e-01
1.307539999999999964e+03 9.999999999839348508e-01 9.999999852923106003e-01 9.999999852918649568e-01
1.307560000000000173e+03 9.999999999841376885e-01 9.999999866849359487e-01 9.999999866845203922e-01
1.307580000000000155e+03 9.999999999843357523e-01 9.999999879609816622e-01 9.999999879605951936e-01
1.307600000000000136e+03 9.999999999845298193e-01 9.999999891285431541e-01 9.999999891281841080e-01
1.307620000000000118e+03 9.999999999847188903e-01 9.999999901953217085e-01 9.999999901949886416e-01
1.307640000000000100e+03 9.999999999849041865e-01 9.999999911686301424e-01 9.999999911683217224e-01
1.307659999999999854e+03 9.999999999850855970e-01 9.999999920553971355e-01 9.999999920551118082e-01
1.307680000000000064e+03 9.999999999852624555e-01 9.999999928621684520e-01 9.999999928619052181e-01
1.307700000000000045e+03 9.999999999854357613e-01 9.999999935951215946e-01 9.999999935948790108e-01
1.307720000000000027e+03 9.999999999856058475e-01 9.999999942600653613e-01 9.999999942598422065e-01
1.307740000000000009e+03 9.999999999857721589e-01 9.999999948624560542e-01 9.999999948622511070e-01
1.307759999999999991e+03 9.999999999859346955e-01 9.999999954074062503e-01 9.999999954072185115e-01
1.307779999999999973e+03 9.999999999860942346e-01 9.999999958996970140e-01 9.999999958995252625e-01
1.307800000000000182e+03 9.999999999862506650e-01 9.999999963437894435e-01 9.999999963436324579e-01
1.307820000000000164e+03 9.999999999864036537e-01 9.999999967438391035e-01 9.999999967436959958e-01
1.307840000000000146e+03 9.999999999865537559e-01 9.999999971037036861e-01 9.999999971035735680e-01
1.307860000000000127e+03 9.999999999867011935e-01 9.999999974269689895e-01 9.999999974268504177e-01
1.307880000000000109e+03 9.999999999868454115e-01 9.999999977169465870e-01 9.999999977168391174e-01
1.307899999999999864e+03 9.999999999869870759e-01 9.999999979767013603e-01 9.999999979766035496e-01
1.307920000000000073e+03 9.999999999871258538e-01 9.999999982090570505e-01 9.999999982089684547e-01
1.307940000000000055e+03 9.999999999872623002e-01 9.999999984166131339e-01 9.999999984165335309e-01
1.307960000000000036e+03 9.999999999873965262e-01 9.999999986017588105e-01 9.999999986016867570e-01
1.307980000000000018e+03 9.999999999875277545e-01 9.999999987666851053e-01 9.999999987666199353e-01
1.308000000000000000e+03 9.999999999876564294e-01 9.999999989133933065e-01 9.999999989133347977e-01
1.308019999999999982e+03 9.999999999877835499e-01 9.999999990437163921e-01 9.999999990436637676e-01
1.308040000000000191e+03 9.999999999879077839e-01 9.999999991593248039e-01 9.999999991592779525e-01
1.308060000000000173e+03 9.999999999880296864e-01 9.999999992617373268e-01 9.999999992616951383e-01
1.308080000000000155e+03 9.999999999881500345e-01 9.999999993523361885e-01 9.999999993522985520e-01
1.308100000000000136e+03 9.999999999882680513e-01 9.999999994323732766e-01 9.999999994323399699e-01
1.308119999999999891e+03 9.999999999883839585e-01 9.999999995029847932e-01 9.999999995029547062e-01
1.308139999999999873e+03 9.999999999884982005e-01 9.999999995651939200e-01 9.999999995651672746e-01
1.308160000000000082e+03 9.999999999886104440e-01 9.999999996199271379e-01 9.999999996199036012e-01
1.308180000000000064e+03 9.999999999887204671e-01 9.999999996680172254e-01 9.999999996679963532e-01
1.308200000000000045e+03 9.999999999888288249e-01 9.999999997102135829e-01 9.999999997101950422e-01
1.308220000000000027e+03 9.999999999889356284e-01 9.999999997471888946e-01 9.999999997471724633e-01
1.308240000000000009e+03 9.999999999890405444e-01 9.999999997795465667e-01 9.999999997795320228e-01
1.308259999999999991e+03 9.999999999891436842e-01 9.999999998078241692e-01 9.999999998078112906e-01
1.308280000000000200e+03 9.999999999892450475e-01 9.999999998325057593e-01 9.999999998324945460e-01
1.308300000000000182e+03 9.999999999893450786e-01 9.999999998540189949e-01 9.999999998540092250e-01
1.308320000000000164e+03 9.999999999894432223e-01 9.999999998727484574e-01 9.999999998727396866e-01
1.308340000000000146e+03 9.999999999895402558e-01 9.999999998890313213e-01 9.999999998890233277e-01
1.308359999999999900e+03 9.999999999896356240e-01 9.999999999031699005e-01 9.999999999031632392e-01
1.308379999999999882e+03 9.999999999897297709e-01 9.999999999154324248e-01 9.999999999154267627e-01
1.308400000000000091e+03 9.999999999898216974e-01 9.999999999260534844e-01 9.999999999260484884e-01
1.308420000000000073e+03 9.999999999899128467e-01 9.999999999352425784e-01 9.999999999352382485e-01
1.308440000000000055e+03 9.999999999900024417e-01 9.999999999431842257e-01 9.999999999431803399e-01
1.308460000000000036e+03 9.999999999900910375e-01 9.999999999500388537e-01 9.999999999500356340e-01
1.308480000000000018e+03 9.999999999901778569e-01 9.999999999559487929e-01 9.999999999559459063e-01
1.308500000000000000e+03 9.999999999902633441e-01 9.999999999610398316e-01 9.999999999610369450e-01
1.308520000000000209e+03 9.999999999903479431e-01 9.999999999654202165e-01 9.999999999654179961e-01
1.308540000000000191e+03 9.999999999904309878e-01 9.999999999691855379e-01 9.999999999691836505e-01
1.308560000000000173e+03 9.999999999905131443e-01 9.999999999724203947e-01 9.999999999724186184e-01
1.308580000000000155e+03 9.999999999905938575e-01 9.999999999751973956e-01 9.999999999751959523e-01
1.308599999999999909e+03 9.999999999906737935e-01 9.999999999775801562e-01 9.999999999775787130e-01
1.308619999999999891e+03 9.999999999907525083e-01 9.999999999796214123e-01 9.999999999796204131e-01
1.308640000000000100e+03 9.999999999908300019e-01 9.999999999813714568e-01 9.999999999813702356e-01
1.308660000000000082e+03 9.999999999909064963e-01 9.999999999828697028e-01 9.999999999828688146e-01
1.308680000000000064e+03 9.999999999909817694e-01 9.999999999841540088e-01 9.999999999841528986e-01
1.308700000000000045e+03 9.999999999910560433e-01 9.999999999852532406e-01 9.999999999852524635e-01
1.308720000000000027e+03 9.999999999911290960e-01 9.999999999861952649e-01 9.999999999861948208e-01
1.308740000000000009e+03 9.999999999912017046e-01 9.999999999870046175e-01 9.999999999870045064e-01
1.308760000000000218e+03 9.999999999912727588e-01 9.999999999876988399e-01 9.999999999876979517e-01
1.308780000000000200e+03 9.999999999913433690e-01 9.999999999882949187e-01 9.999999999882946966e-01
1.308800000000000182e+03 9.999999999914127580e-01 9.999999999888082858e-01 9.999999999888077307e-01
1.308820000000000164e+03 9.999999999914811477e-01 9.999999999892508207e-01 9.999999999892508207e-01
1.308839999999999918e+03 9.999999999915486493e-01 9.999999999896347358e-01 9.999999999896342917e-01
1.308859999999999900e+03 9.999999999916152627e-01 9.999999999899664704e-01 9.999999999899664704e-01
1.308880000000000109e+03 9.999999999916813209e-01 9.999999999902557946e-01 9.999999999902555725e-01
1.308900000000000091e+03 9.999999999917462690e-01 9.999999999905093695e-01 9.999999999905093695e-01
1.308920000000000073e+03 9.999999999918103288e-01 9.999999999907315251e-01 9.999999999907315251e-01
1.308940000000000055e+03 9.999999999918739446e-01 9.999999999909275905e-01 9.999999999909275905e-01
1.308960000000000036e+03 9.999999999919365612e-01 9.999999999911015625e-01 9.999999999911013404e-01
1.308980000000000018e+03 9.999999999919984006e-01 9.999999999912571047e-01 9.999999999912569937e-01
1.309000000000000227e+03 9.999999999920595739e-01 9.999999999913961046e-01 9.999999999913959936e-01
1.309020000000000209e+03 9.999999999921195259e-01 9.999999999915217819e-01 9.999999999915217819e-01
1.309040000000000191e+03 9.999999999921790339e-01 9.999999999916374671e-01 9.999999999916374671e-01
1.309059999999999945e+03 9.999999999922375427e-01 9.999999999917437155e-01 9.999999999917437155e-01
1.309079999999999927e+03 9.999999999922954963e-01 9.999999999918415261e-01 9.999999999918415261e-01
1.309099999999999909e+03 9.999999999923528948e-01 9.999999999919326754e-01 9.999999999919324534e-01
1.309120000000000118e+03 9.999999999924099603e-01 9.999999999920186067e-01 9.999999999920184957e-01
1.309140000000000100e+03 9.999999999924655825e-01 9.999999999920986538e-01 9.999999999920984317e-01
1.309160000000000082e+03 9.999999999925207606e-01 9.999999999921748151e-01 9.999999999921745930e-01
1.309180000000000064e+03 9.999999999925754945e-01 9.999999999922468685e-01 9.999999999922468685e-01
1.309200000000000045e+03 9.999999999926293404e-01 9.999999999923162575e-01 9.999999999923162575e-01
1.309220000000000027e+03 9.999999999926827421e-01 9.999999999923838701e-01 9.999999999923838701e-01
1.309240000000000236e+03 9.999999999927352556e-01 9.999999999924474858e-01 9.999999999924474858e-01
1.309260000000000218e+03 9.999999999927872141e-01 9.999999999925098804e-01 9.999999999925101024e-01
1.309280000000000200e+03 9.999999999928388394e-01 9.999999999925707206e-01 9.999999999925702765e-01
1.309299999999999955e+03 9.999999999928894656e-01 9.999999999926296734e-01 9.999999999926292293e-01
1.309319999999999936e+03 9.999999999929398697e-01 9.999999999926874050e-01 9.999999999926874050e-01
1.309339999999999918e+03 9.999999999929900518e-01 9.999999999927429162e-01 9.999999999927429162e-01
1.309360000000000127e+03 9.999999999930390127e-01 9.999999999927987604e-01 9.999999999927985384e-01
1.309380000000000109e+03 9.999999999930878625e-01 9.999999999928528283e-01 9.999999999928528283e-01
1.309400000000000091e+03 9.999999999931358241e-01 9.999999999929060079e-01 9.999999999929060079e-01
1.309420000000000073e+03 9.999999999931835637e-01 9.999999999929584105e-01 9.999999999929584105e-01
1.309440000000000055e+03 9.999999999932304151e-01 9.999999999930108130e-01 9.999999999930108130e-01
1.309460000000000036e+03 9.999999999932768224e-01 9.999999999930612171e-01 9.999999999930607730e-01
1.309480000000000246e+03 9.999999999933227857e-01 9.999999999931109551e-01 9.999999999931107331e-01
1.309500000000000227e+03 9.999999999933680828e-01 9.999999999931600270e-01 9.999999999931600270e-01
1.309520000000000209e+03 9.999999999934132688e-01 9.999999999932085437e-01 9.999999999932085437e-01
1.309539999999999964e+03 9.999999999934575667e-01 9.999999999932567274e-01 9.999999999932565053e-01
1.309559999999999945e+03 9.999999999935014205e-01 9.999999999933035788e-01 9.999999999933033568e-01
1.309579999999999927e+03 9.999999999935452744e-01 9.999999999933504302e-01 9.999999999933502082e-01
1.309600000000000136e+03 9.999999999935882400e-01 9.999999999933975037e-01 9.999999999933975037e-01
1.309620000000000118e+03 9.999999999936305395e-01 9.999999999934431338e-01 9.999999999934430228e-01
1.309640000000000100e+03 9.999999999936725059e-01 9.999999999934882089e-01 9.999999999934879868e-01
1.309660000000000082e+03 9.999999999937142503e-01 9.999999999935323958e-01 9.999999999935323958e-01
1.309680000000000064e+03 9.999999999937554396e-01 9.999999999935772488e-01 9.999999999935770267e-01
1.309700000000000045e+03 9.999999999937961848e-01 9.999999999936199924e-01 9.999999999936196593e-01
1.309720000000000255e+03 9.999999999938365969e-01 9.999999999936638462e-01 9.999999999936636241e-01
1.309740000000000236e+03 9.999999999938765649e-01 9.999999999937062567e-01 9.999999999937060347e-01
1.309760000000000218e+03 9.999999999939160888e-01 9.999999999937490003e-01 9.999999999937490003e-01
1.309779999999999973e+03 9.999999999939552797e-01 9.999999999937909667e-01 9.999999999937907447e-01
1.309799999999999955e+03 9.999999999939938045e-01 9.999999999938321560e-01 9.999999999938319339e-01
1.309819999999999936e+03 9.999999999940321072e-01 9.999999999938726791e-01 9.999999999938724571e-01
1.309840000000000146e+03 9.999999999940701878e-01 9.999999999939125361e-01 9.999999999939123141e-01
1.309860000000000127e+03 9.999999999941077133e-01 9.999999999939530593e-01 9.999999999939527262e-01
1.309880000000000109e+03 9.999999999941452389e-01 9.999999999939921391e-01 9.999999999939921391e-01
1.309900000000000091e+03 9.999999999941820983e-01 9.999999999940304418e-01 9.999999999940302198e-01
1.309920000000000073e+03 9.999999999942182916e-01 9.999999999940695217e-01 9.999999999940695217e-01
1.309940000000000055e+03 9.999999999942544848e-01 9.999999999941082685e-01 9.999999999941080464e-01
1.309960000000000264e+03 9.999999999942901230e-01 9.999999999941461271e-01 9.999999999941459050e-01
1.309980000000000246e+03 9.999999999943255391e-01 9.999999999941832085e-01 9.999999999941829865e-01
1.310000000000000000e+03 9.999999999943606221e-01 9.999999999942204010e-01 9.999999999942201789e-01
1.310019999999999982e+03 9.999999999943951501e-01 9.999999999942562612e-01 9.999999999942560391e-01
1.310039999999999964e+03 9.999999999944295670e-01 9.999999999942928985e-01 9.999999999942926765e-01
1.310059999999999945e+03 9.999999999944634288e-01 9.999999999943285367e-01 9.999999999943283147e-01
1.310080000000000155e+03 9.999999999944972906e-01 9.999999999943637308e-01 9.999999999943639528e-01
1.310100000000000136e+03 9.999999999945304863e-01 9.999999999943995910e-01 9.999999999943995910e-01
1.310120000000000118e+03 9.999999999945634599e-01 9.999999999944345630e-01 9.999999999944345630e-01
1.310140000000000100e+03 9.999999999945963225e-01 9.999999999944687579e-01 9.999999999944687579e-01
1.310160000000000082e+03 9.999999999946287410e-01 9.999999999945029527e-01 9.999999999945027307e-01
1.310180000000000064e+03 9.999999999946606044e-01 9.999999999945371476e-01 9.999999999945372586e-01
1.310200000000000273e+03 9.999999999946925788e-01 9.999999999945706763e-01 9.999999999945706763e-01
1.310220000000000255e+03 9.999999999947241092e-01 9.999999999946027618e-01 9.999999999946026508e-01
1.310240000000000009e+03 9.999999999947553064e-01 9.999999999946366236e-01 9.999999999946364015e-01
1.310259999999999991e+03 9.999999999947860596e-01 9.999999999946681539e-01 9.999999999946679319e-01
1.310279999999999973e+03 9.999999999948167018e-01 9.999999999947019047e-01 9.999999999947016827e-01
1.310299999999999955e+03 9.999999999948470109e-01 9.999999999947332130e-01 9.999999999947329909e-01
1.310319999999999936e+03 9.999999999948769869e-01 9.999999999947642992e-01 9.999999999947642992e-01
1.310340000000000146e+03 9.999999999949066298e-01 9.999999999947953855e-01 9.999999999947952745e-01
1.310360000000000127e+03 9.999999999949361618e-01 9.999999999948273599e-01 9.999999999948273599e-01
1.310380000000000109e+03 9.999999999949652496e-01 9.999999999948576690e-01 9.999999999948576690e-01
1.310400000000000091e+03 9.999999999949943374e-01 9.999999999948882001e-01 9.999999999948879781e-01
1.310420000000000073e+03 9.999999999950230922e-01 9.999999999949185092e-01 9.999999999949186202e-01
1.310440000000000282e+03 9.999999999950512919e-01 9.999999999949479301e-01 9.999999999949479301e-01
1.310460000000000264e+03 9.999999999950794916e-01 9.999999999949765739e-01 9.999999999949765739e-01
1.310480000000000018e+03 9.999999999951074692e-01 9.999999999950061058e-01 9.999999999950058838e-01
1.310500000000000000e+03 9.999999999951348917e-01 9.999999999950351937e-01 9.999999999950351937e-01
1.310519999999999982e+03 9.999999999951624252e-01 9.999999999950633933e-01 9.999999999950633933e-01
1.310539999999999964e+03 9.999999999951895147e-01 9.999999999950924812e-01 9.999999999950924812e-01
1.310559999999999945e+03 9.999999999952164931e-01 9.999999999951201257e-01 9.999999999951201257e-01
1.310580000000000155e+03 9.999999999952433605e-01 9.999999999951485474e-01 9.999999999951483254e-01
1.310600000000000136e+03 9.999999999952698948e-01 9.999999999951755258e-01 9.999999999951755258e-01
1.310620000000000118e+03 9.999999999952964291e-01 9.999999999952033924e-01 9.999999999952033924e-01
1.310640000000000100e+03 9.999999999953225194e-01 9.999999999952300378e-01 9.999999999952298158e-01
1.310660000000000082e+03 9.999999999953482765e-01 9.999999999952564611e-01 9.999999999952562391e-01
1.310680000000000291e+03 9.999999999953737007e-01 9.999999999952836616e-01 9.999999999952834395e-01
1.310700000000000273e+03 9.999999999953990137e-01 9.999999999953098628e-01 9.999999999953098628e-01
1.310720000000000027e+03 9.999999999954241048e-01 9.999999999953353980e-01 9.999999999953352869e-01
1.310740000000000009e+03 9.999999999954494179e-01 9.999999999953612662e-01 9.999999999953612662e-01
1.310759999999999991e+03 9.999999999954736207e-01 9.999999999953865792e-01 9.999999999953865792e-01
1.310779999999999973e+03 9.999999999954982677e-01 9.999999999954122254e-01 9.999999999954122254e-01
1.310799999999999955e+03 9.999999999955224705e-01 9.999999999954374275e-01 9.999999999954374275e-01
1.310820000000000164e+03 9.999999999955466734e-01 9.999999999954625185e-01 9.999999999954624075e-01
1.310840000000000146e+03 9.999999999955705432e-01 9.999999999954871654e-01 9.999999999954871654e-01
1.310860000000000127e+03 9.999999999955943020e-01 9.999999999955114793e-01 9.999999999955114793e-01
1.310880000000000109e+03 9.999999999956176167e-01 9.999999999955354602e-01 9.999999999955352381e-01
1.310900000000000091e+03 9.999999999956409313e-01 9.999999999955594410e-01 9.999999999955592189e-01
1.310920000000000300e+03 9.999999999956641350e-01 9.999999999955830887e-01 9.999999999955825336e-01
1.310940000000000055e+03 9.999999999956870056e-01 9.999999999956058483e-01 9.999999999956058483e-01
1.310960000000000036e+03 9.999999999957095431e-01 9.999999999956296071e-01 9.999999999956293850e-01
1.310980000000000018e+03 9.999999999957319696e-01 9.999999999956521446e-01 9.999999999956523666e-01
1.311000000000000000e+03 9.999999999957547292e-01 9.999999999956746821e-01 9.999999999956746821e-01
1.311019999999999982e+03 9.999999999957768226e-01 9.999999999956973307e-01 9.999999999956973307e-01
1.311039999999999964e+03 9.999999999957985830e-01 9.999999999957196462e-01 9.999999999957196462e-01
1.311060000000000173e+03 9.999999999958203434e-01 9.999999999957415175e-01 9.999999999957415175e-01
1.311080000000000155e+03 9.999999999958419927e-01 9.999999999957635000e-01 9.999999999957635000e-01
1.311100000000000136e+03 9.999999999958634200e-01 9.999999999957845942e-01 9.999999999957845942e-01
1.311120000000000118e+03 9.999999999958846253e-01 9.999999999958060215e-01 9.999999999958062435e-01
1.311140000000000100e+03 9.999999999959057195e-01 9.999999999958271157e-01 9.999999999958268937e-01
1.311160000000000309e+03 9.999999999959267027e-01 9.999999999958479879e-01 9.999999999958479879e-01
1.311180000000000064e+03 9.999999999959474639e-01 9.999999999958686381e-01 9.999999999958685271e-01
1.311200000000000045e+03 9.999999999959678920e-01 9.999999999958885111e-01 9.999999999958885111e-01
1.311220000000000027e+03 9.999999999959884311e-01 9.999999999959092722e-01 9.999999999959093833e-01
1.311240000000000009e+03 9.999999999960086372e-01 9.999999999959290342e-01 9.999999999959290342e-01
1.311259999999999991e+03 9.999999999960288433e-01 9.999999999959481300e-01 9.999999999959483521e-01
1.311279999999999973e+03 9.999999999960486052e-01 9.999999999959677810e-01 9.999999999959677810e-01
1.311300000000000182e+03 9.999999999960682562e-01 9.999999999959869879e-01 9.999999999959872099e-01
1.311320000000000164e+03 9.999999999960880182e-01 9.999999999960056396e-01 9.999999999960054176e-01
1.311340000000000146e+03 9.999999999961074471e-01 9.999999999960245134e-01 9.999999999960242913e-01
1.311360000000000127e+03 9.999999999961267649e-01 9.999999999960424990e-01 9.999999999960427211e-01
1.311380000000000109e+03 9.999999999961459718e-01 9.999999999960607067e-01 9.999999999960607067e-01
1.311400000000000318e+03 9.999999999961648456e-01 9.999999999960783592e-01 9.999999999960784702e-01
1.311420000000000073e+03 9.999999999961837194e-01 9.999999999960961228e-01 9.999999999960961228e-01
1.311440000000000055e+03 9.999999999962025932e-01 9.999999999961133312e-01 9.999999999961133312e-01
1.311460000000000036e+03 9.999999999962211339e-01 9.999999999961300956e-01 9.999999999961300956e-01
1.311480000000000018e+03 9.999999999962397856e-01 9.999999999961468600e-01 9.999999999961470820e-01
1.311500000000000000e+03 9.999999999962578823e-01 9.999999999961630692e-01 9.999999999961630692e-01
1.311519999999999982e+03 9.999999999962763120e-01 9.999999999961796115e-01 9.999999999961796115e-01
1.311540000000000191e+03 9.999999999962942976e-01 9.999999999961953767e-01 9.999999999961953767e-01
1.311560000000000173e+03 9.999999999963120612e-01 9.999999999962106978e-01 9.999999999962111419e-01
1.311580000000000155e+03 9.999999999963298247e-01 9.999999999962264630e-01 9.999999999962266850e-01
1.311600000000000136e+03 9.999999999963476993e-01 9.999999999962414510e-01 9.999999999962414510e-01
1.311620000000000118e+03 9.999999999963653519e-01 9.999999999962559949e-01 9.999999999962559949e-01
1.311640000000000327e+03 9.999999999963827824e-01 9.999999999962709829e-01 9.999999999962709829e-01
1.311660000000000082e+03 9.999999999963999908e-01 9.999999999962848607e-01 9.999999999962848607e-01
1.311680000000000064e+03 9.999999999964171993e-01 9.999999999962987385e-01 9.999999999962987385e-01
1.311700000000000045e+03 9.999999999964341857e-01 9.999999999963125052e-01 9.999999999963125052e-01
1.311720000000000027e+03 9.999999999964510611e-01 9.999999999963258279e-01 9.999999999963258279e-01
1.311740000000000009e+03 9.999999999964676034e-01 9.999999999963389286e-01 9.999999999963389286e-01
1.311759999999999991e+03 9.999999999964842567e-01 9.999999999963513631e-01 9.999999999963515851e-01
1.311780000000000200e+03 9.999999999965007991e-01 9.999999999963639086e-01 9.999999999963640196e-01
1.311800000000000182e+03 9.999999999965172304e-01 9.999999999963758990e-01 9.999999999963758990e-01
1.311820000000000164e+03 9.999999999965333286e-01 9.999999999963877784e-01 9.999999999963877784e-01
1.311840000000000146e+03 9.999999999965496489e-01 9.999999999963993247e-01 9.999999999963993247e-01
1.311860000000000127e+03 9.999999999965657471e-01 9.999999999964107600e-01 9.999999999964107600e-01
1.311880000000000337e+03 9.999999999965815123e-01 9.999999999964216402e-01 9.999999999964216402e-01
1.311900000000000091e+03 9.999999999965972775e-01 9.999999999964320763e-01 9.999999999964320763e-01
1.311920000000000073e+03 9.999999999966132647e-01 9.999999999964425124e-01 9.999999999964425124e-01
1.311940000000000055e+03 9.999999999966284747e-01 9.999999999964525044e-01 9.999999999964527264e-01
1.311960000000000036e+03 9.999999999966442399e-01 9.999999999964623854e-01 9.999999999964623854e-01
1.311980000000000018e+03 9.999999999966596720e-01 9.999999999964717112e-01 9.999999999964719333e-01
1.312000000000000000e+03 9.999999999966747710e-01 9.999999999964809261e-01 9.999999999964809261e-01
