# EXHALE lower-atmosphere profile (docs/phase_e_flux_closure_design.md section 2)
# solution_id f479293cf06b2d92995d3d7b08b8448f344e556bcf47206621b3087fe123c600
# source_code photochem
# source_version photochem 0.8.4, photochem_to_lower_profile.py
# mechanism zahnle_HHeNOC_rxns.yaml sha256 908cc51ef08cfce6
# stellar_flux lhs1140_sed_gj1132_at_b.txt sha256 37a95348aeb58b91 dilution 1.000000E+00
# p_match_bar 9.99999999999999955E-07
# p_top_bar 1.34742523603714062E-08
# p_deep_bar 1.67309812445468857E+01
# trial_flux_H 1.81387198590000011E+07
# trial_flux_He 5.57408167400000021E+07
# measured_flux_H 1.81266259206425101E+07
# measured_flux_He 5.57036514603541121E+07
# iteration 0
# reached_steady_state T
# notes F_H and F_He columns are the STATED trial fluxes; the header measured_flux_* are what the solution carries across its own top. measured elemental escape at the model top (r_top = 1.144846e+09 cm): H 1.812663e+07 g/s, He 5.570365e+07 g/s; imposed H 1.813872e+07, He 5.574082e+07; atomic-H share of the hydrogen nuclei at the top 1.041e-55 imposed, 2.216e-03 converged. climate solved: deep boundary 20 bar at 507.2 K, background He, tropopause 1.414 bar at 185.2 K, cold-trap f_H2O 9.935e-08 (deep 1.555e-04). cold trap at the match: O/H gas 5.2720e-07 vs all-carrier 5.2720e-07; C/H gas 2.6322e-04 vs all-carrier 2.6322e-04; N/H gas 7.7135e-05 vs all-carrier 7.7135e-05; chemistry q_H2O at the tropopause (1.414 bar) 3.3195e-07, at the match 1.0275e-07.
# units p[bar] r[R_J] T[K] n_tot[cm^-3] rho[g/cm^3] Kzz[cm^2/s] q_*[-] X_*[El/H nuclei] F_*[g/s]
# columns: p r T n_tot rho Kzz q_H2 q_H X_He X_C X_N X_O F_H F_He q_H2O q_CO q_CO2 q_CH4 q_NH3 q_HCN q_N2 q_OH q_C2H2
  1.67309812445468857E+01   1.56279742671114774E-01   4.73913889431376106E+02   2.55704689314064597E+20   1.59303742123160239E-03   1.00000000000000000E+07   1.27919117974803986E-01   3.34124854163904427E-23   3.39899994868725885E+00   2.77587996020713806E-04   8.18515345406097596E-05   6.06177990848888351E-04   1.81387198590000011E+07   5.57408167400000021E+07   1.55482821181343898E-04   9.47568822287488423E-20   2.69192742144417432E-20   7.12004813737922906E-05   2.09906135182985566E-05   1.71893310783891507E-25   2.02875989035462480E-09   1.86790298414809114E-32   1.74934718052906475E-38
  1.58954862185494754E+01   1.56320530197921387E-01   4.65280691676277797E+02   2.47443188764806087E+20   1.54156835637635995E-03   1.00000000000000000E+07   1.27919118001313420E-01   1.10641215457964516E-23   3.39899995050744508E+00   2.77587996019137376E-04   8.18462732359975911E-05   6.06177991173500975E-04   1.81387198590000011E+07   5.57408167400000021E+07   1.55482821296928063E-04   9.47568822483856842E-20   4.52810060165897511E-20   7.12004813885476045E-05   2.09906135226485824E-05   1.71893310819513256E-25   1.35400553767484529E-09   4.45878994199978949E-33   2.65075675713165485E-39
  1.44356395735638312E+01   1.56395262516600686E-01   4.49106351796096646E+02   2.32811028820569588E+20   1.45041015689767461E-03   1.00000000000000000E+07   1.27919118165999823E-01   2.10779553146944599E-15   3.39899996533583870E+00   2.77587996934830137E-04   8.18462735010553965E-05   6.06175755988244257E-04   1.81387198590000011E+07   5.57408167400000021E+07   1.55482247375007631E-04   2.13339485959009333E-15   2.41592555466330047E-18   7.12004771396831877E-05   2.09905574826125369E-05   3.72429052464715893E-14   1.38064163976731013E-09   4.84136312057304139E-25   8.13074036168416420E-13
  1.30639144126830669E+01   1.56469994819388364E-01   4.32281920693032077E+02   2.18888513226358522E+20   1.36367303104175481E-03   1.00000000000000000E+07   1.27919118418233613E-01   1.77950428151938736E-15   3.39899999694442512E+00   2.77587999199165069E-04   8.18462741633997349E-05   6.06171049284384266E-04   1.81387198590000011E+07   5.57408167400000021E+07   1.55481038846128040E-04   4.40100446162010603E-15   4.93669160255151747E-18   7.12004726635451538E-05   2.09904979061302701E-05   7.68439055198316203E-14   1.40896151595750942E-09   2.11131432523346120E-25   1.68430440888170493E-12
  1.17759823987178276E+01   1.56544727107126663E-01   4.14792523921565589E+02   2.05628328362655416E+20   1.28106221238769697E-03   1.00000000000000000E+07   1.27919118852821617E-01   1.18778547305935637E-15   3.39900006531205845E+00   2.77588004447530505E-04   8.18462757052382912E-05   6.06160943512289900E-04   1.81387198590000011E+07   5.57408167400000021E+07   1.55478444005975396E-04   6.81288295689158890E-15   7.61916804146379614E-18   7.12004679941638578E-05   2.09904345354226121E-05   1.18984637280509048E-13   1.43909367987949725E-09   6.70831087503188218E-26   2.62128498639412976E-12
  1.05708373119609877E+01   1.56619459374563369E-01   3.98776565202828067E+02   1.91997899729753571E+20   1.19614476664507263E-03   1.00000000000000000E+07   1.27919119695225514E-01   8.71179855901883782E-16   3.39900021608254566E+00   2.77588016393269770E-04   8.18462792212963685E-05   6.06138715068525757E-04   1.81387198590000011E+07   5.57408167400000021E+07   1.55472736450715493E-04   9.38750815453007685E-15   1.04838938152997715E-17   7.12004632139957481E-05   2.09903669201028460E-05   1.63987734352843228E-13   1.47126906868536746E-09   2.36161333713480308E-26   3.63047579971986536E-12
  9.44743343719565765E+00   1.56694191627290896E-01   3.82238017550544271E+02   1.79017990613164196E+20   1.11528002350479226E-03   1.00000000000000000E+07   1.27919121461079838E-01   7.91413468438309265E-16   3.39900055623450248E+00   2.77588043774027371E-04   8.18462872878300291E-05   6.06088652035634105E-04   1.81387198590000011E+07   5.57408167400000021E+07   1.55459881856789378E-04   1.21461789911259213E-14   1.35545459144156411E-17   7.12004585686076157E-05   2.09902945853801380E-05   2.12225650424339119E-13   1.50575390419869238E-09   9.50822680610622969E-27   4.71939693881666041E-12
  8.40154635357387747E+00   1.56768923859848447E-01   3.64969853713927989E+02   1.66731996927548031E+20   1.03873830696891729E-03   1.00000000000000000E+07   1.27919125380881404E-01   9.38294983397853476E-16   3.39900134103496265E+00   2.77588107440061242E-04   8.18463060524979763E-05   6.05973258134003207E-04   1.81387198590000011E+07   5.57408167400000021E+07   1.55430252372465151E-04   1.51058032567802418E-14   1.68500753910090189E-17   7.12004547109182742E-05   2.09902172857784073E-05   2.63996173182706105E-13   1.54276082066334414E-09   4.57306920164567604E-27   5.89497154218644058E-12
  7.43128502204477215E+00   1.56843656075093041E-01   3.48739994549692199E+02   1.54340136354191114E+20   9.61536909853610454E-04   1.00000000000000000E+07   1.27919134509415944E-01   1.32459668654659383E-15   3.39900320227607766E+00   2.77588258972903505E-04   8.18463507238446355E-05   6.05699690825689963E-04   1.81387198590000011E+07   5.57408167400000021E+07   1.55360009029555129E-04   1.82926712088508952E-14   2.04001335290817066E-17   7.12004532815817124E-05   2.09901348196873463E-05   3.19764601125328305E-13   1.58262178809093888E-09   2.72799307613533892E-27   7.16953957884541274E-12
  6.53516829095007079E+00   1.56918388255177149E-01   3.32196557488568772E+02   1.42488024579662217E+20   8.87697839200708282E-04   1.00000000000000000E+07   1.27919156592459698E-01   2.05331592945093816E-15   3.39900774469885825E+00   2.77588629425137823E-04   8.18464599423958307E-05   6.05032178437905216E-04   1.81387198590000011E+07   5.57408167400000021E+07   1.55188613448009247E-04   2.17388013044104980E-14   2.42410593456508221E-17   7.12004585264150479E-05   2.09900475989951399E-05   3.80101078940121146E-13   1.62574285710111322E-09   1.93371356366522003E-27   8.55970332752401711E-12
  5.70951498393421009E+00   1.56993120380759299E-01   3.15032462559529677E+02   1.31268531355587658E+20   8.17799258693104394E-04   1.00000000000000000E+07   1.27919211840072627E-01   3.36991810910346203E-15   3.39901915594632920E+00   2.77589560793741700E-04   8.18467345452597432E-05   6.03355467066703970E-04   1.81387198590000011E+07   5.57408167400000021E+07   1.54758089965056602E-04   2.54735824238476876E-14   2.84066580504787137E-17   7.12004816358459885E-05   2.09899581414992551E-05   4.45535803596209957E-13   1.67250029833294182E-09   1.91315837897690229E-27   1.00834372059012447E-11
  4.95245253991668566E+00   1.57067852393071666E-01   2.98908232411175049E+02   1.20004950815006425E+20   7.47624286318219794E-04   1.00000000000000000E+07   1.27919355247849947E-01   5.68954702954499141E-15   3.39904882905347350E+00   2.77591983495855332E-04   8.18474488638239216E-05   5.98995623170607300E-04   1.81387198590000011E+07   5.57408167400000021E+07   1.53638639440086840E-04   2.95407036462213601E-14   3.29472427090694344E-17   7.12005531204601828E-05   2.09898742792114948E-05   5.16858132665641578E-13   1.72345379750843775E-09   2.83401352983726023E-27   1.17678769061134406E-11
  4.26181455345624993E+00   1.57142584116471917E-01   2.82028681495144554E+02   1.09450560105692266E+20   6.81863198878343481E-04   1.00000000000000000E+07   1.27919740839851082E-01   9.86168265440199221E-15   3.39912867911987826E+00   2.77598503963961973E-04   8.18493713995247500E-05   5.87263578781931648E-04   1.81387198590000011E+07   5.57408167400000021E+07   1.50626358543342644E-04   3.39902922425326915E-14   3.79210918489346204E-17   7.12007586099691636E-05   2.09898199097996257E-05   5.94982484901846575E-13   1.77925007791688312E-09   5.32032395253443104E-27   1.36475368237561304E-11
  3.63475493238531300E+00   1.57217315051032258E-01   2.65644052426797316E+02   9.91041303872300483E+19   6.17386509673983398E-04   1.00000000000000000E+07   1.27920816610094801E-01   1.72434533797869105E-14   3.39935154402507056E+00   2.77616704017110837E-04   8.18547376364656679E-05   5.54519223995577357E-04   1.81387198590000011E+07   5.57408167400000021E+07   1.42219679000686448E-04   3.88806972444872441E-14   4.33967017544584137E-17   7.12013473281610627E-05   2.09898669239904483E-05   6.80983591291430546E-13   1.84064829539363706E-09   1.07095632777874921E-26   1.57665789026520447E-11
  3.06902744079071965E+00   1.57292043690867939E-01   2.49030091723849921E+02   8.92618041164852101E+19   5.56020789274553002E-04   1.00000000000000000E+07   1.27923916486308881E-01   2.90144156559223001E-14   3.39999396684379596E+00   2.77669168240755394E-04   8.18702065949200185E-05   4.60131816984090205E-04   1.81387198590000011E+07   5.57408167400000021E+07   1.17992338367357128E-04   4.42874981438772567E-14   4.94631347820794642E-17   7.12030615818636073E-05   2.09902321038053025E-05   7.76259026975925375E-13   1.90864005922272815E-09   2.03701386313787958E-26   1.81842031359657340E-11
  2.56202624405179380E+00   1.57366766043346290E-01   2.32620518618952644E+02   7.97723290153293414E+19   4.96781793926723259E-04   1.00000000000000000E+07   1.27932589490132198E-01   4.04537237886457726E-14   3.40179258826305686E+00   2.77816056246710859E-04   8.19135162173921017E-05   1.95871328158015459E-04   1.81387198590000011E+07   5.57408167400000021E+07   5.02044448561554755E-05   5.03044632519365214E-14   5.62308411396706780E-17   7.12078765473801012E-05   2.09914952044483765E-05   8.82541948247561436E-13   1.98447270209121382E-09   2.10757137409594613E-26   2.09716183570228298E-11
  2.11101177096259773E+00   1.57441492478854944E-01   2.16028464111816248E+02   7.07776916294753567E+19   4.40702038582782270E-04   1.00000000000000000E+07   1.27937602846469267E-01   5.45864098527811878E-14   3.40283298930556377E+00   2.77901022120798731E-04   8.19385682191570706E-05   4.30113860028986835E-05   1.81387198590000011E+07   5.57408167400000021E+07   1.10214554307733535E-05   5.70488115152424050E-14   6.38340100788748361E-17   7.12106529112881495E-05   2.09921380196832965E-05   1.00193798118851854E-12   2.06953050348549564E-09   1.22018128050692751E-26   2.41953211971450651E-11
  1.71399980373646454E+00   1.57516223233922864E-01   2.00540364641187182E+02   6.19049938658171290E+19   3.85442355954291379E-04   1.00000000000000000E+07   1.27938757953818788E-01   7.67857380550966875E-14   3.40307271936298195E+00   2.77920598988988478E-04   8.19443403986606206E-05   7.78897682154773552E-06   1.81387198590000011E+07   5.57408167400000021E+07   1.99576419330657218E-06   6.46996042051070414E-14   7.24704814640437094E-17   7.12112797054424213E-05   2.09921232765609411E-05   1.13755170975032271E-12   2.16600478555089555E-09   6.08470601175694264E-27   2.79426253448888100E-11
  1.37033514728038308E+00   1.57590955033362096E-01   1.86921747406849306E+02   5.30986747477909996E+19   3.30609009974595523E-04   1.00000000000000000E+07   1.27938971210890956E-01   9.19968260791697171E-14   3.40311691345554657E+00   2.77924206810005404E-04   8.19454041334250372E-05   1.29554882807972974E-06   1.81387198590000011E+07   5.57408167400000021E+07   3.31953718945897407E-07   7.35337942231072838E-14   8.24529012854455138E-17   7.12113796543282726E-05   2.09919221921369472E-05   1.29428973680080376E-12   2.27739365486435146E-09   2.79104636864039337E-27   3.23526978312815765E-11
  1.08576414690671386E+00   1.57665687026877332E-01   1.85210916718933106E+02   4.24605516928185221E+19   2.64372526451861403E-04   1.00000000000000000E+07   1.27938996073591882E-01   1.13354390782699885E-13   3.40312196237519027E+00   2.77924617279629840E-04   8.19455251288711892E-05   5.53182379776389005E-07   1.81387198590000011E+07   5.57408167400000021E+07   1.41739613121872156E-07   8.42365948175571758E-14   9.45559129650686435E-17   7.12113705665998864E-05   2.09916402190790851E-05   1.48431135534051950E-12   2.41233430607283891E-09   1.90351602176324863E-27   3.77608108830377571E-11
  8.59554756182381641E-01   1.57740419030912765E-01   1.85210916718933106E+02   3.36142699698351555E+19   2.09292840495040104E-04   1.00000000000000000E+07   1.27938996747614220E-01   1.39305157501293308E-13   3.40312195724561750E+00   2.77924614483022656E-04   8.19455242653639390E-05   5.53182373696443366E-07   1.81387198590000011E+07   5.57408167400000021E+07   1.41739587717851166E-07   9.77028943860302444E-14   1.09793327902949840E-16   7.12113419442852579E-05   2.09912804539910982E-05   1.72352920801339091E-12   2.58210594682177050E-09   2.65701914608572499E-27   4.46353213740658983E-11
  6.80624712673515764E-01   1.57815151019364691E-01   1.85210916718933106E+02   2.66169230934888858E+19   1.65725194725866701E-04   1.00000000000000000E+07   1.27938997599154558E-01   1.77724168827351240E-13   3.40312195077681379E+00   2.77924610951259558E-04   8.19455231748377372E-05   5.53182366018015267E-07   1.81387198590000011E+07   5.57408167400000021E+07   1.41739555596126566E-07   1.14722159420622918E-13   1.29061160436779892E-16   7.12113056223033503E-05   2.09908258442298585E-05   2.02600428167416705E-12   2.79665905248322251E-09   3.66435899731268049E-27   5.34031859135833962E-11
  5.39060932499362822E-01   1.57889882991065905E-01   1.85210916718933106E+02   2.10808439891639747E+19   1.31255854041383745E-04   1.00000000000000000E+07   1.27938998674721249E-01   2.49468654497462198E-13   3.40312194262100309E+00   2.77924606492087540E-04   8.19455217979148559E-05   5.53182356323022265E-07   1.81387198590000011E+07   5.57408167400000021E+07   1.41739514989409850E-07   1.36228190769662026E-13   1.53420022669700381E-16   7.12112595538331853E-05   2.09902515096461826E-05   2.40837934010743475E-12   3.06776059638882428E-09   5.08173492591692334E-27   6.45774166358116858E-11
  4.27035367215634898E-01   1.57964614946234205E-01   1.85210916718933106E+02   1.66999042434572800E+19   1.03978768261354259E-04   1.00000000000000000E+07   1.27939000032912503E-01   3.88488456349263401E-13   3.40312193234056570E+00   2.77924600863236639E-04   8.19455200597656535E-05   5.53182344084597694E-07   1.81387198590000011E+07   5.57408167400000021E+07   1.41739463667872305E-07   1.63398411604062228E-13   1.84208190328816695E-16   7.12112011324002786E-05   2.09895261416042786E-05   2.89165321503466067E-12   3.41023716550029961E-09   7.23402566101253504E-27   7.88198894086621705E-11
  3.38365081033987825E-01   1.58039346885093940E-01   1.85210916718933106E+02   1.32323102169284997E+19   8.23884554054830567E-05   1.00000000000000000E+07   1.27939001747509634E-01   6.34127467078629165E-13   3.40312191938496289E+00   2.77924593759477706E-04   8.19455178661078411E-05   5.53182328638936336E-07   1.81387198590000011E+07   5.57408167400000021E+07   1.41739398818716805E-07   1.97716895901634667E-13   2.23113917215166067E-16   7.12111270254552379E-05   2.09886104357846430E-05   3.50231493515547476E-12   3.84275437769430256E-09   1.07101853007587202E-26   9.69924837303517657E-11
  2.68165436456396677E-01   1.58114078807679109E-01   1.85210916718933106E+02   1.04870403110320845E+19   6.52955559226973254E-05   1.00000000000000000E+07   1.27939003911354293E-01   1.02165505419317571E-12   3.40312190306177076E+00   2.77924584796344952E-04   8.19455150981749178E-05   5.53182309149889090E-07   1.81387198590000011E+07   5.57408167400000021E+07   1.41739316894557800E-07   2.41053899525724300E-13   2.72266485023183711E-16   7.12110329660149341E-05   2.09874551396521165E-05   4.27377152084476517E-12   4.38879935269434003E-09   1.64554792406234161E-26   1.20219257100098732E-10
  2.12576621262704157E-01   1.58188810713833589E-01   1.85210916718933106E+02   8.31315036651809485E+18   5.17602447939981137E-05   1.00000000000000000E+07   1.27939006641222763E-01   1.57975290281911076E-12   3.40312188250030889E+00   2.77924573489675539E-04   8.19455116063885899E-05   5.53182284564452652E-07   1.81387198590000011E+07   5.57408167400000021E+07   1.41739213422571901E-07   2.95766161110916028E-13   3.34350817084115440E-16   7.12109134982830301E-05   2.09859985756237668E-05   5.24814509591562771E-12   5.07792226833019258E-09   2.58912819979373885E-26   1.49957774653081491E-10
  1.68547959258979446E-01   1.58263542603209434E-01   1.85210916718933106E+02   6.59133878865300890E+18   4.10397133933738321E-05   1.00000000000000000E+07   1.27939010083961469E-01   2.33492347102163475E-12   3.40312185660596844E+00   2.77924559229889695E-04   8.19455072024023132E-05   5.53182253556817279E-07   1.81387198590000011E+07   5.57408167400000021E+07   1.41739082764323200E-07   3.64823178229274458E-13   4.12751722457085708E-16   7.12107616660472676E-05   2.09841634898735296E-05   6.47853437024852145E-12   5.94730239262932512E-09   4.11288597712160056E-26   1.88082980999628822E-10
  1.33667757505522539E-01   1.58338274477434676E-01   1.85210916718933106E+02   5.22729244965021389E+18   3.25467390183746498E-05   1.00000000000000000E+07   1.27939014424208047E-01   3.31581924016291600E-12   3.40312182400298191E+00   2.77924541249674830E-04   8.19455016491009235E-05   5.53182214458065801E-07   1.81387198590000011E+07   5.57408167400000021E+07   1.41738917813581538E-07   4.51965991071644714E-13   5.11735390318907720E-16   7.12105686248130926E-05   2.09818530676321669E-05   8.03185987619924104E-12   7.04371842424477590E-09   6.53130002133022892E-26   2.36991549215221910E-10
  1.06029046542339314E-01   1.58413006335335893E-01   1.85210916718933106E+02   4.14643624444348570E+18   2.58169940005177749E-05   1.00000000000000000E+07   1.27939019894103695E-01   4.55142348277182875E-12   3.40312178296253576E+00   2.77924518583379829E-04   8.19454946480278353E-05   5.53182165167837302E-07   1.81387198590000011E+07   5.57408167400000021E+07   1.41738709616210910E-07   5.61906755330583924E-13   6.36677703849671336E-16   7.12103231543680288E-05   2.09789459166617760E-05   9.99244285338837151E-12   8.42602521943415874E-09   1.03052714336721479E-25   2.99735146264922705E-10
  8.41236186635926086E-02   1.58487738175497384E-01   1.85210916718933106E+02   3.28978928713817498E+18   2.04832451028105285E-05   1.00000000000000000E+07   1.27939026785510085E-01   6.06352227641260850E-12   3.40312173131270468E+00   2.77924490016019220E-04   8.19454858235849906E-05   5.53182103043380938E-07   1.81387198590000011E+07   5.57408167400000021E+07   1.41738446892133321E-07   7.00579575699840122E-13   7.94351388030677210E-16   7.12100110467197634E-05   2.09752897452944533E-05   1.24665059576763096E-11   1.01682686989671377E-08   1.60859826266674151E-25   3.80189805466697129E-10
  6.67583813319336666E-02   1.58562470001484435E-01   1.85210916718933106E+02   2.61069377686589030E+18   1.62549864268757566E-05   1.00000000000000000E+07   1.27939035465382211E-01   7.85983983228689540E-12   3.40312166632548641E+00   2.77924454019226976E-04   8.19454747031740969E-05   5.53182024760222305E-07   1.81387198590000011E+07   5.57408167400000021E+07   1.41738115434273887E-07   8.75455760680957702E-13   9.93287072479153117E-16   7.12096143409843632E-05   2.09706933696250457E-05   1.55878319955934184E-11   1.23636066659451175E-08   2.47580702658539004E-25   4.83268518853031518E-10
  5.29893116580154727E-02   1.58637201809597755E-01   1.85210916718933106E+02   2.07223218157649075E+18   1.29023580004358345E-05   1.00000000000000000E+07   1.27939046395112166E-01   9.93769435228268601E-12   3.40312158457516745E+00   2.77924408670845297E-04   8.19454606922380901E-05   5.53181926137219582E-07   1.81387198590000011E+07   5.57408167400000021E+07   1.41737697352993762E-07   1.09593997538771734E-12   1.24422719574252343E-15   7.12091103687455306E-05   2.09649165944367586E-05   1.95248771062823998E-11   1.51292451258963810E-08   3.75011245403606546E-25   6.15186067905964663E-10
  4.20692967908201237E-02   1.58711933601701632E-01   1.85210916718933106E+02   1.64518745268590592E+18   1.02434454428517885E-05   1.00000000000000000E+07   1.27939060154844769E-01   1.23158121550516488E-11   3.40312148176086859E+00   2.77924351553989510E-04   8.19454430428929700E-05   5.53181801916972037E-07   1.81387198590000011E+07   5.57408167400000021E+07   1.41737170126501646E-07   1.37386788903267730E-12   1.56069649795649047E-15   7.12084705591467423E-05   2.09576574251578405E-05   2.44897102902363397E-11   1.86126481676041658E-08   5.59581335674927281E-25   7.83789246519125246E-10
  3.34069316631542754E-02   1.58786665378262692E-01   1.85210916718933106E+02   1.30643174470531661E+18   8.13424763520325242E-06   1.00000000000000000E+07   1.27939077473974538E-01   1.51260316496226559E-11   3.40312135248416237E+00   2.77924279630371190E-04   8.19454208144981724E-05   5.53181645490226002E-07   1.81387198590000011E+07   5.57408167400000021E+07   1.41736505407680662E-07   1.72413101783823273E-12   1.95971889038656987E-15   7.12076589291885136E-05   2.09485359966615412E-05   3.07492457504016766E-11   2.29993332935755182E-08   8.28162725412860226E-25   9.98973658280278564E-10
  2.65339650803965189E-02   1.58861397137934179E-01   1.85210916718933106E+02   1.03765334223033306E+18   6.46075017399185571E-06   1.00000000000000000E+07   1.27939099269262696E-01   1.87819749281223522E-11   3.40312118997049629E+00   2.77924189081353362E-04   8.19453928240847457E-05   5.53181448550080129E-07   1.81387198590000011E+07   5.57408167400000021E+07   1.41735667525184914E-07   2.16546074202868013E-12   2.46271806074777137E-15   7.12066301466864814E-05   2.09370746093203525E-05   3.86393529472075399E-11   2.85226194513166287E-08   1.23476432191799220E-24   1.27322290248524840E-09
  2.10795732159599729E-02   1.58936128881067257E-01   1.85210916718933106E+02   8.24350583640814976E+17   5.13266122894143177E-06   1.00000000000000000E+07   1.27939126692291877E-01   2.41555366372012872E-11   3.40312098572030841E+00   2.77924075108554173E-04   8.19453575840136306E-05   5.53181200658203621E-07   1.81387198590000011E+07   5.57408167400000021E+07   1.41734611600892965E-07   2.72141129702763891E-12   3.09664865700093995E-15   7.12053270095623121E-05   2.09226733276658712E-05   4.85825775355932135E-11   3.54757605804633233E-08   1.89601113821264005E-24   1.62232439835105970E-09
  1.67500241668631020E-02   1.59010860607819410E-01   1.85210916718933106E+02   6.55036610869189120E+17   4.07846006910484817E-06   1.00000000000000000E+07   1.27939161188455774E-01   3.26104757307078113E-11   3.40312072907212793E+00   2.77923931683752624E-04   8.19453132235420086E-05   5.53180888700783470E-07   1.81387198590000011E+07   5.57408167400000021E+07   1.41733281186064872E-07   3.42159162341083245E-12   3.89541677043921910E-15   7.12036771671124120E-05   2.09045804135137345E-05   6.11103919606587113E-11   4.42270135468256545E-08   3.04701246252888520E-24   2.06632340252287957E-09
  1.33126003360050267E-02   1.59085592318153279E-01   1.85210916718933106E+02   5.20610628323998656E+17   3.24148232646807999E-06   1.00000000000000000E+07   1.27939204570478582E-01   4.58186424159431451E-11   3.40312040665567794E+00   2.77923751235274632E-04   8.19452573900891843E-05   5.53180496206328577E-07   1.81387198590000011E+07   5.57408167400000021E+07   1.41731605293799398E-07   4.30320910428875465E-12   4.90166331229976487E-15   7.12015889345264159E-05   2.08818560909071542E-05   7.68911269639654308E-11   5.52383982012733809E-08   5.11086940942142967E-24   2.63076056378720356E-09
  1.05828843580519135E-02   1.59160324011832777E-01   1.85210916718933106E+02   4.13860698591285568E+17   2.57682424821296983E-06   1.00000000000000000E+07   1.27939259110523340E-01   6.54884105734869404E-11   3.40312000170731332E+00   2.77923524254782396E-04   8.19451871248516540E-05   5.53180002490412001E-07   1.81387198590000011E+07   5.57408167400000021E+07   1.41729494674397842E-07   5.41300482081607605E-12   6.16900249775978748E-15   7.11989460817859162E-05   2.08533270014641909E-05   9.67650265151868944E-11   6.90891910082792396E-08   8.77951464561802116E-24   3.34821369175162739E-09
  8.41470269673580754E-03   1.59235055688420502E-01   1.85210916718933106E+02   3.29070470647202048E+17   2.04889406493746351E-06   1.00000000000000000E+07   1.27939327656058005E-01   9.32893823206160201E-11   3.40311949321346496E+00   2.77923238804369524E-04   8.19450987059528374E-05   5.53179381583693804E-07   1.81387198590000011E+07   5.57408167400000021E+07   1.41726837141462364E-07   6.80968016003573062E-12   7.76483095489955141E-15   7.11956014468208395E-05   2.08175278383823851E-05   1.21788233428292700E-10   8.65054856431189685E-08   1.54406126446032555E-23   4.26016332668412249E-09
  6.69216963491638724E-03   1.59309787348835025E-01   1.85210916718933106E+02   2.61708047304762816E+17   1.62947478315089080E-06   1.00000000000000000E+07   1.27939413775647326E-01   1.31389113037700873E-10   3.40311885483894416E+00   2.77922879898768050E-04   8.19449874503921650E-05   5.53178600888547023E-07   1.81387198590000011E+07   5.57408167400000021E+07   1.41723491708059258E-07   8.56693882416408267E-12   9.77385213511817182E-15   7.11913690968660570E-05   2.07726262965779709E-05   1.53287969295870542E-10   1.08397410250865622E-07   6.65788368941104525E-23   5.41924420838478958E-09
  5.32339159540556103E-03   1.59384518993110652E-01   1.85210916718933106E+02   2.08179782563085280E+17   1.29619125142379123E-06   1.00000000000000000E+07   1.27939521941633522E-01   1.84398599448647387E-10   3.40311805358653441E+00   2.77922428731152576E-04   8.19448474635620132E-05   5.53177619495948034E-07   1.81387198590000011E+07   5.57408167400000021E+07   1.41719281231607223E-07   1.07772969461877128E-11   1.23024971765278306E-14   7.11860145339526334E-05   2.07163274449479597E-05   1.92931743006247234E-10   1.35905782426312135E-07   2.20111237957911273E-21   6.89203895083947892E-09
  4.23548421611167920E-03   1.59459250618542825E-01   1.85210916718933106E+02   1.65635416323779552E+17   1.03129686886403718E-06   1.00000000000000000E+07   1.27939657757011938E-01   2.64319022243685175E-10   3.40311704812068028E+00   2.77921861703061808E-04   8.19446713217770719E-05   5.53176386077081746E-07   1.81387198590000011E+07   5.57408167400000021E+07   1.41713983190301898E-07   1.35568463578751099E-11   1.54844689494165829E-14   7.11792420898874203E-05   2.06457539580077409E-05   2.42814135176709278E-10   1.70460009025038888E-07   5.62810040518250164E-20   8.76272699569093605E-09
  3.37062759142939825E-03   1.59533982229336152E-01   1.85210916718933106E+02   1.31813808266616816E+17   8.20713076516564561E-07   1.00000000000000000E+07   1.27939828233287700E-01   4.01350278699119180E-10   3.40311578667171677E+00   2.77921149209012209E-04   8.19444496688526093E-05   5.53174836242724639E-07   1.81387198590000011E+07   5.57408167400000021E+07   1.41707318119941138E-07   1.70511889425690827E-11   1.94876921465143311E-14   7.11706781639815934E-05   2.05572996014138715E-05   3.05565595111807659E-10   2.13848713761397588E-07   8.23234078652449453E-19   1.11381286091947327E-08
  2.68294270585113384E-03   1.59608713820807407E-01   1.85210916718933106E+02   1.04920785766607296E+17   6.53268800719031195E-07   1.00000000000000000E+07   1.27940042124189884E-01   6.65413879249085747E-10   3.40311420441601831E+00   2.77920254113871244E-04   8.19441707018168583E-05   5.53172889236619257E-07   1.81387198590000011E+07   5.57408167400000021E+07   1.41698935133306819E-07   2.14427857396733251E-11   2.45230128309545860E-14   7.11598483393495479E-05   2.04464548854821671E-05   3.84488778807413517E-10   2.68303672925010820E-07   7.51891038559364877E-18   1.41549670528679711E-08
  2.13601757389824667E-03   1.59683445395547491E-01   1.85210916718933106E+02   8.35323996207324800E+16   5.20098093341394693E-07   1.00000000000000000E+07   1.27940310316040473E-01   1.20404303622925624E-09   3.40311222020184267E+00   2.77919129845385590E-04   8.19438195128059486E-05   5.53170443795581296E-07   1.81387198590000011E+07   5.57408167400000021E+07   1.41688393872252864E-07   2.69599625306570301E-11   3.08550081718849563E-14   7.11461457070377569E-05   2.03076080050758555E-05   4.83729187402049711E-10   3.36595790893969489E-07   4.67015137938999535E-17   1.79904808849588724E-08
  1.70094752262130514E-03   1.59758176952612851E-01   1.85210916718933106E+02   6.65182861460231680E+16   4.14162960517133455E-07   1.00000000000000000E+07   1.27940646269341207E-01   2.29605821667600527E-09   3.40310973245817738E+00   2.77917718004511236E-04   8.19433772432547259E-05   5.53167372967148855E-07   1.81387198590000011E+07   5.57408167400000021E+07   1.41675142314109875E-07   3.38877432574610720E-11   3.88150943157452931E-14   7.11287872383451782E-05   2.01338354274505310E-05   6.08487894481986274E-10   4.22138767134708329E-07   2.12285924787440111E-16   2.28776862986269090E-08
  1.35478242696756017E-03   1.59832908490757264E-01   1.85210916718933106E+02   5.29809438234477040E+16   3.29875280263930507E-07   1.00000000000000000E+07   1.27941066500504574E-01   4.40961579049237386E-09   3.40310661408373472E+00   2.77915945371319745E-04   8.19428199916822844E-05   5.53163517623204237E-07   1.81387198590000011E+07   5.57408167400000021E+07   1.41658490069104880E-07   4.25805138873959058E-11   4.88165611076174913E-14   7.11067555834900283E-05   1.99167069080342289E-05   7.65284444939244430E-10   5.29092394653423858E-07   7.51407032305005376E-16   2.91262036717325743E-08
  1.07929612517710283E-03   1.59907640009839036E-01   1.85210916718933106E+02   4.22076093095368000E+16   2.62797167663143938E-07   1.00000000000000000E+07   1.27941591090550144E-01   8.25713162327892346E-09   3.40310270606298948E+00   2.77913720152813163E-04   8.19421173962774281E-05   5.53158678342459742E-07   1.81387198590000011E+07   5.57408167400000021E+07   1.41637576804127934E-07   5.34763033138709603E-11   6.13702209482208230E-14   7.10787253588155598E-05   1.96461184173874761E-05   9.62277696605466661E-10   6.62454316203335122E-07   2.18032551217449044E-15   3.71485608676530340E-08
  8.60010955613929270E-04   1.59982371509422544E-01   1.85210916718933106E+02   3.36321103816784120E+16   2.09403459503665600E-07   1.00000000000000000E+07   1.27942244204909350E-01   1.48642009316123427E-08   3.40309780949375673E+00   2.77910927279168950E-04   8.19412307860104130E-05   5.53152605252727500E-07   1.81387198590000011E+07   5.57408167400000021E+07   1.41611334753184930E-07   6.71123370780215622E-11   7.70983509205136506E-14   7.10429739781284433E-05   1.93101416996147458E-05   1.20965279119832278E-09   8.28126804934525831E-07   5.40952495341595575E-15   4.74912108228736409E-08
  6.85424357608471497E-04   1.60057102988763689E-01   1.85210916718933106E+02   2.68046209212799960E+16   1.66893399447142978E-07   1.00000000000000000E+07   1.27943054583365884E-01   2.56812709643617543E-08   3.40309167563271897E+00   2.77907422504333962E-04   8.19401107561835399E-05   5.53144985321262729E-07   1.81387198590000011E+07   5.57408167400000021E+07   1.41578443039728563E-07   8.41415807802655525E-11   9.67438051379768741E-14   7.09972754412769083E-05   1.88948999865710390E-05   1.52008482918551495E-09   1.03293759921494351E-06   1.18768382722922565E-14   6.08700588260863390E-08
  5.46395547670565015E-04   1.60131834446799237E-01   1.85210916718933106E+02   2.13676759015189880E+16   1.33041299921547765E-07   1.00000000000000000E+07   1.27944055863740025E-01   4.27229963423794360E-08   3.40308399346828150E+00   2.77903025002288568E-04   8.19386939738108718E-05   5.53135426452898478E-07   1.81387198590000011E+07   5.57408167400000021E+07   1.41537270453775222E-07   1.05350270594841144E-10   1.21170424829826820E-13   7.09387721950236670E-05   1.83846105056264762E-05   1.90929345713829902E-09   1.28456009723027728E-06   2.37082339370795296E-14   7.82114191205726213E-08
  4.35659034882007951E-04   1.60206565882154733E-01   1.85210916718933106E+02   1.70371466250305800E+16   1.06078088086389056E-07   1.00000000000000000E+07   1.27945286392561919E-01   6.86398315097749013E-08   3.40307437420876857E+00   2.77897508067353528E-04   8.19368989568063024E-05   5.53123437594384664E-07   1.81387198590000011E+07   5.57408167400000021E+07   1.41485802692135367E-07   1.31676996929282878E-10   1.51350077734131590E-13   7.08638182327756585E-05   1.77621668061232018E-05   2.39670401970060314E-09   1.59119646442002690E-06   4.38770058907637051E-14   1.00699342640173159E-07
  3.47438661640196180E-04   1.60281297293613123E-01   1.85210916718933106E+02   1.35871471669848080E+16   8.45973287222398595E-08   1.00000000000000000E+07   1.27946787869036183E-01   1.06594484225223417E-07   3.40306233192299290E+00   2.77890587419671212E-04   8.19346205105382343E-05   5.53108403840757318E-07   1.81387198590000011E+07   5.57408167400000021E+07   1.41421548982689571E-07   1.64234928448229722E-10   1.88332093536187406E-13   7.07677861400709504E-05   1.70108763142537646E-05   3.00622628205433267E-09   1.96076798786185936E-06   7.62245123501060601E-14   1.29828810151582941E-07
  2.77141332048852290E-04   1.60356028682468787E-01   1.85210916718933106E+02   1.08380571316543160E+16   6.74806502571008318E-08   1.00000000000000000E+07   1.27948601904361137E-01   1.59817599688555819E-07   3.40304725938218677E+00   2.77881906477319806E-04   8.19317224770122561E-05   5.53089555284666239E-07   1.81387198590000011E+07   5.57408167400000021E+07   1.41341420693259287E-07   2.04340189842484218E-10   2.33194962418101421E-13   7.06448278935873676E-05   1.61181648316681482E-05   3.76715246105340248E-09   2.39925985988048717E-06   1.25206761694663365E-13   1.67463064661489470E-07
  2.21113923237026294E-04   1.60430760044251719E-01   1.85210916718933106E+02   8.64701527892162700E+15   5.38385551489666491E-08   1.00000000000000000E+07   1.27950763913394022E-01   2.30835202542564738E-07   3.40302839792031175E+00   2.77871017772805644E-04   8.19280285135309653E-05   5.53065928028350207E-07   1.81387198590000011E+07   5.57408167400000021E+07   1.41241572613977441E-07   2.53550967367363126E-10   2.86987739603798662E-13   7.04875727944278332E-05   1.50817361513756281E-05   4.71516931114767380E-09   2.90800249115044425E-06   1.95497495637961485E-13   2.15893550751871571E-07
  1.76450304120149236E-04   1.60505491381422949E-01   1.85210916718933106E+02   6.90037268282616700E+15   4.29634307818981820E-08   1.00000000000000000E+07   1.27953295945987505E-01   3.21012630205608935E-07   3.40300479984898052E+00   2.77857359447477594E-04   8.19233108083774293E-05   5.53036315373023524E-07   1.81387198590000011E+07   5.57408167400000021E+07   1.41117199926732408E-07   3.13722954701422292E-10   3.50673059857269832E-13   7.02867378698830708E-05   1.39165228750985723E-05   5.89348031963498172E-09   3.48050158188266686E-06   2.91896056900292344E-13   2.77903293050306558E-07
  1.40838100594368592E-04   1.60580222691240809E-01   1.85210916718933106E+02   5.50770023825381900E+15   3.42922380373342114E-08   1.00000000000000000E+07   1.27956203799455659E-01   4.31565935471569887E-07   3.40297528162633256E+00   2.77840225428292796E-04   8.19172768376235532E-05   5.52999206689631376E-07   1.81387198590000011E+07   5.57408167400000021E+07   1.40962291926913487E-07   3.87085062731970532E-10   4.25077287921631176E-13   7.00306152113374590E-05   1.26576242488614186E-05   7.35404946269444564E-09   4.10079053260604418E-06   4.19768015849073204E-13   3.56840485279519731E-07
  1.12436995167986814E-04   1.60654953977790588E-01   1.85210916718933106E+02   4.39702937246248200E+15   2.73768781691711822E-08   1.00000000000000000E+07   1.27959484017734410E-01   5.66195132370830493E-07   3.40293836555783580E+00   2.77818727439212859E-04   8.19095541461771108E-05   5.52952710826814187E-07   1.81387198590000011E+07   5.57408167400000021E+07   1.40769352112264729E-07   4.76334188985130245E-10   5.10841091738353091E-13   6.97043919197438191E-05   1.13551597491749637E-05   9.15901071824649052E-09   4.74529933946336466E-06   5.85532122489348660E-13   4.56713023576777317E-07
  8.97820508095497933E-05   1.60729685237979841E-01   1.85210916718933106E+02   3.51107136881144600E+15   2.18606530634710688E-08   1.00000000000000000E+07   1.27963139958436278E-01   7.34133838691338150E-07   3.40289220725323238E+00   2.77791746366433823E-04   8.18996725337835696E-05   5.52894460083658217E-07   1.81387198590000011E+07   5.57408167400000021E+07   1.40529096088914668E-07   5.84743671305066841E-10   6.08361162636925058E-13   6.92892564676887815E-05   1.00628800098109795E-05   1.13823352373359748E-08   5.38783373590577593E-06   7.96416147551893699E-13   5.82307449003004891E-07
  7.17068969358277281E-05   1.60804416471729605E-01   1.85210916718933106E+02   2.80421343138798400E+15   1.74595620313355916E-08   1.00000000000000000E+07   1.27967199807514059E-01   9.52423592062951708E-07   3.40283450535084464E+00   2.77757869597706022E-04   8.18870422765702490E-05   5.52821489715777196E-07   1.81387198590000011E+07   5.57408167400000021E+07   1.40230132649582217E-07   7.16280223865266709E-10   7.17725592853860568E-13   6.87612355291640308E-05   8.82688909157362983E-06   1.41118889336168652E-08   6.00496023616379951E-06   1.05911032805886029E-12   7.39320062569147370E-07
  5.72826837581635987E-05   1.60879147677609413E-01   1.85210916718933106E+02   2.24013139662628275E+15   1.39474381744997338E-08   1.00000000000000000E+07   1.27971730287097962E-01   1.24706401972710909E-06   3.40276238914895091E+00   2.77715309661619744E-04   8.18709265862156466E-05   5.52730086592807544E-07   1.81387198590000011E+07   5.57408167400000021E+07   1.39858624691896846E-07   8.75726761227054895E-10   8.38661200671863992E-13   6.80896803368046520E-05   7.67932888390101622E-06   1.74519734005661765E-08   6.57940651403098423E-06   1.37759310392644740E-12   9.34473209557963495E-07
  4.57695577860290368E-05   1.60953878852631238E-01   1.85210916718933106E+02   1.78989210489937325E+15   1.11441334657087826E-08   1.00000000000000000E+07   1.27976844837290132E-01   1.65339201934228779E-06   3.40267227873633749E+00   2.77661797605213386E-04   8.18504064474604158E-05   5.52615598904338062E-07   1.81387198590000011E+07   5.57408167400000021E+07   1.39397943988948547E-07   1.06880992728832168E-09   9.70518780840120184E-13   6.72353724349708190E-05   6.63756283697776238E-06   2.15261327648245974E-08   7.10095995184961000E-06   1.75121745342055625E-12   1.17557654256281363E-06
  3.65780821834860308E-05   1.61028609992163674E-01   1.85210916718933106E+02   1.43044468156445175E+15   8.90612515504430272E-09   1.00000000000000000E+07   1.27982708170234272E-01   2.21614416112810722E-06   3.40255971092900511E+00   2.77594441843696490E-04   8.18243359774383969E-05   5.52472196641302668E-07   1.81387198590000011E+07   5.57408167400000021E+07   1.38828486593993283E-07   1.30232643402334943E-09   1.11231274954732572E-12   6.61487290573785727E-05   5.70677663826256105E-06   2.64788915959994438E-08   7.56562632388597097E-06   2.17500880858088991E-12   1.47147297181018226E-06
  2.92385574424240114E-05   1.61103341089929714E-01   1.85210916718933106E+02   1.14342077259082100E+15   7.11904570065465267E-09   1.00000000000000000E+07   1.27989539002080738E-01   2.98841217990768630E-06   3.40241912270548053E+00   2.77509539741827569E-04   8.17912862819605976E-05   5.52292569984434959E-07   1.81387198590000011E+07   5.57408167400000021E+07   1.38128189251371826E-07   1.58424346986095471E-09   1.26280121689109911E-12   6.47700527028928632E-05   4.88378346351779673E-06   3.24725804384364701E-08   7.97397496485879023E-06   2.64371928586092057E-12   1.83177420830573868E-06
  2.33766194654564099E-05   1.61178072138142697E-01   1.85210916718933106E+02   9.14180268379814125E+14   5.69174111773436436E-09   1.00000000000000000E+07   1.27997611862088329E-01   4.02654686494626886E-06   3.40224358179803321E+00   2.77402325900568032E-04   8.17494754411498214E-05   5.52067549946569479E-07   1.81387198590000011E+07   5.57408167400000021E+07   1.37274399820535117E-07   1.92370781228903140E-09   1.42055626999668844E-12   6.30353243873522072E-05   4.16071251137402857E-06   3.96725717746136084E-08   8.32930794810215265E-06   3.15791558211057764E-12   2.26625027985600087E-06
  1.86938265692269894E-05   1.61252803127825056E-01   1.85210916718933106E+02   7.31052127334099500E+14   4.55154404395138346E-09   1.00000000000000000E+07   1.28007259276776891E-01   5.37808056526315019E-06   3.40202445160113820E+00   2.77266640085378280E-04   8.16966818359792500E-05   5.51785632844208864E-07   1.81387198590000011E+07   5.57408167400000021E+07   1.36246856191171071E-07   2.33084111866969320E-09   1.58397090079564423E-12   6.08897583589409648E-05   3.52795862825028277E-06   4.82129921023428357E-08   8.63606298732975150E-06   3.72560526356781142E-12   2.78372901679231370E-06
  1.49522122272830955E-05   1.61327534049303417E-01   1.85210916718933106E+02   5.84730286045348875E+14   3.64051239412092610E-09   1.00000000000000000E+07   1.28018877031479100E-01   7.06426320306146145E-06   3.40175097462066267E+00   2.77094500327686481E-04   8.16301375317428466E-05   5.51432387052786337E-07   1.81387198590000011E+07   5.57408167400000021E+07   1.35030480613994681E-07   2.81618179354183849E-09   1.75121019763058241E-12   5.83057494374076925E-05   2.97610278825256969E-06   5.81374628312542866E-08   8.89871336737428514E-06   4.35426922796467241E-12   3.39044619180459461E-06
  1.19619908754346694E-05   1.61402264896652409E-01   1.85210916718933106E+02   4.67792875057105562E+14   2.91243573591223303E-09   1.00000000000000000E+07   1.28032935804217096E-01   9.06426190865832679E-06   3.40140975527654943E+00   2.76875570580112829E-04   8.15463977591026544E-05   5.50989716353394072E-07   1.81387198590000011E+07   5.57408167400000021E+07   1.33616836883229668E-07   3.38976122400205257E-09   1.92019776858883141E-12   5.52965791707388886E-05   2.49677662818670543E-06   6.93254600533225188E-08   9.12124350704139235E-06   5.03951038726786439E-12   4.08802008266079695E-06
  9.57177114576975668E-06   1.61476995655200434E-01   1.85210916718933106E+02   3.74319491654483938E+14   2.33045220770467686E-09   1.00000000000000000E+07   1.28050001423790749E-01   1.13082708000954578E-05   3.40098411878739482E+00   2.76596511921329809E-04   8.14411816357800742E-05   5.50434948676277129E-07   1.81387198590000011E+07   5.57408167400000021E+07   1.32003675938081267E-07   4.06004937697036496E-09   2.08872661098239034E-12   5.19186627972466452E-05   2.08272754287929955E-06   8.14425741413519450E-08   9.30707102841915653E-06   5.76220068762172219E-12   4.87155929496925897E-06
  7.66076349049229714E-06   1.61551726317850419E-01   1.85210916718933106E+02   2.99586466472678938E+14   1.86515108545139173E-09   1.00000000000000000E+07   1.28070764236290102E-01   1.36818538334958480E-05   3.40045331782265192E+00   2.76240199019140982E-04   8.13091782900794675E-05   5.49739711810321118E-07   1.81387198590000011E+07   5.57408167400000021E+07   1.30192448595726943E-07   4.83314190543367407E-09   2.25468593708088806E-12   4.82618810282970677E-05   1.72749395715943127E-06   9.39563764792492283E-08   9.45917344099848181E-06   6.49670871647172200E-12   5.72861630224325403E-06
  6.13257444539567524E-06   1.61626456867523249E-01   1.85210916718933106E+02   2.39824178198023688E+14   1.49306172512374616E-09   1.00000000000000000E+07   1.28096076917753710E-01   1.60388059455108375E-05   3.39979155240317388E+00   2.75784772409023461E-04   8.11438117257995921E-05   5.48868548324769576E-07   1.81387198590000011E+07   5.57408167400000021E+07   1.28184358085481513E-07   5.71243545015644381E-09   2.41631150438173755E-12   4.44332086368920507E-05   1.42504412229798882E-06   1.06221310051109976E-07   9.58021329098160183E-06   7.22272099254453704E-12   6.63952140873768636E-06
  4.91026341027876814E-06   1.61701187289847975E-01   1.85210916718933106E+02   1.92023741022837562E+14   1.19544995164414226E-09   1.00000000000000000E+07   1.28127000085072967E-01   1.82178294559667154E-05   3.39896676107845286E+00   2.75202487377120160E-04   8.09369573343536624E-05   5.47777211170896302E-07   1.81387198590000011E+07   5.57408167400000021E+07   1.25976076265177482E-07   6.69877355737353587E-09   2.57236613074711565E-12   4.05400529497903600E-05   1.16955795781592931E-06   1.17593154571114905E-07   9.67257044922344157E-06   7.93318696046397682E-12   7.57911136998900927E-06
  3.93240425491655085E-06   1.61775917561563259E-01   1.85210916718933106E+02   1.53782987418251438E+14   9.57359132027431616E-10   1.00000000000000000E+07   1.28164855878626499E-01   2.00592361640645977E-05   3.39793913270845938E+00   2.74458315361165018E-04   8.06786031285039971E-05   5.46410570635100523E-07   1.81387198590000011E+07   5.57408167400000021E+07   1.23556127270272817E-07   7.79085747322136041E-09   2.72220973500223829E-12   3.66775864271260988E-05   9.55374188762249141E-07   1.27524696508870033E-07   9.73828537586887326E-06   8.63730751232690100E-12   8.51932836044032189E-06
  3.14994683414672936E-06   1.61850647652162061E-01   1.85210916718933106E+02   1.23183732638400141E+14   7.66846021790809885E-10   1.00000000000000000E+07   1.28211290680485812E-01   2.14200680769990533E-05   3.39665927829313974E+00   2.73508255157146440E-04   8.03564498740347543E-05   5.44700054087551481E-07   1.81387198590000011E+07   5.57408167400000021E+07   1.20902454824032388E-07   8.98567339661980780E-09   2.86576386846499923E-12   3.29215589372356730E-05   7.77047719720116413E-07   1.35615554881789024E-07   9.77895389101919929E-06   9.36365668949783204E-12   9.43190526462125197E-06
  2.52371542573847469E-06   1.61925377523035152E-01   1.85210916718933106E+02   9.86939471134874219E+13   6.14371689260106278E-10   1.00000000000000000E+07   1.28268348849392561E-01   2.21880168621730094E-05   3.39506599136924070E+00   2.72297321452984848E-04   7.99554469402215430E-05   5.42560535332956890E-07   1.81387198590000011E+07   5.57408167400000021E+07   1.17981594517579377E-07   1.02787076542299494E-08   3.00338009354086742E-12   2.93264017023500370E-05   6.29454580578363367E-07   1.41615952269951200E-07   9.79560930464477392E-06   1.01699865910641997E-11   1.02904295718201248E-05
  2.02241442428188380E-06   1.62000107123834391E-01   1.85210916718933106E+02   7.90897659046580312E+13   4.92315941471230076E-10   1.00000000000000000E+07   1.28338559719606671E-01   2.22960477483701564E-05   3.39308351392573870E+00   2.70757207127514464E-04   7.94572659112572418E-05   5.39886599020367010E-07   1.81387198590000011E+07   5.57408167400000021E+07   1.14750424523833690E-07   1.16637258167355228E-08   3.13559398559309004E-12   2.59280075750745328E-05   5.07903525304534196E-07   1.45403086676302488E-07   9.78861147199989738E-06   1.11575434022596754E-11   1.10713979950094394E-05
  1.62103810804365458E-06   1.62074836389669408E-01   1.85210916718933106E+02   6.33933000815231797E+13   3.94590127714748731E-10   1.00000000000000000E+07   1.28425040532925056E-01   2.17416854160224897E-05   3.39061821366397398E+00   2.68803682506171717E-04   7.88397233432515566E-05   5.36548145809636460E-07   1.81387198590000011E+07   5.57408167400000021E+07   1.11161594294407473E-07   1.31319642690179187E-08   3.26274373722442408E-12   2.27499577172012784E-05   4.08227408522730572E-07   1.46957475076429966E-07   9.75755191746034921E-06   1.24731498215957413E-11   1.17543673044083491E-05
  1.29960235095244288E-06   1.62149565237635157E-01   1.85210916718933106E+02   5.08230382813200000E+13   3.16328325970308104E-10   1.00000000000000000E+07   1.28531620006091862E-01   2.06151358820526038E-05   3.38755456951042522E+00   2.66333912520994476E-04   7.80761794748638469E-05   5.32385398384367511E-07   1.81387198590000011E+07   5.57408167400000021E+07   1.07171963982966158E-07   1.46708528939081313E-08   3.38450367782813381E-12   1.98101201870623034E-05   3.26826103696755135E-07   1.46358014892790161E-07   9.70118134115270008E-06   1.42883520273603043E-11   1.23218173105926239E-05
  1.04213289407619659E-06   1.62224293562750282E-01   1.85210916718933106E+02   4.07542814392735000E+13   2.53640996793796943E-10   1.00000000000000000E+07   1.28662994768039829E-01   1.91267373962950765E-05   3.38375035619297471E+00   2.63224020027846080E-04   7.71349633795023764E-05   5.27203529435726982E-07   1.81387198590000011E+07   5.57408167400000021E+07   1.02750930721636445E-07   1.62626273384876387E-08   3.49946215675828385E-12   1.71235909522000049E-05   2.60642677354163646E-07   1.43786659301066131E-07   9.61736417864787337E-06   1.67758541973427665E-11   1.27594438343783897E-05
  9.99999999999999955E-07   1.62238275651656993E-01   1.85210916718933106E+02   3.92449421748988281E+13   2.44243991225453257E-10   1.00000000000000000E+07   1.28693296557874537E-01   1.88404970114708679E-05   3.38286731489327952E+00   2.62494925937147103E-04   7.69186573435633549E-05   5.25999276745225350E-07   1.81387198590000011E+07   5.57408167400000021E+07   1.01840622757604410E-07   1.65658077059321994E-08   3.51917971417246811E-12   1.66702595860321720E-05   2.50622416186161198E-07   1.42987282952736544E-07   9.59597714512124822E-06   1.73990647164606768E-11   1.28151250033881881E-05
  8.35858109014558264E-07   1.62299021237446828E-01   1.85210916718933106E+02   3.26875745038977500E+13   2.03418431344717425E-10   1.00000000000000000E+07   1.28824943551844401E-01   1.75969174598855449E-05   3.37903091667092381E+00   2.59327355774286285E-04   7.59789095740672795E-05   5.20767366434005334E-07   1.81387198590000011E+07   5.57408167400000021E+07   9.78857637309484130E-08   1.78829834972787926E-08   3.60484320719267232E-12   1.47007484794677442E-05   2.07089104498765732E-07   1.39514369508275702E-07   9.50306056530629866E-06   2.01066206694191423E-11   1.30570334372085113E-05
  6.70564789074477964E-07   1.62373748099666038E-01   1.85210916718933106E+02   2.62235136157310469E+13   1.63173893781125867E-10   1.00000000000000000E+07   1.29024620394855044E-01   1.63838959832290389E-05   3.37318242917560296E+00   2.54474073297450767E-04   7.45651399863532131E-05   5.12796965828154265E-07   1.81387198590000011E+07   5.57408167400000021E+07   9.25839201434119735E-08   1.94995716364852543E-08   3.69638137736009496E-12   1.25435197759295099E-05   1.63963490521896361E-07   1.33856339451944504E-07   9.35433201179479021E-06   2.44570411546591029E-11   1.32093007475937703E-05
  5.38083945618839494E-07   1.62448473956589234E-01   1.85210916718933106E+02   2.10426373472686367E+13   1.30918409688204038E-10   1.00000000000000000E+07   1.29270913530098674E-01   1.57997006674025046E-05   3.36594414025976763E+00   2.48472868026924660E-04   7.28452916383518666E-05   5.02965349111580894E-07   1.81387198590000011E+07   5.57408167400000021E+07   8.68737950783931359E-08   2.10703425842480619E-08   3.76834199161644898E-12   1.06437852129112285E-05   1.29388945683620499E-07   1.27115529434322017E-07   9.16637430485534317E-06   3.00116662042371169E-11   1.32158843917688397E-05
  4.31880296567735733E-07   1.62523198575493882E-01   1.85210916718933106E+02   1.68893729911489531E+13   1.05060796233971272E-10   1.00000000000000000E+07   1.29574837940088422E-01   1.60921503909464082E-05   3.35699964346594282E+00   2.41116164771795234E-04   7.07664733154928036E-05   4.90900375420740024E-07   1.81387198590000011E+07   5.57408167400000021E+07   8.08043249275230447E-08   2.25422742866857148E-08   3.81370956151849332E-12   8.98498881117659082E-06   1.01775453925312171E-07   1.19542415511733469E-07   8.93360842081348700E-06   3.69745662318549082E-11   1.30802943419473967E-05
  3.46724468883945298E-07   1.62597921670659035E-01   1.85210916718933106E+02   1.35592175116063164E+13   8.43278361068939260E-11   1.00000000000000000E+07   1.29949959198369491E-01   1.74990906609412343E-05   3.34596742553509996E+00   2.32190463292279741E-04   6.82733245559365712E-05   4.76193527156615400E-07   1.81387198590000011E+07   5.57408167400000021E+07   7.44428770906425615E-08   2.38510787439381532E-08   3.82456145498846055E-12   7.54544757026331647E-06   7.97917510189023616E-08   1.11323889363273617E-07   8.64988939283454983E-06   4.56092198628060921E-11   1.28083120361578021E-05
  2.78431190130400154E-07   1.62672642893085195E-01   1.85210916718933106E+02   1.08884991046223809E+13   6.77005270523611887E-11   1.00000000000000000E+07   1.30412875941118306E-01   2.03243591689034952E-05   3.33239112363599954E+00   2.21493745016651983E-04   6.53116252162116870E-05   4.58419159214768875E-07   1.81387198590000011E+07   5.57408167400000021E+07   6.78713326987068632E-08   2.49222678847726579E-08   3.79261656208504622E-12   6.30156413026236089E-06   6.23372996908522846E-08   1.02596847716865056E-07   8.30889859592381337E-06   5.63119169600236265E-11   1.24065310152392869E-05
  2.23650137896456249E-07   1.62747361820809733E-01   1.85210916718933106E+02   8.74619802865379492E+12   5.43631581851785141E-11   1.00000000000000000E+07   1.30983784677066006E-01   2.49942640163425897E-05   3.31573029626459093E+00   2.08861584141642925E-04   6.18339188666202591E-05   4.37168235888402241E-07   1.81387198590000011E+07   5.57408167400000021E+07   6.11813578793421009E-08   2.56739320081988127E-08   3.70994839165627868E-12   5.23010032582399230E-06   4.85120379256930918E-08   9.34746041090806525E-08   7.90477282978641050E-06   6.97102758202220797E-11   1.18814875224152587E-05
  1.79698820251872958E-07   1.62822077943863414E-01   1.85210916718933106E+02   7.02741112623855566E+12   4.36626216784990933E-11   1.00000000000000000E+07   1.31687129909781570E-01   3.20823912064298084E-05   3.29535303143289537E+00   1.94202579910859061E-04   5.78074918874567210E-05   4.12100261312028076E-07   1.81387198590000011E+07   5.57408167400000021E+07   5.44702964466082651E-08   2.60217522513021619E-08   3.56988317708605979E-12   4.30950641506880879E-06   3.75858602430725601E-08   8.40750992651581636E-08   7.43300715916515877E-06   8.67782431478758246E-11   1.12395437012370173E-05
  1.44429013514273086E-07   1.62896790650163548E-01   1.85210916718933106E+02   5.64812865826971289E+12   3.50758944642079289E-11   1.00000000000000000E+07   1.32552319509360972E-01   4.23098916992782631E-05   3.27053239571885213E+00   1.77541502811022202E-04   5.32246849507003018E-05   3.83015210871317527E-07   1.81387198590000011E+07   5.57408167400000021E+07   4.78384766195306121E-08   2.58868221898138746E-08   3.36812257016280516E-12   3.52060238783972992E-06   2.89702655293669145E-08   7.45431227232490218E-08   6.89163852765934559E-06   1.08970936044120674E-10   1.04875160562962131E-05
  1.16119998075028448E-07   1.62971499213316301E-01   1.85210916718933106E+02   4.54105911940592969E+12   2.81840436053100516E-11   1.00000000000000000E+07   1.33614460627847931E-01   5.65390847533573697E-05   3.24044951770784095E+00   1.59064791135377824E-04   4.81147907777149640E-05   3.49942770152989567E-07   1.81387198590000011E+07   5.57408167400000021E+07   4.13875776156281656E-08   2.52065266100924439E-08   3.10408145315193887E-12   2.84685161739656467E-06   2.21934121480464612E-08   6.50611268360912236E-08   6.28265283863271098E-06   1.38397466832123850E-10   9.63396221285554493E-06
  9.33931988753817617E-08   1.63046202777066801E-01   1.85210916718933106E+02   3.65229111672494385E+12   2.26514423760590436E-11   1.00000000000000000E+07   1.34915046156231899E-01   7.57811769875460636E-05   3.20420684284901469E+00   1.39157973935662610E-04   4.25556622438617063E-05   3.13238262116118648E-07   1.81387198590000011E+07   5.57408167400000021E+07   3.52188908912993363E-08   2.39478836788229734E-08   2.78228815490622066E-12   2.27433498220733379E-06   1.68787337636077353E-08   5.58443987864588565E-08   5.61344404858145341E-06   1.78059122091067597E-10   8.69097080548891691E-06
  7.51439258232339357E-08   1.63120900342583530E-01   1.85210916718933106E+02   2.93862396903484961E+12   1.82091494194738586E-11   1.00000000000000000E+07   1.36502501119548453E-01   1.01231183385624998E-04   3.16085546995324851E+00   1.18419669748725439E-04   3.66817657734051802E-05   2.73663671344888846E-07   1.81387198590000011E+07   5.57408167400000021E+07   2.94302330921557662E-08   2.21214268979166055E-08   2.41348546429172395E-12   1.79147504740786154E-06   1.27268090561448170E-08   4.71177938292147314E-08   4.89799472838397686E-06   2.32169823318953651E-10   7.67617073747162829E-06
  6.04867776831530784E-08   1.63195590772246352E-01   1.85210916718933106E+02   2.36543263826172803E+12   1.46416146481152339E-11   1.00000000000000000E+07   1.38432488656231839E-01   1.34327406558226243E-04   3.10943998587843273E+00   9.76351097812126946E-05   3.06842757133148834E-05   2.32421190383844827E-07   1.81387198590000011E+07   5.57408167400000021E+07   2.41108435916844953E-08   1.97921552608137952E-08   2.01488760623261117E-12   1.38857164729697239E-06   9.50010290085917637E-09   3.90751749597870020E-08   4.15728930633451782E-06   3.06435299999319106E-10   6.61445310068975213E-06
  4.87119656931199455E-08   1.63270272753390261E-01   1.85210916718933106E+02   1.90495969429834937E+12   1.17760439648907497E-11   1.00000000000000000E+07   1.40767883228881008E-01   1.76816828306893719E-04   3.04906229360936898E+00   7.76977831330637262E-05   2.47988491314902111E-05   1.91102396990041034E-07   1.81387198590000011E+07   5.57408167400000021E+07   1.93346348387413648E-08   1.70829457974311153E-08   1.60904187169659793E-12   1.05723414833982772E-06   7.01021859782858532E-09   3.18325324630904031E-08   3.41841323768378578E-06   4.07410947345293211E-10   5.53863491785545514E-06
  3.92503659455193387E-08   1.63344944826968569E-01   1.85210916718933106E+02   1.53494863220507227E+12   9.47388928294826311E-12   1.00000000000000000E+07   1.43578354965413185E-01   2.30794213497509236E-04   2.97896223230085555E+00   5.94833569998092307E-05   1.92790174327374566E-05   1.51527400261830589E-07   1.81387198590000011E+07   5.57408167400000021E+07   1.51534745348649522E-08   1.41661106787324253E-08   1.22106738191625427E-12   7.89801466164881384E-07   5.10733114983336647E-09   2.54033022831570324E-08   2.71196404857154825E-06   5.38193026673168223E-10   4.48817237797796786E-06
  3.16455506630977705E-08   1.63419605381177946E-01   1.85210916718933106E+02   1.23755011031287695E+12   7.62403769507940604E-12   1.00000000000000000E+07   1.46939585411500734E-01   2.98662625955562117E-04   2.89860760929426631E+00   4.37023803963310415E-05   1.43580631163912473E-05   1.15480618781021212E-07   1.81387198590000011E+07   5.57408167400000021E+07   1.15929836909372055E-08   1.12414998505244549E-08   8.74645300519358279E-13   5.78843447586775639E-07   3.67152865186421449E-09   1.97304898624594974E-08   2.06788743834914115E-06   6.88015901997287461E-10   3.50532563144220333E-06
  2.55314004656095118E-08   1.63494252663552830E-01   1.85210916718933106E+02   9.98446441935427734E+11   6.13735940388502184E-12   1.00000000000000000E+07   1.50932245703721074E-01   3.82932683096300281E-04   2.80778093428431674E+00   3.07764781387598387E-05   1.02084349557966686E-05   8.43979408268927601E-08   1.81387198590000011E+07   5.57408167400000021E+07   8.65211979573416551E-09   8.50465806666887560E-09   5.87638847930547740E-13   4.16853186887878511E-07   2.60587918154376487E-09   1.47681858638245364E-08   1.51056848442781306E-06   8.23136069187607393E-10   2.62905460369404410E-06
  2.06141806028374808E-08   1.63568884831099326E-01   1.85210916718933106E+02   8.06150657659430298E+11   4.94234248998279548E-12   1.00000000000000000E+07   1.55640977618833859E-01   4.85749479644353749E-04   2.70664692814874108E+00   2.07825732916749443E-05   6.91178515460225883E-06   5.91030504688599267E-08   1.81387198590000011E+07   5.57408167400000021E+07   6.30515193149129084E-09   6.11367285836590714E-09   3.68528650201414919E-13   2.96217592075812931E-07   1.83111840617658585E-09   1.05405430732819585E-08   1.05462055463793360E-06   8.95623901945994563E-10   1.88815693187439351E-06
  1.66581879320812518E-08   1.63643499940903298E-01   1.85210916718933106E+02   6.51445207335246826E+11   3.98159759329141755E-12   1.00000000000000000E+07   1.61153834318954914E-01   6.07792670976394249E-04   2.59578552254669992E+00   1.34851651262194781E-05   4.45089878013827754E-06   3.96953434942223827E-08   1.81387198590000011E+07   5.57408167400000021E+07   4.50413675530786653E-09   4.16475619592866296E-09   2.15189796183662320E-13   2.09442187156559793E-07   1.28185667494279563E-09   7.11927423720953829E-09   7.02862570413723966E-07   8.69847789356770116E-10   1.29603240370728424E-06
  1.34742523603714062E-08   1.63718096066538005E-01   1.85210916718933106E+02   5.26932290497512146E+11   3.20906067081685600E-12   1.00000000000000000E+07   1.67563857226110585E-01   7.44414460724673465E-04   2.47617791674120946E+00   8.43917459907171182E-06   2.72647707045048146E-06   2.56349464126697471E-08   1.81387198590000011E+07   5.57408167400000021E+07   3.18233351814818050E-09   2.68344933436853229E-09   1.17026694139939062E-13   1.49498461513279398E-07   9.04116037244832105E-10   4.55156286601559932E-09   4.47233717699265878E-07   7.42053655678421572E-10   8.49267761755486591E-07
