# lambda[A]  T_theo  T_instr  T_rot+instr  (H-beta 4861.35)
4.860000000000000000e+03 9.999999999884932045e-01 9.999999999883739665e-01 9.999999999883716351e-01
4.860013500000000022e+03 9.999999999882593915e-01 9.999999999882180912e-01 9.999999999882168700e-01
4.860026999999999134e+03 9.999999999880182511e-01 9.999999999880045953e-01 9.999999999880040402e-01
4.860040499999999156e+03 9.999999999877694501e-01 9.999999999877615675e-01 9.999999999877614565e-01
4.860054000000000087e+03 9.999999999875130996e-01 9.999999999875056611e-01 9.999999999875057721e-01
4.860067500000000109e+03 9.999999999872483114e-01 9.999999999872408729e-01 9.999999999872407619e-01
4.860081000000000131e+03 9.999999999869749745e-01 9.999999999869670919e-01 9.999999999869670919e-01
4.860094499999999243e+03 9.999999999866930889e-01 9.999999999866847622e-01 9.999999999866847622e-01
4.860108000000000175e+03 9.999999999864015443e-01 9.999999999863931066e-01 9.999999999863929956e-01
4.860121500000000196e+03 9.999999999861008959e-01 9.999999999860919031e-01 9.999999999860916811e-01
4.860134999999999309e+03 9.999999999857899224e-01 9.999999999857805966e-01 9.999999999857801525e-01
4.860148499999999331e+03 9.999999999854680688e-01 9.999999999854584098e-01 9.999999999854579658e-01
4.860162000000000262e+03 9.999999999851354460e-01 9.999999999851251209e-01 9.999999999851246768e-01
4.860175500000000284e+03 9.999999999847910548e-01 9.999999999847805077e-01 9.999999999847799526e-01
4.860189000000000306e+03 9.999999999844344512e-01 9.999999999844234599e-01 9.999999999844233489e-01
4.860202499999999418e+03 9.999999999840658571e-01 9.999999999840539777e-01 9.999999999840537557e-01
4.860215999999999440e+03 9.999999999836836073e-01 9.999999999836711728e-01 9.999999999836706177e-01
4.860229500000000371e+03 9.999999999832869246e-01 9.999999999832742681e-01 9.999999999832737130e-01
4.860242999999999483e+03 9.999999999828763642e-01 9.999999999828625974e-01 9.999999999828624864e-01
4.860256499999999505e+03 9.999999999824501495e-01 9.999999999824357166e-01 9.999999999824354946e-01
4.860269999999999527e+03 9.999999999820078367e-01 9.999999999819927377e-01 9.999999999819922936e-01
4.860283500000000458e+03 9.999999999815484264e-01 9.999999999815325502e-01 9.999999999815324392e-01
4.860297000000000480e+03 9.999999999810711415e-01 9.999999999810545992e-01 9.999999999810543772e-01
4.860310499999999593e+03 9.999999999805755380e-01 9.999999999805581075e-01 9.999999999805576634e-01
4.860323999999999614e+03 9.999999999800599504e-01 9.999999999800412986e-01 9.999999999800410766e-01
4.860337500000000546e+03 9.999999999795233796e-01 9.999999999795040617e-01 9.999999999795039507e-01
4.860350999999999658e+03 9.999999999789651595e-01 9.999999999789443983e-01 9.999999999789441762e-01
4.860364499999999680e+03 9.999999999783835136e-01 9.999999999783617533e-01 9.999999999783613092e-01
4.860377999999999702e+03 9.999999999777774429e-01 9.999999999777543502e-01 9.999999999777541282e-01
4.860391499999999724e+03 9.999999999771456149e-01 9.999999999771211900e-01 9.999999999771209680e-01
4.860405000000000655e+03 9.999999999764865866e-01 9.999999999764607184e-01 9.999999999764603853e-01
4.860418499999999767e+03 9.999999999757983593e-01 9.999999999757710478e-01 9.999999999757706037e-01
4.860431999999999789e+03 9.999999999750793789e-01 9.999999999750505131e-01 9.999999999750499580e-01
4.860445499999999811e+03 9.999999999743279799e-01 9.999999999742971157e-01 9.999999999742968937e-01
4.860458999999999833e+03 9.999999999735419420e-01 9.999999999735094125e-01 9.999999999735090794e-01
4.860472499999999854e+03 9.999999999727194888e-01 9.999999999726846278e-01 9.999999999726844058e-01
4.860485999999999876e+03 9.999999999718579557e-01 9.999999999718212074e-01 9.999999999718205412e-01
4.860499499999999898e+03 9.999999999709545673e-01 9.999999999709152654e-01 9.999999999709149323e-01
4.860513000000000829e+03 9.999999999700075470e-01 9.999999999699654696e-01 9.999999999699649145e-01
4.860526499999999942e+03 9.999999999690130092e-01 9.999999999689683783e-01 9.999999999689676011e-01
4.860539999999999964e+03 9.999999999679680673e-01 9.999999999679203277e-01 9.999999999679197726e-01
4.860553499999999985e+03 9.999999999668693906e-01 9.999999999668180983e-01 9.999999999668175432e-01
4.860566999999999098e+03 9.999999999657132044e-01 9.999999999656581373e-01 9.999999999656578042e-01
4.860580500000000029e+03 9.999999999644951787e-01 9.999999999644363369e-01 9.999999999644356707e-01
4.860594000000000051e+03 9.999999999632112058e-01 9.999999999631482561e-01 9.999999999631473679e-01
4.860607500000000073e+03 9.999999999618562896e-01 9.999999999617885660e-01 9.999999999617876778e-01
4.860621000000000095e+03 9.999999999604248790e-01 9.999999999603519374e-01 9.999999999603508272e-01
4.860634500000000116e+03 9.999999999589112010e-01 9.999999999588324862e-01 9.999999999588314870e-01
4.860648000000000138e+03 9.999999999573090381e-01 9.999999999572239950e-01 9.999999999572226628e-01
4.860661500000000160e+03 9.999999999556111741e-01 9.999999999555191366e-01 9.999999999555176933e-01
4.860674999999999272e+03 9.999999999538095041e-01 9.999999999537099171e-01 9.999999999537084738e-01
4.860688499999999294e+03 9.999999999518958127e-01 9.999999999517878990e-01 9.999999999517863447e-01
4.860702000000000226e+03 9.999999999498609959e-01 9.999999999497433123e-01 9.999999999497412029e-01
4.860715500000000247e+03 9.999999999476931745e-01 9.999999999475653878e-01 9.999999999475633894e-01
4.860729000000000269e+03 9.999999999453819122e-01 9.999999999452421351e-01 9.999999999452400257e-01
4.860742499999999382e+03 9.999999999429132203e-01 9.999999999427606756e-01 9.999999999427583441e-01
4.860756000000000313e+03 9.999999999402731099e-01 9.999999999401056883e-01 9.999999999401031348e-01
4.860769500000000335e+03 9.999999999374443727e-01 9.999999999372599646e-01 9.999999999372570780e-01
4.860782999999999447e+03 9.999999999344083568e-01 9.999999999342036316e-01 9.999999999342007451e-01
4.860796499999999469e+03 9.999999999311428578e-01 9.999999999309137078e-01 9.999999999309105991e-01
4.860810000000000400e+03 9.999999999276213414e-01 9.999999999273598839e-01 9.999999999273563311e-01
4.860823500000000422e+03 9.999999999238091686e-01 9.999999999235030801e-01 9.999999999234985282e-01
4.860837000000000444e+03 9.999999999196599321e-01 9.999999999192851208e-01 9.999999999192789035e-01
4.860850499999999556e+03 9.999999999151036878e-01 9.999999999146154117e-01 9.999999999146067520e-01
4.860863999999999578e+03 9.999999999100273040e-01 9.999999999093420744e-01 9.999999999093288627e-01
4.860877500000000509e+03 9.999999999042360477e-01 9.999999999031957687e-01 9.999999999031744524e-01
4.860890999999999622e+03 9.999999998973795323e-01 9.999999998956924374e-01 9.999999998956559111e-01
4.860904499999999643e+03 9.999999998888180475e-01 9.999999998859540051e-01 9.999999998858905004e-01
4.860917999999999665e+03 9.999999998773807519e-01 9.999999998723960726e-01 9.999999998722833849e-01
4.860931500000000597e+03 9.999999998609424567e-01 9.999999998521905686e-01 9.999999998519911726e-01
4.860945000000000618e+03 9.999999998356955411e-01 9.999999998203711327e-01 9.999999998200209683e-01
4.860958499999999731e+03 9.999999997949388097e-01 9.999999997683689523e-01 9.999999997677634367e-01
4.860971999999999753e+03 9.999999997271065144e-01 9.999999996816959502e-01 9.999999996806647751e-01
4.860985500000000684e+03 9.999999996126537338e-01 9.999999995363528793e-01 9.999999995346262605e-01
4.860998999999999796e+03 9.999999994192655395e-01 9.999999992934268667e-01 9.999999992905911350e-01
4.861012499999999818e+03 9.999999990946981665e-01 9.999999988911966176e-01 9.999999988866260514e-01
4.861025999999999840e+03 9.999999985564074212e-01 9.999999982339050630e-01 9.999999982266806198e-01
4.861039499999999862e+03 9.999999976769682331e-01 9.999999971763057216e-01 9.999999971651047925e-01
4.861053000000000793e+03 9.999999962642557305e-01 9.999999955030306475e-01 9.999999954859948303e-01
4.861066499999999905e+03 9.999999940354040717e-01 9.999999929019661726e-01 9.999999928765367363e-01
4.861079999999999927e+03 9.999999905838159453e-01 9.999999889310553502e-01 9.999999888937737280e-01
4.861093499999999949e+03 9.999999853389414106e-01 9.999999829783544625e-01 9.999999829246086769e-01
4.861106999999999061e+03 9.999999775191404927e-01 9.999999742156270299e-01 9.999999741393081898e-01
4.861120499999999993e+03 9.999999660785739986e-01 9.999999615461215852e-01 9.999999614391238412e-01
4.861134000000000015e+03 9.999999496493842122e-01 9.999999435471348397e-01 9.999999433986150876e-01
4.861147500000000036e+03 9.999999264800450982e-01 9.999999184069741087e-01 9.999999182022808464e-01
4.861161000000000968e+03 9.999998943691930098e-01 9.999998838523102007e-01 9.999998835715186996e-01
4.861174500000000080e+03 9.999998505909781787e-01 9.999998370470953857e-01 9.999998366627249613e-01
4.861188000000000102e+03 9.999997918002991870e-01 9.999997743749067247e-01 9.999997738457766516e-01
4.861201500000000124e+03 9.999997138737666269e-01 9.999996906916152062e-01 9.999996899366514480e-01
4.861214999999999236e+03 9.999996114629514654e-01 9.999995762110951425e-01 9.999995749949990298e-01
4.861228500000000167e+03 9.999994761108845776e-01 9.999994035753843047e-01 9.999994010758966878e-01
4.861242000000000189e+03 9.999992874881665772e-01 9.999990790841795096e-01 9.999990725870211428e-01
4.861255500000000211e+03 9.999989737315830851e-01 9.999982877144856230e-01 9.999982699201227510e-01
4.861269000000000233e+03 9.999982432914809038e-01 9.999961209390841876e-01 9.999960779962425717e-01
4.861282499999999345e+03 9.999959643857858627e-01 9.999905483158628705e-01 9.999904673452131298e-01
4.861296000000000276e+03 9.999884774486058614e-01 9.999784992059141953e-01 9.999783930602457183e-01
4.861309500000000298e+03 9.999679545469744024e-01 9.999579356849020995e-01 9.999578639998664142e-01
4.861322999999999411e+03 9.999305597677312640e-01 9.999315998928166582e-01 9.999316404043354645e-01
4.861336499999999432e+03 9.998923341227367034e-01 9.999084392483265082e-01 9.999086137453676582e-01
4.861350000000000364e+03 9.998761483997447019e-01 9.998991209554215498e-01 9.998993557440490898e-01
4.861363500000000386e+03 9.998923339538458022e-01 9.999084388585073313e-01 9.999086133555481481e-01
4.861377000000000407e+03 9.999305588350698715e-01 9.999315991256276792e-01 9.999316396382346150e-01
4.861390499999999520e+03 9.999679530612652911e-01 9.999579347039865285e-01 9.999578630205022689e-01
4.861404000000000451e+03 9.999884763435505919e-01 9.999784982946796630e-01 9.999783921490896788e-01
4.861417500000000473e+03 9.999959638395485850e-01 9.999905476684967098e-01 9.999904666960950372e-01
4.861430999999999585e+03 9.999982430545047984e-01 9.999961205627206917e-01 9.999960776176547439e-01
4.861444499999999607e+03 9.999989736126279061e-01 9.999982875141557592e-01 9.999982697182115965e-01
4.861457999999999629e+03 9.999992874062394455e-01 9.999990789690941240e-01 9.999990724711396162e-01
4.861471500000000560e+03 9.999994760404290473e-01 9.999994034946191324e-01 9.999994009948104390e-01
4.861485000000000582e+03 9.999996113979696677e-01 9.999995761439735009e-01 9.999995749277563739e-01
4.861498499999999694e+03 9.999997138138676522e-01 9.999996906318404655e-01 9.999996898768196418e-01
4.861511999999999716e+03 9.999997917462369879e-01 9.999997743212953871e-01 9.999997737921236807e-01
4.861525500000000648e+03 9.999998505434157803e-01 9.999998369997812331e-01 9.999998366153726170e-01
4.861538999999999760e+03 9.999998943284299502e-01 9.999998838114995126e-01 9.999998835306715961e-01
4.861552499999999782e+03 9.999999264460102122e-01 9.999999183726253627e-01 9.999999181678990157e-01
4.861565999999999804e+03 9.999999496216940287e-01 9.999999435189311781e-01 9.999999433703806728e-01
4.861579500000000735e+03 9.999999660566163406e-01 9.999999615235262151e-01 9.999999614165009376e-01
4.861593000000000757e+03 9.999999775021648496e-01 9.999999741979602730e-01 9.999999741216170079e-01
4.861606499999999869e+03 9.999999853261418714e-01 9.999999829648696936e-01 9.999999829111025917e-01
4.861619999999999891e+03 9.999999905743993667e-01 9.999999889210035020e-01 9.999999888837035611e-01
4.861633499999999913e+03 9.999999940286404820e-01 9.999999928946454730e-01 9.999999928692008266e-01
4.861646999999999935e+03 9.999999962595101932e-01 9.999999954978184835e-01 9.999999954807704539e-01
4.861660499999999956e+03 9.999999976737123930e-01 9.999999971726755144e-01 9.999999971614651484e-01
4.861673999999999978e+03 9.999999985542209480e-01 9.999999982314290436e-01 9.999999982241973839e-01
4.861687500000000000e+03 9.999999990932583183e-01 9.999999988895402758e-01 9.999999988849644916e-01
4.861701000000000931e+03 9.999999994183330632e-01 9.999999992923385150e-01 9.999999992894984535e-01
4.861714500000000044e+03 9.999999996120573220e-01 9.999999995356466664e-01 9.999999995339174941e-01
4.861728000000000065e+03 9.999999997267271512e-01 9.999999996812422021e-01 9.999999996802090285e-01
4.861741500000000087e+03 9.999999997946963370e-01 9.999999997680775188e-01 9.999999997674706709e-01
4.861754999999999200e+03 9.999999998355376674e-01 9.999999998201812845e-01 9.999999998198306761e-01
4.861768500000000131e+03 9.999999998608355423e-01 9.999999998520641142e-01 9.999999998518640520e-01
4.861782000000000153e+03 9.999999998773042575e-01 9.999999998723071437e-01 9.999999998721943451e-01
4.861795500000000175e+03 9.999999998887590946e-01 9.999999998858879469e-01 9.999999998858241090e-01
4.861809000000000196e+03 9.999999998973309046e-01 9.999999998956397018e-01 9.999999998956030645e-01
4.861822500000000218e+03 9.999999999041936372e-01 9.999999999031506936e-01 9.999999999031293774e-01
4.861836000000000240e+03 9.999999999099886683e-01 9.999999999093018843e-01 9.999999999092886727e-01
4.861849500000000262e+03 9.999999999150672725e-01 9.999999999145785523e-01 9.999999999145697815e-01
4.861862999999999374e+03 9.999999999196250711e-01 9.999999999192498157e-01 9.999999999192437095e-01
4.861876500000000306e+03 9.999999999237757509e-01 9.999999999234692183e-01 9.999999999234645554e-01
4.861890000000000327e+03 9.999999999275885898e-01 9.999999999273273543e-01 9.999999999273233575e-01
4.861903500000000349e+03 9.999999999311113275e-01 9.999999999308821774e-01 9.999999999308788468e-01
4.861917000000000371e+03 9.999999999343777146e-01 9.999999999341732115e-01 9.999999999341701029e-01
4.861930499999999483e+03 9.999999999374143966e-01 9.999999999372297665e-01 9.999999999372271020e-01
4.861944000000000415e+03 9.999999999402438000e-01 9.999999999400761563e-01 9.999999999400734918e-01
4.861957500000000437e+03 9.999999999428844655e-01 9.999999999427320319e-01 9.999999999427297004e-01
4.861970999999999549e+03 9.999999999453539345e-01 9.999999999452143795e-01 9.999999999452119370e-01
4.861984499999999571e+03 9.999999999476657520e-01 9.999999999475379653e-01 9.999999999475357448e-01
4.861998000000000502e+03 9.999999999498337955e-01 9.999999999497163339e-01 9.999999999497145575e-01
4.862011500000000524e+03 9.999999999518697225e-01 9.999999999517615867e-01 9.999999999517598104e-01
4.862025000000000546e+03 9.999999999537839690e-01 9.999999999536843820e-01 9.999999999536826056e-01
4.862038499999999658e+03 9.999999999555859720e-01 9.999999999554939345e-01 9.999999999554924912e-01
4.862052000000000589e+03 9.999999999572842801e-01 9.999999999571991260e-01 9.999999999571979048e-01
4.862065500000000611e+03 9.999999999588868871e-01 9.999999999588082833e-01 9.999999999588070621e-01
4.862078999999999724e+03 9.999999999604011203e-01 9.999999999603280676e-01 9.999999999603271794e-01
4.862092499999999745e+03 9.999999999618329749e-01 9.999999999617651403e-01 9.999999999617641411e-01
4.862105999999999767e+03 9.999999999631882242e-01 9.999999999631249414e-01 9.999999999631243863e-01
4.862119500000000698e+03 9.999999999644726412e-01 9.999999999644140214e-01 9.999999999644135773e-01
4.862133000000000720e+03 9.999999999656912220e-01 9.999999999656360439e-01 9.999999999656354888e-01
4.862146499999999833e+03 9.999999999668476303e-01 9.999999999667962269e-01 9.999999999667957828e-01
4.862159999999999854e+03 9.999999999679466400e-01 9.999999999678987894e-01 9.999999999678982343e-01
4.862173500000000786e+03 9.999999999689915819e-01 9.999999999689470620e-01 9.999999999689463959e-01
4.862186999999999898e+03 9.999999999699866748e-01 9.999999999699448194e-01 9.999999999699444864e-01
4.862200499999999920e+03 9.999999999709342502e-01 9.999999999708951703e-01 9.999999999708946152e-01
4.862213999999999942e+03 9.999999999718380828e-01 9.999999999718012234e-01 9.999999999718005572e-01
4.862227500000000873e+03 9.999999999726997268e-01 9.999999999726651989e-01 9.999999999726647548e-01
4.862241000000000895e+03 9.999999999735225131e-01 9.999999999734898726e-01 9.999999999734896505e-01
4.862254500000000007e+03 9.999999999743089951e-01 9.999999999742783530e-01 9.999999999742776868e-01
4.862268000000000029e+03 9.999999999750605051e-01 9.999999999750316393e-01 9.999999999750313062e-01
4.862281500000000051e+03 9.999999999757797076e-01 9.999999999757526181e-01 9.999999999757520630e-01
4.862295000000000073e+03 9.999999999764682679e-01 9.999999999764425107e-01 9.999999999764420666e-01
4.862308500000000095e+03 9.999999999771276293e-01 9.999999999771034265e-01 9.999999999771030934e-01
4.862322000000000116e+03 9.999999999777597903e-01 9.999999999777364756e-01 9.999999999777364756e-01
4.862335500000000138e+03 9.999999999783658611e-01 9.999999999783441007e-01 9.999999999783441007e-01
4.862349000000001070e+03 9.999999999789475069e-01 9.999999999789268568e-01 9.999999999789267457e-01
4.862362500000000182e+03 9.999999999795063932e-01 9.999999999794868533e-01 9.999999999794867422e-01
4.862376000000000204e+03 9.999999999800428530e-01 9.999999999800244233e-01 9.999999999800243122e-01
4.862389500000000226e+03 9.999999999805587736e-01 9.999999999805412321e-01 9.999999999805408990e-01
4.862402999999999338e+03 9.999999999810548212e-01 9.999999999810382789e-01 9.999999999810379459e-01
4.862416500000000269e+03 9.999999999815322171e-01 9.999999999815162299e-01 9.999999999815161189e-01
4.862430000000000291e+03 9.999999999819915164e-01 9.999999999819766394e-01 9.999999999819764174e-01
4.862443500000000313e+03 9.999999999824342733e-01 9.999999999824199515e-01 9.999999999824196184e-01
4.862457000000000335e+03 9.999999999828608210e-01 9.999999999828468322e-01 9.999999999828464992e-01
4.862470500000000357e+03 9.999999999832716036e-01 9.999999999832587250e-01 9.999999999832583919e-01
4.862484000000000378e+03 9.999999999836681752e-01 9.999999999836558517e-01 9.999999999836556297e-01
4.862497500000000400e+03 9.999999999840505360e-01 9.999999999840388787e-01 9.999999999840387677e-01
4.862510999999999513e+03 9.999999999844196852e-01 9.999999999844084719e-01 9.999999999844083609e-01
4.862524499999999534e+03 9.999999999847763998e-01 9.999999999847655197e-01 9.999999999847654086e-01
4.862538000000000466e+03 9.999999999851207910e-01 9.999999999851104659e-01 9.999999999851103549e-01
4.862551500000000487e+03 9.999999999854535249e-01 9.999999999854437549e-01 9.999999999854437549e-01
4.862565000000000509e+03 9.999999999857757116e-01 9.999999999857662747e-01 9.999999999857661637e-01
4.862578499999999622e+03 9.999999999860864630e-01 9.999999999860776922e-01 9.999999999860776922e-01
4.862592000000000553e+03 9.999999999863876665e-01 9.999999999863793398e-01 9.999999999863793398e-01
4.862605500000000575e+03 9.999999999866795442e-01 9.999999999866711065e-01 9.999999999866709954e-01
4.862618999999999687e+03 9.999999999869614298e-01 9.999999999869536582e-01 9.999999999869535472e-01
4.862632499999999709e+03 9.999999999872347667e-01 9.999999999872272172e-01 9.999999999872271061e-01
4.862646000000000640e+03 9.999999999874996659e-01 9.999999999874924494e-01 9.999999999874922274e-01
4.862659500000000662e+03 9.999999999877563495e-01 9.999999999877483559e-01 9.999999999877482448e-01
4.862673000000000684e+03 9.999999999880050394e-01 9.999999999879913837e-01 9.999999999879909396e-01
4.862686499999999796e+03 9.999999999882465129e-01 9.999999999882051016e-01 9.999999999882038804e-01
4.862699999999999818e+03 9.999999999884804369e-01 9.999999999883608659e-01 9.999999999883587565e-01
