# lambda[A]  T_theo  T_instr  T_rot+instr  (H-beta 4861.35)
4.859965116986327303e+03 9.999999999960114128e-01 9.999999999959712227e-01 9.999999999959702235e-01
4.859978965816463642e+03 9.999999999959302555e-01 9.999999999959170438e-01 9.999999999959164887e-01
4.859992814646600891e+03 9.999999999958466557e-01 9.999999999958425478e-01 9.999999999958423258e-01
4.860006663476737231e+03 9.999999999957603913e-01 9.999999999957579488e-01 9.999999999957578378e-01
4.860020512306874480e+03 9.999999999956715735e-01 9.999999999956691310e-01 9.999999999956690200e-01
4.860034361137010819e+03 9.999999999955792029e-01 9.999999999955772045e-01 9.999999999955769825e-01
4.860048209967148068e+03 9.999999999954845009e-01 9.999999999954822805e-01 9.999999999954822805e-01
4.860062058797284408e+03 9.999999999953865792e-01 9.999999999953843588e-01 9.999999999953843588e-01
4.860075907627420747e+03 9.999999999952855489e-01 9.999999999952829954e-01 9.999999999952829954e-01
4.860089756457557087e+03 9.999999999951811880e-01 9.999999999951785234e-01 9.999999999951785234e-01
4.860103605287694336e+03 9.999999999950732743e-01 9.999999999950703877e-01 9.999999999950703877e-01
4.860117454117830675e+03 9.999999999949613638e-01 9.999999999949585883e-01 9.999999999949582552e-01
4.860131302947967924e+03 9.999999999948460117e-01 9.999999999948431251e-01 9.999999999948429030e-01
4.860145151778104264e+03 9.999999999947266627e-01 9.999999999947234430e-01 9.999999999947233320e-01
4.860159000608241513e+03 9.999999999946030949e-01 9.999999999945994311e-01 9.999999999945994311e-01
4.860172849438377852e+03 9.999999999944750861e-01 9.999999999944714224e-01 9.999999999944714224e-01
4.860186698268515102e+03 9.999999999943425255e-01 9.999999999943386397e-01 9.999999999943386397e-01
4.860200547098651441e+03 9.999999999942051909e-01 9.999999999942013051e-01 9.999999999942013051e-01
4.860214395928788690e+03 9.999999999940625273e-01 9.999999999940581974e-01 9.999999999940581974e-01
4.860228244758925030e+03 9.999999999939145345e-01 9.999999999939099826e-01 9.999999999939097606e-01
4.860242093589062279e+03 9.999999999937606576e-01 9.999999999937562167e-01 9.999999999937561057e-01
4.860255942419198618e+03 9.999999999936013406e-01 9.999999999935965667e-01 9.999999999935963446e-01
4.860269791249334958e+03 9.999999999934359174e-01 9.999999999934303663e-01 9.999999999934301442e-01
4.860283640079471297e+03 9.999999999932634998e-01 9.999999999932579486e-01 9.999999999932577266e-01
4.860297488909608546e+03 9.999999999930845318e-01 9.999999999930787586e-01 9.999999999930783146e-01
4.860311337739744886e+03 9.999999999928982364e-01 9.999999999928921302e-01 9.999999999928920191e-01
4.860325186569882135e+03 9.999999999927045025e-01 9.999999999926981742e-01 9.999999999926979521e-01
4.860339035400018474e+03 9.999999999925028860e-01 9.999999999924956695e-01 9.999999999924956695e-01
4.860352884230155723e+03 9.999999999922923877e-01 9.999999999922849492e-01 9.999999999922849492e-01
4.860366733060292063e+03 9.999999999920725635e-01 9.999999999920649030e-01 9.999999999920649030e-01
4.860380581890429312e+03 9.999999999918436355e-01 9.999999999918355309e-01 9.999999999918355309e-01
4.860394430720565651e+03 9.999999999916042714e-01 9.999999999915958337e-01 9.999999999915956117e-01
4.860408279550702900e+03 9.999999999913546933e-01 9.999999999913455895e-01 9.999999999913453674e-01
4.860422128380839240e+03 9.999999999910939019e-01 9.999999999910841320e-01 9.999999999910839099e-01
4.860435977210976489e+03 9.999999999908210091e-01 9.999999999908101289e-01 9.999999999908100179e-01
4.860449826041112829e+03 9.999999999905351267e-01 9.999999999905238024e-01 9.999999999905236914e-01
4.860463674871249168e+03 9.999999999902355885e-01 9.999999999902235981e-01 9.999999999902234871e-01
4.860477523701385508e+03 9.999999999899215064e-01 9.999999999899088499e-01 9.999999999899086278e-01
4.860491372531522757e+03 9.999999999895922143e-01 9.999999999895787806e-01 9.999999999895784475e-01
4.860505221361659096e+03 9.999999999892468239e-01 9.999999999892319469e-01 9.999999999892316138e-01
4.860519070191796345e+03 9.999999999888834479e-01 9.999999999888677937e-01 9.999999999888673496e-01
4.860532919021932685e+03 9.999999999885011981e-01 9.999999999884845447e-01 9.999999999884842117e-01
4.860546767852069934e+03 9.999999999880990753e-01 9.999999999880812007e-01 9.999999999880807566e-01
4.860560616682206273e+03 9.999999999876757473e-01 9.999999999876565404e-01 9.999999999876559853e-01
4.860574465512343522e+03 9.999999999872291045e-01 9.999999999872082324e-01 9.999999999872077883e-01
4.860588314342479862e+03 9.999999999867575928e-01 9.999999999867354994e-01 9.999999999867348333e-01
4.860602163172617111e+03 9.999999999862592137e-01 9.999999999862353439e-01 9.999999999862350109e-01
4.860616012002753450e+03 9.999999999857326349e-01 9.999999999857065447e-01 9.999999999857062116e-01
4.860629860832890699e+03 9.999999999851745258e-01 9.999999999851466592e-01 9.999999999851462151e-01
4.860643709663027039e+03 9.999999999845832210e-01 9.999999999845529119e-01 9.999999999845525789e-01
4.860657558493164288e+03 9.999999999839560560e-01 9.999999999839229714e-01 9.999999999839224163e-01
4.860671407323299718e+03 9.999999999832887010e-01 9.999999999832529518e-01 9.999999999832523967e-01
4.860685256153436967e+03 9.999999999825791575e-01 9.999999999825399666e-01 9.999999999825391894e-01
4.860699104983573307e+03 9.999999999818227625e-01 9.999999999817793528e-01 9.999999999817784646e-01
4.860712953813710556e+03 9.999999999810147422e-01 9.999999999809663365e-01 9.999999999809654483e-01
4.860726802643846895e+03 9.999999999801493233e-01 9.999999999800941453e-01 9.999999999800930350e-01
4.860740651473984144e+03 9.999999999792190675e-01 9.999999999791537864e-01 9.999999999791526761e-01
4.860754500304120484e+03 9.999999999782126503e-01 9.999999999781314930e-01 9.999999999781299387e-01
4.860768349134257733e+03 9.999999999771135295e-01 9.999999999770060599e-01 9.999999999770038395e-01
4.860782197964394072e+03 9.999999999758930613e-01 9.999999999757404057e-01 9.999999999757374081e-01
4.860796046794531321e+03 9.999999999745039503e-01 9.999999999742710255e-01 9.999999999742661405e-01
4.860809895624667661e+03 9.999999999728613753e-01 9.999999999724856758e-01 9.999999999724773492e-01
4.860823744454804910e+03 9.999999999708133469e-01 9.999999999701830733e-01 9.999999999701687514e-01
4.860837593284941249e+03 9.999999999680890816e-01 9.999999999670108330e-01 9.999999999669861861e-01
4.860851442115078498e+03 9.999999999642085191e-01 9.999999999623501168e-01 9.999999999623079283e-01
4.860865290945213928e+03 9.999999999583308874e-01 9.999999999551341112e-01 9.999999999550612806e-01
4.860879139775351177e+03 9.999999999490042368e-01 9.999999999435461584e-01 9.999999999434220355e-01
4.860892988605487517e+03 9.999999999337603196e-01 9.999999999245442472e-01 9.999999999243349702e-01
4.860906837435624766e+03 9.999999999084717706e-01 9.999999998931161649e-01 9.999999998927681100e-01
4.860920686265761105e+03 9.999999998663542389e-01 9.999999998411412960e-01 9.999999998405718626e-01
4.860934535095898354e+03 9.999999997964510445e-01 9.999999997556859865e-01 9.999999997547670549e-01
4.860948383926034694e+03 9.999999996813770942e-01 9.999999996165052085e-01 9.999999996150448212e-01
4.860962232756171943e+03 9.999999994940362846e-01 9.999999993924572061e-01 9.999999993901714790e-01
4.860976081586308283e+03 9.999999991929507948e-01 9.999999990364702995e-01 9.999999990329476729e-01
4.860989930416445532e+03 9.999999987157719428e-01 9.999999984786439589e-01 9.999999984732950153e-01
4.861003779246581871e+03 9.999999979704640163e-01 9.999999976169927640e-01 9.999999976089932741e-01
4.861017628076719120e+03 9.999999968236399361e-01 9.999999963053597396e-01 9.999999962935716136e-01
4.861031476906855460e+03 9.999999950855068542e-01 9.999999943380031286e-01 9.999999943208831565e-01
4.861045325736992709e+03 9.999999924909738214e-01 9.999999914304922299e-01 9.999999914059792827e-01
4.861059174567128139e+03 9.999999886766341994e-01 9.999999871966952503e-01 9.999999871620740555e-01
4.861073023397265388e+03 9.999999831535927308e-01 9.999999811219182355e-01 9.999999810736506234e-01
4.861086872227401727e+03 9.999999752765017513e-01 9.999999725325714461e-01 9.999999724660728617e-01
4.861100721057538976e+03 9.999999642095719343e-01 9.999999605630718325e-01 9.999999604723874835e-01
4.861114569887675316e+03 9.999999488907185263e-01 9.999999441208932138e-01 9.999999439981983596e-01
4.861128418717812565e+03 9.999999279950915199e-01 9.999999218506081533e-01 9.999999216854167372e-01
4.861142267547948904e+03 9.999998998988013366e-01 9.999998920973055538e-01 9.999998918752814880e-01
4.861156116378086153e+03 9.999998626425118387e-01 9.999998528690028365e-01 9.999998525704144603e-01
4.861169965208222493e+03 9.999998138931578406e-01 9.999998017966639230e-01 9.999998013948522280e-01
4.861183814038359742e+03 9.999997509018636599e-01 9.999997360856990314e-01 9.999997355462634241e-01
4.861197662868496082e+03 9.999996704585913943e-01 9.999996524176217871e-01 9.999996516975665495e-01
4.861211511698633331e+03 9.999995688393387150e-01 9.999995465398998640e-01 9.999995455741431671e-01
4.861225360528769670e+03 9.999994416489645932e-01 9.999994110764393040e-01 9.999994096823455747e-01
4.861239209358906919e+03 9.999992828436019554e-01 9.999992244086235438e-01 9.999992218517004261e-01
4.861253058189042349e+03 9.999990788744694825e-01 9.999989030062484963e-01 9.999988966885582364e-01
4.861266907019179598e+03 9.999987752244674510e-01 9.999981469840710790e-01 9.999981303950665756e-01
4.861280755849315938e+03 9.999980904032689244e-01 9.999961210483901963e-01 9.999960850330523732e-01
4.861294604679453187e+03 9.999957167398929592e-01 9.999912395913361784e-01 9.999911846275564287e-01
4.861308453509589526e+03 9.999877371714205321e-01 9.999819409608761145e-01 9.999818951690340185e-01
4.861322302339726775e+03 9.999699595579145672e-01 9.999689083986286198e-01 9.999689201927597360e-01
4.861336151169863115e+03 9.999486653242573020e-01 9.999567015279753335e-01 9.999567926466480516e-01
4.861350000000000364e+03 9.999391096087277830e-01 9.999516290215774150e-01 9.999517579597498873e-01
4.861363848830136703e+03 9.999486652228718464e-01 9.999567013353370948e-01 9.999567924541230557e-01
4.861377697660273952e+03 9.999699590597493915e-01 9.999689080374118966e-01 9.999689198321327632e-01
4.861391546490410292e+03 9.999877365226546022e-01 9.999819405322527555e-01 9.999818947409218062e-01
4.861405395320547541e+03 9.999957163516791647e-01 9.999912392281046225e-01 9.999911842639245263e-01
4.861419244150683880e+03 9.999980902398685201e-01 9.999961208110637045e-01 9.999960847946438580e-01
4.861433092980821129e+03 9.999987751411851811e-01 9.999981468469472112e-01 9.999981302569743713e-01
4.861446941810957469e+03 9.999990788082637749e-01 9.999989029190565759e-01 9.999988966008551694e-01
4.861460790641093809e+03 9.999992827787772542e-01 9.999992243386607305e-01 9.999992217815549811e-01
4.861474639471230148e+03 9.999994415835574690e-01 9.999994110110240753e-01 9.999994096168762781e-01
4.861488488301367397e+03 9.999995687746163764e-01 9.999995464763501429e-01 9.999995455105666897e-01
4.861502337131503737e+03 9.999996703962932276e-01 9.999996523565198858e-01 9.999996516364346721e-01
4.861516185961640986e+03 9.999997508434942395e-01 9.999997360282599779e-01 9.999997354887888434e-01
4.861530034791777325e+03 9.999998138398354941e-01 9.999998017439538645e-01 9.999998013421055321e-01
4.861543883621914574e+03 9.999998625949578779e-01 9.999998528217539651e-01 9.999998525231310609e-01
4.861557732452050914e+03 9.999998998573651487e-01 9.999998920559011184e-01 9.999998918338450782e-01
4.861571581282188163e+03 9.999999279597917567e-01 9.999999218151138791e-01 9.999999216498929311e-01
4.861585430112324502e+03 9.999999488613015020e-01 9.999999440911100379e-01 9.999999439683880942e-01
4.861599278942461751e+03 9.999999641855777943e-01 9.999999605385979651e-01 9.999999604478890802e-01
4.861613127772598091e+03 9.999999752573375256e-01 9.999999725128675410e-01 9.999999724463469741e-01
4.861626976602735340e+03 9.999999831385973925e-01 9.999999811063693400e-01 9.999999810580822990e-01
4.861640825432871679e+03 9.999999886651342873e-01 9.999999871846637634e-01 9.999999871500252491e-01
4.861654674263008019e+03 9.999999924823268493e-01 9.999999914213603125e-01 9.999999913968327103e-01
4.861668523093144358e+03 9.999999950791297332e-01 9.999999943312017914e-01 9.999999943140701619e-01
4.861682371923281607e+03 9.999999968190257382e-01 9.999999963003876058e-01 9.999999962885899318e-01
4.861696220753417947e+03 9.999999979671868600e-01 9.999999976134237301e-01 9.999999976054164685e-01
4.861710069583555196e+03 9.999999987134866597e-01 9.999999984761274163e-01 9.999999984707725886e-01
4.861723918413691536e+03 9.999999991913853803e-01 9.999999990347271384e-01 9.999999990311997378e-01
4.861737767243828785e+03 9.999999994929820168e-01 9.999999993912690455e-01 9.999999993889798766e-01
4.861751616073965124e+03 9.999999996806786529e-01 9.999999996157085125e-01 9.999999996142460157e-01
4.861765464904102373e+03 9.999999997959946318e-01 9.999999997551597408e-01 9.999999997542390329e-01
4.861779313734238713e+03 9.999999998660595857e-01 9.999999998407977930e-01 9.999999998402273604e-01
4.861793162564375962e+03 9.999999999082829216e-01 9.999999998928945644e-01 9.999999998925458433e-01
4.861807011394512301e+03 9.999999999336400824e-01 9.999999999244016946e-01 9.999999999241918625e-01
4.861820860224649550e+03 9.999999999489266322e-01 9.999999999434540099e-01 9.999999999433295539e-01
4.861834709054785890e+03 9.999999999582801502e-01 9.999999999550740482e-01 9.999999999550007734e-01
4.861848557884922229e+03 9.999999999641737691e-01 9.999999999623097047e-01 9.999999999622672942e-01
4.861862406715058569e+03 9.999999999680642127e-01 9.999999999669824113e-01 9.999999999669576534e-01
4.861876255545195818e+03 9.999999999707940290e-01 9.999999999701617570e-01 9.999999999701477682e-01
4.861890104375332157e+03 9.999999999728457212e-01 9.999999999724683564e-01 9.999999999724602517e-01
4.861903953205469406e+03 9.999999999744900725e-01 9.999999999742567036e-01 9.999999999742517076e-01
4.861917802035605746e+03 9.999999999758807379e-01 9.999999999757276381e-01 9.999999999757243074e-01
4.861931650865742995e+03 9.999999999771019832e-01 9.999999999769942916e-01 9.999999999769919601e-01
4.861945499695879334e+03 9.999999999782016591e-01 9.999999999781203908e-01 9.999999999781185034e-01
4.861959348526016583e+03 9.999999999792084093e-01 9.999999999791430172e-01 9.999999999791414629e-01
4.861973197356152923e+03 9.999999999801389983e-01 9.999999999800837092e-01 9.999999999800827100e-01
4.861987046186290172e+03 9.999999999810046392e-01 9.999999999809561224e-01 9.999999999809553453e-01
4.862000895016426512e+03 9.999999999818128815e-01 9.999999999817695828e-01 9.999999999817689167e-01
4.862014743846563761e+03 9.999999999825694985e-01 9.999999999825301966e-01 9.999999999825295305e-01
4.862028592676700100e+03 9.999999999832793751e-01 9.999999999832434039e-01 9.999999999832429598e-01
4.862042441506836440e+03 9.999999999839469522e-01 9.999999999839137566e-01 9.999999999839129794e-01
4.862056290336972779e+03 9.999999999845742282e-01 9.999999999845441412e-01 9.999999999845434751e-01
4.862070139167110028e+03 9.999999999851658661e-01 9.999999999851378885e-01 9.999999999851373333e-01
4.862083987997246368e+03 9.999999999857239752e-01 9.999999999856981070e-01 9.999999999856975519e-01
4.862097836827383617e+03 9.999999999862508870e-01 9.999999999862267952e-01 9.999999999862264621e-01
4.862111685657519956e+03 9.999999999867491551e-01 9.999999999867271727e-01 9.999999999867267286e-01
4.862125534487657205e+03 9.999999999872209999e-01 9.999999999872003498e-01 9.999999999871999057e-01
4.862139383317793545e+03 9.999999999876675316e-01 9.999999999876485468e-01 9.999999999876481027e-01
4.862153232147930794e+03 9.999999999880911927e-01 9.999999999880734292e-01 9.999999999880729851e-01
4.862167080978067133e+03 9.999999999884935376e-01 9.999999999884769952e-01 9.999999999884766622e-01
4.862180929808204382e+03 9.999999999888756763e-01 9.999999999888603552e-01 9.999999999888601332e-01
4.862194778638340722e+03 9.999999999892393854e-01 9.999999999892245084e-01 9.999999999892241753e-01
4.862208627468477971e+03 9.999999999895849978e-01 9.999999999895717862e-01 9.999999999895712310e-01
4.862222476298614311e+03 9.999999999899142900e-01 9.999999999899018555e-01 9.999999999899011893e-01
4.862236325128751560e+03 9.999999999902283720e-01 9.999999999902164927e-01 9.999999999902161596e-01
4.862250173958886990e+03 9.999999999905277992e-01 9.999999999905169190e-01 9.999999999905165859e-01
4.862264022789024239e+03 9.999999999908140147e-01 9.999999999908033566e-01 9.999999999908033566e-01
4.862277871619160578e+03 9.999999999910870185e-01 9.999999999910772486e-01 9.999999999910768045e-01
4.862291720449297827e+03 9.999999999913480320e-01 9.999999999913387061e-01 9.999999999913387061e-01
4.862305569279434167e+03 9.999999999915977211e-01 9.999999999915892834e-01 9.999999999915889504e-01
4.862319418109571416e+03 9.999999999918371962e-01 9.999999999918289806e-01 9.999999999918286475e-01
4.862333266939707755e+03 9.999999999920661242e-01 9.999999999920584637e-01 9.999999999920583527e-01
4.862347115769845004e+03 9.999999999922858374e-01 9.999999999922785099e-01 9.999999999922783989e-01
4.862360964599981344e+03 9.999999999924965577e-01 9.999999999924895633e-01 9.999999999924893412e-01
4.862374813430118593e+03 9.999999999926981742e-01 9.999999999926916239e-01 9.999999999926916239e-01
4.862388662260254932e+03 9.999999999928920191e-01 9.999999999928860239e-01 9.999999999928859129e-01
4.862402511090392181e+03 9.999999999930783146e-01 9.999999999930727634e-01 9.999999999930725414e-01
4.862416359920528521e+03 9.999999999932576156e-01 9.999999999932521755e-01 9.999999999932520645e-01
4.862430208750665770e+03 9.999999999934301442e-01 9.999999999934249262e-01 9.999999999934244821e-01
4.862444057580801200e+03 9.999999999935955675e-01 9.999999999935905715e-01 9.999999999935903494e-01
4.862457906410938449e+03 9.999999999937548845e-01 9.999999999937506656e-01 9.999999999937503325e-01
4.862471755241074789e+03 9.999999999939089834e-01 9.999999999939044315e-01 9.999999999939042095e-01
4.862485604071212038e+03 9.999999999940571982e-01 9.999999999940526463e-01 9.999999999940525353e-01
4.862499452901348377e+03 9.999999999941995288e-01 9.999999999941955320e-01 9.999999999941954210e-01
4.862513301731485626e+03 9.999999999943369744e-01 9.999999999943333107e-01 9.999999999943330886e-01
4.862527150561621966e+03 9.999999999944698681e-01 9.999999999944664264e-01 9.999999999944659823e-01
4.862540999391759215e+03 9.999999999945978768e-01 9.999999999945944351e-01 9.999999999945942131e-01
4.862554848221895554e+03 9.999999999947214446e-01 9.999999999947183360e-01 9.999999999947180029e-01
4.862568697052032803e+03 9.999999999948407936e-01 9.999999999948379070e-01 9.999999999948377960e-01
4.862582545882169143e+03 9.999999999949565899e-01 9.999999999949537033e-01 9.999999999949533702e-01
4.862596394712306392e+03 9.999999999950683893e-01 9.999999999950652807e-01 9.999999999950650587e-01
4.862610243542442731e+03 9.999999999951761920e-01 9.999999999951737495e-01 9.999999999951734164e-01
4.862624092372579980e+03 9.999999999952806640e-01 9.999999999952781105e-01 9.999999999952779994e-01
4.862637941202715410e+03 9.999999999953816943e-01 9.999999999953792518e-01 9.999999999953792518e-01
4.862651790032852659e+03 9.999999999954793939e-01 9.999999999954772845e-01 9.999999999954773955e-01
4.862665638862988999e+03 9.999999999955744290e-01 9.999999999955724306e-01 9.999999999955724306e-01
4.862679487693126248e+03 9.999999999956664665e-01 9.999999999956643570e-01 9.999999999956642460e-01
4.862693336523262587e+03 9.999999999957558394e-01 9.999999999957533969e-01 9.999999999957531749e-01
4.862707185353399836e+03 9.999999999958419927e-01 9.999999999958379959e-01 9.999999999958376629e-01
4.862721034183536176e+03 9.999999999959257035e-01 9.999999999959123809e-01 9.999999999959120478e-01
4.862734883013673425e+03 9.999999999960067498e-01 9.999999999959667818e-01 9.999999999959660046e-01
