# lambda[A]  T_theo  T_instr  T_rot+instr  (He I 10830)
1.082750000000000182e+04 9.783922975634876673e-01 9.763400361643210790e-01 9.753649973198578182e-01
1.082751497005988131e+04 9.770091958469930837e-01 9.756163197996942094e-01 9.748547810500635125e-01
1.082752994011976261e+04 9.756111333069432678e-01 9.747747969420653691e-01 9.742114574521585357e-01
1.082754491017964028e+04 9.742249414743603397e-01 9.738357304533648007e-01 9.734486460542053354e-01
1.082755988023952159e+04 9.728758057074511356e-01 9.728258186757848813e-01 9.725899421408426004e-01
1.082757485029940108e+04 9.715849750474138125e-01 9.717742171853662736e-01 9.716634685628597889e-01
1.082758982035928238e+04 9.703678988745793044e-01 9.707086217720400922e-01 9.706968473772783490e-01
1.082760479041916187e+04 9.692330726654402318e-01 9.696522575850559100e-01 9.697139035113517824e-01
1.082761976047904318e+04 9.681817971433702708e-01 9.686222080651427646e-01 9.687332389366966057e-01
1.082763473053892267e+04 9.672089154680146850e-01 9.676290735024563050e-01 9.677681173448323682e-01
1.082764970059880397e+04 9.663043975816578701e-01 9.666776375536060284e-01 9.668270119501046755e-01
1.082766467065868346e+04 9.654554406850076598e-01 9.657681023249520269e-01 9.659143959864397999e-01
1.082767964071856477e+04 9.646486298665961634e-01 9.648974944279653521e-01 9.650315862857028471e-01
1.082769461077844426e+04 9.638717159797042244e-01 9.640609668116773001e-01 9.641775667387803006e-01
1.082770958083832556e+04 9.631147211959253385e-01 9.632528521691262613e-01 9.633497487205726628e-01
1.082772455089820323e+04 9.623703106077835523e-01 9.624674237336866556e-01 9.625446295321082868e-01
1.082773952095808454e+04 9.616335736100454223e-01 9.616993798478069566e-01 9.617583192182990182e-01
1.082775449101796403e+04 9.609014678804513876e-01 9.609440981651008462e-01 9.609869238100917643e-01
1.082776946107784534e+04 9.601721759793742095e-01 9.601977155589339619e-01 9.602267917373976669e-01
1.082778443113772482e+04 9.594445468816309441e-01 9.594570894273216632e-01 9.594746438746569739e-01
1.082779940119760613e+04 9.587176979441603963e-01 9.587196898518484112e-01 9.587276145463404786e-01
1.082781437125748562e+04 9.579907784126570069e-01 9.579834624798040377e-01 9.579832317392771301e-01
1.082782934131736693e+04 9.572628575317257971e-01 9.572466908430058430e-01 9.572393616680092698e-01
1.082784431137724641e+04 9.565328918415866299e-01 9.565078757765962392e-01 9.564941376338592649e-01
1.082785928143712772e+04 9.557997334258173661e-01 9.557656400948387754e-01 9.557458873110636910e-01
1.082787425149700721e+04 9.550621527180512826e-01 9.550186596299904407e-01 9.549930671983528629e-01
1.082788922155688851e+04 9.543188604516615881e-01 9.542656173964416677e-01 9.542342085665064255e-01
1.082790419161676618e+04 9.535685218227184512e-01 9.535051756929003863e-01 9.534678760351288362e-01
1.082791916167664749e+04 9.528097617769059058e-01 9.527359607569331201e-01 9.526926378941380502e-01
1.082793413173652698e+04 9.520411637199200916e-01 9.519565554138539332e-01 9.519070462564318547e-01
1.082794910179640829e+04 9.512612651770674388e-01 9.511654963939926155e-01 9.511096248236410311e-01
1.082796407185628777e+04 9.504685535721446588e-01 9.503612741990373758e-01 9.502988621969611360e-01
1.082797904191616908e+04 9.496614641009804014e-01 9.495423343514765024e-01 9.494732090405892944e-01
1.082799401197604857e+04 9.488383803823005058e-01 9.487070794937798590e-01 9.486310778399740240e-01
1.082800898203592988e+04 9.479976376175919262e-01 9.478538721501101882e-01 9.477708443900724200e-01
1.082802395209580936e+04 9.471375275474148703e-01 9.469810381033737512e-01 9.468908504544284455e-01
1.082803892215569067e+04 9.462563044354859176e-01 9.460868703607794306e-01 9.459894072470852455e-01
1.082805389221556834e+04 9.453521914826805705e-01 9.451696336513082386e-01 9.450647995209594532e-01
1.082806886227544965e+04 9.444233872853063927e-01 9.442275693635983069e-01 9.441152901214402426e-01
1.082808383233532913e+04 9.434680721393807756e-01 9.432589008144836029e-01 9.431391249051664927e-01
1.082809880239521044e+04 9.424844141078310145e-01 9.422618387420663710e-01 9.421345379484435956e-01
1.082811377245508993e+04 9.414705748430983734e-01 9.412345869386247177e-01 9.410997569886216940e-01
1.082812874251497124e+04 9.404247151939933991e-01 9.401753479700981631e-01 9.400330090603002953e-01
1.082814371257485072e+04 9.393450006581809397e-01 9.390823289632707072e-01 9.389325263079633110e-01
1.082815868263473203e+04 9.382296067511944893e-01 9.379537474736111546e-01 9.377965519768852731e-01
1.082817365269461152e+04 9.370767243864785989e-01 9.367878374732477864e-01 9.366233466033067057e-01
1.082818862275449283e+04 9.358845653603076187e-01 9.355828555185519146e-01 9.354111944413950885e-01
1.082820359281437231e+04 9.346513680531812751e-01 9.343370871703288172e-01 9.341584101771651660e-01
1.082821856287425362e+04 9.333754034521405396e-01 9.330488537471457455e-01 9.328633459876995992e-01
1.082823353293413129e+04 9.320549816134630072e-01 9.317165194944670992e-01 9.315243990073110991e-01
1.082824850299401260e+04 9.306884586690277184e-01 9.303384992495143946e-01 9.301400192607922612e-01
1.082826347305389208e+04 9.292742444886240571e-01 9.289132666744058797e-01 9.287087181177804407e-01
1.082827844311377339e+04 9.278108110869730529e-01 9.274393631184125741e-01 9.272290773117750629e-01
1.082829341317365288e+04 9.262967018601947489e-01 9.259154071542508024e-01 9.256997585528560224e-01
1.082830838323353419e+04 9.247305417062761101e-01 9.243401048134841647e-01 9.241195137450782804e-01
1.082832335329341367e+04 9.231110480643228700e-01 9.227122605226024676e-01 9.224871957983066251e-01
1.082833832335329498e+04 9.214370428674897306e-01 9.210307887148442285e-01 9.208017700004749173e-01
1.082835329341317447e+04 9.197074653782052467e-01 9.192947260638419937e-01 9.190623258905540327e-01
1.082836826347305578e+04 9.179213858206515253e-01 9.175032442546695588e-01 9.172680895455430639e-01
1.082838323353293526e+04 9.160780197004305681e-01 9.156556631767609478e-01 9.154184361673551873e-01
1.082839820359281657e+04 9.141767426434856958e-01 9.137514643924448121e-01 9.135129028282661379e-01
1.082841317365269424e+04 9.122171055647351201e-01 9.117903047055220256e-01 9.115512012072926051e-01
1.082842814371257555e+04 9.101988499237086971e-01 9.097720296272365781e-01 9.095332301251515261e-01
1.082844311377245504e+04 9.081219228151520273e-01 9.076966865128535122e-01 9.074590876626349445e-01
1.082845808383233634e+04 9.059864915998255830e-01 9.055645371212709405e-01 9.053290826267423874e-01
1.082847305389221583e+04 9.037929577819181493e-01 9.033760693326868818e-01 9.031437451107472425e-01
1.082848802395209714e+04 9.015419698152807859e-01 9.011320077450859500e-01 9.009038358785687040e-01
1.082850299401197663e+04 8.992344345329802424e-01 8.988333228585511092e-01 8.986103542903860486e-01
1.082851796407185793e+04 8.968715268830655951e-01 8.964812385462799238e-01 8.962645444754512303e-01
1.082853293413173742e+04 8.944546976742364652e-01 8.940772375018317675e-01 8.938678994501921826e-01
1.082854790419161873e+04 8.919856790211118103e-01 8.916230643428876279e-01 8.914221628763379091e-01
1.082856287425149822e+04 8.894664872073290152e-01 8.891207260427829162e-01 8.889293281576557959e-01
1.082857784431137952e+04 8.868994226478801313e-01 8.865724893537917373e-01 8.863916345894948812e-01
1.082859281437125719e+04 8.842870666458790829e-01 8.839808748843241970e-01 8.838115603095989536e-01
1.082860778443113850e+04 8.816322745835049046e-01 8.813486475026782729e-01 8.811918118612778184e-01
1.082862275449101799e+04 8.789381651564970310e-01 8.786788027740518592e-01 8.785353102837774042e-01
1.082863772455089929e+04 8.762081051945963539e-01 8.759745492114110466e-01 8.758451738050700985e-01
1.082865269461077878e+04 8.734456895606304005e-01 8.732392862568294500e-01 8.731246974464650368e-01
1.082866766467066009e+04 8.706547155681428896e-01 8.704765781358866361e-01 8.703773301733256362e-01
1.082868263473053958e+04 8.678391513836826165e-01 8.676901240757144418e-01 8.676066506547490675e-01
1.082869760479042088e+04 8.650030979629464989e-01 8.648837258800339267e-01 8.648163432315248977e-01
1.082871257485030037e+04 8.621507443593003917e-01 8.620612545391451720e-01 8.620101763249909954e-01
1.082872754491018168e+04 8.592863167396663782e-01 8.592266184311135868e-01 8.591919862157016974e-01
1.082874251497006117e+04 8.564140223193618118e-01 8.563837367256118549e-01 8.563656698161312697e-01
1.082875748502994247e+04 8.535379907424494039e-01 8.535365227726068316e-01 8.535351906561593482e-01
1.082877245508982014e+04 8.506622173313107549e-01 8.506888834213842676e-01 8.507046026565735497e-01
1.082878742514970145e+04 8.477905151180737953e-01 8.478447411728324834e-01 8.478780962152231426e-01
1.082880239520958094e+04 8.449264856933050849e-01 8.450080865412198383e-01 8.450600704865247614e-01
1.082881736526946224e+04 8.420735223554509652e-01 8.421830676447799036e-01 8.422552343212640347e-01
1.082883233532934173e+04 8.392348625091702319e-01 8.393741224800339573e-01 8.394687360204194926e-01
1.082884730538922304e+04 8.364137087914668145e-01 8.365861562215841651e-01 8.367063188074516100e-01
1.082886227544910253e+04 8.336134389428829783e-01 8.338247610169464696e-01 8.339744948412992631e-01
1.082887724550898383e+04 8.308379212223624410e-01 8.310964691513859082e-01 8.312807259583152586e-01
1.082889221556886332e+04 8.280919434918514455e-01 8.284090225342967129e-01 8.286335946212061154e-01
1.082890718562874463e+04 8.253817482215209944e-01 8.257716330311604125e-01 8.260429444197023852e-01
1.082892215568862230e+04 8.227156421018545496e-01 8.231952004873986928e-01 8.235199666820410824e-01
1.082893712574850360e+04 8.201046190066826336e-01 8.206924499341184953e-01 8.210772091043443410e-01
1.082895209580838309e+04 8.175629033486225827e-01 8.182779480883759504e-01 8.187284844505688941e-01
1.082896706586826440e+04 8.151082951784720532e-01 8.159679632717128372e-01 8.164886627097994731e-01
1.082898203592814389e+04 8.127621890810534655e-01 8.137801430548777804e-01 8.143733386023607190e-01
1.082899700598802519e+04 8.105491556571872147e-01 8.117330001212287316e-01 8.123983774872205466e-01
1.082901197604790468e+04 8.084960221537182967e-01 8.098452177088419912e-01 8.105793555185046850e-01
1.082902694610778599e+04 8.066304636960215380e-01 8.081348091153623958e-01 8.089309228827750164e-01
1.082904191616766548e+04 8.049792048741969408e-01 8.066181878872790145e-01 8.074661304265832173e-01
1.082905688622754678e+04 8.035660125718527835e-01 8.053092229227400978e-01 8.061957682600114916e-01
1.082907185628742627e+04 8.024097147323593360e-01 8.042183625932278757e-01 8.051277685770930059e-01
1.082908682634730758e+04 8.015224934501858911e-01 8.033519119111097728e-01 8.042667230827720282e-01
1.082910179640718525e+04 8.009086728346918038e-01 8.027115359778107528e-01 8.036135578934351376e-01
1.082911676646706655e+04 8.005641603172626297e-01 8.022940423709690183e-01 8.031653962134814861e-01
1.082913173652694604e+04 8.004766166970129770e-01 8.020914672996629635e-01 8.029156228498232073e-01
1.082914670658682735e+04 8.006263373786413062e-01 8.020914590182474102e-01 8.028541466265622928e-01
1.082916167664670684e+04 8.009877361329263978e-01 8.022779214797736147e-01 8.029678391885971545e-01
1.082917664670658814e+04 8.015312450043987624e-01 8.026318557327472014e-01 8.032411136580641653e-01
1.082919161676646763e+04 8.022253927378470983e-01 8.031323194824345757e-01 8.036565958715718994e-01
1.082920658682634894e+04 8.030388109546464648e-01 8.037574185230154100e-01 8.041958355846590134e-01
1.082922155688622843e+04 8.039419472294569990e-01 8.044852476955454135e-01 8.048400054132864856e-01
1.082923652694610973e+04 8.049083311616146430e-01 8.052947122863899354e-01 8.055705409371958226e-01
1.082925149700598922e+04 8.059153268628331812e-01 8.061661806831440513e-01 8.063696851997033122e-01
1.082926646706587053e+04 8.069443914037895960e-01 8.070819422262253129e-01 8.072209132413247223e-01
1.082928143712574820e+04 8.079809248810571054e-01 8.080264670151906525e-01 8.081092255666287860e-01
1.082929640718562950e+04 8.090138337776886512e-01 8.089864839495960469e-01 8.090213119315047274e-01
1.082931137724550899e+04 8.100349351387413632e-01 8.099509074672726072e-01 8.099455972437730189e-01
1.082932634730539030e+04 8.110383122178591586e-01 8.109106514089349238e-01 8.108721888541874367e-01
1.082934131736526979e+04 8.120197031341281901e-01 8.118583704098112364e-01 8.117927487532567987e-01
1.082935628742515109e+04 8.129759723722360665e-01 8.127881662645264349e-01 8.127003153299565685e-01
1.082937125748503058e+04 8.139046872468276295e-01 8.136952903811685012e-01 8.135890979014885893e-01
1.082938622754491189e+04 8.148038009667587511e-01 8.145758653950480044e-01 8.144542639150932350e-01
1.082940119760479138e+04 8.156714311226843650e-01 8.154266407226797853e-01 8.152917343469711087e-01
1.082941616766467268e+04 8.165057161868408686e-01 8.162447893960413925e-01 8.160979981140482620e-01
1.082943113772455217e+04 8.173047311202972232e-01 8.170277475781504428e-01 8.168699518604733978e-01
1.082944610778443348e+04 8.180664446711619631e-01 8.177730939657134046e-01 8.176047676828678279e-01
1.082946107784431115e+04 8.187887039140668843e-01 8.184784637592019685e-01 8.182997884262024346e-01
1.082947604790419246e+04 8.194692350046777207e-01 8.191414907517721167e-01 8.189524481611480944e-01
1.082949101796407194e+04 8.201056523422455280e-01 8.197597709928922116e-01 8.195602142680717961e-01
1.082950598802395325e+04 8.206954710334658509e-01 8.203308420528754308e-01 8.201205470532211272e-01
1.082952095808383274e+04 8.212361195983171047e-01 8.208521728334330358e-01 8.206308728293291166e-01
1.082953592814371405e+04 8.217249512964512892e-01 8.213211598958259918e-01 8.210885667292212586e-01
1.082955089820359353e+04 8.221592533498170985e-01 8.217351272516547622e-01 8.214909420347771274e-01
1.082956586826347484e+04 8.225362538293865544e-01 8.220913273924128628e-01 8.218352433781553890e-01
1.082958083832335433e+04 8.228531261656487628e-01 8.223869419882510190e-01 8.221186417280229586e-01
1.082959580838323564e+04 8.231069912529814792e-01 8.226190811673407266e-01 8.223382295649023233e-01
1.082961077844311512e+04 8.232949170197166877e-01 8.227847806201583625e-01 8.224910150575192036e-01
1.082962574850299643e+04 8.234139152112537330e-01 8.228809959932588125e-01 8.225739143759738248e-01
1.082964071856287410e+04 8.234609350152207741e-01 8.229045941810823050e-01 8.225837415290035981e-01
1.082965568862275541e+04 8.234328530900916210e-01 8.228523412243790025e-01 8.225171953085570475e-01
1.082967065868263489e+04 8.233264595490972226e-01 8.227208866053664638e-01 8.223708430840663830e-01
1.082968562874251620e+04 8.231384395112034680e-01 8.225067438105875262e-01 8.221411013289333658e-01
1.082970059880239569e+04 8.228653499526713544e-01 8.222062671236961551e-01 8.218242128993551443e-01
1.082971556886227700e+04 8.225035917630878490e-01 8.218156247181053198e-01 8.214162212359655824e-01
1.082973053892215648e+04 8.220493771137453720e-01 8.213307682474801918e-01 8.209129418378566800e-01
1.082974550898203779e+04 8.214986924536400448e-01 8.207473992853903111e-01 8.203099315847569573e-01
1.082976047904191728e+04 8.208472576448622160e-01 8.200609331542008107e-01 8.196024567795225924e-01
1.082977544910179859e+04 8.200904819027685644e-01 8.192664609269643128e-01 8.187854611787266368e-01
1.082979041916167625e+04 8.192234173158663424e-01 8.183587107176572006e-01 8.178535358094368712e-01
1.082980538922155756e+04 8.182407107724664064e-01 8.173320098443447312e-01 8.168008930747273633e-01
1.082982035928143705e+04 8.171365551646548875e-01 8.161802501241380847e-01 8.156213485672549890e-01
1.082983532934131836e+04 8.159046408093846292e-01 8.148968595200855036e-01 8.143083151665515551e-01
1.082985029940119784e+04 8.145381082645012372e-01 8.134747846955840966e-01 8.128548153928314424e-01
1.082986526946107915e+04 8.130295042636492830e-01 8.119064908150422921e-01 8.112535195847178082e-01
1.082988023952095864e+04 8.113707436302588505e-01 8.101839871907294821e-01 8.094968191496709764e-01
1.082989520958083995e+04 8.095530820166020325e-01 8.082988900598954141e-01 8.075769457051322764e-01
1.082991017964071943e+04 8.075671075706577495e-01 8.062425366911661895e-01 8.054861480833847009e-01
1.082992514970060074e+04 8.054027644520342921e-01 8.040061677815123486e-01 8.032169395090659192e-01
1.082994011976048023e+04 8.030494278155478893e-01 8.015811970981104873e-01 8.007624262914221358e-01
1.082995508982036154e+04 8.004960583792555262e-01 7.989595876858263113e-01 7.981167265974269398e-01
1.082997005988023921e+04 7.977314745384517236e-01 7.961343516566460332e-01 7.952754828489829730e-01
1.082998502994012051e+04 7.947447897449508858e-01 7.931001845141086859e-01 7.922364637711979407e-01
1.083000000000000000e+04 7.915260700461532739e-01 7.898542342576927444e-01 7.890002421920145892e-01
1.083001497005987949e+04 7.880672671416775188e-01 7.863969898127981528e-01 7.855709228940738198e-01
1.083002994011976079e+04 7.843634705037709764e-01 7.827332532102343476e-01 7.819568822149939313e-01
1.083004491017964028e+04 7.804144914742970895e-01 7.788731371929693559e-01 7.781714692625849583e-01
1.083005988023952159e+04 7.762267371849468356e-01 7.748330077013141359e-01 7.742336095097548387e-01
1.083007485029940108e+04 7.718152512099507589e-01 7.706362732528030390e-01 7.701682472111264222e-01
1.083008982035928238e+04 7.672056982082035015e-01 7.663139153525037051e-01 7.660065653055477819e-01
1.083010479041916187e+04 7.624359718191969781e-01 7.619046599666033925e-01 7.617859312864249111e-01
1.083011976047904318e+04 7.575570426415071390e-01 7.574547122079534622e-01 7.575495348900667114e-01
1.083013473053892085e+04 7.526326776592483503e-01 7.530170142440412162e-01 7.533457070081103213e-01
1.083014970059880216e+04 7.477377860977476587e-01 7.486500360328851578e-01 7.492269363221294443e-01
1.083016467065868164e+04 7.429553810199508446e-01 7.444161624839555902e-01 7.452486271732053913e-01
1.083017964071856295e+04 7.383724453666447030e-01 7.403797895612842517e-01 7.414676651387418493e-01
1.083019461077844244e+04 7.340752675111632541e-01 7.366052760964979518e-01 7.379408721168111418e-01
1.083020958083832375e+04 7.301449644845313669e-01 7.331549102766604653e-01 7.347234380092318995e-01
1.083022455089820323e+04 7.266538752974945892e-01 7.300870367832473784e-01 7.318674106989432326e-01
1.083023952095808454e+04 7.236632859858811440e-01 7.274544546119171562e-01 7.294203112815480505e-01
1.083025449101796403e+04 7.212226162313967182e-01 7.253031440793220597e-01 7.274239205833027411e-01
1.083026946107784534e+04 7.193698626077797975e-01 7.236713254295622511e-01 7.259132602140734303e-01
1.083028443113772482e+04 7.181328490287681721e-01 7.225888029387761424e-01 7.249157713723577423e-01
1.083029940119760613e+04 7.175307261866482600e-01 7.220765179678015899e-01 7.244506812067600388e-01
1.083031437125748380e+04 7.175751844331816898e-01 7.221462284049425806e-01 7.245285419865361565e-01
1.083032934131736511e+04 7.182709662428323760e-01 7.228002511164172139e-01 7.251509327236318470e-01
1.083034431137724459e+04 7.196154507138375900e-01 7.240312432193531933e-01 7.263103240836411567e-01
1.083035928143712590e+04 7.215973102936839023e-01 7.258220471763271453e-01 7.279901215262007952e-01
1.083037425149700539e+04 7.241944916056869408e-01 7.281456711106214508e-01 7.301649138488454094e-01
1.083038922155688670e+04 7.273720181464361501e-01 7.309655066904281462e-01 7.328009601276604945e-01
1.083040419161676618e+04 7.310802953863785314e-01 7.342358928373170501e-01 7.358569442369287117e-01
1.083041916167664749e+04 7.352546393537519043e-01 7.379031103101563183e-01 7.392850116205902378e-01
1.083043413173652698e+04 7.398165820909957668e-01 7.419068426320045706e-01 7.430320792035380872e-01
1.083044910179640829e+04 7.446771299533041510e-01 7.461820720720567790e-01 7.470413799555871703e-01
1.083046407185628777e+04 7.497416577982523034e-01 7.506613091610234711e-01 7.512541738450176920e-01
1.083047904191616908e+04 7.549156814921933467e-01 7.552769954477968062e-01 7.556115323236503034e-01
1.083049401197604675e+04 7.601105272278699809e-01 7.599638844389774439e-01 7.600560888420201389e-01
1.083050898203592806e+04 7.652479851763730467e-01 7.646612020066395621e-01 7.645336461530144456e-01
1.083052395209580754e+04 7.702633485042620354e-01 7.693144151217879978e-01 7.689945428801401306e-01
1.083053892215568885e+04 7.751066590752996310e-01 7.738764900406995828e-01 7.733947051309537635e-01
1.083055389221556834e+04 7.797423574061475016e-01 7.783085868954310316e-01 7.776963400249330416e-01
1.083056886227544965e+04 7.841477694049103775e-01 7.825802042850557028e-01 7.818682620133026173e-01
1.083058383233532913e+04 7.883109343356214938e-01 7.866688436697099052e-01 7.858858748770706226e-01
1.083059880239521044e+04 7.922282239720497277e-01 7.905593016009746510e-01 7.897308582327424720e-01
1.083061377245508993e+04 7.959020813027087859e-01 7.942427152399660351e-01 7.933906246569712994e-01
1.083062874251497124e+04 7.993390721798803167e-01 7.977154847395860893e-01 7.968576212707815243e-01
1.083064371257484891e+04 8.025483287624151085e-01 8.009781795052866027e-01 8.001285484799017800e-01
1.083065868263473021e+04 8.055403833916010559e-01 8.040345101199600775e-01 8.032035603905146592e-01
1.083067365269460970e+04 8.083263452671404226e-01 8.068904197107352738e-01 8.060854986691409207e-01
1.083068862275449101e+04 8.109173528416150356e-01 8.095533224212617673e-01 8.087791968351594196e-01
1.083070359281437050e+04 8.133242330967648259e-01 8.120314953905789501e-01 8.112908773693321418e-01
1.083071856287425180e+04 8.155573070164320315e-01 8.143336154858497045e-01 8.136276512021242135e-01
1.083073353293413129e+04 8.176262927516565471e-01 8.164684228971887947e-01 8.157971190441581921e-01
1.083074850299401260e+04 8.195402706238961166e-01 8.184444896240863354e-01 8.178070669481137811e-01
1.083076347305389208e+04 8.213076851782958876e-01 8.202700705234620138e-01 8.196652442773216807e-01
1.083077844311377339e+04 8.229363682902773869e-01 8.219530165862587445e-01 8.213792104278641037e-01
1.083079341317365288e+04 8.244335736780591395e-01 8.235007333027191123e-01 8.229562365983648098e-01
1.083080838323353419e+04 8.258060174514484375e-01 8.249201705078037516e-01 8.244032500100402228e-01
1.083082335329341186e+04 8.270599219258482071e-01 8.262178334169295590e-01 8.257268097154448760e-01
1.083083832335329316e+04 8.282010613671015875e-01 8.273998073782197205e-01 8.269331050877275491e-01
1.083085329341317265e+04 8.292348089527922239e-01 8.284717910818294451e-01 8.280279699749160116e-01
1.083086826347305396e+04 8.301661844325129991e-01 8.294391346033764822e-01 8.290169071748523244e-01
1.083088323353293345e+04 8.309999019061923287e-01 8.303068798056412181e-01 8.299051192666316856e-01
1.083089820359281475e+04 8.317404170357588500e-01 8.310798013930618122e-01 8.306975429176002290e-01
1.083091317365269424e+04 8.323919728995958778e-01 8.317624474164727610e-01 8.313988846024095158e-01
1.083092814371257555e+04 8.329586436831269980e-01 8.323591783538502042e-01 8.320136562707833860e-01
1.083094311377245504e+04 8.334443754442506513e-01 8.328742041167731536e-01 8.325462099352671785e-01
1.083095808383233634e+04 8.338530233235184053e-01 8.333116185001774312e-01 8.330007704656283707e-01
1.083097305389221583e+04 8.341883847425117793e-01 8.336754307341048831e-01 8.333814661100854559e-01
1.083098802395209714e+04 8.344542283442025754e-01 8.339695939252748103e-01 8.336923564420578581e-01
1.083100299401197481e+04 8.346543186358625910e-01 8.341980302982020534e-01 8.339374575724883831e-01
1.083101796407185611e+04 8.347924364953832610e-01 8.343646532588666620e-01 8.341207645823143224e-01
1.083103293413173560e+04 8.348723958636045106e-01 8.344733864042536142e-01 8.342462712225098276e-01
1.083104790419161691e+04 8.348980570712132288e-01 8.345281796834338461e-01 8.343179870021419919e-01
1.083106287425149640e+04 8.348733373248492518e-01 8.345330229760048457e-01 8.343399518383426416e-01
1.083107784431137770e+04 8.348022189080200883e-01 8.344919573890428044e-01 8.343162484758135378e-01
1.083109281437125719e+04 8.346887556377597939e-01 8.344090845836834580e-01 8.342510128976914352e-01
1.083110778443113850e+04 8.345370780657137555e-01 8.342885744282334537e-01 8.341484429452793448e-01
1.083112275449101799e+04 8.343513978297391054e-01 8.341346712393783447e-01 8.340128053432658284e-01
1.083113772455089929e+04 8.341360114571189088e-01 8.339516988207487103e-01 8.338484412923278244e-01
1.083115269461077878e+04 8.338953038048328992e-01 8.337440644437864590e-01 8.336597707459487694e-01
1.083116766467066009e+04 8.336337512013610729e-01 8.335162618449228900e-01 8.334512954367009341e-01
1.083118263473053776e+04 8.333559242410674139e-01 8.332728732406653460e-01 8.332276006630541243e-01
1.083119760479041906e+04 8.330664900770641257e-01 8.330185702931821590e-01 8.329933557948996370e-01
1.083121257485029855e+04 8.327702139736377074e-01 8.327581138974803343e-01 8.327533134077809152e-01
1.083122754491017986e+04 8.324719598106400387e-01 8.324963526105975120e-01 8.325123069153489430e-01
1.083124251497005935e+04 8.321766891890353124e-01 8.322382195058626309e-01 8.322752465390913512e-01
1.083125748502994065e+04 8.318894587620263570e-01 8.319887272127209910e-01 8.320471134356792753e-01
1.083127245508982014e+04 8.316154154158315048e-01 8.317529608956141240e-01 8.318329517962829156e-01
1.083128742514970145e+04 8.313597889396130425e-01 8.315360689340601796e-01 8.316378587394279709e-01
1.083130239520958094e+04 8.311278818608907049e-01 8.313432510897267314e-01 8.314669718391507480e-01
1.083131736526946224e+04 8.309250561708507732e-01 8.311797439840905577e-01 8.313254541627558281e-01
1.083133233532934173e+04 8.307567167290721422e-01 8.310508037607242660e-01 8.312184767361865401e-01
1.083134730538922304e+04 8.306282912112493699e-01 8.309616858678209317e-01 8.311511984084232196e-01
1.083136227544910071e+04 8.305452065490954716e-01 8.309176219672748109e-01 8.311287431474416731e-01
1.083137724550898201e+04 8.305128619043787852e-01 8.309237940543092726e-01 8.311561748669612504e-01
1.083139221556886150e+04 8.305365983188760515e-01 8.309853059536386199e-01 8.312384699529771215e-01
1.083140718562874281e+04 8.306216652846045712e-01 8.311071524414767042e-01 8.313804877294159734e-01
1.083142215568862230e+04 8.307731845845192087e-01 8.312941863237260920e-01 8.315869391707576552e-01
1.083143712574850360e+04 8.309961118601962848e-01 8.315510838755399980e-01 8.318623542341455623e-01
1.083145209580838309e+04 8.312951964692176787e-01 8.318823091121989588e-01 8.322110482433225931e-01
1.083146706586826440e+04 8.316749403022155596e-01 8.322920774128398369e-01 8.326370878117332897e-01
1.083148203592814389e+04 8.321395563254808669e-01 8.327843190559883757e-01 8.331442568439375584e-01
1.083149700598802519e+04 8.326929276889564191e-01 8.333626432515638394e-01 8.337360232058994569e-01
1.083151197604790286e+04 8.333385682509489856e-01 8.340303032752814927e-01 8.344155067090660571e-01
1.083152694610778417e+04 8.340795852994002946e-01 8.347901633406294986e-01 8.351854491124889313e-01
1.083154191616766366e+04 8.349186450573629070e-01 8.356446678970462782e-01 8.360481869099171126e-01
1.083155688622754496e+04 8.358579412896505190e-01 8.365958141359349787e-01 8.370056277262689637e-01
1.083157185628742445e+04 8.368991670401019212e-01 8.376451286260684359e-01 8.380592311818835238e-01
1.083158682634730576e+04 8.380434893829113996e-01 8.387936491745870971e-01 8.392099950639911876e-01
1.083160179640718525e+04 8.392915271969615398e-01 8.400419131767217218e-01 8.404584475338343630e-01
1.083161676646706655e+04 8.406433325267778089e-01 8.413899537952941321e-01 8.418046458522254749e-01
1.083163173652694604e+04 8.420983771200430956e-01 8.428373051819896267e-01 8.432481816913843797e-01
1.083164670658682735e+04 8.436555472851068327e-01 8.443830174805802002e-01 8.447881925055052976e-01
1.083166167664670684e+04 8.453131522089750716e-01 8.460256814229440980e-01 8.464233776867204906e-01
1.083167664670658814e+04 8.470689529971371368e-01 8.477634609070023863e-01 8.481520174215707586e-01
1.083169161676646581e+04 8.489202208826200913e-01 8.495941301388681977e-01 8.499719914291715694e-01
1.083170658682634712e+04 8.508638313510121787e-01 8.515151100254115812e-01 8.518807942954681467e-01
1.083172155688622661e+04 8.528963937267326489e-01 8.535234969993679144e-01 8.538755441226725251e-01
1.083173652694610792e+04 8.550144016892160526e-01 8.556160769413836409e-01 8.559529818592820360e-01
1.083175149700598740e+04 8.572143713793782815e-01 8.577893178899136384e-01 8.581094600425763774e-01
1.083176646706586871e+04 8.594929176367290813e-01 8.600393381239558321e-01 8.603409217078122895e-01
1.083178143712574820e+04 8.618467161420101386e-01 8.623618508636939906e-01 8.626428726610821940e-01
1.083179640718562950e+04 8.642723183508267404e-01 8.647520926245552131e-01 8.650103527803517656e-01
1.083181137724550899e+04 8.667658266400219969e-01 8.672047480497536709e-01 8.674379140020086476e-01
1.083182634730539030e+04 8.693224872653224633e-01 8.697138884168036377e-01 8.699196136619083974e-01
1.083184131736526979e+04 8.719362993732298062e-01 8.722729426070389147e-01 8.724490314960983151e-01
1.083185628742515109e+04 8.745997522636344002e-01 8.748747172416079243e-01 8.750193166972725090e-01
1.083187125748502876e+04 8.773037832847780937e-01 8.775114767987824971e-01 8.776232680973850009e-01
1.083188622754491007e+04 8.800380010644816009e-01 8.801750856289841662e-01 8.802534462434138396e-01
1.083190119760478956e+04 8.827911582495180376e-01 8.828572034807410374e-01 8.829023115375841391e-01
1.083191616766467087e+04 8.855518017781704998e-01 8.855495165207036834e-01 8.855623785303035067e-01
1.083193113772455035e+04 8.883089899857523619e-01 8.882439789360001559e-01 8.882263736417201905e-01
1.083194610778443166e+04 8.910529511973713790e-01 8.909330375853564687e-01 8.908873825929345402e-01
1.083196107784431115e+04 8.937755690418180965e-01 8.936098144399245990e-01 8.935389748625967021e-01
1.083197604790419246e+04 8.964706138833665738e-01 8.962682282702902903e-01 8.961752953769012153e-01
1.083199101796407194e+04 8.991336927863760042e-01 8.989030467671778046e-01 8.987911178707770343e-01
1.083200598802395325e+04 9.017619525973777916e-01 9.015098709868917259e-01 9.013818591714094497e-01
1.083202095808383274e+04 9.043536257303291803e-01 9.040850635317668749e-01 9.039435582266602820e-01
1.083203592814371405e+04 9.069075378268228738e-01 9.066256384559525650e-01 9.064728273047942819e-01
1.083205089820359171e+04 9.094226891582906092e-01 9.091291335633888693e-01 9.089667849411966483e-01
1.083206586826347302e+04 9.118979812428552600e-01 9.115934845238192752e-01 9.114229807296334585e-01
1.083208083832335251e+04 9.143321047639832999e-01 9.140169159096593887e-01 9.138393210916451181e-01
1.083209580838323382e+04 9.167235575784565826e-01 9.163978582262167771e-01 9.162140030953871417e-01
1.083211077844311330e+04 9.190707377618525520e-01 9.187348937721041553e-01 9.185454607554304207e-01
1.083212574850299461e+04 9.213720580305795327e-01 9.210267289731561835e-01 9.208323255569109689e-01
1.083214071856287410e+04 9.236260450514957032e-01 9.232721874275015006e-01 9.230734006416481119e-01
1.083215568862275541e+04 9.258314078036471440e-01 9.254702164600803194e-01 9.252676464352062036e-01
1.083217065868263489e+04 9.279870745644219765e-01 9.276199002213557643e-01 9.274141745594127739e-01
1.083218562874251620e+04 9.300922057229650264e-01 9.297204737129904917e-01 9.295122465718637095e-01
1.083220059880239569e+04 9.321461910485197011e-01 9.317713339566949804e-01 9.315612741821263088e-01
1.083221556886227700e+04 9.341486383550884343e-01 9.337720463123626580e-01 9.335608178169358951e-01
1.083223053892215466e+04 9.360993580582752660e-01 9.357223453371428246e-01 9.355105804210848142e-01
1.083224550898203597e+04 9.379983461537551026e-01 9.376221303399356888e-01 9.374103928935078045e-01
1.083226047904191546e+04 9.398457668929099951e-01 9.394714557413827993e-01 9.392601863790476235e-01
1.083227544910179677e+04 9.416419357767695786e-01 9.412705151841479490e-01 9.410599447910806825e-01
1.083229041916167625e+04 9.433873031619101068e-01 9.430196154572699774e-01 9.428096288139952152e-01
1.083230538922155756e+04 9.450824386422682633e-01 9.447191308375439966e-01 9.445090610744106829e-01
1.083232035928143705e+04 9.467280162910115537e-01 9.463694197279212128e-01 9.461577623465116105e-01
1.083233532934131836e+04 9.483248008231017767e-01 9.479706741920570501e-01 9.477547313743867052e-01
1.083235029940119784e+04 9.498736346987535217e-01 9.495226631901201308e-01 9.492981652177890917e-01
1.083236526946107915e+04 9.513754261874612927e-01 9.510243311703492353e-01 9.507851191875852370e-01
1.083238023952095682e+04 9.528311383767782416e-01 9.524732387589783800e-01 9.522111012993113022e-01
1.083239520958083813e+04 9.542417791172141950e-01 9.538648937222636848e-01 9.535695917339815919e-01
1.083241017964071762e+04 9.556083918665855270e-01 9.551921168734356371e-01 9.548515050500453460e-01
1.083242514970059892e+04 9.569320474056766113e-01 9.564446916084380357e-01 9.560447282485530218e-01
1.083244011976047841e+04 9.582138363762754407e-01 9.576096008684337191e-01 9.571340961596283003e-01
1.083245508982035972e+04 9.594548626026228044e-01 9.586720957023903145e-01 9.581023949715472554e-01
1.083247005988023921e+04 9.606562371416141888e-01 9.596176312030313404e-01 9.589329264515407125e-01
1.083248502994012051e+04 9.618190730188453941e-01 9.604343883133913407e-01 9.596135459797250356e-01
1.083250000000000000e+04 9.629444805931338669e-01 9.611157961233559588e-01 9.601410329921608033e-01
