# LHS 1140b p-winds, H:He = 0.0001, Mdot = 2.030e+08 g/s, T = 6100 K
# vacuum wavelength [A]  transmission  excess[%]  excess convolved R=68000 [%]
1.082896501340185387e+04 9.944907190717523493e-01 1.133891203153325478e-06 6.369942472675371453e-07
1.082899509682678581e+04 9.944907188339486837e-01 1.157803308782234808e-06 8.406103825012646920e-07
1.082902518025171594e+04 9.944907185905302871e-01 1.182279996125856769e-06 1.006821286184887776e-06
1.082905526367664606e+04 9.944907183413027596e-01 1.207340816211655010e-06 1.123241541323519281e-06
1.082908534710157619e+04 9.944907180860887985e-01 1.233003588119174765e-06 1.197094553836526754e-06
1.082911543052650813e+04 9.944907178246761292e-01 1.259289672539409821e-06 1.244173284611252172e-06
1.082914551395143644e+04 9.944907175568652447e-01 1.286219131202415156e-06 1.278410747385431365e-06
1.082917559737636839e+04 9.944907172824317687e-01 1.313814501635590659e-06 1.308054405137907030e-06
1.082920568080129851e+04 9.944907170011568764e-01 1.342097810663744895e-06 1.336740963449248160e-06
1.082923576422623046e+04 9.944907167127986503e-01 1.371093383273347399e-06 1.365722336732111361e-06
1.082926584765115877e+04 9.944907164171090663e-01 1.400826143971301008e-06 1.395352745846570059e-06
1.082929593107609071e+04 9.944907161138302198e-01 1.431322038669691210e-06 1.425728657344002574e-06
1.082932601450102084e+04 9.944907158026941030e-01 1.462608012481325659e-06 1.456889318646983861e-06
1.082935609792595278e+04 9.944907154834127239e-01 1.494713031124916824e-06 1.488864749733075015e-06
1.082938618135088109e+04 9.944907151556949820e-01 1.527666348977163580e-06 1.521684868337919276e-06
1.082941626477581303e+04 9.944907148192242419e-01 1.561499818336642420e-06 1.555380786708242722e-06
1.082944634820074316e+04 9.944907144736826465e-01 1.596245402524232304e-06 1.589985133604855626e-06
1.082947643162567329e+04 9.944907141187223631e-01 1.631938073565208924e-06 1.625532146719771833e-06
1.082950651505060341e+04 9.944907137539769071e-01 1.668614679761759589e-06 1.662057767545457608e-06
1.082953659847553536e+04 9.944907133790920062e-01 1.706310848170744521e-06 1.699599741935341226e-06
1.082956668190046548e+04 9.944907129936431112e-01 1.745069266867460556e-06 1.738197729739891175e-06
1.082959676532539561e+04 9.944907125972319850e-01 1.784929981596405923e-06 1.777893426168502416e-06
1.082962684875032573e+04 9.944907121894180912e-01 1.825937290256263168e-06 1.818730696382632752e-06
1.082965693217525768e+04 9.944907117697370236e-01 1.868137899929678269e-06 1.860755721890321238e-06
1.082968701560018599e+04 9.944907113377021712e-01 1.911580715940885966e-06 1.904017156404981148e-06
1.082971709902511793e+04 9.944907108928062733e-01 1.956316775242328276e-06 1.948566293583577627e-06
1.082974718245004806e+04 9.944907104344978821e-01 2.002401500167394488e-06 1.994457252855317847e-06
1.082977726587498000e+04 9.944907099622277702e-01 2.049890146516020195e-06 2.041747185096941473e-06
1.082980734929990831e+04 9.944907094753718813e-01 2.098845441889096719e-06 2.090496493364849723e-06
1.082983743272484026e+04 9.944907089732982763e-01 2.149330935452553604e-06 2.140769065739802197e-06
1.082986751614977038e+04 9.944907084553379351e-01 2.201413917823913380e-06 2.192632524683629927e-06
1.082989759957470233e+04 9.944907079207734313e-01 2.255166497988625451e-06 2.246158499931334853e-06
1.082992768299963063e+04 9.944907073688368238e-01 2.310665925264743237e-06 2.301422930257561184e-06
1.082995776642456076e+04 9.944907067987384108e-01 2.367991591700757681e-06 2.358506399257532719e-06
1.082998784984949270e+04 9.944907062096195460e-01 2.427229828239063636e-06 2.417494508581152824e-06
1.083001793327442101e+04 9.944907056005685142e-01 2.488472339301495140e-06 2.478478286461654422e-06
1.083004801669935296e+04 9.944907049706268598e-01 2.551815481144359410e-06 2.541554628817076036e-06
1.083007810012428308e+04 9.944907043187526385e-01 2.617364025514490322e-06 2.606826779917160095e-06
1.083010818354921503e+04 9.944907036438553893e-01 2.685227629140030103e-06 2.674404868154171904e-06
1.083013826697414333e+04 9.944907029447692670e-01 2.755523520470148924e-06 2.744406506984444588e-06
1.083016835039907528e+04 9.944907022202348346e-01 2.828378342645265775e-06 2.816957458503460221e-06
1.083019843382400541e+04 9.944907014689045033e-01 2.903927598385536157e-06 2.892192357149196105e-06
1.083022851724893735e+04 9.944907006893487500e-01 2.982315028265958290e-06 2.970255507410132324e-06
1.083025860067386566e+04 9.944906998800224773e-01 3.063696007998828463e-06 3.051301782135444610e-06
1.083028868409879760e+04 9.944906990392703428e-01 3.148236971117768235e-06 3.135497641924049105e-06
1.083031876752372773e+04 9.944906981653163225e-01 3.236116530302979299e-06 3.223022281721705668e-06
1.083034885094865786e+04 9.944906972562257419e-01 3.327529207730606231e-06 3.314068907851019648e-06
1.083037893437358798e+04 9.944906963099304775e-01 3.422682959275391568e-06 3.408846160542816010e-06
1.083040901779851993e+04 9.944906953241939851e-01 3.521802682815433627e-06 3.507579711425744888e-06
1.083043910122344823e+04 9.944906942965717755e-01 3.625134192830614666e-06 3.610514073454124969e-06
1.083046918464838018e+04 9.944906932244418352e-01 3.732941122880362173e-06 3.717914663304913172e-06
1.083049926807331030e+04 9.944906921049394555e-01 3.845511542532875637e-06 3.830070155791024823e-06
1.083052935149824225e+04 9.944906909349451318e-01 3.963159123099302406e-06 3.947295169907467942e-06
1.083055943492317056e+04 9.944906897110443733e-01 4.086227212152238053e-06 4.069933334956087374e-06
1.083058951834810250e+04 9.944906884295253713e-01 4.215089044468101065e-06 4.198360804795294501e-06
1.083061960177303263e+04 9.944906870863022830e-01 4.350155480281614473e-06 4.332990309183231179e-06
1.083064968519796457e+04 9.944906856768784831e-01 4.491878646817326626e-06 4.474275847662794635e-06
1.083067976862289288e+04 9.944906841963266908e-01 4.640754025508897485e-06 4.622718148247706305e-06
1.083070985204782482e+04 9.944906826391758381e-01 4.797331731865028814e-06 4.778871035634948774e-06
1.083073993547275495e+04 9.944906809993797614e-01 4.962219757320696090e-06 4.943348886439593424e-06
1.083077001889768508e+04 9.944906792702058462e-01 5.136095071467394746e-06 5.116835398571015138e-06
1.083080010232261520e+04 9.944906774441699682e-01 5.319710250084597192e-06 5.300093967978576435e-06
1.083083018574754715e+04 9.944906755128731790e-01 5.513909817622675291e-06 5.493980041287539054e-06
1.083086026917247909e+04 9.944906734669234361e-01 5.719638207501986926e-06 5.699455901238279934e-06
1.083089035259740740e+04 9.944906712956883554e-01 5.937964531188555384e-06 5.917608464853958389e-06
1.083092043602233935e+04 9.944906689871706451e-01 6.170095179225398851e-06 6.149670853971795613e-06
1.083095051944726947e+04 9.944906665277273294e-01 6.417401987590665158e-06 6.397048753509020262e-06
1.083098060287220142e+04 9.944906639017736527e-01 6.681452080492533696e-06 6.661352974507258556e-06
1.083101068629712972e+04 9.944906610914006073e-01 6.964046272983637209e-06 6.944440451720423802e-06
1.083104076972206167e+04 9.944906580759718118e-01 7.267259638510381592e-06 7.248468024133132596e-06
1.083107085314699179e+04 9.944906548315060046e-01 7.593503581482252685e-06 7.575969835434560010e-06
1.083110093657192192e+04 9.944906513299787143e-01 7.945596081082584305e-06 7.929990381231490754e-06
1.083113101999685205e+04 9.944906475383642475e-01 8.326858003115944484e-06 8.314374297678108115e-06
1.083116110342178217e+04 9.944906434174197729e-01 8.741235368869837430e-06 8.734531709034623015e-06
1.083119118684671230e+04 9.944906389196740415e-01 9.193501604443099495e-06 9.199653224305734772e-06
1.083122127027164242e+04 9.944906339856367516e-01 9.689638680310252994e-06 9.729220502659152568e-06
1.083125135369657255e+04 9.944906285339121244e-01 1.023783128273336729e-05 1.037171504432042842e-05
1.083128143712150450e+04 9.944906224297703767e-01 1.085162703029496356e-05 1.125630831547396481e-05
1.083131152054643280e+04 9.944906153802841597e-01 1.156048091699446445e-05 1.272915203314330526e-05
1.083134160397136475e+04 9.944906065886521818e-01 1.244451449666783560e-05 1.569499012350657603e-05
1.083137168739629487e+04 9.944905936669838908e-01 1.374383965524472728e-05 2.242897739826148020e-05
1.083140177082122682e+04 9.944905694109743566e-01 1.618287792659600655e-05 3.840128986990904830e-05
1.083143185424615513e+04 9.944905128278891393e-01 2.187253228536079064e-05 7.614454636645775424e-05
1.083146193767108707e+04 9.944903658166379667e-01 3.665509854533510747e-05 1.629553901912925802e-04
1.083149202109601720e+04 9.944899767164596671e-01 7.578066970603813957e-05 3.552278625919337595e-04
1.083152210452094914e+04 9.944889735121590357e-01 1.766568538674739841e-04 7.631893079913151237e-04
1.083155218794587745e+04 9.944865009257658484e-01 4.252852540798102154e-04 1.590003140975885035e-03
1.083158227137080939e+04 9.944807210161170641e-01 1.006478167442370619e-03 3.187234638987505864e-03
1.083161235479573952e+04 9.944679552933988198e-01 2.290122381376491489e-03 6.122703275259168930e-03
1.083164243822066965e+04 9.944413841396548825e-01 4.961957616544943050e-03 1.124543056509019583e-02
1.083167252164559977e+04 9.943893988405239082e-01 1.018928629288318177e-02 1.971694023221452069e-02
1.083170260507053172e+04 9.942941225865365995e-01 1.976969273407291894e-02 3.296479317085402455e-02
1.083173268849546184e+04 9.941312989757979945e-01 3.614225466650466956e-02 5.251476761037449092e-02
1.083176277192039197e+04 9.938733918285997948e-01 6.207584452589953727e-02 7.968532325318235243e-02
1.083179285534532391e+04 9.934974539208584199e-01 9.987789700051097341e-02 1.151847457535200292e-01
1.083182293877025404e+04 9.929968878211155037e-01 1.502118100745630791e-01 1.587190952623736273e-01
1.083185302219518599e+04 9.923918121334214248e-01 2.110545780591555065e-01 2.087585189296643495e-01
1.083188310562011429e+04 9.917300917598468324e-01 2.775931945973808546e-01 2.625823107205395024e-01
1.083191318904504624e+04 9.910753837030801261e-01 3.434266947786701607e-01 3.166248400100779570e-01
1.083194327246997636e+04 9.904884460221615727e-01 4.024456140111376534e-01 3.670202807764686992e-01
1.083197335589490649e+04 9.900133172601049969e-01 4.502217015660447963e-01 4.101651916293200251e-01
1.083200343931983662e+04 9.896745523444565595e-01 4.842858617749468131e-01 4.431313721706681141e-01
1.083203352274476856e+04 9.894825231851480662e-01 5.035951578245212445e-01 4.638548207402614088e-01
1.083206360616969869e+04 9.894403601824514061e-01 5.078348155116096940e-01 4.711399440655885118e-01
1.083209368959462881e+04 9.895484840230340806e-01 4.969625331179061689e-01 4.645881465210359718e-01
1.083212377301955894e+04 9.898056153211338692e-01 4.711069579724447287e-01 4.445578214971244169e-01
1.083215385644449088e+04 9.902061886515826084e-01 4.308277157206386043e-01 4.122006081785744014e-01
1.083218393986941919e+04 9.907344924491369165e-01 3.777046667637784516e-01 3.695333992185047545e-01
1.083221402329435114e+04 9.913577405091964501e-01 3.150345944302412882e-01 3.194411452568934884e-01
1.083224410671928126e+04 9.920235436854659694e-01 2.480854358356321399e-01 2.654996036489939981e-01
1.083227419014421321e+04 9.926676430799390438e-01 1.833186788596674610e-01 2.115736437057396113e-01
1.083230427356914151e+04 9.932311671954392462e-01 1.266540867922438807e-01 1.612591105251206525e-01
1.083233435699407346e+04 9.936777111143652030e-01 8.175231895277690342e-02 1.173324316145914897e-01
1.083236444041900177e+04 9.939997377165615822e-01 4.937126276297609806e-02 8.139064041074696443e-02
1.083239452384393371e+04 9.942125508146202328e-01 2.797205897310250933e-02 5.378980933670889086e-02
1.083242460726886202e+04 9.943423895586228634e-01 1.491625663724294171e-02 3.386636643221557080e-02
1.083245469069379396e+04 9.944160105368430314e-01 7.513374340462064538e-03 2.032468656817496347e-02
1.083248477411872409e+04 9.944550098150005679e-01 3.591841744177148854e-03 1.164323171006955045e-02
1.083251485754365422e+04 9.944743758675317347e-01 1.644508104947650651e-03 6.388526685290905026e-03
1.083254494096858434e+04 9.944833916260539253e-01 7.379377119698382614e-04 3.394243513314012303e-03
1.083257502439351629e+04 9.944872725261122426e-01 3.476977690652915953e-04 1.821958331599283663e-03
1.083260510781844459e+04 9.944886481163568437e-01 2.093766965249876932e-04 1.151182035415361559e-03
1.083263519124337654e+04 9.944885488563803833e-01 2.193576821074572081e-04 1.151054880984399027e-03
1.083266527466830848e+04 9.944868160109693322e-01 3.936021831574265661e-04 1.876502721811541038e-03
1.083269535809323861e+04 9.944818725959371220e-01 8.906822344112441669e-04 3.717164905285654831e-03
1.083272544151817056e+04 9.944696691263471555e-01 2.117789659106250610e-03 7.508991136281827419e-03
1.083275552494309886e+04 9.944414464698277945e-01 4.955690069652352037e-03 1.468928515618219029e-02
1.083278560836803081e+04 9.943799083910400682e-01 1.114358875083931721e-02 2.742913688447479875e-02
1.083281569179296093e+04 9.942538544454921912e-01 2.381881454240897256e-02 4.861978200368035491e-02
1.083284577521789106e+04 9.940130512315249467e-01 4.803253585913269674e-02 8.155809631963970019e-02
1.083287585864282119e+04 9.935889751049149510e-01 9.067507778223182768e-02 1.292338775494115688e-01
1.083290594206775313e+04 9.929118894060684486e-01 1.587587389149436312e-01 1.933103124890497015e-01
1.083293602549268144e+04 9.919523520433949360e-01 2.552440387163290580e-01 2.731532247922836554e-01
1.083296610891761338e+04 9.907707601323824109e-01 3.740578069048816623e-01 3.654199480992696425e-01
1.083299619234254351e+04 9.895201505413512288e-01 4.998115774396127975e-01 4.645645434905514848e-01
1.083302627576747545e+04 9.883650342275265288e-01 6.159631189849301691e-01 5.641523290707219918e-01
1.083305635919240376e+04 9.873860412196201475e-01 7.144047613282022979e-01 6.583972816548115947e-01
1.083308644261733571e+04 9.865753387990897627e-01 7.959241154851248723e-01 7.432172240712380251e-01
1.083311652604226583e+04 9.858989671048139503e-01 8.639359806172475231e-01 8.164437552111324381e-01
1.083314660946719778e+04 9.853368316024968543e-01 9.204609421038401074e-01 8.773404198296305134e-01
1.083317669289212608e+04 9.848849811615795202e-01 9.658963018441157899e-01 9.258833988794025194e-01
1.083320677631705803e+04 9.845473361796370781e-01 9.998478482626693697e-01 9.622030854676336675e-01
1.083323685974198816e+04 9.843297671281594496e-01 1.021725282092689202e+00 9.863326476087753703e-01
1.083326694316691828e+04 9.842371620014588318e-01 1.031037096056830471e+00 9.981951984177309667e-01
1.083329702659184841e+04 9.842721756448813419e-01 1.027516334891942495e+00 9.976875232686379658e-01
1.083332711001678035e+04 9.844347916629273554e-01 1.011164647230755609e+00 9.847479175806350682e-01
1.083335719344171048e+04 9.847223631640555919e-01 9.822481885496836540e-01 9.593551416305355906e-01
1.083338727686664060e+04 9.851303041747854206e-01 9.412280967297181888e-01 9.214614085863426229e-01
1.083341736029157073e+04 9.856541633273921965e-01 8.885519745075121101e-01 8.709213008719598470e-01
1.083344744371650268e+04 9.862944495496213104e-01 8.241686471732290187e-01 8.075419906119507552e-01
1.083347752714143098e+04 9.870652527772536544e-01 7.466613156204782165e-01 7.314019372410160980e-01
1.083350761056636293e+04 9.879996452799326701e-01 6.527044315425500898e-01 6.434832140452133586e-01
1.083353769399129305e+04 9.891239789046736286e-01 5.396482118684597928e-01 5.464133168015234965e-01
1.083356777741622500e+04 9.903890511106651084e-01 4.124401678529454607e-01 4.448582457642040189e-01
1.083359786084115331e+04 9.916389704567950547e-01 2.867558041895201804e-01 3.451126111638972427e-01
1.083362794426608343e+04 9.926935182074957398e-01 1.807168318271101803e-01 2.538242787795765287e-01
1.083365802769101538e+04 9.934574892721124151e-01 1.038965014506509910e-01 1.763483685022359526e-01
1.083368811111594550e+04 9.939430274552847333e-01 5.507370518362808554e-02 1.155068682186051188e-01
1.083371819454087563e+04 9.942202091396775687e-01 2.720198391622519196e-02 7.129310123891384465e-02
1.083374827796580576e+04 9.943651264247260757e-01 1.262997428091994223e-02 4.150380052812115139e-02
1.083377836139073770e+04 9.944354723449028155e-01 5.556412101803687165e-03 2.283607285275477891e-02
1.083380844481566601e+04 9.944674626306242438e-01 2.339661583661278854e-03 1.191173200936810304e-02
1.083383852824059795e+04 9.944811751548819911e-01 9.608127076177197523e-04 5.915188424772863628e-03
1.083386861166552808e+04 9.944867467815813322e-01 4.005634735793073276e-04 2.813564452336712960e-03
1.083389869509046002e+04 9.944889114339530156e-01 1.828990644825445600e-04 1.295006036351178166e-03
1.083392877851538833e+04 9.944897308601525765e-01 1.005024996336700838e-04 5.879290023458437356e-04
1.083395886194032028e+04 9.944900464440283860e-01 6.876928522192571336e-05 2.730550564158600144e-04
1.083398894536525040e+04 9.944901810420263555e-01 5.523492095926840761e-05 1.377977285486351800e-04
1.083401902879018235e+04 9.944902516275284654e-01 4.813726787178396194e-05 8.084503183796838092e-05
1.083404911221511065e+04 9.944902985315475785e-01 4.342088211206629467e-05 5.656499805549909546e-05
1.083407919564004260e+04 9.944903352353492432e-01 3.973016881042568116e-05 4.544667787436656851e-05
1.083410927906497272e+04 9.944903663101383184e-01 3.660547512884804178e-05 3.953680433022161014e-05
1.083413936248990285e+04 9.944903934839133264e-01 3.387304392532541897e-05 3.572662951453268163e-05
1.083416944591483298e+04 9.944904175790704182e-01 3.145018000472177278e-05 3.283836274445396062e-05
1.083419952933976492e+04 9.944904391047720837e-01 2.928568505478068573e-05 3.042937674434100859e-05
1.083422961276469505e+04 9.944904584362653788e-01 2.734182648067573496e-05 2.832645082396270439e-05
1.083425969618962517e+04 9.944904758730559458e-01 2.558848780642719589e-05 2.645294758977938230e-05
1.083428977961455530e+04 9.944904916620205260e-01 2.400084460063567349e-05 2.476734696642641029e-05
1.083431986303948725e+04 9.944905060096835836e-01 2.255812998619433074e-05 2.324202672968114352e-05
1.083434994646441555e+04 9.944905190903605696e-01 2.124281587301268814e-05 2.185594592740602152e-05
1.083438002988934750e+04 9.944905310522201836e-01 2.004000329014488102e-05 2.059196800171140754e-05
1.083441011331427762e+04 9.944905420219495307e-01 1.893695334986844614e-05 1.943571660599214927e-05
1.083444019673920957e+04 9.944905521084379529e-01 1.792271681066992528e-05 1.837496029751813737e-05
1.083447028016413788e+04 9.944905614057959475e-01 1.698783046455432100e-05 1.739920669907322266e-05
1.083450036358906982e+04 9.944905699957021783e-01 1.612408121465236377e-05 1.649940089104526703e-05
1.083453044701400177e+04 9.944905779493622422e-01 1.532430905504256202e-05 1.566768863982657023e-05
1.083456053043893189e+04 9.944905853291357012e-01 1.458224346828629336e-05 1.489722595331025110e-05
1.083459061386386202e+04 9.944905921897730927e-01 1.389237908044904657e-05 1.418202395468026930e-05
1.083462069728879214e+04 9.944905985796053116e-01 1.324985602346728797e-05 1.351682145342438184e-05
1.083465078071372409e+04 9.944906045413646201e-01 1.265037740116881082e-05 1.289697954541152773e-05
1.083468086413865240e+04 9.944906101129740161e-01 1.209012990832647461e-05 1.231839389741573549e-05
1.083471094756358434e+04 9.944906153282311312e-01 1.156571505234182951e-05 1.177742134286190919e-05
1.083474103098851447e+04 9.944906202172724141e-01 1.107410250167362165e-05 1.127081814769609127e-05
1.083477111441344641e+04 9.944906248070949362e-01 1.061257758339095858e-05 1.079568785424953593e-05
1.083480119783837472e+04 9.944906291219572925e-01 1.017870100428197588e-05 1.034943702030593856e-05
1.083483128126330485e+04 9.944906331836177449e-01 9.770284881138735500e-06 9.929737486418594168e-06
1.083486136468823497e+04 9.944906370117709837e-01 9.385348842538832059e-06 9.534494066933775274e-06
1.083489144811316692e+04 9.944906406241537100e-01 9.022109381806586725e-06 9.161816783234693026e-06
1.083492153153809522e+04 9.944906440368885825e-01 8.678945317974751106e-06 8.809996930263063039e-06
1.083495161496302717e+04 9.944906472645692608e-01 8.354389180453836161e-06 8.477486385392093027e-06
1.083498169838795729e+04 9.944906503204865578e-01 8.047104538277949359e-06 8.162879655488611605e-06
1.083501178181288742e+04 9.944906532167298030e-01 7.755875752746277385e-06 7.864898240866267628e-06
1.083504186523781755e+04 9.944906559643580390e-01 7.479590802272895189e-06 7.582376975372255354e-06
1.083507194866274949e+04 9.944906585734605287e-01 7.217235165057900304e-06 7.314252064110903898e-06
1.083510203208767780e+04 9.944906610532887603e-01 6.967878574126729063e-06 7.059550580648508767e-06
1.083513211551260974e+04 9.944906634123263922e-01 6.730667945209489744e-06 6.817381218409615388e-06
1.083516219893753987e+04 9.944906656583575311e-01 6.504820582176051857e-06 6.586926127262031338e-06
1.083519228236247181e+04 9.944906677985607679e-01 6.289614629118034372e-06 6.367433699505824961e-06
1.083522236578740012e+04 9.944906698395385991e-01 6.084386183768941692e-06 6.158212187191720002e-06
1.083525244921233207e+04 9.944906717873948088e-01 5.888521492636300536e-06 5.958624037227626402e-06
1.083528253263726219e+04 9.944906736477465703e-01 5.701455718654102611e-06 5.768080840785480593e-06
1.083531261606219414e+04 9.944906754258018289e-01 5.522665191826092723e-06 5.586038818714177058e-06
1.083534269948712245e+04 9.944906771263938294e-01 5.351663900921010963e-06 5.411994788134316729e-06
1.083537278291205439e+04 9.944906787539962156e-01 5.188002005773739711e-06 5.245482558149517037e-06
1.083540286633698452e+04 9.944906803127494532e-01 5.031263161647814286e-06 5.086069695251539318e-06
1.083543294976191464e+04 9.944906818065237797e-01 4.881058213168643078e-06 4.933354606180027469e-06
1.083546303318684659e+04 9.944906832388994422e-01 4.737027137213800643e-06 4.786963907352827038e-06
1.083549311661177671e+04 9.944906846132273159e-01 4.598833003299773736e-06 4.646550061692411017e-06
1.083552320003670866e+04 9.944906859326337889e-01 4.466161429572679253e-06 4.511789255446440819e-06
1.083555328346163697e+04 9.944906872000216502e-01 4.338720538399343241e-06 4.382379477286379881e-06
1.083558336688656891e+04 9.944906884180981788e-01 4.216238103094127609e-06 4.258038768582760953e-06
1.083561345031149904e+04 9.944906895894288779e-01 4.098456141132800212e-06 4.138503629592415468e-06
1.083564353373643098e+04 9.944906907163808540e-01 3.985136631801111662e-06 4.023527571840127783e-06
1.083567361716135929e+04 9.944906918011832131e-01 3.876055432172620385e-06 3.912879804081933768e-06
1.083570370058629123e+04 9.944906928459218420e-01 3.771002810015744444e-06 3.806344041613068759e-06
1.083573378401122136e+04 9.944906938525748252e-01 3.669779846671161749e-06 3.703717430299356395e-06
1.083576386743615149e+04 9.944906948229824684e-01 3.572201501267358026e-06 3.604809566748832141e-06
1.083579395086108161e+04 9.944906957588576235e-01 3.478095522702062681e-06 3.509441590020334834e-06
1.083582403428601356e+04 9.944906966618424216e-01 3.387296809709283707e-06 3.417445335322539887e-06
1.083585411771094368e+04 9.944906975334710797e-01 3.299651085697519193e-06 3.328662558632445955e-06
1.083588420113587381e+04 9.944906983751848895e-01 3.215013411050904324e-06 3.242944237714271297e-06
1.083591428456080394e+04 9.944906991883483149e-01 3.133246595510286170e-06 3.160149938494230303e-06
1.083594436798573588e+04 9.944906999742459952e-01 3.054221453524519347e-06 3.080147231076755026e-06
1.083597445141066419e+04 9.944907007340860750e-01 2.977816515592479618e-06 3.002811148405669558e-06
1.083600453483559613e+04 9.944907014690217428e-01 2.903915807817014638e-06 2.928023685620316118e-06
1.083603461826052626e+04 9.944907021801400182e-01 2.832410028741350061e-06 2.855673334734306915e-06
1.083606470168545638e+04 9.944907028684463191e-01 2.763198092559093766e-06 2.785654649625145880e-06
1.083609478511038469e+04 9.944907035349247471e-01 2.696181033989830667e-06 2.717867844763478744e-06
1.083612486853531664e+04 9.944907041805010062e-01 2.631265771935176190e-06 2.652218433593690523e-06
1.083615495196024676e+04 9.944907048060319665e-01 2.568366153088419424e-06 2.588616901970415455e-06
1.083618503538517871e+04 9.944907054123510726e-01 2.507398355611201168e-06 2.526978403852452493e-06
1.083621511881010701e+04 9.944907060002404764e-01 2.448283731304456978e-06 2.467222472311440945e-06
1.083624520223503896e+04 9.944907065704405857e-01 2.390947839714385736e-06 2.409272748182147860e-06
1.083627528565996909e+04 9.944907071236642748e-01 2.335318993740287397e-06 2.353056728852433753e-06
1.083630536908489921e+04 9.944907076605761231e-01 2.281330380160540017e-06 2.298505534753671340e-06
1.083633545250982934e+04 9.944907081818171735e-01 2.228917517221873368e-06 2.245553690274588685e-06
1.083636553593476128e+04 9.944907086879942737e-01 2.178019398169084297e-06 2.194138919143250346e-06
1.083639561935969323e+04 9.944907091796827414e-01 2.128578158178129343e-06 2.144201956031132323e-06
1.083642570278462154e+04 9.944907096574435723e-01 2.080537409021587791e-06 2.095686374497815262e-06
1.083645578620955348e+04 9.944907101217811407e-01 2.033846413507234274e-06 2.048538429243064910e-06
1.083648586963448361e+04 9.944907105732180286e-01 1.988452646983773775e-06 2.002706908917539518e-06
1.083651595305941555e+04 9.944907110122227500e-01 1.944308969381580710e-06 1.958142994365633886e-06
1.083654603648434386e+04 9.944907114392341763e-01 1.901371271539886720e-06 1.914800119662487737e-06
1.083657611990927580e+04 9.944907118547096081e-01 1.859593568021011833e-06 1.872633840100447745e-06
1.083660620333420593e+04 9.944907122590542770e-01 1.818935102537722059e-06 1.831601714070104722e-06
1.083663628675913606e+04 9.944907126526547625e-01 1.779357006181925271e-06 1.791663200150128601e-06
1.083666637018406618e+04 9.944907130359097458e-01 1.740819188800202255e-06 1.752779563790942696e-06
1.083669645360899813e+04 9.944907134091700573e-01 1.703286378607060669e-06 1.714913786597163433e-06
1.083672653703392825e+04 9.944907137727706514e-01 1.666724891435933387e-06 1.678030474952358183e-06
1.083675662045885838e+04 9.944907141270696860e-01 1.631098722754131813e-06 1.642095769671558344e-06
1.083678670388378850e+04 9.944907144723561521e-01 1.596378784718410770e-06 1.607077260397743089e-06
1.083681678730872045e+04 9.944907148089505711e-01 1.562532880861056128e-06 1.572943907411191866e-06
1.083684687073364876e+04 9.944907151371399356e-01 1.529532134281197386e-06 1.539665972499727491e-06
1.083687695415858070e+04 9.944907154571988039e-01 1.497348944834442364e-06 1.507214959146517956e-06
1.083690703758351083e+04 9.944907157694068411e-01 1.465955179469347058e-06 1.475563558732998650e-06
1.083693712100844277e+04 9.944907160740041885e-01 1.435326701937356120e-06 1.444685596707224614e-06
1.083696720443337108e+04 9.944907163712500830e-01 1.405437444201851349e-06 1.414555974597747487e-06
1.083699728785830303e+04 9.944907166613731198e-01 1.376264424646223006e-06 1.385150609224568734e-06
1.083702737128323315e+04 9.944907169445972306e-01 1.347785116845301445e-06 1.356446375079494498e-06
1.083705745470816510e+04 9.944907172211463475e-01 1.319976994373917023e-06 1.328421055569700485e-06
1.083708753813309340e+04 9.944907174912316350e-01 1.292818851972299399e-06 1.301053303048441428e-06
1.083711762155802535e+04 9.944907177550434962e-01 1.266291516088813296e-06 1.274322602122671183e-06
1.083714770498295547e+04 9.944907180127890989e-01 1.240374170041746993e-06 1.248209232375805647e-06
1.083717778840788560e+04 9.944907182646375299e-01 1.215049805214363232e-06 1.222694232411281292e-06
1.083720787183281573e+04 9.944907185107886294e-01 1.190298337672146545e-06 1.197759368013434561e-06
1.083723795525774767e+04 9.944907187513964963e-01 1.166104257599442917e-06 1.173387102795453375e-06
1.083726803868267598e+04 9.944907189866335484e-01 1.142450234414837951e-06 1.149560568004776711e-06
1.083729812210760610e+04 9.944907192166618781e-01 1.119319970044330148e-06 1.126263531469636013e-06
1.083732820553253805e+04 9.944907194416273688e-01 1.096698798441764211e-06 1.103480367788166420e-06
1.083735828895746818e+04 9.944907196616852296e-01 1.074571098769183664e-06 1.081196029718687989e-06
1.083738837238240012e+04 9.944907198769733503e-01 1.052923026545471430e-06 1.059396018674018346e-06
1.083741845580732843e+04 9.944907200876270670e-01 1.031740959334115360e-06 1.038066354165020427e-06
1.083744853923226037e+04 9.944907202937843804e-01 1.011011019347307638e-06 1.017193545937291044e-06
1.083747862265719050e+04 9.944907204955656388e-01 9.907211051540798508e-07 9.967645732245116464e-07
1.083750870608212063e+04 9.944907206931029586e-01 9.708579495892877276e-07 9.767668710120040543e-07
1.083753878950705075e+04 9.944907208865152448e-01 9.514095733464955629e-07 9.571883181502677709e-07
1.083756887293198270e+04 9.944907210759023064e-01 9.323659511117909915e-07 9.380172229112871320e-07
1.083759895635691100e+04 9.944907212613982583e-01 9.137135936754248178e-07 9.192423067962765808e-07
1.083762903978184295e+04 9.944907214430918074e-01 8.954435859465093017e-07 9.008526893092638358e-07
1.083765912320677307e+04 9.944907216210907563e-01 8.775450810460938555e-07 8.828378728371775000e-07
1.083768920663170502e+04 9.944907217955050172e-01 8.600070322550834589e-07 8.651877239534811981e-07
1.083771929005663333e+04 9.944907219664104181e-01 8.428218123412989371e-07 8.478924500420749829e-07
1.083774937348156527e+04 9.944907221339147618e-01 8.259785855280199485e-07 8.309425754614338224e-07
1.083777945690649540e+04 9.944907222981091977e-01 8.094681813730630893e-07 8.143289238167824072e-07
1.083780954033142734e+04 9.944907224590666672e-01 7.932832724044658335e-07 7.980426100526990111e-07
1.083783962375635565e+04 9.944907226168911984e-01 7.774133892191059658e-07 7.820750404109912714e-07
1.083786970718128759e+04 9.944907227716526243e-01 7.618515041052376091e-07 7.664179129609958828e-07
1.083789979060621772e+04 9.944907229234346557e-01 7.465892237767945971e-07 7.510632100872898695e-07
1.083792987403114785e+04 9.944907230723076808e-01 7.316194428064193289e-07 7.360031805771695414e-07
1.083795995745607797e+04 9.944907232183465284e-01 7.169346560864653384e-07 7.212303183992199116e-07
1.083799004088100992e+04 9.944907233616310238e-01 7.025268367044645856e-07 7.067373471564793833e-07
1.083802012430594004e+04 9.944907235022196756e-01 6.883900782739260649e-07 6.925172120231693236e-07
1.083805020773087017e+04 9.944907236401839823e-01 6.745172198563409438e-07 6.785630749314626932e-07
1.083808029115580030e+04 9.944907237755971074e-01 6.609008895708257114e-07 6.648683098279252645e-07
1.083811037458073224e+04 9.944907239085050144e-01 6.475364799918281733e-07 6.514264982235736112e-07
1.083814045800566055e+04 9.944907240389843084e-01 6.344162639670969384e-07 6.382314251618425314e-07
1.083817054143059249e+04 9.944907241670948306e-01 6.215342351900687845e-07 6.252770729179262344e-07
1.083820062485552444e+04 9.944907242928757718e-01 6.088864634712365387e-07 6.125576100616672144e-07
1.083823070828045456e+04 9.944907244164009619e-01 5.964655214185654586e-07 6.000673788164078529e-07
1.083826079170538469e+04 9.944907245377186955e-01 5.842665351529774398e-07 5.878008863844118680e-07
1.083829087513031482e+04 9.944907246568799319e-01 5.722843976485592066e-07 5.757528010823123855e-07
1.083832095855524676e+04 9.944907247739370737e-01 5.605138353459437894e-07 5.639179494164489444e-07
1.083835104198017689e+04 9.944907248889378604e-01 5.489500520816648077e-07 5.522913121191536324e-07
1.083838112540510701e+04 9.944907250019340283e-01 5.375878409097367694e-07 5.408680198510800830e-07
1.083841120883003714e+04 9.944907251129712078e-01 5.264226055068377264e-07 5.296433479883134783e-07
1.083844129225496908e+04 9.944907252220872573e-01 5.154505489102234606e-07 5.186127093536810851e-07
1.083847137567989739e+04 9.944907253293354676e-01 5.046663198449152787e-07 5.077716462307409750e-07
1.083850145910482752e+04 9.944907254347572501e-01 4.940657438723405903e-07 4.971158240193354191e-07
1.083853154252975764e+04 9.944907255383874656e-01 4.836453126877415798e-07 4.866410277457236661e-07
1.083856162595468959e+04 9.944907256402684137e-01 4.734007741369339328e-07 4.763431621884979953e-07
1.083859170937961790e+04 9.944907257404514977e-01 4.633269656828531424e-07 4.662182541436579205e-07
1.083862179280454984e+04 9.944907258389596993e-01 4.534215780616079883e-07 4.562624506815923025e-07
1.083865187622947997e+04 9.944907259358335416e-01 4.436805256524678498e-07 4.464720087706612590e-07
1.083868195965441191e+04 9.944907260311101060e-01 4.341000892083002327e-07 4.368432813915010401e-07
1.083871204307934022e+04 9.944907261248252528e-01 4.246766605042751053e-07 4.273727099380410007e-07
1.083874212650427216e+04 9.944907262170142870e-01 4.154066868267136670e-07 4.180568250023149375e-07
1.083877220992920229e+04 9.944907263077074067e-01 4.062871261645284449e-07 4.088922491424174822e-07
1.083880229335413242e+04 9.944907263969392508e-01 3.973145146218826085e-07 3.998756972360538014e-07
1.083883237677906254e+04 9.944907264847385742e-01 3.884859434144516399e-07 3.910039770336270701e-07
1.083886246020399449e+04 9.944907265711416811e-01 3.797977599084845224e-07 3.822739928003436142e-07
1.083889254362892461e+04 9.944907266561728854e-01 3.712475327155573268e-07 3.736827477544515650e-07
1.083892262705385474e+04 9.944907267398662709e-01 3.628318312465239615e-07 3.652273372266508464e-07
1.083895271047878487e+04 9.944907268222404895e-01 3.545487792244728098e-07 3.569049320132983877e-07
1.083898279390371681e+04 9.944907269033232966e-01 3.463955788873818165e-07 3.487127629312121047e-07
1.083901287732864512e+04 9.944907269831535501e-01 3.383683333524345471e-07 3.406481174894041705e-07
1.083904296075357706e+04 9.944907270617499018e-01 3.304651552404891390e-07 3.327083462754525749e-07
1.083907304417850719e+04 9.944907271391345560e-01 3.226838241054963419e-07 3.248908678830735784e-07
1.083910312760343913e+04 9.944907272153346023e-01 3.150215976965853315e-07 3.171931679109784791e-07
1.083913321102836926e+04 9.944907272903793505e-01 3.074755561272013438e-07 3.096127969116888339e-07
1.083916329445329939e+04 9.944907273642866752e-01 3.000438786315839934e-07 3.021473704471656644e-07
1.083919337787823133e+04 9.944907274370827777e-01 2.927239450833951651e-07 2.947945685499848536e-07
1.083922346130316146e+04 9.944907275087812026e-01 2.855143788060843235e-07 2.875521327280183152e-07
1.083925354472809158e+04 9.944907275794212520e-01 2.784112385079140495e-07 2.804178621192760487e-07
1.083928362815302171e+04 9.944907276490067005e-01 2.714141467130559704e-07 2.733896099923495485e-07
1.083931371157795365e+04 9.944907277175638605e-01 2.645204499884812321e-07 2.664652809847068311e-07
1.083934379500288196e+04 9.944907277851164906e-01 2.577277613546868906e-07 2.596428303513729402e-07
1.083937387842781391e+04 9.944907278516847970e-01 2.510340602057681281e-07 2.529202645663795080e-07
1.083940396185274403e+04 9.944907279172805481e-01 2.444381475008583493e-07 2.462956397501210339e-07
1.083943404527767598e+04 9.944907279819267254e-01 2.379377139760663340e-07 2.397670573274192099e-07
1.083946412870260428e+04 9.944907280456433130e-01 2.315307612299477569e-07 2.333326612858512826e-07
1.083949421212753623e+04 9.944907281084477413e-01 2.252155240078934639e-07 2.269906396028448479e-07
1.083952429555246636e+04 9.944907281703548874e-01 2.189905146110504575e-07 2.207392267516936200e-07
1.083955437897739830e+04 9.944907282313828478e-01 2.128539122736583522e-07 2.145767034748617159e-07
1.083958446240232661e+04 9.944907282915518287e-01 2.068036741853518379e-07 2.085013938123102261e-07
1.083961454582725855e+04 9.944907283508693796e-01 2.008390675989346619e-07 2.025116615931874382e-07
1.083964462925218868e+04 9.944907284093613686e-01 1.949574612858384626e-07 1.966059078431369800e-07
1.083967471267711881e+04 9.944907284670346792e-01 1.891581780100182186e-07 1.907825691320719117e-07
1.083970479610204893e+04 9.944907285239120709e-01 1.834389307120432022e-07 1.850401163217687768e-07
1.083973487952697906e+04 9.944907285799990948e-01 1.777991531781708545e-07 1.793770536478967313e-07
1.083976496295190736e+04 9.944907286353193987e-01 1.722364806333587239e-07 1.737919182906547955e-07
1.083979504637683931e+04 9.944907286898846399e-01 1.667497251389704616e-07 1.682832798509772142e-07
1.083982512980176944e+04 9.944907287437019239e-01 1.613381872545005535e-07 1.628497397233968802e-07
1.083985521322670138e+04 9.944907287967924558e-01 1.559997242495114733e-07 1.574899323746194396e-07
1.083988529665162969e+04 9.944907288491688924e-01 1.507330593675249020e-07 1.522025289263817082e-07
1.083991538007656163e+04 9.944907289008426687e-01 1.455370601810557218e-07 1.469862380257664840e-07
1.083994546350149176e+04 9.944907289518233329e-01 1.404107496938422628e-07 1.418397990899901207e-07
1.083997554692642370e+04 9.944907290021232082e-01 1.353528955583271909e-07 1.367619718926816883e-07
1.084000563035135201e+04 9.944907290517576159e-01 1.303619656667365234e-07 1.317515322739309023e-07
1.084003571377628396e+04 9.944907291007384353e-01 1.254367498759734190e-07 1.268072771001754144e-07
1.084006579720121590e+04 9.944907291490797663e-01 1.205758271005663573e-07 1.219280314255818691e-07
1.084009588062614421e+04 9.944907291967810536e-01 1.157792750561270623e-07 1.171126509935024921e-07
1.084012596405107615e+04 9.944907292438677215e-01 1.110445291274686497e-07 1.123600212265883990e-07
1.084015604747600628e+04 9.944907292903449880e-01 1.063710564075392995e-07 1.076690566372409924e-07
1.084018613090093822e+04 9.944907293362205136e-01 1.017580908424520203e-07 1.030387004564724584e-07
1.084021621432586653e+04 9.944907293815051785e-01 9.720453331141243325e-08 9.846792242234383622e-08
1.084024629775079848e+04 9.944907294262137487e-01 9.270890721779778687e-08 9.395571490426784283e-08
1.084027638117572860e+04 9.944907294703524414e-01 8.827059083671429107e-08 8.950108841369624177e-08
1.084030646460066055e+04 9.944907295139254755e-01 8.388914007895209579e-08 8.510306721605180312e-08
1.084033654802558885e+04 9.944907295569531680e-01 7.956253433860638324e-08 8.076068685697005011e-08
1.084036663145052080e+04 9.944907295994378504e-01 7.529052936661173590e-08 7.647299553614594930e-08
1.084039671487545093e+04 9.944907296413908471e-01 7.107199273548303609e-08 7.223905922048076190e-08
1.084042679830038105e+04 9.944907296828195964e-01 6.690616949356353871e-08 6.805796900242761602e-08
1.084045688172531118e+04 9.944907297237379762e-01 6.279166075984221607e-08 6.392884803218852992e-08
1.084048696515024312e+04 9.944907297641506494e-01 5.872801134287897185e-08 5.985085288750875101e-08
1.084051704857517325e+04 9.944907298040637222e-01 5.471458841554976971e-08 5.582316511880348392e-08
1.084054713200010337e+04 9.944907298434854104e-01 5.075058151504663329e-08 5.184497638546958434e-08
1.084057721542503350e+04 9.944907298824250397e-01 4.683504695179863120e-08 4.791547788858320129e-08
1.084060729884996545e+04 9.944907299208893825e-01 4.296730748976074210e-08 4.403386219998553577e-08
1.084063738227489375e+04 9.944907299588920946e-01 3.914597535015218455e-08 4.019933495322456996e-08
1.084066746569982570e+04 9.944907299964349523e-01 3.537089510174951101e-08 3.641112851471411757e-08
1.084069754912475582e+04 9.944907300335259492e-01 3.164124517951449889e-08 3.266851713837925756e-08
1.084072763254968777e+04 9.944907300701748554e-01 2.795605968941572428e-08 2.897088913832913541e-08
1.084075771597461608e+04 9.944907301063853344e-01 2.431495005339456839e-08 2.531812054465038145e-08
1.084078779939954802e+04 9.944907301421652690e-01 2.071712801310354735e-08 2.171207032487710657e-08
1.084081788282447815e+04 9.944907301775207653e-01 1.716199404810936358e-08 1.816115686416371189e-08
1.084084796624941009e+04 9.944907302124592618e-01 1.364879320675527197e-08 1.469082329924036423e-08
1.084087804967433840e+04 9.944907302469931931e-01 1.017627093702344609e-08 1.136015901587931165e-08
1.084090813309927034e+04 9.944907302811212269e-01 6.744560465676840977e-09 8.275899870751505964e-09
1.084093821652420047e+04 9.944907303148539102e-01 3.352607080842062715e-09 5.584597249473997380e-09
1.084096829994912878e+04 9.944907303481952399e-01 0.000000000000000000e+00 3.428752365531004730e-09
