# lambda[A]  T_theo  T_instr  T_rot+instr  (H-beta 4861.35)
4.860000000000000000e+03 9.999999999969869657e-01 9.999999999969556574e-01 9.999999999969551023e-01
4.860013500000000022e+03 9.999999999969255704e-01 9.999999999969148012e-01 9.999999999969143571e-01
4.860026999999999134e+03 9.999999999968625097e-01 9.999999999968588460e-01 9.999999999968588460e-01
4.860040499999999156e+03 9.999999999967972286e-01 9.999999999967952302e-01 9.999999999967951192e-01
4.860054000000000087e+03 9.999999999967300601e-01 9.999999999967280617e-01 9.999999999967280617e-01
4.860067500000000109e+03 9.999999999966605602e-01 9.999999999966585618e-01 9.999999999966585618e-01
4.860081000000000131e+03 9.999999999965888398e-01 9.999999999965869524e-01 9.999999999965869524e-01
4.860094499999999243e+03 9.999999999965150099e-01 9.999999999965127895e-01 9.999999999965125674e-01
4.860108000000000175e+03 9.999999999964384045e-01 9.999999999964362951e-01 9.999999999964362951e-01
4.860121500000000196e+03 9.999999999963593567e-01 9.999999999963572472e-01 9.999999999963572472e-01
4.860134999999999309e+03 9.999999999962780883e-01 9.999999999962754238e-01 9.999999999962753128e-01
4.860148499999999331e+03 9.999999999961936004e-01 9.999999999961911579e-01 9.999999999961910468e-01
4.860162000000000262e+03 9.999999999961065589e-01 9.999999999961036723e-01 9.999999999961036723e-01
4.860175500000000284e+03 9.999999999960162977e-01 9.999999999960134112e-01 9.999999999960134112e-01
4.860189000000000306e+03 9.999999999959223729e-01 9.999999999959195973e-01 9.999999999959194863e-01
4.860202499999999418e+03 9.999999999958256724e-01 9.999999999958225638e-01 9.999999999958224528e-01
4.860215999999999440e+03 9.999999999957254193e-01 9.999999999957219776e-01 9.999999999957219776e-01
4.860229500000000371e+03 9.999999999956215024e-01 9.999999999956180607e-01 9.999999999956179497e-01
4.860242999999999483e+03 9.999999999955133667e-01 9.999999999955100360e-01 9.999999999955100360e-01
4.860256499999999505e+03 9.999999999954015673e-01 9.999999999953976815e-01 9.999999999953976815e-01
4.860269999999999527e+03 9.999999999952856600e-01 9.999999999952815521e-01 9.999999999952815521e-01
4.860283500000000458e+03 9.999999999951649787e-01 9.999999999951608709e-01 9.999999999951609819e-01
4.860297000000000480e+03 9.999999999950396345e-01 9.999999999950353047e-01 9.999999999950351937e-01
4.860310499999999593e+03 9.999999999949096274e-01 9.999999999949048535e-01 9.999999999949048535e-01
4.860323999999999614e+03 9.999999999947739582e-01 9.999999999947690732e-01 9.999999999947690732e-01
4.860337500000000546e+03 9.999999999946330709e-01 9.999999999946278528e-01 9.999999999946278528e-01
4.860350999999999658e+03 9.999999999944864104e-01 9.999999999944809703e-01 9.999999999944809703e-01
4.860364499999999680e+03 9.999999999943336437e-01 9.999999999943278706e-01 9.999999999943278706e-01
4.860377999999999702e+03 9.999999999941745488e-01 9.999999999941683315e-01 9.999999999941683315e-01
4.860391499999999724e+03 9.999999999940085704e-01 9.999999999940020201e-01 9.999999999940017981e-01
4.860405000000000655e+03 9.999999999938350426e-01 9.999999999938279371e-01 9.999999999938280482e-01
4.860418499999999767e+03 9.999999999936541872e-01 9.999999999936470818e-01 9.999999999936470818e-01
4.860431999999999789e+03 9.999999999934653383e-01 9.999999999934578998e-01 9.999999999934575667e-01
4.860445499999999811e+03 9.999999999932677186e-01 9.999999999932596140e-01 9.999999999932595030e-01
4.860458999999999833e+03 9.999999999930611061e-01 9.999999999930526684e-01 9.999999999930524464e-01
4.860472499999999854e+03 9.999999999928447236e-01 9.999999999928353978e-01 9.999999999928352867e-01
4.860485999999999876e+03 9.999999999926180161e-01 9.999999999926083571e-01 9.999999999926082461e-01
4.860499499999999898e+03 9.999999999923805394e-01 9.999999999923701033e-01 9.999999999923697702e-01
4.860513000000000829e+03 9.999999999921311833e-01 9.999999999921199700e-01 9.999999999921195259e-01
4.860526499999999942e+03 9.999999999918693927e-01 9.999999999918576243e-01 9.999999999918571802e-01
4.860539999999999964e+03 9.999999999915942794e-01 9.999999999915815119e-01 9.999999999915810678e-01
4.860553499999999985e+03 9.999999999913049553e-01 9.999999999912911886e-01 9.999999999912909665e-01
4.860566999999999098e+03 9.999999999910003101e-01 9.999999999909856552e-01 9.999999999909854331e-01
4.860580500000000029e+03 9.999999999906794557e-01 9.999999999906638015e-01 9.999999999906633574e-01
4.860594000000000051e+03 9.999999999903408376e-01 9.999999999903241843e-01 9.999999999903239623e-01
4.860607500000000073e+03 9.999999999899836789e-01 9.999999999899656933e-01 9.999999999899653602e-01
4.860621000000000095e+03 9.999999999896063141e-01 9.999999999895867742e-01 9.999999999895866631e-01
4.860634500000000116e+03 9.999999999892066338e-01 9.999999999891859837e-01 9.999999999891855396e-01
4.860648000000000138e+03 9.999999999887837498e-01 9.999999999887612123e-01 9.999999999887609903e-01
4.860661500000000160e+03 9.999999999883355528e-01 9.999999999883111279e-01 9.999999999883104618e-01
4.860674999999999272e+03 9.999999999878596002e-01 9.999999999878331769e-01 9.999999999878326218e-01
4.860688499999999294e+03 9.999999999873537826e-01 9.999999999873250278e-01 9.999999999873243617e-01
4.860702000000000226e+03 9.999999999868155465e-01 9.999999999867840161e-01 9.999999999867833500e-01
4.860715500000000247e+03 9.999999999862415612e-01 9.999999999862070332e-01 9.999999999862063671e-01
4.860729000000000269e+03 9.999999999856290511e-01 9.999999999855904154e-01 9.999999999855897492e-01
4.860742499999999382e+03 9.999999999849732424e-01 9.999999999849297216e-01 9.999999999849288335e-01
4.860756000000000313e+03 9.999999999842688059e-01 9.999999999842184017e-01 9.999999999842172915e-01
4.860769500000000335e+03 9.999999999835086362e-01 9.999999999834472408e-01 9.999999999834463527e-01
4.860782999999999447e+03 9.999999999826819641e-01 9.999999999826030272e-01 9.999999999826015840e-01
4.860796499999999469e+03 9.999999999817710261e-01 9.999999999816610030e-01 9.999999999816588936e-01
4.860810000000000400e+03 9.999999999807451800e-01 9.999999999805802009e-01 9.999999999805767592e-01
4.860823500000000422e+03 9.999999999795496919e-01 9.999999999792845706e-01 9.999999999792791305e-01
4.860837000000000444e+03 9.999999999780860849e-01 9.999999999776393311e-01 9.999999999776295612e-01
4.860850499999999556e+03 9.999999999761736147e-01 9.999999999753989011e-01 9.999999999753821367e-01
4.860863999999999578e+03 9.999999999734839884e-01 9.999999999721238542e-01 9.999999999720944333e-01
4.860877500000000509e+03 9.999999999694280106e-01 9.999999999670392548e-01 9.999999999669877404e-01
4.860890999999999622e+03 9.999999999629624048e-01 9.999999999587932953e-01 9.999999999587035893e-01
4.860904499999999643e+03 9.999999999522684035e-01 9.999999999450704946e-01 9.999999999449159516e-01
4.860917999999999665e+03 9.999999999342290558e-01 9.999999999219686408e-01 9.999999999217065172e-01
4.860931500000000597e+03 9.999999999035973364e-01 9.999999998830261250e-01 9.999999998825882530e-01
4.860945000000000618e+03 9.999999998517016264e-01 9.999999998177342420e-01 9.999999998170133741e-01
4.860958499999999731e+03 9.999999997644686278e-01 9.999999997093029780e-01 9.999999997081351344e-01
4.860971999999999753e+03 9.999999996194862684e-01 9.999999995313947343e-01 9.999999995295322242e-01
4.860985500000000684e+03 9.999999993817276778e-01 9.999999992434411844e-01 9.999999992405189664e-01
4.860998999999999796e+03 9.999999989974778236e-01 9.999999987840961779e-01 9.999999987795832324e-01
4.861012499999999818e+03 9.999999983859199082e-01 9.999999980622905627e-01 9.999999980554292733e-01
4.861025999999999840e+03 9.999999974277630210e-01 9.999999969453167159e-01 9.999999969350449325e-01
4.861039499999999862e+03 9.999999959502776647e-01 9.999999952433566985e-01 9.999999952282118132e-01
4.861053000000000793e+03 9.999999937081315293e-01 9.999999926899294511e-01 9.999999926679257189e-01
4.861066499999999905e+03 9.999999903595542250e-01 9.999999889178569079e-01 9.999999888863374542e-01
4.861079999999999927e+03 9.999999854375641872e-01 9.999999834305818291e-01 9.999999833860252485e-01
4.861093499999999949e+03 9.999999783163561196e-01 9.999999755689339409e-01 9.999999755066973917e-01
4.861106999999999061e+03 9.999999681733027224e-01 9.999999644737178617e-01 9.999999643876472666e-01
4.861120499999999993e+03 9.999999539473648502e-01 9.999999490445722339e-01 9.999999489263866614e-01
4.861134000000000015e+03 9.999999342946805925e-01 9.999999278952348414e-01 9.999999277334917780e-01
4.861147500000000036e+03 9.999999075413668059e-01 9.999998993042165107e-01 9.999998990826430845e-01
4.861161000000000968e+03 9.999998716316607084e-01 9.999998611571502272e-01 9.999998608521566412e-01
4.861174500000000080e+03 9.999998240664241811e-01 9.999998108684715614e-01 9.999998104457584747e-01
4.861188000000000102e+03 9.999997618222640217e-01 9.999997452338590387e-01 9.999997446434856219e-01
4.861201500000000124e+03 9.999996812249472011e-01 9.999996600055641727e-01 9.999996591702361437e-01
4.861214999999999236e+03 9.999995776545775872e-01 9.999995483414747532e-01 9.999995471141994718e-01
4.861228500000000167e+03 9.999994444705493368e-01 9.999993950475780657e-01 9.999993930646412510e-01
4.861242000000000189e+03 9.999992684303988799e-01 9.999991573185756932e-01 9.999991536038783657e-01
4.861255500000000211e+03 9.999990106997960204e-01 9.999987112026290648e-01 9.999987034750301707e-01
4.861269000000000233e+03 9.999985358301666238e-01 9.999977399667269173e-01 9.999977243513475944e-01
4.861282499999999345e+03 9.999973968004247649e-01 9.999955985622432930e-01 9.999955718760850099e-01
4.861296000000000276e+03 9.999944145052703792e-01 9.999913643306007627e-01 9.999913307830065046e-01
4.861309500000000298e+03 9.999875487040374988e-01 9.999844311172911837e-01 9.999844088015057419e-01
4.861322999999999411e+03 9.999756808507810346e-01 9.999756294915771448e-01 9.999756438975088146e-01
4.861336499999999432e+03 9.999625122652803233e-01 9.999678307662038801e-01 9.999678911974952955e-01
4.861350000000000364e+03 9.999565102470525657e-01 9.999646663406258629e-01 9.999647481945257432e-01
4.861363500000000386e+03 9.999625122038451330e-01 9.999678306376650339e-01 9.999678910688813982e-01
4.861377000000000407e+03 9.999756805466569753e-01 9.999756292367588673e-01 9.999756436428960393e-01
4.861390499999999520e+03 9.999875482316784581e-01 9.999844307822329803e-01 9.999844084668443323e-01
4.861404000000000451e+03 9.999944141009062815e-01 9.999913640000406279e-01 9.999913304525308577e-01
4.861417500000000473e+03 9.999973965532670261e-01 9.999955983018423700e-01 9.999955716152780782e-01
4.861430999999999585e+03 9.999985356926016644e-01 9.999977397891488540e-01 9.999977241731656807e-01
4.861444499999999607e+03 9.999990106103795462e-01 9.999987110847213811e-01 9.999987033566382078e-01
4.861457999999999629e+03 9.999992683570870788e-01 9.999991572324590239e-01 9.999991535174826973e-01
4.861471500000000560e+03 9.999994444024609130e-01 9.999993949756298406e-01 9.999993929925522496e-01
4.861485000000000582e+03 9.999995775896035610e-01 9.999995482761727672e-01 9.999995470488175497e-01
4.861498499999999694e+03 9.999996811636515659e-01 9.999996599449102463e-01 9.999996591095222653e-01
4.861511999999999716e+03 9.999997617656819493e-01 9.999997451779564228e-01 9.999997445875307145e-01
4.861525500000000648e+03 9.999998240154051032e-01 9.999998108178993483e-01 9.999998103951398543e-01
4.861538999999999760e+03 9.999998715867196575e-01 9.999998611123757097e-01 9.999998608073416007e-01
4.861552499999999782e+03 9.999999075026806405e-01 9.999998992654379748e-01 9.999998990438293545e-01
4.861565999999999804e+03 9.999999342621251897e-01 9.999999278623755705e-01 9.999999277006010878e-01
4.861579500000000735e+03 9.999999539205721710e-01 9.999999490173214767e-01 9.999999488991084817e-01
4.861593000000000757e+03 9.999999681517303118e-01 9.999999644515924491e-01 9.999999643654975401e-01
4.861606499999999869e+03 9.999999782993562736e-01 9.999999755513412358e-01 9.999999754890823711e-01
4.861619999999999891e+03 9.999999854244476793e-01 9.999999834168772361e-01 9.999999833723018927e-01
4.861633499999999913e+03 9.999999903496422649e-01 9.999999889073942771e-01 9.999999888758587252e-01
4.861646999999999935e+03 9.999999937007927331e-01 9.999999926820992702e-01 9.999999926600823263e-01
4.861660499999999956e+03 9.999999959449520359e-01 9.999999952376106283e-01 9.999999952224547517e-01
4.861673999999999978e+03 9.999999974239741629e-01 9.999999969411801359e-01 9.999999969308998038e-01
4.861687500000000000e+03 9.999999983832763562e-01 9.999999980593688997e-01 9.999999980525007270e-01
4.861701000000000931e+03 9.999999989956682711e-01 9.999999987820704650e-01 9.999999987775524124e-01
4.861714500000000044e+03 9.999999993805115395e-01 9.999999992420619543e-01 9.999999992391362946e-01
4.861728000000000065e+03 9.999999996186833551e-01 9.999999995304719169e-01 9.999999995286070753e-01
4.861741500000000087e+03 9.999999997639473781e-01 9.999999997086957970e-01 9.999999997075260660e-01
4.861754999999999200e+03 9.999999998513681154e-01 9.999999998173407789e-01 9.999999998166186899e-01
4.861768500000000131e+03 9.999999999033865050e-01 9.999999998827746595e-01 9.999999998823356773e-01
4.861782000000000153e+03 9.999999999340967172e-01 9.999999999218088798e-01 9.999999999215462010e-01
4.861795500000000175e+03 9.999999999521852478e-01 9.999999999449695753e-01 9.999999999448148102e-01
4.861809000000000196e+03 9.999999999629095582e-01 9.999999999587293464e-01 9.999999999586390853e-01
4.861822500000000218e+03 9.999999999693935937e-01 9.999999999669977324e-01 9.999999999669459960e-01
4.861836000000000240e+03 9.999999999734605627e-01 9.999999999720964317e-01 9.999999999720666777e-01
4.861849500000000262e+03 9.999999999761567393e-01 9.999999999753794722e-01 9.999999999753624857e-01
4.861862999999999374e+03 9.999999999780728732e-01 9.999999999776247872e-01 9.999999999776152393e-01
4.861876500000000306e+03 9.999999999795385897e-01 9.999999999792729133e-01 9.999999999792672511e-01
4.861890000000000327e+03 9.999999999807351880e-01 9.999999999805697648e-01 9.999999999805664341e-01
4.861903500000000349e+03 9.999999999817620333e-01 9.999999999816520102e-01 9.999999999816499008e-01
4.861917000000000371e+03 9.999999999826736374e-01 9.999999999825943675e-01 9.999999999825929242e-01
4.861930499999999483e+03 9.999999999835007536e-01 9.999999999834394693e-01 9.999999999834380260e-01
4.861944000000000415e+03 9.999999999842610343e-01 9.999999999842105192e-01 9.999999999842094089e-01
4.861957500000000437e+03 9.999999999849658039e-01 9.999999999849221721e-01 9.999999999849212839e-01
4.861970999999999549e+03 9.999999999856217237e-01 9.999999999855828658e-01 9.999999999855823107e-01
4.861984499999999571e+03 9.999999999862342337e-01 9.999999999861997058e-01 9.999999999861990396e-01
4.861998000000000502e+03 9.999999999868084410e-01 9.999999999867766887e-01 9.999999999867762446e-01
4.862011500000000524e+03 9.999999999873466772e-01 9.999999999873179224e-01 9.999999999873173673e-01
4.862025000000000546e+03 9.999999999878530499e-01 9.999999999878262935e-01 9.999999999878258494e-01
4.862038499999999658e+03 9.999999999883290025e-01 9.999999999883044666e-01 9.999999999883040225e-01
4.862052000000000589e+03 9.999999999887774216e-01 9.999999999887546620e-01 9.999999999887543289e-01
4.862065500000000611e+03 9.999999999892004166e-01 9.999999999891794333e-01 9.999999999891791003e-01
4.862078999999999724e+03 9.999999999895998748e-01 9.999999999895806679e-01 9.999999999895802238e-01
4.862092499999999745e+03 9.999999999899777947e-01 9.999999999899595871e-01 9.999999999899592540e-01
4.862105999999999767e+03 9.999999999903350645e-01 9.999999999903185222e-01 9.999999999903179670e-01
4.862119500000000698e+03 9.999999999906735715e-01 9.999999999906578063e-01 9.999999999906575843e-01
4.862133000000000720e+03 9.999999999909944259e-01 9.999999999909801041e-01 9.999999999909796600e-01
4.862146499999999833e+03 9.999999999912992932e-01 9.999999999912856374e-01 9.999999999912851933e-01
4.862159999999999854e+03 9.999999999915887283e-01 9.999999999915759608e-01 9.999999999915756277e-01
4.862173500000000786e+03 9.999999999918636195e-01 9.999999999918519622e-01 9.999999999918517402e-01
4.862186999999999898e+03 9.999999999921257432e-01 9.999999999921144189e-01 9.999999999921141969e-01
4.862200499999999920e+03 9.999999999923749883e-01 9.999999999923646632e-01 9.999999999923645522e-01
4.862213999999999942e+03 9.999999999926126870e-01 9.999999999926029171e-01 9.999999999926025840e-01
4.862227500000000873e+03 9.999999999928395056e-01 9.999999999928301797e-01 9.999999999928300687e-01
4.862241000000000895e+03 9.999999999930561101e-01 9.999999999930474504e-01 9.999999999930473393e-01
4.862254500000000007e+03 9.999999999932628336e-01 9.999999999932545069e-01 9.999999999932545069e-01
4.862268000000000029e+03 9.999999999934604533e-01 9.999999999934527928e-01 9.999999999934526818e-01
4.862281500000000051e+03 9.999999999936494133e-01 9.999999999936424189e-01 9.999999999936421968e-01
4.862295000000000073e+03 9.999999999938301576e-01 9.999999999938236073e-01 9.999999999938236073e-01
4.862308500000000095e+03 9.999999999940036854e-01 9.999999999939971351e-01 9.999999999939971351e-01
4.862322000000000116e+03 9.999999999941698858e-01 9.999999999941636686e-01 9.999999999941636686e-01
4.862335500000000138e+03 9.999999999943290918e-01 9.999999999943234297e-01 9.999999999943234297e-01
4.862349000000001070e+03 9.999999999944818585e-01 9.999999999944765294e-01 9.999999999944765294e-01
4.862362500000000182e+03 9.999999999946287410e-01 9.999999999946236340e-01 9.999999999946234119e-01
4.862376000000000204e+03 9.999999999947694063e-01 9.999999999947647433e-01 9.999999999947646323e-01
4.862389500000000226e+03 9.999999999949052976e-01 9.999999999949004126e-01 9.999999999949004126e-01
4.862402999999999338e+03 9.999999999950353047e-01 9.999999999950309748e-01 9.999999999950309748e-01
4.862416500000000269e+03 9.999999999951607599e-01 9.999999999951564300e-01 9.999999999951565410e-01
4.862430000000000291e+03 9.999999999952812191e-01 9.999999999952773333e-01 9.999999999952773333e-01
4.862443500000000313e+03 9.999999999953973484e-01 9.999999999953936847e-01 9.999999999953936847e-01
4.862457000000000335e+03 9.999999999955093699e-01 9.999999999955059282e-01 9.999999999955060392e-01
4.862470500000000357e+03 9.999999999956171726e-01 9.999999999956140639e-01 9.999999999956140639e-01
4.862484000000000378e+03 9.999999999957214225e-01 9.999999999957179808e-01 9.999999999957179808e-01
4.862497500000000400e+03 9.999999999958216756e-01 9.999999999958184560e-01 9.999999999958184560e-01
4.862510999999999513e+03 9.999999999959185981e-01 9.999999999959157115e-01 9.999999999959157115e-01
4.862524499999999534e+03 9.999999999960123009e-01 9.999999999960093033e-01 9.999999999960094144e-01
4.862538000000000466e+03 9.999999999961023400e-01 9.999999999960996755e-01 9.999999999960996755e-01
4.862551500000000487e+03 9.999999999961897146e-01 9.999999999961872721e-01 9.999999999961873831e-01
4.862565000000000509e+03 9.999999999962739805e-01 9.999999999962716490e-01 9.999999999962716490e-01
4.862578499999999622e+03 9.999999999963558039e-01 9.999999999963532504e-01 9.999999999963535835e-01
4.862592000000000553e+03 9.999999999964346298e-01 9.999999999964324093e-01 9.999999999964324093e-01
4.862605500000000575e+03 9.999999999965111241e-01 9.999999999965090147e-01 9.999999999965091257e-01
4.862618999999999687e+03 9.999999999965852870e-01 9.999999999965830666e-01 9.999999999965831776e-01
4.862632499999999709e+03 9.999999999966571185e-01 9.999999999966548980e-01 9.999999999966548980e-01
4.862646000000000640e+03 9.999999999967261743e-01 9.999999999967242870e-01 9.999999999967242870e-01
4.862659500000000662e+03 9.999999999967937869e-01 9.999999999967914555e-01 9.999999999967914555e-01
4.862673000000000684e+03 9.999999999968588460e-01 9.999999999968552933e-01 9.999999999968552933e-01
4.862686499999999796e+03 9.999999999969222397e-01 9.999999999969112485e-01 9.999999999969108044e-01
4.862699999999999818e+03 9.999999999969837461e-01 9.999999999969523268e-01 9.999999999969516606e-01
