# lambda[A]  T_theo  T_instr  T_rot+instr  (H-alpha 6562.8)
6.560874651704574717e+03 9.999999999104133286e-01 9.999999999095381398e-01 9.999999999095207093e-01
6.560893905187528617e+03 9.999999999085888991e-01 9.999999999083097890e-01 9.999999999083003521e-01
6.560913158670483426e+03 9.999999999067088474e-01 9.999999999066215839e-01 9.999999999066180312e-01
6.560932412153437326e+03 9.999999999047693988e-01 9.999999999047171073e-01 9.999999999047153310e-01
6.560951665636391226e+03 9.999999999027693320e-01 9.999999999027184838e-01 9.999999999027177067e-01
6.560970919119346036e+03 9.999999999007054274e-01 9.999999999006525808e-01 9.999999999006516926e-01
6.560990172602299936e+03 9.999999998985747984e-01 9.999999998985198424e-01 9.999999998985190652e-01
6.561009426085253835e+03 9.999999998963751136e-01 9.999999998963173820e-01 9.999999998963167158e-01
6.561028679568208645e+03 9.999999998941029311e-01 9.999999998940428680e-01 9.999999998940418688e-01
6.561047933051162545e+03 9.999999998917549204e-01 9.999999998916923039e-01 9.999999998916910826e-01
6.561067186534116445e+03 9.999999998893279729e-01 9.999999998892625808e-01 9.999999998892613595e-01
6.561086440017071254e+03 9.999999998868187578e-01 9.999999998867502571e-01 9.999999998867490358e-01
6.561105693500025154e+03 9.999999998842228344e-01 9.999999998841508919e-01 9.999999998841497817e-01
6.561124946982979054e+03 9.999999998815362057e-01 9.999999998814610436e-01 9.999999998814598223e-01
6.561144200465934773e+03 9.999999998787555411e-01 9.999999998786766042e-01 9.999999998786750499e-01
6.561163453948888673e+03 9.999999998758748454e-01 9.999999998757925779e-01 9.999999998757911346e-01
6.561182707431842573e+03 9.999999998728907880e-01 9.999999998728044126e-01 9.999999998728027473e-01
6.561201960914797382e+03 9.999999998697973735e-01 9.999999998697066683e-01 9.999999998697050030e-01
6.561221214397751282e+03 9.999999998665899392e-01 9.999999998664943490e-01 9.999999998664926837e-01
6.561240467880705182e+03 9.999999998632616016e-01 9.999999998631616815e-01 9.999999998631599052e-01
6.561259721363659992e+03 9.999999998598076978e-01 9.999999998597022266e-01 9.999999998597002282e-01
6.561278974846613892e+03 9.999999998562204562e-01 9.999999998561097669e-01 9.999999998561077685e-01
6.561298228329567792e+03 9.999999998524942146e-01 9.999999998523774192e-01 9.999999998523754208e-01
6.561317481812522601e+03 9.999999998486206465e-01 9.999999998484977448e-01 9.999999998484956354e-01
6.561336735295476501e+03 9.999999998445923133e-01 9.999999998444626392e-01 9.999999998444605298e-01
6.561355988778430401e+03 9.999999998404007773e-01 9.999999998402642198e-01 9.999999998402618884e-01
6.561375242261385210e+03 9.999999998360372677e-01 9.999999998358930497e-01 9.999999998358903852e-01
6.561394495744339110e+03 9.999999998314915706e-01 9.999999998313395810e-01 9.999999998313365834e-01
6.561413749227293920e+03 9.999999998267541379e-01 9.999999998265932666e-01 9.999999998265901580e-01
6.561433002710247820e+03 9.999999998218140895e-01 9.999999998216434483e-01 9.999999998216405617e-01
6.561452256193201720e+03 9.999999998166587689e-01 9.999999998164783577e-01 9.999999998164751380e-01
6.561471509676157439e+03 9.999999998112761856e-01 9.999999998110850052e-01 9.999999998110816746e-01
6.561490763159111339e+03 9.999999998056522399e-01 9.999999998054495132e-01 9.999999998054460715e-01
6.561510016642065239e+03 9.999999997997731649e-01 9.999999997995575596e-01 9.999999997995536738e-01
6.561529270125020048e+03 9.999999997936221963e-01 9.999999997933933793e-01 9.999999997933894935e-01
6.561548523607973948e+03 9.999999997871834578e-01 9.999999997869396529e-01 9.999999997869354340e-01
6.561567777090927848e+03 9.999999997804371876e-01 9.999999997801781726e-01 9.999999997801733986e-01
6.561587030573882657e+03 9.999999997733644008e-01 9.999999997730880663e-01 9.999999997730830703e-01
6.561606284056836557e+03 9.999999997659435591e-01 9.999999997656487949e-01 9.999999997656434658e-01
6.561625537539790457e+03 9.999999997581512368e-01 9.999999997578362665e-01 9.999999997578307154e-01
6.561644791022745267e+03 9.999999997499622317e-01 9.999999997496250570e-01 9.999999997496190618e-01
6.561664044505699167e+03 9.999999997413481223e-01 9.999999997409878549e-01 9.999999997409814156e-01
6.561683297988653067e+03 9.999999997322805978e-01 9.999999997318940181e-01 9.999999997318871348e-01
6.561702551471607876e+03 9.999999997227256854e-01 9.999999997223110171e-01 9.999999997223036896e-01
6.561721804954561776e+03 9.999999997126489681e-01 9.999999997122032136e-01 9.999999997121947759e-01
6.561741058437515676e+03 9.999999997020104781e-01 9.999999997015307507e-01 9.999999997015219799e-01
6.561760311920470485e+03 9.999999996907678046e-01 9.999999996902506627e-01 9.999999996902412258e-01
6.561779565403424385e+03 9.999999996788736523e-01 9.999999996783162093e-01 9.999999996783059952e-01
6.561798818886378285e+03 9.999999996662778390e-01 9.999999996656747658e-01 9.999999996656637746e-01
6.561818072369334004e+03 9.999999996529223001e-01 9.999999996522693779e-01 9.999999996522573875e-01
6.561837325852287904e+03 9.999999996387449741e-01 9.999999996380363187e-01 9.999999996380236622e-01
6.561856579335241804e+03 9.999999996236755839e-01 9.999999996229049781e-01 9.999999996228913224e-01
6.561875832818196614e+03 9.999999996076368580e-01 9.999999996067966412e-01 9.999999996067814312e-01
6.561895086301150513e+03 9.999999995905415329e-01 9.999999995896213800e-01 9.999999995896045046e-01
6.561914339784104413e+03 9.999999995722894663e-01 9.999999995712770540e-01 9.999999995712586243e-01
6.561933593267059223e+03 9.999999995527669716e-01 9.999999995516430928e-01 9.999999995516221096e-01
6.561952846750013123e+03 9.999999995318358259e-01 9.999999995305718370e-01 9.999999995305483003e-01
6.561972100232967023e+03 9.999999995093266092e-01 9.999999995078772130e-01 9.999999995078500126e-01
6.561991353715921832e+03 9.999999994850161666e-01 9.999999994833058681e-01 9.999999994832731165e-01
6.562010607198875732e+03 9.999999994585959673e-01 9.999999994564944261e-01 9.999999994564534589e-01
6.562029860681829632e+03 9.999999994296073780e-01 9.999999994268897741e-01 9.999999994268352621e-01
6.562049114164784442e+03 9.999999993973344159e-01 9.999999993936136145e-01 9.999999993935368980e-01
6.562068367647738341e+03 9.999999993606166759e-01 9.999999993552259880e-01 9.999999993551119681e-01
6.562087621130692241e+03 9.999999993175227031e-01 9.999999993093303674e-01 9.999999993091536199e-01
6.562106874613647051e+03 9.999999992648074265e-01 9.999999992519179592e-01 9.999999992516359626e-01
6.562126128096600951e+03 9.999999991970133228e-01 9.999999991762978935e-01 9.999999991758412587e-01
6.562145381579554851e+03 9.999999991050089188e-01 9.999999990713916986e-01 9.999999990706475161e-01
6.562164635062510570e+03 9.999999989736696460e-01 9.999999989190549998e-01 9.999999989178434134e-01
6.562183888545464470e+03 9.999999987782588473e-01 9.999999986899669180e-01 9.999999986880069303e-01
6.562203142028418370e+03 9.999999984789021967e-01 9.999999983374364687e-01 9.999999983342954257e-01
6.562222395511373179e+03 9.999999980123265297e-01 9.999999977882669810e-01 9.999999977832910725e-01
6.562241648994327079e+03 9.999999972797662950e-01 9.999999969295615410e-01 9.999999969217808760e-01
6.562260902477280979e+03 9.999999961296556217e-01 9.999999955900780169e-01 9.999999955780765060e-01
6.562280155960235788e+03 9.999999943334034747e-01 9.999999935144593399e-01 9.999999934962066073e-01
6.562299409443189688e+03 9.999999915522789218e-01 9.999999903284291225e-01 9.999999903010641233e-01
6.562318662926144498e+03 9.999999872932259226e-01 9.999999854929000342e-01 9.999999854524584952e-01
6.562337916409098398e+03 9.999999808513788668e-01 9.999999782449480179e-01 9.999999781860284820e-01
6.562357169892052298e+03 9.999999712372362737e-01 9.999999675238552266e-01 9.999999674392118232e-01
6.562376423375007107e+03 9.999999570869468890e-01 9.999999518809669086e-01 9.999999517610201893e-01
6.562395676857961007e+03 9.999999365550549246e-01 9.999999293729808780e-01 9.999999292052136335e-01
6.562414930340914907e+03 9.999999071903122871e-01 9.999998974394314066e-01 9.999998972076179493e-01
6.562434183823869716e+03 9.999998657967191784e-01 9.999998527663842562e-01 9.999998524495060659e-01
6.562453437306823616e+03 9.999998082834068436e-01 9.999997911392053407e-01 9.999997907097959438e-01
6.562472690789777516e+03 9.999997295076518133e-01 9.999997072870705495e-01 9.999997067084943625e-01
6.562491944272733235e+03 9.999996231139713920e-01 9.999995947194511015e-01 9.999995939414181301e-01
6.562511197755687135e+03 9.999994813674332184e-01 9.999994455486967970e-01 9.999994445002493570e-01
6.562530451238641035e+03 9.999992949700787781e-01 9.999992502780248316e-01 9.999992488576011640e-01
6.562549704721595845e+03 9.999990528351115904e-01 9.999989974864215148e-01 9.999989955490535820e-01
6.562568958204549745e+03 9.999987417616135188e-01 9.999986731518180072e-01 9.999986704908344626e-01
6.562588211687503644e+03 9.999983458074122034e-01 9.999982586031977982e-01 9.999982549055363990e-01
6.562607465170458454e+03 9.999978444517418907e-01 9.999977233776605745e-01 9.999977180636409058e-01
6.562626718653412354e+03 9.999972057473011100e-01 9.999970005249746441e-01 9.999969922101525910e-01
6.562645972136366254e+03 9.999963603454551375e-01 9.999959088958921827e-01 9.999958940286137743e-01
6.562665225619321063e+03 9.999951080560619543e-01 9.999939498988241748e-01 9.999939208348408437e-01
6.562684479102274963e+03 9.999928065704281055e-01 9.999899320561314031e-01 9.999898782614243808e-01
6.562703732585228863e+03 9.999875113177584263e-01 9.999816965820784720e-01 9.999816161814936155e-01
6.562722986068183673e+03 9.999747127186540130e-01 9.999668350712586085e-01 9.999667537400380724e-01
6.562742239551137573e+03 9.999494800327007882e-01 9.999450304776502652e-01 9.999450010031752933e-01
6.562761493034091473e+03 9.999161379896658319e-01 9.999203770891431642e-01 9.999204425620922265e-01
6.562780746517046282e+03 9.998887899780036781e-01 9.999005974582019229e-01 9.999007526149236158e-01
6.562800000000000182e+03 9.998783988177882831e-01 9.998930227210701682e-01 9.998932138903171563e-01
6.562819253482954082e+03 9.998887898599976287e-01 9.999005970887636652e-01 9.999007522444581797e-01
6.562838506965909801e+03 9.999161372207581167e-01 9.999203762611630353e-01 9.999204417342099083e-01
6.562857760448863701e+03 9.999494783836601064e-01 9.999450292440462684e-01 9.999449997714772165e-01
6.562877013931817601e+03 9.999747109749709262e-01 9.999668337212904712e-01 9.999667523916746514e-01
6.562896267414772410e+03 9.999875101359502194e-01 9.999816954321002482e-01 9.999816150310346652e-01
6.562915520897726310e+03 9.999928058741941461e-01 9.999899312266139484e-01 9.999898774299894599e-01
6.562934774380680210e+03 9.999951075951410973e-01 9.999939493259956125e-01 9.999939202601646482e-01
6.562954027863635019e+03 9.999963599717521801e-01 9.999959084671021792e-01 9.999958935986851261e-01
6.562973281346588919e+03 9.999972054028813950e-01 9.999970001618289084e-01 9.999969918464219898e-01
6.562992534829542819e+03 9.999978441213834834e-01 9.999977230446187582e-01 9.999977177302664666e-01
6.563011788312497629e+03 9.999983454917097392e-01 9.999982582900939221e-01 9.999982545921807242e-01
6.563031041795451529e+03 9.999987414653987994e-01 9.999986728590145590e-01 9.999986701978057502e-01
6.563050295278405429e+03 9.999990525631959892e-01 9.999989972171833275e-01 9.999989952796096704e-01
6.563069548761360238e+03 9.999992947259631615e-01 9.999992500354391023e-01 9.999992486148320259e-01
6.563088802244314138e+03 9.999994811530399375e-01 9.999994453346736645e-01 9.999994442860647981e-01
6.563108055727268038e+03 9.999996229297088979e-01 9.999995945345370174e-01 9.999995937563606052e-01
6.563127309210222847e+03 9.999997293526137199e-01 9.999997071305666285e-01 9.999997065518614336e-01
6.563146562693176747e+03 9.999998081556465968e-01 9.999997910094022835e-01 9.999997905798766462e-01
6.563165816176130647e+03 9.999998656935633612e-01 9.999998526608451233e-01 9.999998523438620168e-01
6.563185069659086366e+03 9.999999071086678182e-01 9.999998973552762793e-01 9.999998971233690082e-01
6.563204323142040266e+03 9.999999364916833944e-01 9.999999293071429873e-01 9.999999291392943634e-01
6.563223576624994166e+03 9.999999570386858272e-01 9.999999518304104607e-01 9.999999517103939084e-01
6.563242830107948976e+03 9.999999712011568009e-01 9.999999674857310561e-01 9.999999674010292550e-01
6.563262083590902876e+03 9.999999808248846156e-01 9.999999782167006135e-01 9.999999781577331159e-01
6.563281337073856776e+03 9.999999872741011098e-01 9.999999854723214954e-01 9.999999854318419867e-01
6.563300590556811585e+03 9.999999915386950100e-01 9.999999903136758128e-01 9.999999902862809487e-01
6.563319844039765485e+03 9.999999943238958577e-01 9.999999935040372323e-01 9.999999934857616291e-01
6.563339097522720294e+03 9.999999961230845447e-01 9.999999955828106080e-01 9.999999955707921107e-01
6.563358351005674194e+03 9.999999972752686705e-01 9.999999969245462195e-01 9.999999969167535641e-01
6.563377604488628094e+03 9.999999980092637575e-01 9.999999977848289534e-01 9.999999977798444961e-01
6.563396857971582904e+03 9.999999984768139782e-01 9.999999983350825739e-01 9.999999983319352026e-01
6.563416111454536804e+03 9.999999987768209975e-01 9.999999986883448821e-01 9.999999986863802315e-01
6.563435364937490704e+03 9.999999989726575667e-01 9.999999989179180204e-01 9.999999989167037695e-01
6.563454618420445513e+03 9.999999991042722858e-01 9.999999990705720210e-01 9.999999990698258401e-01
6.563473871903399413e+03 9.999999991964519941e-01 9.999999991756827189e-01 9.999999991752251960e-01
6.563493125386353313e+03 9.999999992643575641e-01 9.999999992514333469e-01 9.999999992511510172e-01
6.563512378869308122e+03 9.999999993171428958e-01 9.999999993089292438e-01 9.999999993087520522e-01
6.563531632352262022e+03 9.999999993602820547e-01 9.999999993548776001e-01 9.999999993547634691e-01
6.563550885835215922e+03 9.999999993970288825e-01 9.999999993932996434e-01 9.999999993932228159e-01
6.563570139318171641e+03 9.999999994293207184e-01 9.999999994265985626e-01 9.999999994265438286e-01
6.563589392801125541e+03 9.999999994583236296e-01 9.999999994562190908e-01 9.999999994561776795e-01
6.563608646284079441e+03 9.999999994847544871e-01 9.999999994830419681e-01 9.999999994830092165e-01
6.563627899767034251e+03 9.999999995090727012e-01 9.999999995076225279e-01 9.999999995075952164e-01
6.563647153249988150e+03 9.999999995315893564e-01 9.999999995303247013e-01 9.999999995303012756e-01
6.563666406732942050e+03 9.999999995525267193e-01 9.999999995514020634e-01 9.999999995513814133e-01
6.563685660215896860e+03 9.999999995720553203e-01 9.999999995710423528e-01 9.999999995710237011e-01
6.563704913698850760e+03 9.999999995903127159e-01 9.999999995893925631e-01 9.999999995893755766e-01
6.563724167181804660e+03 9.999999996074133701e-01 9.999999996065728203e-01 9.999999996065572772e-01
6.563743420664759469e+03 9.999999996234568700e-01 9.999999996226862642e-01 9.999999996226721644e-01
6.563762674147713369e+03 9.999999996385307011e-01 9.999999996378219347e-01 9.999999996378091671e-01
6.563781927630667269e+03 9.999999996527125790e-01 9.999999996520593237e-01 9.999999996520475554e-01
6.563801181113622079e+03 9.999999996660721147e-01 9.999999996654690415e-01 9.999999996654580503e-01
6.563820434596575979e+03 9.999999996786722578e-01 9.999999996781143707e-01 9.999999996781043787e-01
6.563839688079529878e+03 9.999999996905697408e-01 9.999999996900524879e-01 9.999999996900433841e-01
6.563858941562484688e+03 9.999999997018159670e-01 9.999999997013362396e-01 9.999999997013278019e-01
6.563878195045438588e+03 9.999999997124583428e-01 9.999999997120126993e-01 9.999999997120043727e-01
6.563897448528392488e+03 9.999999997225389459e-01 9.999999997221242776e-01 9.999999997221166170e-01
6.563916702011348207e+03 9.999999997320973000e-01 9.999999997317103873e-01 9.999999997317033928e-01
6.563935955494302107e+03 9.999999997411679331e-01 9.999999997408073327e-01 9.999999997408006713e-01
6.563955208977256007e+03 9.999999997497844850e-01 9.999999997494476434e-01 9.999999997494416482e-01
6.563974462460210816e+03 9.999999997579768207e-01 9.999999997576617394e-01 9.999999997576559663e-01
6.563993715943164716e+03 9.999999997657719186e-01 9.999999997654770434e-01 9.999999997654719364e-01
6.564012969426118616e+03 9.999999997731958690e-01 9.999999997729194234e-01 9.999999997729145385e-01
6.564032222909073425e+03 9.999999997802710983e-01 9.999999997800119722e-01 9.999999997800069762e-01
6.564051476392027325e+03 9.999999997870200330e-01 9.999999997867763391e-01 9.999999997867718982e-01
6.564070729874981225e+03 9.999999997934616580e-01 9.999999997932326190e-01 9.999999997932284002e-01
6.564089983357936035e+03 9.999999997996151802e-01 9.999999997993995748e-01 9.999999997993954670e-01
6.564109236840889935e+03 9.999999998054962536e-01 9.999999998052937489e-01 9.999999998052899741e-01
6.564128490323843835e+03 9.999999998111225308e-01 9.999999998109310173e-01 9.999999998109276866e-01
6.564147743806798644e+03 9.999999998165076676e-01 9.999999998163268122e-01 9.999999998163234816e-01
6.564166997289752544e+03 9.999999998216644315e-01 9.999999998214941233e-01 9.999999998214911257e-01
6.564186250772706444e+03 9.999999998266072554e-01 9.999999998264460510e-01 9.999999998264430534e-01
6.564205504255661253e+03 9.999999998313462424e-01 9.999999998311940308e-01 9.999999998311913663e-01
6.564224757738615153e+03 9.999999998358937159e-01 9.999999998357494979e-01 9.999999998357470554e-01
6.564244011221570872e+03 9.999999998402594459e-01 9.999999998401227774e-01 9.999999998401205570e-01
6.564263264704524772e+03 9.999999998444533134e-01 9.999999998443234173e-01 9.999999998443209748e-01
6.564282518187478672e+03 9.999999998484833119e-01 9.999999998483600772e-01 9.999999998483580788e-01
6.564301771670433482e+03 9.999999998523586564e-01 9.999999998522418609e-01 9.999999998522397515e-01
6.564321025153387382e+03 9.999999998560866743e-01 9.999999998559757630e-01 9.999999998559740977e-01
6.564340278636341282e+03 9.999999998596752482e-01 9.999999998595699990e-01 9.999999998595680006e-01
6.564359532119296091e+03 9.999999998631312614e-01 9.999999998630310083e-01 9.999999998630292319e-01
6.564378785602249991e+03 9.999999998664609313e-01 9.999999998663655632e-01 9.999999998663636758e-01
6.564398039085203891e+03 9.999999998696700310e-01 9.999999998695794368e-01 9.999999998695776604e-01
6.564417292568158700e+03 9.999999998727652217e-01 9.999999998726784023e-01 9.999999998726767370e-01
6.564436546051112600e+03 9.999999998757503894e-01 9.999999998756681219e-01 9.999999998756665676e-01
6.564455799534066500e+03 9.999999998786323063e-01 9.999999998785535915e-01 9.999999998785522592e-01
6.564475053017021310e+03 9.999999998814147473e-01 9.999999998813395852e-01 9.999999998813383639e-01
6.564494306499975210e+03 9.999999998841028193e-01 9.999999998840306548e-01 9.999999998840294335e-01
6.564513559982929110e+03 9.999999998866998530e-01 9.999999998866312412e-01 9.999999998866302420e-01
6.564532813465883919e+03 9.999999998892106223e-01 9.999999998891452302e-01 9.999999998891441200e-01
6.564552066948837819e+03 9.999999998916391242e-01 9.999999998915762855e-01 9.999999998915751753e-01
6.564571320431791719e+03 9.999999998939884671e-01 9.999999998939280710e-01 9.999999998939268497e-01
6.564590573914747438e+03 9.999999998962613157e-01 9.999999998962042502e-01 9.999999998962031400e-01
6.564609827397701338e+03 9.999999998984626659e-01 9.999999998984075988e-01 9.999999998984065996e-01
6.564629080880655238e+03 9.999999999005945162e-01 9.999999999005413365e-01 9.999999999005406703e-01
6.564648334363610047e+03 9.999999999026591979e-01 9.999999999026085717e-01 9.999999999026077946e-01
6.564667587846563947e+03 9.999999999046609300e-01 9.999999999046084165e-01 9.999999999046068622e-01
6.564686841329517847e+03 9.999999999066011558e-01 9.999999999065140033e-01 9.999999999065102285e-01
6.564706094812472656e+03 9.999999999084826507e-01 9.999999999082032076e-01 9.999999999081935487e-01
6.564725348295426556e+03 9.999999999103077464e-01 9.999999999094320025e-01 9.999999999094145720e-01
