# lambda[A]  T_theo  T_instr  T_rot+instr  (He I 10830)
1.082820000000000073e+04 9.999999523190902240e-01 9.999999500988479006e-01 9.999999500195585478e-01
1.082822012151837225e+04 9.999999508145577254e-01 9.999999491165757481e-01 9.999999490518272083e-01
1.082824024303674378e+04 9.999999492214103336e-01 9.999999478979206824e-01 9.999999478468821756e-01
1.082826036455511530e+04 9.999999475313761099e-01 9.999999464448652287e-01 9.999999464055059351e-01
1.082828048607348319e+04 9.999999457350542409e-01 9.999999447640836037e-01 9.999999447335568004e-01
1.082830060759185471e+04 9.999999438216483627e-01 9.999999428576078486e-01 9.999999428326709072e-01
1.082832072911022624e+04 9.999999417785201405e-01 9.999999407105241156e-01 9.999999406877926322e-01
1.082834085062859776e+04 9.999999395903770294e-01 9.999999382737269071e-01 9.999999382495624589e-01
1.082836097214696747e+04 9.999999372376360274e-01 9.999999354358689585e-01 9.999999354057501622e-01
1.082838109366533899e+04 9.999999346929796529e-01 9.999999319729845348e-01 9.999999319301562384e-01
1.082840121518371052e+04 9.999999319139755150e-01 9.999999274555799733e-01 9.999999273886120976e-01
1.082842133670207841e+04 9.999999288273357934e-01 9.999999210791471471e-01 9.999999209676909695e-01
1.082844145822044993e+04 9.999999252958062801e-01 9.999999113614909119e-01 9.999999111689265030e-01
1.082846157973882146e+04 9.999999210500329916e-01 9.999998956137908790e-01 9.999998952744750813e-01
1.082848170125719298e+04 9.999999155517602656e-01 9.999998690345400787e-01 9.999998684316663278e-01
1.082850182277556269e+04 9.999999077263589387e-01 9.999998231852945674e-01 9.999998221123487241e-01
1.082852194429393421e+04 9.999998954541247098e-01 9.999997434677498909e-01 9.999997415611406870e-01
1.082854206581230392e+04 9.999998746295913898e-01 9.999996050070408815e-01 9.999996016277292732e-01
1.082856218733067544e+04 9.999998374704333060e-01 9.999993660160944042e-01 9.999993600408254579e-01
1.082858230884904515e+04 9.999997695613537241e-01 9.999989572093183066e-01 9.999989466627560164e-01
1.082860243036741667e+04 9.999996448261886384e-01 9.999982650636629611e-01 9.999982464756118627e-01
1.082862255188578820e+04 9.999994171969337486e-01 9.999971055801732955e-01 9.999970728825443578e-01
1.082864267340415972e+04 9.999990071377663492e-01 9.999951835709286474e-01 9.999951262592439161e-01
1.082866279492252943e+04 9.999982802929621162e-01 9.999920303530640542e-01 9.999919305458228047e-01
1.082868291644089913e+04 9.999970141785539113e-01 9.999869102726174352e-01 9.999867382595938325e-01
1.082870303795927066e+04 9.999948466555435012e-01 9.999786843916949053e-01 9.999783923664066210e-01
1.082872315947764037e+04 9.999911961651448689e-01 9.999656194504222828e-01 9.999651335193006085e-01
1.082874328099601189e+04 9.999851370362482506e-01 9.999451344383246676e-01 9.999443458556905862e-01
1.082876340251438342e+04 9.999752015983672804e-01 9.999134893678429670e-01 9.999122473629543650e-01
1.082878352403275494e+04 9.999590624741979683e-01 9.998654449234070096e-01 9.998635553534728215e-01
1.082880364555112465e+04 9.999330245265135586e-01 9.997939596084248759e-01 9.997911954923009992e-01
1.082882376706949435e+04 9.998912378191313621e-01 9.996900400396980801e-01 9.996861708063042862e-01
1.082884388858786588e+04 9.998245627554979142e-01 9.995429090465896005e-01 9.995377536864034074e-01
1.082886401010623558e+04 9.997191364868396324e-01 9.993406838418210647e-01 9.993341877825048236e-01
1.082888413162460711e+04 9.995549786004269688e-01 9.990717333438506875e-01 9.990640594398293439e-01
1.082890425314297863e+04 9.993054558163334544e-01 9.987267812606884787e-01 9.987183934042056510e-01
1.082892437466135016e+04 9.989389567270143822e-01 9.983016278597113269e-01 9.982933354973387852e-01
1.082894449617971986e+04 9.984243112961252997e-01 9.978001009437407198e-01 9.977930301508912692e-01
1.082896461769808957e+04 9.977407964638186355e-01 9.972365829988736330e-01 9.972320501770172152e-01
1.082898473921646109e+04 9.968918372615634960e-01 9.966373015144051051e-01 9.966365907930718748e-01
1.082900486073483262e+04 9.959192945396374563e-01 9.960396223198294541e-01 9.960437022278946229e-01
1.082902498225320232e+04 9.949123784878159960e-01 9.954889140752163357e-01 9.954981611259040575e-01
1.082904510377157385e+04 9.940011067849879867e-01 9.950331237906085979e-01 9.950471356632146769e-01
1.082906522528994537e+04 9.933274490588237526e-01 9.947158752875473464e-01 9.947334436834299742e-01
1.082908534680831690e+04 9.930061177090239166e-01 9.945694549166154141e-01 9.945887276350825479e-01
1.082910546832668479e+04 9.930941514541119508e-01 9.946092650184987782e-01 9.946280703610380636e-01
1.082912558984505631e+04 9.935757586579042622e-01 9.948310859823725760e-01 9.948473405327383778e-01
1.082914571136342784e+04 9.943666243020887752e-01 9.952118320183047651e-01 9.952239252134421621e-01
1.082916583288179754e+04 9.953359702100579298e-01 9.957136101087514790e-01 9.957206667606111061e-01
1.082918595440016907e+04 9.963421963800302983e-01 9.962900775505643125e-01 9.962920395149844621e-01
1.082920607591854059e+04 9.972703588761894222e-01 9.968935985029635516e-01 9.968911232917021525e-01
1.082922619743691030e+04 9.980517047871260150e-01 9.974816588744725987e-01 9.974758848519073018e-01
1.082924631895528000e+04 9.986622609194817368e-01 9.980213799198782709e-01 9.980136371880510282e-01
1.082926644047365153e+04 9.991106515610700400e-01 9.984916028981479785e-01 9.984831491096992639e-01
1.082928656199202305e+04 9.994235319105670978e-01 9.988826704200463036e-01 9.988745067934549082e-01
1.082930668351039458e+04 9.996332081051793050e-01 9.991945097504019158e-01 9.991872977019915503e-01
1.082932680502876428e+04 9.997695895795113419e-01 9.994338323057050388e-01 9.994278995434114909e-01
1.082934692654713581e+04 9.998565265623919895e-01 9.996112145362441304e-01 9.996066204421206747e-01
1.082936704806550551e+04 9.999112635569246121e-01 9.997386073777480009e-01 9.997352331250860535e-01
1.082938716958387522e+04 9.999454749977887413e-01 9.998275473135791458e-01 9.998251827805961778e-01
1.082940729110224675e+04 9.999667442041847432e-01 9.998881032955622139e-01 9.998865144166695362e-01
1.082942741262061827e+04 9.999798899296609145e-01 9.999284384212424603e-01 9.999274098139164790e-01
1.082944753413898979e+04 9.999879496316028682e-01 9.999547992651730555e-01 9.999541547396985086e-01
1.082946765565735950e+04 9.999928371629848156e-01 9.999717479400673792e-01 9.999713551673086176e-01
1.082948777717573103e+04 9.999957599388591412e-01 9.999824918858430944e-01 9.999822579361482555e-01
1.082950789869410073e+04 9.999974786689234119e-01 9.999892173918146776e-01 9.999890804846444103e-01
1.082952802021247044e+04 9.999984697397156230e-01 9.999933779683387591e-01 9.999932988397205458e-01
1.082954814173084196e+04 9.999990282011581577e-01 9.999959207063591204e-01 9.999958752900639514e-01
1.082956826324921349e+04 9.999993339635123712e-01 9.999974523834309625e-01 9.999974263243915917e-01
1.082958838476758501e+04 9.999994945763658327e-01 9.999983553848096340e-01 9.999983402590096881e-01
1.082960850628595472e+04 9.999995727160440051e-01 9.999988653622103874e-01 9.999988562222097421e-01
1.082962862780432624e+04 9.999996035060837452e-01 9.999991211351930698e-01 9.999991149694802406e-01
1.082964874932269595e+04 9.999996049646179275e-01 9.999991947186147589e-01 9.999991894776755208e-01
1.082966887084106747e+04 9.999995836324609977e-01 9.999991065973740101e-01 9.999991005211100736e-01
1.082968899235943718e+04 9.999995364788515362e-01 9.999988288338227393e-01 9.999988198740569212e-01
1.082970911387780870e+04 9.999994493249557692e-01 9.999982762456179897e-01 9.999982613958162680e-01
1.082972923539618023e+04 9.999992911274411256e-01 9.999972834806170052e-01 9.999972577919223893e-01
1.082974935691455175e+04 9.999990023859754995e-01 9.999955629682683034e-01 9.999955179337534084e-01
1.082976947843291964e+04 9.999984745182159962e-01 9.999926349837203743e-01 9.999925557951756527e-01
1.082978959995129117e+04 9.999975150797246748e-01 9.999877159044934238e-01 9.999875768150658928e-01
1.082980972146966269e+04 9.999957909065638750e-01 9.999795436998304421e-01 9.999793003719599227e-01
1.082982984298803240e+04 9.999927371617145511e-01 9.999661106211462647e-01 9.999656879724266867e-01
1.082984996450640392e+04 9.999874140324730432e-01 9.999442626763107578e-01 9.999435365347151272e-01
1.082987008602477545e+04 9.999782828475748397e-01 9.999091162177616843e-01 9.999078873944429180e-01
1.082989020754314697e+04 9.999628566556014730e-01 9.998532390777153944e-01 9.998511997466599244e-01
1.082991032906151486e+04 9.999371517547350763e-01 9.997655559195375297e-01 9.997622509957664327e-01
1.082993045057988638e+04 9.998948194170793613e-01 9.996299768029391908e-01 9.996247676584131270e-01
1.082995057209825791e+04 9.998257663601554102e-01 9.994238268526318691e-01 9.994158708860436668e-01
1.082997069361662761e+04 9.997139881210276302e-01 9.991162804691606780e-01 9.991045463279228933e-01
1.082999081513499914e+04 9.995342906514932402e-01 9.986671686413128857e-01 9.986505105095375701e-01
1.083001093665337066e+04 9.992476826840870352e-01 9.980267021723433496e-01 9.980040137463312977e-01
1.083003105817174219e+04 9.987956824478747553e-01 9.971367788616013472e-01 9.971072350142390350e-01
1.083005117969011008e+04 9.980947872038192781e-01 9.959345400163076567e-01 9.958979107014567234e-01
1.083007130120848160e+04 9.970338520675064986e-01 9.943586343337578182e-01 9.943156245197225518e-01
1.083009142272685312e+04 9.954785095818199370e-01 9.923581966562902146e-01 9.923107367364196740e-01
1.083011154424522465e+04 9.932868129394938350e-01 9.899038917299559648e-01 9.898552868358652113e-01
1.083013166576359436e+04 9.903379397275825502e-01 9.869996367021313111e-01 9.869544908858716159e-01
1.083015178728196588e+04 9.865716728528014512e-01 9.836929982411448670e-01 9.836568637240143964e-01
1.083017190880033741e+04 9.820317495406276631e-01 9.800819674695565586e-01 9.800607234866980377e-01
1.083019203031870529e+04 9.768971501100179866e-01 9.763159884803913613e-01 9.763150149789067145e-01
1.083021215183707682e+04 9.714750447215946272e-01 9.725897761724187074e-01 9.726130403330111029e-01
1.083023227335544834e+04 9.661525904164033340e-01 9.691295103642844078e-01 9.691787189048063356e-01
1.083025239487381987e+04 9.613519524195281996e-01 9.661722646580933604e-01 9.662462474469725171e-01
1.083027251639218957e+04 9.575121791312606323e-01 9.639408237115637546e-01 9.640353007384563355e-01
1.083029263791056110e+04 9.550601103356066712e-01 9.626171593017259775e-01 9.627249982906501691e-01
1.083031275942893080e+04 9.543281551464303236e-01 9.623185589339801060e-01 9.624305513773147025e-01
1.083033288094730233e+04 9.554593578856604985e-01 9.630805068598660146e-01 9.631865823367165014e-01
1.083035300246567203e+04 9.583788359551914660e-01 9.648497257596537757e-01 9.649404100503023995e-01
1.083037312398404356e+04 9.628094307315852030e-01 9.674892594934968448e-01 9.675570960491529648e-01
1.083039324550241508e+04 9.682914451615101115e-01 9.707953105766194968e-01 9.708359429148225583e-01
1.083041336702078661e+04 9.742329304378374299e-01 9.745231946549257618e-01 9.745358691463879008e-01
1.083043348853915631e+04 9.800264761341489494e-01 9.784178542727193229e-01 9.784052400642705427e-01
1.083045361005752602e+04 9.851938082396550778e-01 9.822434644557558325e-01 9.822108610099460346e-01
1.083047373157589755e+04 9.894654873373344151e-01 9.858070753029920530e-01 9.857612311186019216e-01
1.083049385309426725e+04 9.927727658677537592e-01 9.889728659727434756e-01 9.889207123353319639e-01
1.083051397461263878e+04 9.951922758988211992e-01 9.916659208506927170e-01 9.916135080371495381e-01
1.083053409613101030e+04 9.968795645146489859e-01 9.938667609249076662e-01 9.938185858571844111e-01
1.083055421764938183e+04 9.980117440707384491e-01 9.955995196132507719e-01 9.955582979930296394e-01
1.083057433916775153e+04 9.987497546038086593e-01 9.969172942681739924e-01 9.968841083565437300e-01
1.083059446068612124e+04 9.992212826848262397e-01 9.978878679978895327e-01 9.978625493985388006e-01
1.083061458220449276e+04 9.995187123288687969e-01 9.985820121858967058e-01 9.985636064026039982e-01
1.083063470372286247e+04 9.997048025217244449e-01 9.990653888449606557e-01 9.990525808950382336e-01
1.083065482524123399e+04 9.998205076885547937e-01 9.993940451485060494e-01 9.993854782551008231e-01
1.083067494675960552e+04 9.998919720377258402e-01 9.996128323740856025e-01 9.996073019862787845e-01
1.083069506827797704e+04 9.999357356628041371e-01 9.997558150059707716e-01 9.997523548421447526e-01
1.083071518979634675e+04 9.999622420467828565e-01 9.998477715405208466e-01 9.998456640544209906e-01
1.083073531131471645e+04 9.999780821822452648e-01 9.999060916958114609e-01 9.999048363051966648e-01
1.083075543283308798e+04 9.999874038745254490e-01 9.999426247984662952e-01 9.999418899286501849e-01
1.083077555435145950e+04 9.999927989940966544e-01 9.999652532598707344e-01 9.999648285633785383e-01
1.083079567586982921e+04 9.999958685568450800e-01 9.999791200328473906e-01 9.999788766983369603e-01
1.083081579738820074e+04 9.999975864056903641e-01 9.999875286252534190e-01 9.999873899339936090e-01
1.083083591890657226e+04 9.999985341013181150e-01 9.999925737213070098e-01 9.999924949068749180e-01
1.083085604042494379e+04 9.999990518781807225e-01 9.999955685706441999e-01 9.999955238646955902e-01
1.083087616194331167e+04 9.999993344555497821e-01 9.999973277564195850e-01 9.999973024397206256e-01
1.083089628346168320e+04 9.999994907552733903e-01 9.999983510921367502e-01 9.999983367837897985e-01
1.083091640498005472e+04 9.999995803113356230e-01 9.999989417237282741e-01 9.999989336547587815e-01
1.083093652649842443e+04 9.999996349289942410e-01 9.999992812152563859e-01 9.999992766719719706e-01
1.083095664801679595e+04 9.999996712360486040e-01 9.999994768377098442e-01 9.999994742774999112e-01
1.083097676953516748e+04 9.999996977615287497e-01 9.999995910514943853e-01 9.999995896001423468e-01
1.083099689105353718e+04 9.999997188193485709e-01 9.999996596754967548e-01 9.999996588403010644e-01
1.083101701257190689e+04 9.999997365809311090e-01 9.999997029351512801e-01 9.999997024405792301e-01
1.083103713409027841e+04 9.999997521514770726e-01 9.999997320794578037e-01 9.999997317728657187e-01
1.083105725560864994e+04 9.999997661141738492e-01 9.999997532785915855e-01 9.999997530762628761e-01
1.083107737712702146e+04 9.999997787985500652e-01 9.999997698790716871e-01 9.999997697355165194e-01
1.083109749864539117e+04 9.999997904098741897e-01 9.999997836844017884e-01 9.999997835750651376e-01
1.083111762016376269e+04 9.999998010904838086e-01 9.999997956684877343e-01 9.999997955801283034e-01
1.083113774168213240e+04 9.999998109486214481e-01 9.999998063654622626e-01 9.999998062908768137e-01
1.083115786320050211e+04 9.999998200721167407e-01 9.999998160786864876e-01 9.999998160138637848e-01
1.083117798471887363e+04 9.999998285351132665e-01 9.999998249908096382e-01 9.999998249334165479e-01
1.083119810623724516e+04 9.999998364016237096e-01 9.999998332207992169e-01 9.999998331693922271e-01
1.083121822775561668e+04 9.999998437276269581e-01 9.999998408531379779e-01 9.999998408067473088e-01
1.083123834927398639e+04 9.999998505624478895e-01 9.999998479526664985e-01 9.999998479105923765e-01
1.083125847079235791e+04 9.999998569497758893e-01 9.999998545721796583e-01 9.999998545338781852e-01
1.083127859231072762e+04 9.999998629284587714e-01 9.999998607563881370e-01 9.999998607214199975e-01
1.083129871382909732e+04 9.999998685331530357e-01 9.999998665440938961e-01 9.999998665120883867e-01
1.083131883534746885e+04 9.999998737948649907e-01 9.999998719694604965e-01 9.999998719401017588e-01
1.083133895686584037e+04 9.999998787414098311e-01 9.999998770628382161e-01 9.999998770358521361e-01
1.083135907838421190e+04 9.999998833978062107e-01 9.999998818513471388e-01 9.999998818264945744e-01
1.083137919990258160e+04 9.999998877866073110e-01 9.999998863593173581e-01 9.999998863363881441e-01
1.083139932142095313e+04 9.999998919281916088e-01 9.999998906086476902e-01 9.999998905874558641e-01
1.083141944293932283e+04 9.999998958410137861e-01 9.999998946191002158e-01 9.999998945994822419e-01
1.083143956445769436e+04 9.999998995418191150e-01 9.999998984085551879e-01 9.999998983903659600e-01
1.083145968597606407e+04 9.999999030458324167e-01 9.999999019932226396e-01 9.999999019763331498e-01
1.083147980749443559e+04 9.999999063669220423e-01 9.999999053878321220e-01 9.999999053721262410e-01
1.083149992901280712e+04 9.999999095177452002e-01 9.999999086057923536e-01 9.999999085911668306e-01
1.083152005053117864e+04 9.999999125098714137e-01 9.999999116593346615e-01 9.999999116456969039e-01
1.083154017204954653e+04 9.999999153538956520e-01 9.999999145596345507e-01 9.999999145469027351e-01
1.083156029356791805e+04 9.999999180595360304e-01 9.999999173169236144e-01 9.999999173050222456e-01
1.083158041508628958e+04 9.999999206357188530e-01 9.999999199405809058e-01 9.999999199294417052e-01
1.083160053660465928e+04 9.999999230906554404e-01 9.999999224392208674e-01 9.999999224287848820e-01
1.083162065812303081e+04 9.999999254319124065e-01 9.999999248207662728e-01 9.999999248109773253e-01
1.083164077964140233e+04 9.999999276664695014e-01 9.999999270925157280e-01 9.999999270833243026e-01
1.083166090115977386e+04 9.999999298007749005e-01 9.999999292612001822e-01 9.999999292525606487e-01
1.083168102267814174e+04 9.999999318407924997e-01 9.999999313330379946e-01 9.999999313249092747e-01
1.083170114419651327e+04 9.999999337920475462e-01 9.999999333137814528e-01 9.999999333061255768e-01
1.083172126571488479e+04 9.999999356596616096e-01 9.999999352087550752e-01 9.999999352015391807e-01
1.083174138723325450e+04 9.999999374483913295e-01 9.999999370228991324e-01 9.999999370160904677e-01
1.083176150875162602e+04 9.999999391626551715e-01 9.999999387607971801e-01 9.999999387543678786e-01
1.083178163026999755e+04 9.999999408065668449e-01 9.999999404267116976e-01 9.999999404206348919e-01
1.083180175178836907e+04 9.999999423839562862e-01 9.999999420246058479e-01 9.999999420188580013e-01
1.083182187330673696e+04 9.999999438983953048e-01 9.999999435581744534e-01 9.999999435527330283e-01
1.083184199482510849e+04 9.999999453532171234e-01 9.999999450308594273e-01 9.999999450257041067e-01
1.083186211634348001e+04 9.999999467515360285e-01 9.999999464458760867e-01 9.999999464409884409e-01
1.083188223786185154e+04 9.999999480962641352e-01 9.999999478062268077e-01 9.999999478015890730e-01
1.083190235938022124e+04 9.999999493901278180e-01 9.999999491147197883e-01 9.999999491103165328e-01
1.083192248089859277e+04 9.999999506356801460e-01 9.999999503739839257e-01 9.999999503698004943e-01
1.083194260241696429e+04 9.999999518353153150e-01 9.999999515864823607e-01 9.999999515825049867e-01
1.083196272393533218e+04 9.999999529912808605e-01 9.999999527545254674e-01 9.999999527507408281e-01
1.083198284545370370e+04 9.999999541056867614e-01 9.999999538802794019e-01 9.999999538766766172e-01
1.083200296697207523e+04 9.999999551805173192e-01 9.999999549657809794e-01 9.999999549623490580e-01
1.083202308849044675e+04 9.999999562176369317e-01 9.999999560129444465e-01 9.999999560096739515e-01
1.083204321000881646e+04 9.999999572188039698e-01 9.999999570235706958e-01 9.999999570204514132e-01
1.083206333152718798e+04 9.999999581856722219e-01 9.999999579993544829e-01 9.999999579963780860e-01
1.083208345304555951e+04 9.999999591198026616e-01 9.999999589418941959e-01 9.999999589390523580e-01
1.083210357456392921e+04 9.999999600226675556e-01 9.999999598526952971e-01 9.999999598499803577e-01
1.083212369608229892e+04 9.999999608956560149e-01 9.999999607331796492e-01 9.999999607305845029e-01
1.083214381760067045e+04 9.999999617400815444e-01 9.999999615846866252e-01 9.999999615822035004e-01
1.083216393911904197e+04 9.999999625571849293e-01 9.999999624084764394e-01 9.999999624060972314e-01
1.083218406063741349e+04 9.999999633481411188e-01 9.999999632057233745e-01 9.999999632034363151e-01
1.083220418215578320e+04 9.999999641140608908e-01 9.999999639774915794e-01 9.999999639752733538e-01
1.083222430367415291e+04 9.999999648559970700e-01 9.999999647246657908e-01 9.999999647224699917e-01
1.083224442519252443e+04 9.999999655749481908e-01 9.999999654478124445e-01 9.999999654455451470e-01
1.083226454671089414e+04 9.999999662718592752e-01 9.999999661469173295e-01 9.999999661443965682e-01
1.083228466822926566e+04 9.999999669476283826e-01 9.999999668209690329e-01 9.999999668178742862e-01
1.083230478974763719e+04 9.999999676031076090e-01 9.999999674674202588e-01 9.999999674632409352e-01
1.083232491126600871e+04 9.999999682391069733e-01 9.999999680816529235e-01 9.999999680756584963e-01
1.083234503278437842e+04 9.999999688563948608e-01 9.999999686567144774e-01 9.999999686479781325e-01
1.083236515430274812e+04 9.999999694557033525e-01 9.999999691836463089e-01 9.999999691711436434e-01
1.083238527582111965e+04 9.999999700377288914e-01 9.999999696526387094e-01 9.999999696354165968e-01
1.083240539733948935e+04 9.999999706031319491e-01 9.999999700549286885e-01 9.999999700323024543e-01
1.083242551885786088e+04 9.999999711525459078e-01 9.999999703849749011e-01 9.999999703566903042e-01
