# lambda[A]  T_theo  T_instr  T_rot+instr  (H-alpha 6562.8)
6.560873916908529281e+03 9.999999999502187098e-01 9.999999999497327652e-01 9.999999999497236614e-01
6.560893177739444582e+03 9.999999999492050762e-01 9.999999999490500890e-01 9.999999999490452041e-01
6.560912438570358972e+03 9.999999999481600232e-01 9.999999999481119506e-01 9.999999999481100632e-01
6.560931699401273363e+03 9.999999999470823298e-01 9.999999999470534640e-01 9.999999999470526868e-01
6.560950960232187754e+03 9.999999999459706634e-01 9.999999999459427968e-01 9.999999999459422417e-01
6.560970221063103054e+03 9.999999999448239141e-01 9.999999999447948262e-01 9.999999999447942711e-01
6.560989481894018354e+03 9.999999999436396392e-01 9.999999999436093301e-01 9.999999999436086640e-01
6.561008742724931835e+03 9.999999999424173946e-01 9.999999999423856423e-01 9.999999999423846431e-01
6.561028003555847135e+03 9.999999999411544049e-01 9.999999999411212093e-01 9.999999999411206542e-01
6.561047264386761526e+03 9.999999999398493378e-01 9.999999999398148098e-01 9.999999999398141437e-01
6.561066525217676826e+03 9.999999999385006388e-01 9.999999999384643345e-01 9.999999999384634464e-01
6.561085786048590307e+03 9.999999999371058657e-01 9.999999999370676740e-01 9.999999999370672299e-01
6.561105046879505608e+03 9.999999999356630198e-01 9.999999999356231628e-01 9.999999999356223856e-01
6.561124307710420908e+03 9.999999999341702139e-01 9.999999999341282475e-01 9.999999999341275814e-01
6.561143568541335299e+03 9.999999999326242284e-01 9.999999999325804856e-01 9.999999999325795974e-01
6.561162829372250599e+03 9.999999999310232868e-01 9.999999999309775456e-01 9.999999999309769905e-01
6.561182090203164080e+03 9.999999999293646136e-01 9.999999999293165409e-01 9.999999999293157638e-01
6.561201351034079380e+03 9.999999999276453222e-01 9.999999999275950291e-01 9.999999999275941409e-01
6.561220611864994680e+03 9.999999999258624150e-01 9.999999999258094574e-01 9.999999999258086802e-01
6.561239872695909071e+03 9.999999999240127835e-01 9.999999999239571613e-01 9.999999999239563842e-01
6.561259133526823462e+03 9.999999999220927638e-01 9.999999999220344771e-01 9.999999999220334779e-01
6.561278394357737852e+03 9.999999999200990253e-01 9.999999999200376299e-01 9.999999999200366307e-01
6.561297655188653152e+03 9.999999999180275712e-01 9.999999999179630672e-01 9.999999999179616239e-01
6.561316916019568453e+03 9.999999999158746267e-01 9.999999999158062369e-01 9.999999999158052377e-01
6.561336176850481934e+03 9.999999999136354178e-01 9.999999999135634754e-01 9.999999999135621431e-01
6.561355437681397234e+03 9.999999999113052818e-01 9.999999999112295646e-01 9.999999999112280102e-01
6.561374698512311625e+03 9.999999999088793334e-01 9.999999999087995084e-01 9.999999999087980651e-01
6.561393959343226925e+03 9.999999999063526879e-01 9.999999999062679779e-01 9.999999999062664235e-01
6.561413220174142225e+03 9.999999999037191278e-01 9.999999999036297549e-01 9.999999999036282006e-01
6.561432481005055706e+03 9.999999999009727691e-01 9.999999999008779561e-01 9.999999999008762908e-01
6.561451741835971006e+03 9.999999998981067284e-01 9.999999998980064753e-01 9.999999998980046989e-01
6.561471002666885397e+03 9.999999998951146774e-01 9.999999998950083180e-01 9.999999998950062086e-01
6.561490263497800697e+03 9.999999998919877342e-01 9.999999998918749355e-01 9.999999998918731592e-01
6.561509524328714178e+03 9.999999998887191266e-01 9.999999998885995556e-01 9.999999998885974462e-01
6.561528785159629479e+03 9.999999998852994176e-01 9.999999998851721861e-01 9.999999998851701877e-01
6.561548045990544779e+03 9.999999998817191704e-01 9.999999998815841673e-01 9.999999998815817248e-01
6.561567306821459169e+03 9.999999998779682819e-01 9.999999998778241750e-01 9.999999998778217325e-01
6.561586567652373560e+03 9.999999998740356499e-01 9.999999998738817730e-01 9.999999998738793305e-01
6.561605828483287951e+03 9.999999998699091730e-01 9.999999998697455261e-01 9.999999998697424175e-01
6.561625089314203251e+03 9.999999998655760836e-01 9.999999998654010014e-01 9.999999998653978928e-01
6.561644350145117642e+03 9.999999998610219487e-01 9.999999998608347651e-01 9.999999998608315455e-01
6.561663610976032942e+03 9.999999998562321135e-01 9.999999998560314962e-01 9.999999998560281655e-01
6.561682871806947333e+03 9.999999998511889254e-01 9.999999998509739862e-01 9.999999998509704335e-01
6.561702132637861723e+03 9.999999998458751760e-01 9.999999998456443606e-01 9.999999998456404748e-01
6.561721393468777023e+03 9.999999998402702150e-01 9.999999998400221912e-01 9.999999998400178614e-01
6.561740654299691414e+03 9.999999998343526153e-01 9.999999998340859397e-01 9.999999998340812768e-01
6.561759915130605805e+03 9.999999998280985070e-01 9.999999998278111812e-01 9.999999998278061852e-01
6.561779175961520195e+03 9.999999998214825769e-01 9.999999998211718255e-01 9.999999998211660523e-01
6.561798436792435496e+03 9.999999998144745161e-01 9.999999998141386737e-01 9.999999998141329005e-01
6.561817697623350796e+03 9.999999998070434604e-01 9.999999998066798623e-01 9.999999998066734230e-01
6.561836958454265186e+03 9.999999997991543266e-01 9.999999997987594202e-01 9.999999997987525369e-01
6.561856219285179577e+03 9.999999997907671467e-01 9.999999997903369353e-01 9.999999997903294968e-01
6.561875480116093968e+03 9.999999997818387332e-01 9.999999997813681096e-01 9.999999997813600050e-01
6.561894740947009268e+03 9.999999997723181266e-01 9.999999997718006517e-01 9.999999997717914368e-01
6.561914001777924568e+03 9.999999997621473735e-01 9.999999997615731662e-01 9.999999997615630631e-01
6.561933262608838049e+03 9.999999997512570848e-01 9.999999997506104910e-01 9.999999997505989446e-01
6.561952523439753350e+03 9.999999997395592199e-01 9.999999997388149264e-01 9.999999997388011597e-01
6.561971784270667740e+03 9.999999997269369834e-01 9.999999997260526907e-01 9.999999997260359264e-01
6.561991045101583040e+03 9.999999997132256180e-01 9.999999997121268303e-01 9.999999997121052919e-01
6.562010305932496522e+03 9.999999996981747685e-01 9.999999996967319227e-01 9.999999996967028348e-01
6.562029566763411822e+03 9.999999996813864200e-01 9.999999996793728085e-01 9.999999996793308421e-01
6.562048827594327122e+03 9.999999996622018772e-01 9.999999996592258134e-01 9.999999996591618645e-01
6.562068088425241513e+03 9.999999996395111390e-01 9.999999996349034914e-01 9.999999996348013509e-01
6.562087349256156813e+03 9.999999996114276035e-01 9.999999996040603856e-01 9.999999996038941852e-01
6.562106610087070294e+03 9.999999995747482773e-01 9.999999995627527616e-01 9.999999995624795357e-01
6.562125870917985594e+03 9.999999995240764772e-01 9.999999995044119849e-01 9.999999995039616785e-01
6.562145131748900894e+03 9.999999994504243928e-01 9.999999994182277030e-01 9.999999994174897378e-01
6.562164392579815285e+03 9.999999993390270570e-01 9.999999992866723808e-01 9.999999992854733399e-01
6.562183653410729676e+03 9.999999991660071252e-01 9.999999990817660667e-01 9.999999990798402738e-01
6.562202914241644066e+03 9.999999988933921946e-01 9.999999987595865614e-01 9.999999987565358905e-01
6.562222175072559367e+03 9.999999984618460624e-01 9.999999982523780639e-01 9.999999982476153182e-01
6.562241435903474667e+03 9.999999977803193385e-01 9.999999974574766970e-01 9.999999974501557753e-01
6.562260696734388148e+03 9.999999967116919297e-01 9.999999962221722827e-01 9.999999962110962537e-01
6.562279957565303448e+03 9.999999950533816628e-01 9.999999943235583499e-01 9.999999943070718711e-01
6.562299218396217839e+03 9.999999925119202882e-01 9.999999914425063974e-01 9.999999914183702598e-01
6.562318479227133139e+03 9.999999886706526508e-01 9.999999871311009425e-01 9.999999870963511839e-01
6.562337740058047530e+03 9.999999829501461379e-01 9.999999807733425117e-01 9.999999807241447547e-01
6.562357000888961920e+03 9.999999745615626434e-01 9.999999715396505895e-01 9.999999714711571563e-01
6.562376261719877220e+03 9.999999624543350896e-01 9.999999583367333855e-01 9.999999582429492939e-01
6.562395522550791611e+03 9.999999452608318018e-01 9.999999397557022274e-01 9.999999396293702825e-01
6.562414783381706911e+03 9.999999212423573702e-01 9.999999140228055250e-01 9.999999138553063993e-01
6.562434044212620392e+03 9.999998882425338298e-01 9.999998789586469483e-01 9.999998787399043687e-01
6.562453305043535693e+03 9.999998436556178927e-01 9.999998319529848079e-01 9.999998316713674118e-01
6.562472565874450083e+03 9.999997844182286766e-01 9.999997699628639936e-01 9.999997696050876295e-01
6.562491826705365384e+03 9.999997070329720295e-01 9.999996895415029785e-01 9.999996890925980653e-01
6.562511087536279774e+03 9.999996076312295257e-01 9.999995869032780593e-01 9.999995863467647794e-01
6.562530348367194165e+03 9.999994820794799733e-01 9.999994580234602415e-01 9.999994573418367061e-01
6.562549609198109465e+03 9.999993261270452294e-01 9.999992987477704931e-01 9.999992979227811940e-01
6.562568870029023856e+03 9.999991355737889442e-01 9.999991047970674396e-01 9.999991038063068549e-01
6.562588130859939156e+03 9.999989063585021931e-01 9.999988712216986153e-01 9.999988700182173007e-01
6.562607391690852637e+03 9.999986341364547338e-01 9.999985897346542751e-01 9.999985881660546916e-01
6.562626652521767937e+03 9.999983116244203218e-01 9.999982387818079355e-01 9.999982363185337952e-01
6.562645913352683237e+03 9.999979177340776459e-01 9.999977505193327065e-01 9.999977454650971209e-01
6.562665174183597628e+03 9.999973802144118684e-01 9.999969119366108883e-01 9.999968997120302072e-01
6.562684435014512019e+03 9.999964557858400660e-01 9.999951236744949457e-01 9.999950952770603196e-01
6.562703695845426410e+03 9.999943386782372823e-01 9.999910316539496469e-01 9.999909782232297983e-01
6.562722956676341710e+03 9.999885639474468402e-01 9.999825375767912305e-01 9.999824674542450165e-01
6.562742217507257010e+03 9.999740582633953601e-01 9.999682219773821101e-01 9.999681757917406877e-01
6.562761478338170491e+03 9.999489170549850092e-01 9.999500136285668361e-01 9.999500432753132273e-01
6.562780739169085791e+03 9.999243465389611174e-01 9.999341200958465903e-01 9.999342378197904058e-01
6.562800000000000182e+03 9.999145581127173443e-01 9.999277623014798388e-01 9.999279188106358074e-01
6.562819260830915482e+03 9.999243464283922300e-01 9.999341198208920867e-01 9.999342375446217401e-01
6.562838521661830782e+03 9.999489164048156464e-01 9.999500130638013795e-01 9.999500427112173462e-01
6.562857782492744263e+03 9.999740571825737057e-01 9.999682212268594661e-01 9.999681750424193050e-01
6.562877043323659564e+03 9.999885630873380782e-01 9.999825368530013137e-01 9.999824667306131953e-01
6.562896304154573954e+03 9.999943381923248609e-01 9.999910311077423453e-01 9.999909776758028057e-01
6.562915564985489254e+03 9.999964555108700193e-01 9.999951233138970608e-01 9.999950949148952439e-01
6.562934825816402736e+03 9.999973800232853094e-01 9.999969116933975499e-01 9.999968994677168599e-01
6.562954086647318036e+03 9.999979175666221520e-01 9.999977503285992775e-01 9.999977452738177952e-01
6.562973347478233336e+03 9.999983114568672393e-01 9.999982386070029872e-01 9.999982361435248990e-01
6.562992608309147727e+03 9.999986339629447496e-01 9.999985895613463516e-01 9.999985879926964749e-01
6.563011869140062117e+03 9.999989061810106161e-01 9.999988710472490494e-01 9.999988698437679568e-01
6.563031129970976508e+03 9.999991353969515107e-01 9.999991046239200543e-01 9.999991036331646876e-01
6.563050390801891808e+03 9.999993259558604963e-01 9.999992985799671663e-01 9.999992977549720941e-01
6.563069651632807108e+03 9.999994819183597450e-01 9.999994578650149846e-01 9.999994571833712431e-01
6.563088912463721499e+03 9.999996074836041693e-01 9.999995867574749120e-01 9.999995862009301018e-01
6.563108173294635890e+03 9.999997069011437034e-01 9.999996894106363277e-01 9.999996889616903362e-01
6.563127434125550280e+03 9.999997843033811007e-01 9.999997698481923880e-01 9.999997694903680623e-01
6.563146694956465581e+03 9.999998435579187106e-01 9.999998318548096732e-01 9.999998315731405407e-01
6.563165955787379971e+03 9.999998881613165747e-01 9.999998788764636881e-01 9.999998786576679288e-01
6.563185216618294362e+03 9.999999211763341833e-01 9.999999139554941463e-01 9.999999137879419520e-01
6.563204477449209662e+03 9.999999452083130347e-01 9.999999397017281799e-01 9.999999395753457199e-01
6.563223738280124053e+03 9.999999624134296994e-01 9.999999582943376319e-01 9.999999582005070220e-01
6.563242999111039353e+03 9.999999745303486121e-01 9.999999715070104767e-01 9.999999714384760763e-01
6.563262259941952834e+03 9.999999829267953722e-01 9.999999807486977810e-01 9.999999806994647189e-01
6.563281520772868134e+03 9.999999886535160254e-01 9.999999871128403273e-01 9.999999870780610367e-01
6.563300781603782525e+03 9.999999924995722766e-01 9.999999914292189152e-01 9.999999914050585748e-01
6.563320042434697825e+03 9.999999950446378794e-01 9.999999943140545078e-01 9.999999942975484890e-01
6.563339303265613125e+03 9.999999967055979155e-01 9.999999962154823008e-01 9.999999962043911728e-01
6.563358564096526607e+03 9.999999977761317993e-01 9.999999974528350766e-01 9.999999974455027196e-01
6.563377824927441907e+03 9.999999984590004498e-01 9.999999982491954986e-01 9.999999982444244262e-01
6.563397085758356297e+03 9.999999988914723970e-01 9.999999987574226257e-01 9.999999987543662927e-01
6.563416346589271598e+03 9.999999991647134934e-01 9.999999990802997951e-01 9.999999990783701165e-01
6.563435607420185079e+03 9.999999993381485375e-01 9.999999992856750675e-01 9.999999992844731400e-01
6.563454868251100379e+03 9.999999994498167677e-01 9.999999994175398088e-01 9.999999994167997341e-01
6.563474129082015679e+03 9.999999995236427131e-01 9.999999995039245970e-01 9.999999995034731803e-01
6.563493389912930070e+03 9.999999995744242032e-01 9.999999995623948257e-01 9.999999995621203785e-01
6.563512650743844461e+03 9.999999996111728073e-01 9.999999996037834959e-01 9.999999996036165184e-01
6.563531911574758851e+03 9.999999996392994195e-01 9.999999996346781161e-01 9.999999996345754205e-01
6.563551172405674151e+03 9.999999996620170251e-01 9.999999996590326345e-01 9.999999996589682416e-01
6.563570433236589452e+03 9.999999996812186653e-01 9.999999996791998358e-01 9.999999996791577583e-01
6.563589694067503842e+03 9.999999996980185601e-01 9.999999996965723836e-01 9.999999996965436289e-01
6.563608954898418233e+03 9.999999997130770701e-01 9.999999997119767281e-01 9.999999997119555228e-01
6.563628215729332624e+03 9.999999997267943197e-01 9.999999997259088058e-01 9.999999997258924855e-01
6.563647476560247924e+03 9.999999997394207751e-01 9.999999997386762596e-01 9.999999997386627149e-01
6.563666737391163224e+03 9.999999997511229699e-01 9.999999997504758209e-01 9.999999997504646077e-01
6.563685998222076705e+03 9.999999997620169223e-01 9.999999997614422709e-01 9.999999997614319458e-01
6.563705259052992005e+03 9.999999997721905620e-01 9.999999997716727540e-01 9.999999997716636502e-01
6.563724519883906396e+03 9.999999997817137221e-01 9.999999997812432095e-01 9.999999997812348829e-01
6.563743780714821696e+03 9.999999997906450222e-01 9.999999997902148108e-01 9.999999997902073723e-01
6.563763041545735177e+03 9.999999997990350886e-01 9.999999997986395162e-01 9.999999997986325218e-01
6.563782302376650478e+03 9.999999998069265539e-01 9.999999998065627338e-01 9.999999998065560725e-01
6.563801563207565778e+03 9.999999998143600521e-01 9.999999998140238766e-01 9.999999998140179924e-01
6.563820824038480168e+03 9.999999998213697783e-01 9.999999998210594709e-01 9.999999998210540308e-01
6.563840084869395469e+03 9.999999998279885949e-01 9.999999998277009361e-01 9.999999998276960511e-01
6.563859345700308950e+03 9.999999998342444796e-01 9.999999998339778040e-01 9.999999998339731411e-01
6.563878606531224250e+03 9.999999998401641887e-01 9.999999998399160539e-01 9.999999998399119461e-01
6.563897867362139550e+03 9.999999998457708150e-01 9.999999998455401107e-01 9.999999998455363359e-01
6.563917128193053941e+03 9.999999998510867849e-01 9.999999998508718457e-01 9.999999998508679599e-01
6.563936389023968331e+03 9.999999998561318604e-01 9.999999998559310210e-01 9.999999998559275793e-01
6.563955649854882722e+03 9.999999998609234719e-01 9.999999998607361773e-01 9.999999998607327356e-01
6.563974910685798022e+03 9.999999998654790501e-01 9.999999998653039679e-01 9.999999998653008593e-01
6.563994171516712413e+03 9.999999998698138048e-01 9.999999998696500469e-01 9.999999998696472714e-01
6.564013432347627713e+03 9.999999998739418361e-01 9.999999998737882922e-01 9.999999998737855167e-01
6.564032693178542104e+03 9.999999998778759114e-01 9.999999998777318044e-01 9.999999998777293619e-01
6.564051954009456495e+03 9.999999998816281321e-01 9.999999998814930180e-01 9.999999998814905755e-01
6.564071214840371795e+03 9.999999998852099337e-01 9.999999998850827021e-01 9.999999998850805927e-01
6.564090475671286185e+03 9.999999998886310859e-01 9.999999998885111818e-01 9.999999998885092944e-01
6.564109736502200576e+03 9.999999998919006927e-01 9.999999998917883381e-01 9.999999998917862287e-01
6.564128997333114967e+03 9.999999998950290792e-01 9.999999998949224977e-01 9.999999998949207214e-01
6.564148258164030267e+03 9.999999998980224625e-01 9.999999998979223204e-01 9.999999998979205440e-01
6.564167518994945567e+03 9.999999999008893914e-01 9.999999999007949114e-01 9.999999999007933571e-01
6.564186779825859048e+03 9.999999999036371934e-01 9.999999999035478204e-01 9.999999999035462661e-01
6.564206040656774348e+03 9.999999999062719747e-01 9.999999999061871536e-01 9.999999999061859324e-01
6.564225301487688739e+03 9.999999999087998415e-01 9.999999999087199054e-01 9.999999999087184621e-01
6.564244562318604039e+03 9.999999999112270110e-01 9.999999999111510718e-01 9.999999999111497395e-01
6.564263823149519339e+03 9.999999999135579243e-01 9.999999999134862039e-01 9.999999999134846496e-01
6.564283083980432821e+03 9.999999999157980213e-01 9.999999999157297426e-01 9.999999999157285213e-01
6.564302344811348121e+03 9.999999999179521870e-01 9.999999999178875720e-01 9.999999999178862398e-01
6.564321605642262512e+03 9.999999999200246403e-01 9.999999999199631340e-01 9.999999999199620238e-01
6.564340866473177812e+03 9.999999999220193780e-01 9.999999999219608693e-01 9.999999999219599811e-01
6.564360127304091293e+03 9.999999999239402859e-01 9.999999999238846637e-01 9.999999999238838866e-01
6.564379388135006593e+03 9.999999999257910277e-01 9.999999999257380701e-01 9.999999999257371819e-01
6.564398648965921893e+03 9.999999999275744900e-01 9.999999999275240858e-01 9.999999999275234197e-01
6.564417909796836284e+03 9.999999999292947805e-01 9.999999999292467079e-01 9.999999999292460418e-01
6.564437170627750675e+03 9.999999999309541199e-01 9.999999999309084897e-01 9.999999999309078236e-01
6.564456431458665065e+03 9.999999999325558386e-01 9.999999999325123179e-01 9.999999999325117628e-01
6.564475692289580365e+03 9.999999999341026014e-01 9.999999999340607459e-01 9.999999999340601908e-01
6.564494953120495666e+03 9.999999999355961844e-01 9.999999999355565494e-01 9.999999999355558833e-01
6.564514213951410056e+03 9.999999999370396964e-01 9.999999999370017267e-01 9.999999999370011716e-01
6.564533474782324447e+03 9.999999999384354687e-01 9.999999999383991645e-01 9.999999999383982763e-01
6.564552735613238838e+03 9.999999999397848338e-01 9.999999999397499728e-01 9.999999999397497508e-01
6.564571996444154138e+03 9.999999999410903451e-01 9.999999999410571494e-01 9.999999999410567053e-01
6.564591257275069438e+03 9.999999999423542230e-01 9.999999999423222485e-01 9.999999999423218044e-01
6.564610518105982919e+03 9.999999999435772446e-01 9.999999999435468245e-01 9.999999999435464915e-01
6.564629778936898219e+03 9.999999999447621857e-01 9.999999999447327648e-01 9.999999999447323207e-01
6.564649039767812610e+03 9.999999999459096012e-01 9.999999999458812905e-01 9.999999999458808464e-01
6.564668300598727910e+03 9.999999999470220446e-01 9.999999999469928458e-01 9.999999999469920686e-01
6.564687561429641391e+03 9.999999999481000712e-01 9.999999999480517765e-01 9.999999999480498891e-01
6.564706822260556692e+03 9.999999999491459013e-01 9.999999999489906921e-01 9.999999999489856961e-01
6.564726083091471992e+03 9.999999999501602010e-01 9.999999999496738123e-01 9.999999999496645975e-01
