# EXHALE lower-atmosphere profile (docs/phase_e_flux_closure_design.md section 2)
# solution_id 99901df6fc6af3ce6eb65c15f96c026e21841dc78c9c4cadce44675635b41254
# source_code photochem
# source_version photochem 0.9.0, photochem_to_lower_profile.py
# mechanism zahnle_HHeNOC_rxns.yaml sha256 908cc51ef08cfce6
# stellar_flux lhs1140_sed_gj1132_at_b.txt sha256 37a95348aeb58b91 dilution 1.000000E+00
# p_match_bar 9.99999999999999955E-07
# p_top_bar 1.09491057589996365E-08
# p_deep_bar 1.67309812446822477E+01
# trial_flux_H 5.16595155329747405E+06
# trial_flux_He 4.68958665631420463E+07
# measured_flux_H 5.16641308142886497E+06
# measured_flux_He 4.69000533390743732E+07
# iteration 1
# reached_steady_state T
# notes F_H and F_He columns are the STATED trial fluxes; the header measured_flux_* are what the solution carries across its own top. measured elemental escape at the model top (r_top = 1.170206e+09 cm): H 5.166413e+06 g/s, He 4.690005e+07 g/s; imposed H 5.165952e+06, He 4.689587e+07; atomic-H share of the hydrogen nuclei at the top 1.251e-39 imposed, 2.311e-04 converged. climate solved: deep boundary 20 bar at 409.4 K, background He, tropopause 2.676 bar at 185.5 K, cold-trap f_H2O 5.497e-08 (deep 4.850e-05). cold trap at the match: O/H gas 1.0516e-06 vs all-carrier 1.0516e-06; C/H gas 2.7780e-04 vs all-carrier 2.7780e-04; N/H gas 8.1906e-05 vs all-carrier 8.1906e-05; chemistry q_H2O at the tropopause (2.676 bar) 3.1925e-07, at the match 7.9427e-08.
# units p[bar] r[R_J] T[K] n_tot[cm^-3] rho[g/cm^3] Kzz[cm^2/s] q_*[-] X_*[El/H nuclei] F_*[g/s]
# columns: p r T n_tot rho Kzz q_H2 q_H X_He X_C X_N X_O F_H F_He q_H2O q_CO q_CO2 q_CH4 q_NH3 q_HCN q_N2 q_OH q_C2H2
  1.67309812446822477E+01   1.56548847511513267E-01   3.81610562805115023E+02   3.17554113200836444E+20   2.06936468097424593E-03   1.00000000000000000E+09   3.98982867935724003E-02   2.74317230336549040E-29   1.19999999999999556E+01   2.77588000000004119E-04   8.18465000000001319E-05   6.06178000000005281E-04   5.16595155329747405E+06   4.68958665631420463E+07   4.84954757067295510E-05   6.89866111557966063E-25   2.34731014197199299E-24   2.22076058690286456E-05   6.54785306903615765E-06   7.80683341935421290E-32   1.68883963221796212E-11   3.14369860011466708E-40   3.28477515025035836E-48
  1.57701092349893219E+01   1.56585981233952620E-01   3.73320485004779471E+02   3.05963483954796036E+20   1.99383349486868333E-03   1.00000000000000000E+09   3.98982867936761229E-02   4.93262752803178319E-30   1.20000000000664446E+01   2.77587999999971051E-04   8.18463018605273667E-05   6.06178000003363923E-04   5.16595155329747405E+06   4.68958665631420463E+07   4.84954757071246546E-05   6.89866111559757866E-25   9.02681301084314547E-24   2.22076058690863827E-05   6.54785306905317793E-06   7.80683341937452188E-32   8.96261547958936186E-12   2.59301812604694358E-40   1.00000000000515186E-40
  1.40239517724595455E+01   1.56657292328646280E-01   3.56872371075288527E+02   2.84625758223410397E+20   1.85478456396802761E-03   1.00000000000000000E+09   3.98982872460560620E-02   3.58823793261180849E-14   1.20000033966900101E+01   2.77588078569315061E-04   8.18463250265114852E-05   6.06036644929134304E-04   5.16595155329747405E+06   4.68958665631420463E+07   4.84841538380958930E-05   1.33402884945936666E-17   4.39554839952436774E-22   2.22076060052717505E-05   6.54785267630420033E-06   1.44301220181720100E-15   9.11343732561827476E-12   1.03704719845509674E-25   3.80937270361265805E-15
  1.24019703765372835E+01   1.56728603403610833E-01   3.39644706755354775E+02   2.64473739738750878E+20   1.72346229624813847E-03   1.00000000000000000E+09   3.98982883160096738E-02   7.48367913065137885E-14   1.20000114364607686E+01   2.77588264545293494E-04   8.18463798611373660E-05   6.05702059897575136E-04   5.16595155329747405E+06   4.68958665631420463E+07   4.84573551935629169E-05   2.76817803338519631E-17   9.02686693851745980E-22   2.22076064764635955E-05   6.54785234954256215E-06   2.99530957540443423E-15   9.27566579865215907E-12   7.38502820912717758E-26   7.91032396566071558E-15
  1.08998792902774806E+01   1.56799914456779238E-01   3.22861337719130518E+02   2.44524491181268042E+20   1.59346119799643024E-03   1.00000000000000000E+09   3.98982909244271627E-02   1.18656845787840059E-13   1.20000310434658832E+01   2.77588718098139274E-04   8.18465135902972867E-05   6.04886090991057146E-04   5.16595155329747405E+06   4.68958665631420463E+07   4.83920001713577537E-05   4.31303799296167302E-17   1.40246540651050661E-21   2.22076077941451720E-05   6.54785223551192900E-06   4.67044852988260356E-15   9.45067678136100359E-12   3.73178764074997031E-26   1.23462757285560618E-14
  9.51560067033030421E+00   1.56871225484949417E-01   3.06314702366788651E+02   2.25001328911350039E+20   1.46623625860671709E-03   1.00000000000000000E+09   3.98982974967448389E-02   1.70239147238200373E-13   1.20000804546244666E+01   2.77589861090276463E-04   8.18468505993361127E-05   6.02829787759547519E-04   5.16595155329747405E+06   4.68958665631420463E+07   4.82273014924505434E-05   5.98341979589896325E-17   1.94444259388426637E-21   2.22076113068463967E-05   6.54785272623617677E-06   6.48703605705651987E-15   9.64035444649007350E-12   1.64235451467955269E-26   1.71767510839948487E-14
  8.24395218493151205E+00   1.56942536466605637E-01   2.88838067596158908E+02   2.06727261084528476E+20   1.34714999526983135E-03   1.00000000000000000E+09   3.98983146055605781E-02   2.33431589407218134E-13   1.20002090910236436E+01   2.77592836746815019E-04   8.18477279660361970E-05   5.97476434855704285E-04   5.16595155329747405E+06   4.68958665631420463E+07   4.77985332164645925E-05   7.79438937535063308E-17   2.53400178414189868E-21   2.22076206715289254E-05   6.54785489453171698E-06   8.46311277473591448E-15   9.84650732325843532E-12   8.01378888272595070E-27   2.24612453679575014E-14
  7.08207089508640841E+00   1.57013847333795586E-01   2.72655067980463798E+02   1.88132320684722061E+20   1.22596989675103209E-03   1.00000000000000000E+09   3.98983609058403965E-02   3.12762714086609229E-13   1.20005572336442619E+01   2.77600890093975981E-04   8.18501024802986314E-05   5.82988077466825268E-04   5.16595155329747405E+06   4.68958665631420463E+07   4.66381555629376160E-05   9.76968224888967163E-17   3.17900576253635323E-21   2.22076462694328353E-05   6.54786179339492935E-06   1.06250283995628670E-14   1.00717971164405401E-11   8.28092823608872892E-27   2.82816585447901385E-14
  6.02690950373805467E+00   1.57085157918453150E-01   2.55571971410432809E+02   1.70804050215318553E+20   1.11303667696140184E-03   1.00000000000000000E+09   3.98984909581386049E-02   4.12368178725524236E-13   1.20015352433727092E+01   2.77623513736611853E-04   8.18567730188837371E-05   5.42287074781070463E-04   5.16595155329747405E+06   4.68958665631420463E+07   4.33787436947150946E-05   1.19367575611718785E-16   3.88880186114946796E-21   2.22077184663357036E-05   6.54788236680337200E-06   1.30041108854258165E-14   1.03193942065273344E-11   1.44903870922309505E-26   3.47333163150214010E-14
  5.07391956437357639E+00   1.57156467688164686E-01   2.39078952266511067E+02   1.53715956411541094E+20   1.00164898363524026E-03   1.00000000000000000E+09   3.98988672623706853E-02   5.36937615200904105E-13   1.20043659750359613E+01   2.77688995160016677E-04   8.18760800938441005E-05   4.24482914478084030E-04   5.16595155329747405E+06   4.68958665631420463E+07   3.39476413203778987E-05   1.43281807119249754E-16   4.67444671420706241E-21   2.22079277070361804E-05   6.54794327112566451E-06   1.56374183025507229E-14   1.05930728771029967E-11   2.53800436592585880E-26   4.19253565806754456E-14
  4.21947074858507509E+00   1.57227775541518094E-01   2.22164450736082472E+02   1.37562522374921945E+20   8.96311921279704113E-04   1.00000000000000000E+09   3.98998282217687267E-02   6.94088421385592534E-13   1.20116005816043891E+01   2.77856348485032922E-04   8.19254239081716122E-05   1.23406427251574944E-04   5.16595155329747405E+06   4.68958665631420463E+07   9.86361186139069440E-06   1.69877132331005962E-16   5.55036444735111966E-21   2.22084623444029105E-05   6.54810002714841566E-06   1.85732970571997485E-14   1.08978039721844894E-11   1.84491333489813688E-26   4.99956567981327798E-14
  3.45943199165888160E+00   1.57299085470952033E-01   2.05696893057520612E+02   1.21813040271948972E+20   7.93670899430684888E-04   1.00000000000000000E+09   3.99001446285164110E-02   8.95946739975013421E-13   1.20139844822335924E+01   2.77911493662506425E-04   8.19416833603557360E-05   2.41976545067471283E-05   5.16595155329747405E+06   4.68958665631420463E+07   1.93369834352085648E-06   1.99706662327559522E-16   6.53488860745763649E-21   2.22086381893723487E-05   6.54815088534889528E-06   2.18731985650243821E-14   1.12395479295376088E-11   9.82222441952645229E-27   5.91149211373490305E-14
  2.78984657987892870E+00   1.57370396206715196E-01   1.88961309441481461E+02   1.06936052581682774E+20   6.96736086344412840E-04   1.00000000000000000E+09   3.99002090470694376E-02   1.16017296703483635E-12   1.20144699324071009E+01   2.77922723251109718E-04   8.19449943834097745E-05   3.99508509660670537E-06   5.16595155329747405E+06   4.68958665631420463E+07   3.19245389426795767E-07   2.33498838870495505E-16   7.65226266603879613E-21   2.22086737388194695E-05   6.54816024486692005E-06   2.56183817867456191E-14   1.16266593967578673E-11   5.04040819199848385E-27   6.95048663052595108E-14
  2.22598844827815467E+00   1.57441707107197487E-01   1.86709403463827925E+02   8.63522050888436777E+19   5.62622689030324802E-04   1.00000000000000000E+09   3.99002179059024520E-02   1.52598235096409786E-12   1.20145366815473924E+01   2.77924267305515427E-04   8.19454496448164185E-05   1.21723967864316113E-06   5.16595155329747405E+06   4.68958665631420463E+07   9.72685317723926968E-08   2.73742389173887358E-16   8.98509746360548807E-21   2.22086783027755789E-05   6.54816025253935973E-06   3.00857396516207208E-14   1.20876126803192750E-11   2.78717848520712140E-27   8.19246311010120600E-14
  1.77269679448103656E+00   1.57513018019425383E-01   1.85466884145822689E+02   6.92284807362674033E+19   4.51054053605981844E-04   1.00000000000000000E+09   3.99002184348365013E-02   2.04529839484934066E-12   1.20145406501010985E+01   2.77924359096283231E-04   8.19454767089747467E-05   1.05207995360092252E-06   5.16595155329747405E+06   4.68958665631420463E+07   8.40707372433841023E-08   3.23751275439624296E-16   1.06438795428734496E-20   2.22086781389266030E-05   6.54815853940198224E-06   3.56455980550927917E-14   1.26603331084907632E-11   3.72577865184071988E-27   9.74089017361440957E-14
  1.41092712902634965E+00   1.57584328919097405E-01   1.85466884145822689E+02   5.51004220666359562E+19   3.59003526643679504E-04   1.00000000000000000E+09   3.99002184377428848E-02   2.77887558941675423E-12   1.20145406499817948E+01   2.77924359079419496E-04   8.19454767037786807E-05   1.05207995353145989E-06   5.16595155329747405E+06   4.68958665631420463E+07   8.40707356013049343E-08   3.86353503762487537E-16   1.27235125631014467E-20   2.22086775640022074E-05   6.54815628296068599E-06   4.26160523788987690E-14   1.33771548331058915E-11   5.46174590236337838E-27   1.16851889670717849E-13
  1.12321890814829151E+00   1.57655639804342301E-01   1.85466884145822689E+02   4.38646579536008397E+19   2.85797573043529473E-04   1.00000000000000000E+09   3.99002184413422833E-02   3.80767224982375939E-12   1.20145406498320977E+01   2.77924359058235649E-04   8.19454766972515939E-05   1.05207995344420279E-06   5.16595155329747405E+06   4.68958665631420463E+07   8.40707335361515233E-08   4.64964491315573023E-16   1.53389551911784092E-20   2.22086768382986559E-05   6.54815344469295971E-06   5.13824177262628153E-14   1.42771055093729929E-11   8.24202909576455189E-27   1.41340714005192766E-13
  8.94362955845647289E-01   1.57726950676328803E-01   1.85466884145822689E+02   3.49272299993736520E+19   2.27566292149782782E-04   1.00000000000000000E+09   3.99002184457959985E-02   5.23864652090653125E-12   1.20145406496443030E+01   2.77924359031631659E-04   8.19454766890541987E-05   1.05207995333461409E-06   5.16595155329747405E+06   4.68958665631420463E+07   8.40707309394639209E-08   5.63652382360958792E-16   1.86275686014169614E-20   2.22086759222342311E-05   6.54814987543360359E-06   6.24050972242643470E-14   1.54066310328001689E-11   1.28066537469456894E-26   1.72177375201071864E-13
  7.12283121532556240E-01   1.57798261532773515E-01   1.85466884145822689E+02   2.78165327039025603E+19   1.81236966343324734E-04   1.00000000000000000E+09   3.99002184513018443E-02   7.21477972838100051E-12   1.20145406494087545E+01   2.77924358998226685E-04   8.19454766787611899E-05   1.05207995319700872E-06   5.16595155329747405E+06   4.68958665631420463E+07   8.40707276751163621E-08   6.87509871548200295E-16   2.27617516947550024E-20   2.22086747657370003E-05   6.54814538815648758E-06   7.62619323896559263E-14   1.68238220505783229E-11   2.03694282729142421E-26   2.10998905867854835E-13
  5.67388901590697325E-01   1.57869572374357003E-01   1.85466884145822689E+02   2.21580316306956042E+19   1.44369338753005071E-04   1.00000000000000000E+09   3.99002184581028069E-02   9.92560359110984415E-12   1.20145406491133873E+01   2.77924358956291371E-04   8.19454766658396142E-05   1.05207995302425973E-06   5.16595155329747405E+06   4.68958665631420463E+07   8.40707235722962755E-08   8.42909572209416481E-16   2.79578334136479549E-20   2.22086733054337136E-05   6.54813974832361128E-06   9.36780081174399604E-14   1.86012916364823662E-11   3.28858185222920868E-26   2.59863437428378327E-13
  4.52062238550659579E-01   1.57940883201518667E-01   1.85466884145822689E+02   1.76542215626108539E+19   1.15025031810305221E-04   1.00000000000000000E+09   3.99002184664976403E-02   1.36204209578756443E-11   1.20145406487430826E+01   2.77924358903658397E-04   8.19454766496214134E-05   1.05207995280743645E-06   5.16595155329747405E+06   4.68958665631420463E+07   8.40707184167095795E-08   1.03782232957313922E-15   3.44872104332605191E-20   2.22086714610669421E-05   6.54813266176280043E-06   1.15562983646394306E-13   2.08297497439372637E-11   5.35052469278107781E-26   3.21358348299031017E-13
  3.60250603238939926E-01   1.58012194014899798E-01   1.85466884145822689E+02   1.40687352875012260E+19   9.16640089862507036E-05   1.00000000000000000E+09   3.99002184768546195E-02   1.86248069069353782E-11   1.20145406482789312E+01   2.77924358837612271E-04   8.19454766292699492E-05   1.05207995253535253E-06   5.16595155329747405E+06   4.68958665631420463E+07   8.40707119395686856E-08   1.28221389269642959E-15   4.26902943172042524E-20   2.22086691309284151E-05   6.54812375952221565E-06   1.43057840195802555E-13   2.36224387605036805E-11   8.72797586073769112E-26   3.98736121341186442E-13
  2.87144281877420360E-01   1.58083504813764431E-01   1.85466884145822689E+02   1.12137408091268403E+19   7.30624620677989260E-05   1.00000000000000000E+09   3.99002184896282627E-02   2.53612152658343555E-11   1.20145406476972738E+01   2.77924358754752120E-04   8.19454766037370559E-05   1.05207995219399380E-06   5.16595155329747405E+06   4.68958665631420463E+07   8.40707038038044158E-08   1.58853910057668310E-15   5.29939732122712126E-20   2.22086661860336768E-05   6.54811257895540798E-06   1.77593408518453671E-13   2.71206316987601583E-11   1.42233166627225099E-25   4.96084966168205612E-13
  2.28920390229741227E-01   1.58154815598521181E-01   1.85466884145822689E+02   8.93994442506901606E+18   5.82476768058707941E-05   1.00000000000000000E+09   3.99002185053807176E-02   3.43748294139471789E-11   1.20145406469685181E+01   2.77924358650818981E-04   8.19454765717102387E-05   1.05207995176581103E-06   5.16595155329747405E+06   4.68958665631420463E+07   8.40706935868081307E-08   1.97235738948029572E-15   6.59334691990856884E-20   2.22086624626865728E-05   6.54809854004208000E-06   2.20963629667387303E-13   3.15004396065829194E-11   2.30984461645238683E-25   6.18543045234731693E-13
  1.82539775651181235E-01   1.58226126369257869E-01   1.85466884145822689E+02   7.12865921663151002E+18   4.64463556324863863E-05   1.00000000000000000E+09   3.99002185248082050E-02   4.63661675488157067E-11   1.20145406460556501E+01   2.77924358520480587E-04   8.19454765315461318E-05   1.05207995122883047E-06   5.16595155329747405E+06   4.68958665631420463E+07   8.40706807588333944E-08   2.45309919718388461E-15   8.21796921859742077E-20   2.22086577529812874E-05   6.54808091567180930E-06   2.75417238892169227E-13   3.69812290163090191E-11   3.73271930959896707E-25   7.72567368882465326E-13
  1.45585846820653869E-01   1.58297437125416773E-01   1.85466884145822689E+02   5.68551092520443494E+18   3.70436086721261467E-05   1.00000000000000000E+09   3.99002185487740690E-02   6.22324273359743983E-11   1.20145406449123939E+01   2.77924358357062046E-04   8.19454764811876514E-05   1.05207995055554791E-06   5.16595155329747405E+06   4.68958665631420463E+07   8.40706646559719714E-08   3.05501998888003967E-15   1.02573465537168770E-19   2.22086517926628872E-05   6.54805879427182924E-06   3.43772481981903761E-13   4.38360151499514186E-11   5.99976578345581492E-25   9.66271201526576732E-13
  1.16136649158053232E-01   1.58368747866493048E-01   1.85466884145822689E+02   4.53544216024075520E+18   2.95504039555847925E-05   1.00000000000000000E+09   3.99002185783497512E-02   8.31201749462622346E-11   1.20145406434809008E+01   2.77924358152209852E-04   8.19454764180602103E-05   1.05207994971154077E-06   5.16595155329747405E+06   4.68958665631420463E+07   8.40706444463480924E-08   3.80838748527049015E-15   1.28168340925451046E-19   2.22086442456042807E-05   6.54803103270753059E-06   4.29560620677118270E-13   5.24042736754246414E-11   9.59770662884023883E-25   1.20984728209800612E-12
  9.26633071699629191E-02   1.58440058593164318E-01   1.85466884145822689E+02   3.61874630526006272E+18   2.35777265701509896E-05   1.00000000000000000E+09   3.99002186148656804E-02   1.10492638579637737E-10   1.20145406416888889E+01   2.77924357895471862E-04   8.19454763389425354E-05   1.05207994865373511E-06   5.16595155329747405E+06   4.68958665631420463E+07   8.40706190878371511E-08   4.75095863822546335E-15   1.60284146961014673E-19   2.22086346839505556E-05   6.54799619694262823E-06   5.37205415181554319E-13   6.31077045061233648E-11   1.53048250787444578E-24   1.51609847054513571E-12
  7.39493825471928823E-02   1.58511369306454625E-01   1.85466884145822689E+02   2.88791823907254016E+18   1.88160597208299362E-05   1.00000000000000000E+09   3.99002186599743194E-02   1.46215334712706902E-10   1.20145406394460128E+01   2.77924357573772489E-04   8.19454762398044983E-05   1.05207994732824671E-06   5.16595155329747405E+06   4.68958665631420463E+07   8.40705872751958525E-08   5.92981647212216248E-15   2.00573948853429922E-19   2.22086225627201988E-05   6.54795248774195422E-06   6.72247557304694955E-13   7.64695866932476399E-11   2.43821598048188970E-24   1.90110278892175953E-12
  5.90268272522040116E-02   1.58582680003909349E-01   1.85466884145822689E+02   2.30515313508449126E+18   1.50190883058063891E-05   1.00000000000000000E+09   3.99002187157278115E-02   1.92664212296759690E-10   1.20145406366394223E+01   2.77924357170757465E-04   8.19454761156055886E-05   1.05207994566767800E-06   5.16595155329747405E+06   4.68958665631420463E+07   8.40705473739642489E-08   7.40365371349208098E-15   2.51107760709887869E-19   2.22086071873242588E-05   6.54789764856073111E-06   8.41625254494163956E-13   9.31384847982893827E-11   3.88737249535162629E-24   2.38504647381648731E-12
  4.71251061267913551E-02   1.58653990688434249E-01   1.85466884145822689E+02   1.84035956507058048E+18   1.19907534121074178E-05   1.00000000000000000E+09   3.99002187846740700E-02   2.52861748065670690E-10   1.20145406331281883E+01   2.77924356665976624E-04   8.19454759600425669E-05   1.05207994358774858E-06   5.16595155329747405E+06   4.68958665631420463E+07   8.40704973378482105E-08   9.24561094315130506E-15   3.14477180422471362E-19   2.22085876720578689E-05   6.54782885189551368E-06   1.05402494144343596E-12   1.13917204444012466E-10   6.20474330918739477E-24   2.99326689477891560E-12
  3.76307727716811216E-02   1.58725301357972581E-01   1.85466884145822689E+02   1.46958083075782912E+18   9.57496659532125320E-06   1.00000000000000000E+09   3.99002188699751001E-02   3.30649024930871834E-10   1.20145406287362775E+01   2.77924356033862146E-04   8.19454757652346926E-05   1.05207994098308500E-06   5.16595155329747405E+06   4.68958665631420463E+07   8.40704346054738518E-08   1.15468027664028890E-14   3.93926149726145080E-19   2.22085628871190446E-05   6.54774255823143610E-06   1.32031955707986281E-12   1.39798046440649964E-10   9.90341025014761735E-24   3.75755739314008668E-12
  3.00553443876418469E-02   1.58796612012284150E-01   1.85466884145822689E+02   1.17374039172382822E+18   7.64743578959793999E-06   1.00000000000000000E+09   3.99002189755522790E-02   4.30905349252443204E-10   1.20145406232439527E+01   2.77924355242455384E-04   8.19454755213310269E-05   1.05207993772197448E-06   5.16595155329747405E+06   4.68958665631420463E+07   8.40703559713896279E-08   1.44206973437213510E-14   4.93514329032545350E-19   2.22085313911064865E-05   6.54763433875324061E-06   1.65411613852279491E-12   1.72005570044412824E-10   1.57829921255888631E-23   4.71779872782820485E-12
  2.40097666003492929E-02   1.58867922653176646E-01   1.85466884145822689E+02   9.37644649524602368E+17   6.10916800687559583E-06   1.00000000000000000E+09   3.99002191062648726E-02   5.59830582584021883E-10   1.20145406163769355E+01   2.77924354251817636E-04   8.19454752160204134E-05   1.05207993363980867E-06   5.16595155329747405E+06   4.68958665631420463E+07   8.40702574249254768E-08   1.80085539406421284E-14   6.18321180406831768E-19   2.22084913452292244E-05   6.54749865002395533E-06   2.07243985901053447E-12   2.12048236438690142E-10   2.58715577423069386E-23   5.92399747590263374E-12
  1.91841122875366990E-02   1.58939233279917741E-01   1.85466884145822689E+02   7.49190133402891136E+17   4.88130380246109360E-06   1.00000000000000000E+09   3.99002192681285131E-02   7.25308669896842534E-10   1.20145406077928936E+01   2.77924353012046221E-04   8.19454748339197716E-05   1.05207992853090954E-06   5.16595155329747405E+06   4.68958665631420463E+07   8.40701339489409143E-08   2.24861716542954017E-14   7.74700850096099336E-19   2.22084404046169105E-05   6.54732854626372199E-06   2.59658833371837358E-12   2.61780445809018122E-10   1.07719986013627311E-22   7.43883118305198166E-12
  1.53314382897071205E-02   1.59010543891993539E-01   1.85466884145822689E+02   5.98733062305210880E+17   3.90100969380438305E-06   1.00000000000000000E+09   3.99002194685820419E-02   9.37373542508375051E-10   1.20145405970647516E+01   2.77924351460803851E-04   8.19454743558117128E-05   1.05207992213834194E-06   5.16595155329747405E+06   4.68958665631420463E+07   8.40699792685242816E-08   2.80722622862065844E-14   9.70600430699638374E-19   2.22083755811408354E-05   6.54711531294809586E-06   3.25319835898654972E-12   3.23476576758191828E-10   2.70510274370608777E-21   9.34082426028898562E-12
  1.22549458122265236E-02   1.59081854489522723E-01   1.85466884145822689E+02   4.78587924752294976E+17   3.11821118743201908E-06   1.00000000000000000E+09   3.99002197168130610E-02   1.20879984147832883E-09   1.20145405836597075E+01   2.77924349520232883E-04   8.19454737576931665E-05   1.05207991414119429E-06   5.16595155329747405E+06   4.68958665631420463E+07   8.40697855372260662E-08   3.50388341125225735E-14   1.21595728026780830E-18   2.22082930710280525E-05   6.54684800498324242E-06   4.07557763846288240E-12   3.99918640937491600E-10   5.44193450061127973E-20   1.17283088099875215E-11
  9.79776634680943823E-03   1.59153165072469988E-01   1.85466884145822689E+02   3.82628592159843392E+17   2.49299385648505707E-06   1.00000000000000000E+09   3.99002200241537416E-02   1.55584057627345991E-09   1.20145405669132668E+01   2.77924347093112855E-04   8.19454730095894120E-05   1.05207990413873913E-06   5.16595155329747405E+06   4.68958665631420463E+07   8.40695429450611992E-08   4.37240643591687323E-14   1.52319489738635284E-18   2.22081880392384480E-05   6.54651287384673683E-06   5.10536698321772430E-12   4.94499013289007772E-10   6.62427255995978072E-19   1.47243622293447296E-11
  7.83483457875920608E-03   1.59224475640644486E-01   1.85466884145822689E+02   3.05970934452025728E+17   1.99353544160361281E-06   1.00000000000000000E+09   3.99002204045609196E-02   1.99913178768752169E-09   1.20145405459968213E+01   2.77924344058068146E-04   8.19454720740753082E-05   1.05207989163067369E-06   5.16595155329747405E+06   4.68958665631420463E+07   8.40692392274068165E-08   5.45482504312025833E-14   1.90784130097231543E-18   2.22080543510095987E-05   6.54609267078267685E-06   6.39461457184035400E-12   6.11339296541914027E-10   5.25897429390481188E-18   1.84829597942374201E-11
  6.26642054530914937E-03   1.59295786195623346E-01   1.85466884145822689E+02   2.44720233802467936E+17   1.59446014016165283E-06   1.00000000000000000E+09   3.99002208751967485E-02   2.56477302385867290E-09   1.20145405198774089E+01   2.77924340263599121E-04   8.19454709044324073E-05   1.05207987599251150E-06   5.16595155329747405E+06   4.68958665631420463E+07   8.40688590462980943E-08   6.80335671701312173E-14   2.38929788096145975E-18   2.22078842390243163E-05   6.54556582445887096E-06   8.00836388941696304E-12   7.55425602145506217E-10   2.94217841744597664E-17   2.31966338587504126E-11
  5.01298124415815519E-03   1.59367096736140856E-01   1.85466884145822689E+02   1.95770126381973984E+17   1.27552862316857700E-06   1.00000000000000000E+09   3.99002214571293617E-02   3.28556286664844380E-09   1.20145404872674533E+01   2.77924335520639135E-04   8.19454694423510290E-05   1.05207985644490791E-06   5.16595155329747405E+06   4.68958665631420463E+07   8.40683832078389708E-08   8.48285223017046283E-14   2.99178747503955934E-18   2.22076678921201423E-05   6.54490552031499665E-06   1.00278818826439786E-11   9.32759227730866848E-10   1.23950155906959713E-16   2.91059828409376382E-11
  4.01106169267211304E-03   1.59438407261117437E-01   1.85466884145822689E+02   1.56642527919966880E+17   1.02059507977440163E-06   1.00000000000000000E+09   3.99002221761748307E-02   4.20234400369486010E-09   1.20145404465624335E+01   2.77924329593290246E-04   8.19454676150676957E-05   1.05207983201545449E-06   5.16595155329747405E+06   4.68958665631420463E+07   8.40677876764451740E-08   1.05738198529836504E-13   3.74550526375178919E-18   2.22073929480724633E-05   6.54407873378329837E-06   1.25546848510599475E-11   1.15051973510824902E-09   4.15652959143114060E-16   3.65114081769503444E-11
  3.21003085750635195E-03   1.59509717772772536E-01   1.85466884145822689E+02   1.25360163155684928E+17   8.16776690481695986E-07   1.00000000000000000E+09   3.99002230638982811E-02   5.36544378908126679E-09   1.20145403957632126E+01   2.77924322187277865E-04   8.19454653317968333E-05   1.05207980149109186E-06   5.16595155329747405E+06   4.68958665631420463E+07   8.40670423475419737E-08   1.31761610157966618E-13   4.68798683032828612E-18   2.22070438684146070E-05   6.54304524292621642E-06   1.57155581056783912E-11   1.41723465252759130E-09   1.16115805315618325E-15   4.57874716614874743E-11
  2.56948188388003750E-03   1.59581028269354053E-01   1.85466884145822689E+02   1.00345037941162784E+17   6.53792128163929909E-07   1.00000000000000000E+09   3.99002241587838383E-02   6.83628415175901816E-09   1.20145403323795534E+01   2.77924312935578306E-04   8.19454624792860845E-05   1.05207976335886162E-06   5.16595155329747405E+06   4.68958665631420463E+07   8.40661095354512736E-08   1.64137806975009636E-13   5.86570138001987190E-18   2.22066011670985817E-05   6.54175656923467735E-06   1.96688132833037293E-11   1.74294629314131855E-09   2.80368642130673494E-15   5.74002800022484743E-11
  2.05716100957355728E-03   1.59652338752191980E-01   1.85466884145822689E+02   8.03375578756860640E+16   5.23434580332998417E-07   1.00000000000000000E+09   3.99002255075705109E-02   8.68929477813311713E-09   1.20145402533100452E+01   2.77924301380521319E-04   8.19454589162774182E-05   1.05207971573212346E-06   5.16595155329747405E+06   4.68958665631420463E+07   8.40649421143215686E-08   2.04402751428725766E-13   7.33588007549950000E-18   2.22060404564938718E-05   6.54015475068142789E-06   2.46120866499886558E-11   2.13936130385505285E-09   6.02743334532921887E-15   7.19283553258396824E-11
  1.64731731907486086E-03   1.59723649219159963E-01   1.85466884145822689E+02   6.43320818569425360E+16   4.19151852130109541E-07   1.00000000000000000E+09   3.99002271667387859E-02   1.10142028773333590E-08   1.20145401546929165E+01   2.77924286951511900E-04   8.19454544666083643E-05   1.05207965625873294E-06   5.16595155329747405E+06   4.68958665631420463E+07   8.40634812199938596E-08   2.54459487997729494E-13   9.16859721513056465E-18   2.22053312631065299E-05   6.53817092872924193E-06   3.07920555048950143E-11   2.61996239373719851E-09   1.18154514250315178E-14   9.00875678762346915E-11
  1.31938755968330598E-03   1.59794959673598191E-01   1.85466884145822689E+02   5.15255606844748000E+16   3.35711724197703618E-07   1.00000000000000000E+09   3.99002292041161499E-02   1.39185798320958623E-08   1.20145400317206263E+01   2.77924268937302797E-04   8.19454489106172587E-05   1.05207958200674948E-06   5.16595155329747405E+06   4.68958665631420463E+07   8.40616533922394384E-08   3.16664718075796742E-13   1.14491268726227322E-17   2.22044355508442817E-05   6.53572394204938941E-06   3.85165412229916468E-11   3.20005445645327364E-09   2.15223106390109829E-14   1.12760889760678066E-10
  1.05694777892314400E-03   1.59866270113134312E-01   1.85466884145822689E+02   4.12765957383267760E+16   2.68935201932407073E-07   1.00000000000000000E+09   3.99002317005424031E-02   1.75303013831527849E-08   1.20145398784094084E+01   2.77924246451486637E-04   8.19454419744385223E-05   1.05207948932223048E-06   5.16595155329747405E+06   4.68958665631420463E+07   8.40593670183776699E-08   3.93935606622086553E-13   1.42805945127016417E-17   2.22033058705058345E-05   6.53271936659957258E-06   4.81695804766640074E-11   3.89671003685521363E-09   3.69638902656745332E-14   1.41033950864164112E-10
  8.46877483626704442E-04   1.59937580537889396E-01   1.85466884145822689E+02   3.30727971888692360E+16   2.15483839840422594E-07   1.00000000000000000E+09   3.99002347514930827E-02   2.19994408378833158E-08   1.20145396873129862E+01   2.77924218389559343E-04   8.19454333166697387E-05   1.05207937365229444E-06   5.16595155329747405E+06   4.68958665631420463E+07   8.40565079223001704E-08   4.89881534174457377E-13   1.77869381767620834E-17   2.22018830280870757E-05   6.52904961614157909E-06   6.02301852102867522E-11   4.72857406454042853E-09   6.05115232058534136E-14   1.76237616166932128E-10
  6.78693105321366281E-04   1.60008890948162341E-01   1.85466884145822689E+02   2.65047540638965880E+16   1.72690145056187815E-07   1.00000000000000000E+09   3.99002384685132674E-02   2.74990355581127567E-08   1.20145394491670494E+01   2.77924183375503507E-04   8.19454225117688330E-05   1.05207922932505100E-06   5.16595155329747405E+06   4.68958665631420463E+07   8.40529339110380921E-08   6.08966650194109729E-13   2.21161993335284108E-17   2.22000931309849737E-05   6.52459585127578678E-06   7.52956815413597344E-11   5.71548865207496816E-09   9.51727447187780714E-14   2.19999057826737872E-10
  5.44016371261573923E-04   1.60080201344099948E-01   1.85466884145822689E+02   2.12452727366280880E+16   1.38422306944397974E-07   1.00000000000000000E+09   3.99002429802891440E-02   3.42241337178375483E-08   1.20145391524476626E+01   2.77924139695336330E-04   8.19454090293805451E-05   1.05207904927587755E-06   5.16595155329747405E+06   4.68958665631420463E+07   8.40484680411352845E-08   7.56710547071692005E-13   2.74441848521779684E-17   2.21978438354036664E-05   6.51923254039973271E-06   9.41107212690119513E-11   6.87791069744631571E-09   1.44651535532729989E-13   2.74303082663139874E-10
  4.36150191705380632E-04   1.60151511725696638E-01   1.85466884145822689E+02   1.70328142063542720E+16   1.10976283685927355E-07   1.00000000000000000E+09   3.99002484332178567E-02   4.23889144775019289E-08   1.20145387828229744E+01   2.77924085214450002E-04   8.19453922086003570E-05   1.05207882470703905E-06   5.16595155329747405E+06   4.68958665631420463E+07   8.40428903130588558E-08   9.39936200066904249E-13   3.39785720988251356E-17   2.21950195852873715E-05   6.51283518812670584E-06   1.17603297567403995E-10   8.23612446271554038E-09   2.13398292831003252E-13   3.41565810149871880E-10
  3.49740251943161777E-04   1.60222822092794953E-01   1.85466884145822689E+02   1.36582783754808060E+16   8.89896960197013119E-08   1.00000000000000000E+09   3.99002549914883112E-02   5.22228999886947291E-08   1.20145383224727098E+01   2.77924017274801358E-04   8.19453712259443417E-05   1.05207854466447738E-06   5.16595155329747405E+06   4.68958665631420463E+07   8.40359274605021396E-08   1.16707654904467095E-12   4.19635559549505855E-17   2.21914756002306577E-05   6.50529056915920343E-06   1.46929367761719536E-10   9.80930337795316452E-09   3.06671902472812246E-13   4.24723184187824784E-10
  2.80504936062931265E-04   1.60294132445084891E-01   1.85466884145822689E+02   1.09544568609351620E+16   7.13731076614247658E-08   1.00000000000000000E+09   3.99002628370633133E-02   6.39689130687456281E-08   1.20145377492434360E+01   2.77923932567033594E-04   8.19453450554939999E-05   1.05207819551165157E-06   5.16595155329747405E+06   4.68958665631420463E+07   8.40272404818299133E-08   1.44855379119185418E-12   5.16851493974522691E-17   2.21870303320823281E-05   6.49650717961675970E-06   1.83528000131870446E-10   1.16145462374987435E-08   4.30635588989755412E-13   5.27337247669705256E-10
  2.25019741948548357E-04   1.60365442782254647E-01   1.85466884145822689E+02   8.78761383179766700E+15   5.72551707506439795E-08   1.00000000000000000E+09   3.99002721705509350E-02   7.78862917658626635E-08   1.20145370356004744E+01   2.77923826971420015E-04   8.19453124193190280E-05   1.05207776027547318E-06   5.16595155329747405E+06   4.68958665631420463E+07   8.40164095625968259E-08   1.79724868425500670E-12   6.34772470154930834E-17   2.21814560665369086E-05   6.48642269797625197E-06   2.29189358067037783E-10   1.36660776602390076E-08   5.92492799775558933E-13   6.53723608576171164E-10
  1.80545159039228673E-04   1.60436753107013830E-01   1.85466884145822689E+02   7.05076418228232100E+15   4.59388301855832816E-08   1.00000000000000000E+09   3.99002832144466982E-02   9.42621844737265284E-08   1.20145361473276502E+01   2.77923695360016978E-04   8.19452717258202593E-05   1.05207721783329354E-06   5.16595155329747405E+06   4.68958665631420463E+07   8.40029160467004345E-08   2.22908101805515497E-12   7.77285534725589478E-17   2.21744672998787968E-05   6.47500584663712386E-06   2.86138372172193177E-10   1.59748125416251186E-08   8.00653747343553558E-13   8.09104058924523052E-10
  1.44889219325753239E-04   1.60508063415850999E-01   1.85466884145822689E+02   5.65830578597181100E+15   3.68663503943049606E-08   1.00000000000000000E+09   3.99002962201101471E-02   1.13431832288038205E-07   1.20145350419143764E+01   2.77923531350523709E-04   8.19452209930581654E-05   1.05207654190235392E-06   5.16595155329747405E+06   4.68958665631420463E+07   8.39861210746457287E-08   2.76372691416898250E-12   9.48904762138446437E-17   2.21657065270125156E-05   6.46225191336823772E-06   3.57137614821321382E-10   1.85483997767254372E-08   1.06498007363232392E-12   9.99788813901362401E-10
  1.16297715070102063E-04   1.60579373710541207E-01   1.85466884145822689E+02   4.54173220850183200E+15   2.95913817691364514E-08   1.00000000000000000E+09   3.99003114790050101E-02   1.35806348903860266E-07   1.20145336665556215E+01   2.77923327000022941E-04   8.19451577534189998E-05   1.05207569978374021E-06   5.16595155329747405E+06   4.68958665631420463E+07   8.39652403238572454E-08   3.42550308275492775E-12   1.15486034585403603E-16   2.21547274892272673E-05   6.44817326026693347E-06   4.45613468665757439E-10   2.13916999080129607E-08   1.39745851574583565E-12   1.23339305763534995E-09
  9.33664969402362078E-05   1.60650683990433779E-01   1.85466884145822689E+02   3.64620771863705000E+15   2.37566453554091466E-08   1.00000000000000000E+09   3.99003293374575740E-02   1.61903490097674540E-07   1.20145319556720960E+01   2.77923072423814140E-04   8.19450789350684991E-05   1.05207465080116442E-06   5.16595155329747405E+06   4.68958665631420463E+07   8.39393141244675697E-08   4.24444903575346105E-12   1.40119501139569125E-16   2.21409777562841182E-05   6.43278747750625534E-06   5.55809668889251167E-10   2.45074842497701384E-08   1.81425404608564885E-12   1.51909134310515407E-09
  7.49713976994090470E-05   1.60721994256426304E-01   1.85466884145822689E+02   2.92783062369333150E+15   1.90761022768154900E-08   1.00000000000000000E+09   3.99003502127075055E-02   1.92372596582447689E-07   1.20145298278361707E+01   2.77922755320905213E-04   8.19449807145297546E-05   1.05207334436028327E-06   5.16595155329747405E+06   4.68958665631420463E+07   8.39071730655907544E-08   5.25762490960900858E-12   1.69485384726480636E-16   2.21237864848166731E-05   6.41610631349643055E-06   6.92970805364360347E-10   2.78970393023602598E-08   2.34033161642846542E-12   1.86790836248137904E-09
  6.02122281694521421E-05   1.60793304506609863E-01   1.85466884145822689E+02   2.35144616433797400E+15   1.53207037822808320E-08   1.00000000000000000E+09   3.99003746070156554E-02   2.28001502950862007E-07   1.20145271819619648E+01   2.77922360383174962E-04   8.19448583333369285E-05   1.05207171753612617E-06   5.16595155329747405E+06   4.68958665631420463E+07   8.38674023263739127E-08   6.51059553603593757E-12   2.04373246612307606E-16   2.21023669182372649E-05   6.39812827738516512E-06   8.63554096024640643E-10   3.15603692390343268E-08   3.01658562438449046E-12   2.29303319721993910E-09
  4.83680107431431526E-05   1.60864614742954298E-01   1.85466884145822689E+02   1.88889826529162875E+15   1.23070006321783474E-08   1.00000000000000000E+09   3.99004031173901888E-02   2.69696027035586634E-07   1.20145238925843856E+01   2.77921868559632566E-04   8.19447058700121942E-05   1.05206969207347970E-06   5.16595155329747405E+06   4.68958665631420463E+07   8.38183130920428224E-08   8.05897262065240316E-12   2.45662507195165090E-16   2.20758415398912401E-05   6.37883665194023949E-06   1.07545952129077570E-09   3.54958288573325904E-08   3.90678399421412034E-12   2.81012795632968351E-09
  3.88611885202810707E-05   1.60935924965135230E-01   1.85466884145822689E+02   1.51763180778601775E+15   9.88803628780759493E-09   1.00000000000000000E+09   3.99004364414156307E-02   3.18432904469553852E-07   1.20145198040102255E+01   2.77921256140348878E-04   8.19445159565105214E-05   1.05206717065684692E-06   5.16595155329747405E+06   4.68958665631420463E+07   8.37579341268843842E-08   9.96974483142421366E-12   2.94300667567296390E-16   2.20432893938800235E-05   6.35820269817166203E-06   1.33825650181653434E-09   3.96992390085038969E-08   5.09970869102468761E-12   3.43758742533118318E-09
  3.12290048418829662E-05   1.61007235172248409E-01   1.85466884145822689E+02   1.21957492496172275E+15   7.94606457327125949E-09   1.00000000000000000E+09   3.99004753829740044E-02   3.75197982274567328E-07   1.20145147230734377E+01   2.77920493616271144E-04   8.19442794256857690E-05   1.05206403227149992E-06   5.16595155329747405E+06   4.68958665631420463E+07   8.36840377720985351E-08   1.23219939986957203E-11   3.51260778355363822E-16   2.20038057033006596E-05   6.33619208395195468E-06   1.66337226363810014E-09   4.41627268187666655E-08   6.70281324317881386E-12   4.19670078470509964E-09
  2.51006122010577011E-05   1.61078545364478132E-01   1.85466884145822689E+02   9.80245044521645375E+14   6.38672514903443831E-09   1.00000000000000000E+09   3.99005208631902294E-02   4.40925403343721171E-07   1.20145084101632555E+01   2.77919544260877421E-04   8.19439848731226154E-05   1.05206012643365572E-06   5.16595155329747405E+06   4.68958665631420463E+07   8.35942102315980329E-08   1.52065509798512352E-11   4.17479438842116160E-16   2.19565603504591295E-05   6.31277202319548143E-06   2.06419650716135678E-09   4.88736083083209909E-08   8.82749480021176462E-12   5.11167121059018075E-09
  2.01787600082739411E-05   1.61149855541859038E-01   1.85466884145822689E+02   7.88033747713475375E+14   5.13438405260747415E-09   1.00000000000000000E+09   3.99005739412811311E-02   5.16449386477103423E-07   1.20145005681154196E+01   2.77918362366993824E-04   8.19436181126914675E-05   1.05205526601401076E-06   5.16595155329747405E+06   4.68958665631420463E+07   8.34859662278708744E-08   1.87242330348391044E-11   4.93783206763925055E-16   2.19008451107251618E-05   6.28791727808271422E-06   2.55605155451675331E-09   5.38135873912588306E-08   1.15704704790072324E-11   6.20946075332993303E-09
  1.62251424446300164E-05   1.61221165704275249E-01   1.85466884145822689E+02   6.33634564392664250E+14   4.12840553088745184E-09   1.00000000000000000E+09   3.99006358483371681E-02   6.02472843743908708E-07   1.20144908284605592E+01   2.77916891056575002E-04   8.19431615002487598E-05   1.05204921831259547E-06   5.16595155329747405E+06   4.68958665631420463E+07   8.33568960734926845E-08   2.29825153924014759E-11   5.80816362916653358E-16   2.18361057434125874E-05   6.26161429185763247E-06   3.15597816394834582E-09   5.89584380934841527E-08   1.49981438140169740E-11   7.51944188717447653E-09
  1.30486725646125006E-05   1.61292475851459310E-01   1.85466884145822689E+02   5.09585045838362625E+14   3.32016844258537100E-09   1.00000000000000000E+09   3.99007080357948671E-02   6.99551442223147525E-07   1.20144787344042356E+01   2.77915059562107306E-04   8.19425930937932437E-05   1.05204169396115178E-06   5.16595155329747405E+06   4.68958665631420463E+07   8.32048236954843165E-08   2.80907751966455581E-11   6.78984341029964949E-16   2.17619599087656915E-05   6.23386356621079931E-06   3.88229649235631414E-09   6.42782250204488284E-08   1.91399738647628385E-11   9.07285174909310843E-09
  1.04960964006947091E-05   1.61363785983953956E-01   1.85466884145822689E+02   4.09900220806921812E+14   2.67067806286196031E-09   1.00000000000000000E+09   3.99007922400632445E-02   8.08089608049113127E-07   1.20144637197661677E+01   2.77912779854745456E-04   8.19418856108383871E-05   1.05203233312838915E-06   5.16595155329747405E+06   4.68958665631420463E+07   8.30279509498717713E-08   3.41545440622186442E-11   7.88424081514155848E-16   2.16782038379234604E-05   6.20468073407206796E-06   4.75392190585652957E-09   6.97380309608710140E-08   2.39933311339363704E-11   1.09020612708000499E-08
  8.44447863746601011E-06   1.61435096102506781E-01   1.85466884145822689E+02   3.29779141307005438E+14   2.14865409980027609E-09   1.00000000000000000E+09   3.99008905653030280E-02   9.28345500181547066E-07   1.20144450829245866E+01   2.77909942465172594E-04   8.19410051344380750E-05   1.05202068837891884E-06   5.16595155329747405E+06   4.68958665631420463E+07   8.28249674200172497E-08   4.12694454945244616E-11   9.09006119755577426E-16   2.15848104602370708E-05   6.17409674047823430E-06   5.78944771358374515E-09   7.52991031493536217E-08   2.95380666863754056E-11   1.30396901564828619E-08
  6.79518548826388766E-06   1.61506406204838027E-01   1.85466884145822689E+02   2.65369898077441781E+14   1.72899966679642741E-09   1.00000000000000000E+09   3.99010055873161712E-02   1.06044345887363606E-06   1.20144219545878848E+01   2.77906411307106882E-04   8.19399095077956175E-05   1.05200620338263993E-06   5.16595155329747405E+06   4.68958665631420463E+07   8.25951135403869487E-08   4.95156050302749946E-11   1.04036570617467065E-15   2.14819207055205993E-05   6.14215736884307283E-06   7.00604816474341624E-09   8.09202931503719890E-08   3.57560833852681415E-11   1.55176184892868890E-08
  5.46906552492267442E-06   1.61577716292227697E-01   1.85466884145822689E+02   2.13581419290789969E+14   1.39157506828365299E-09   1.00000000000000000E+09   3.99011404825754742E-02   1.20439364701629500E-06   1.20143932579394459E+01   2.77902017268437721E-04   8.19385463431777575E-05   1.05198818648082839E-06   5.16595155329747405E+06   4.68958665631420463E+07   8.23381947257878916E-08   5.89532596564376884E-11   1.18195426093227151E-15   2.13698289510123976E-05   6.10892220398615497E-06   8.41829626800312014E-09   8.65596437150888028E-08   4.26506446982561126E-11   1.83659623734914671E-08
  4.40258920963546458E-06   1.61649026364738296E-01   1.85466884145822689E+02   1.71932709100528562E+14   1.12021552251892046E-09   1.00000000000000000E+09   3.99012991875246359E-02   1.36011911984320659E-06   1.20143576593618739E+01   2.77896550279011563E-04   8.19368505533393717E-05   1.05196577787976346E-06   5.16595155329747405E+06   4.68958665631420463E+07   8.20545521864088754E-08   6.96200678327555200E-11   1.33309967853422994E-15   2.12489634029312909E-05   6.07446306550850965E-06   1.00370198054768907E-08   9.21759693361073034E-08   5.02616865606864260E-11   2.16120891851006050E-08
  3.54475580954165769E-06   1.61720336421644240E-01   1.85466884145822689E+02   1.38432054505670719E+14   9.01944141140526168E-10   1.00000000000000000E+09   3.99014865944880004E-02   1.52749049103608033E-06   1.20143135075268521E+01   2.77889749494377933E-04   8.19347412920587751E-05   1.05193790895184789E-06   5.16595155329747405E+06   4.68958665631420463E+07   8.17450008330633044E-08   8.15302981196597593E-11   1.49306461602161531E-15   2.11198624564028770E-05   6.03886196194456400E-06   1.18683245079347317E-08   9.77302880758879993E-08   5.86758353402823204E-11   2.52797440695549540E-08
  2.85461467382950479E-06   1.61791646462426136E-01   1.85466884145822689E+02   1.11480224690385531E+14   7.26341230251786122E-10   1.00000000000000000E+09   3.99017087920050390E-02   1.70636803021368794E-06   1.20142587581214713E+01   2.77881291148379878E-04   8.19321181637980154E-05   1.05190325176566895E-06   5.16595155329747405E+06   4.68958665631420463E+07   8.14107462007010475E-08   9.46757480782209428E-11   1.66109486810460356E-15   2.09831484699831667E-05   6.00220866763632090E-06   1.39128916288830365E-08   1.03186990552316661E-07   6.80319826001319068E-11   2.93883430278878071E-08
  2.29927846160790989E-06   1.61862956489182724E-01   1.85466884145822689E+02   8.97928823374089531E+13   5.85038765963589062E-10   1.00000000000000000E+09   3.99019733593044684E-02   1.89665072444529619E-06   1.20141908808453959E+01   2.77870773520785071E-04   8.19288565297953108E-05   1.05186015652492297E-06   5.16595155329747405E+06   4.68958665631420463E+07   8.10532915615326455E-08   1.09027998831998014E-10   1.83645370548276179E-15   2.08395006759163094E-05   5.96459807499362559E-06   1.61656131419026154E-08   1.08514672982981130E-07   7.85244842815528104E-11   3.39524625338955408E-08
  1.85233037566430719E-06   1.61934266499340118E-01   1.85466884145822689E+02   7.23383819094795938E+13   4.71315122802624563E-10   1.00000000000000000E+09   3.99022897270839769E-02   2.09833174849961292E-06   1.20141067445315439E+01   2.77857698335198485E-04   8.19248016977466376E-05   1.05180657405354239E-06   5.16595155329747405E+06   4.68958665631420463E+07   8.06743444369521256E-08   1.24541486054694199E-10   2.01844133786657131E-15   2.06896290058545107E-05   5.92612750505023587E-06   1.86155739484723944E-08   1.13686606822710996E-07   9.04063163877307733E-11   3.89815266143346124E-08
  1.49254701860680931E-06   1.62005576493164549E-01   1.85466884145822689E+02   5.82878938165193281E+13   3.79770110688826276E-10   1.00000000000000000E+09   3.99026696198651123E-02   2.31156001311350297E-06   1.20140024752804191E+01   2.77841447742291944E-04   8.19197617330118445E-05   1.05173995979891346E-06   5.16595155329747405E+06   4.68958665631420463E+07   8.02757293401786026E-08   1.41156860813272169E-10   2.20640080344660703E-15   2.05342504216057883E-05   5.88689416057850181E-06   2.12463417248990019E-08   1.18680859443991967E-07   1.03994184857648976E-10   4.44796656566364655E-08
  1.20287413035191098E-06   1.62076886470720993E-01   1.85466884145822689E+02   4.69754042656799688E+13   3.06064356332435133E-10   1.00000000000000000E+09   3.99031275990486753E-02   2.53670804978454613E-06   1.20138732813158136E+01   2.77821255847959120E-04   8.19134985690553845E-05   1.05165715501078351E-06   5.16595155329747405E+06   4.68958665631420463E+07   7.98593111798118768E-08   1.58804188937525703E-10   2.39971252085188620E-15   2.03740689262651828E-05   5.84699287462072043E-06   2.40364929851965004E-08   1.23480112463444972E-07   1.19677094963603928E-10   5.04457017804135557E-08
  9.99999999999999955E-07   1.62137986358074138E-01   1.85466884145822689E+02   3.90526349186152266E+13   2.54444100156200202E-10   1.00000000000000000E+09   3.99036023906441384E-02   2.74040815659681941E-06   1.20137361517940597E+01   2.77799764766849635E-04   8.19068311738736359E-05   1.05156897504101696E-06   5.16595155329747405E+06   4.68958665631420463E+07   7.94888391124678862E-08   1.74742316839832833E-10   2.56942072308489591E-15   2.02332854547401652E-05   5.81230993020694248E-06   2.65416670300790996E-08   1.27413891290208477E-07   1.35316147858121882E-10   5.59529235331514454E-08
  9.69604977004950645E-07   1.62148196431858321E-01   1.85466884145822689E+02   3.78656291822466562E+13   2.46710248284796690E-10   1.00000000000000000E+09   3.99036817305158109E-02   2.77444738662644038E-06   1.20137132368167041E+01   2.77796173507792790E-04   8.19057170212998334E-05   1.05155423976020713E-06   5.16595155329747405E+06   4.68958665631420463E+07   7.94269315164571786E-08   1.77405651731493614E-10   2.59777974863536631E-15   2.02097598854775759E-05   5.80651424977515345E-06   2.69602932002488676E-08   1.28071243927206644E-07   1.37929505932658885E-10   5.68732057607810033E-08
  7.81721169680686575E-07   1.62219506376189759E-01   1.85466884145822689E+02   3.05282714476927188E+13   1.98904211490728272E-10   1.00000000000000000E+09   3.99043544063495959E-02   3.02583352678567151E-06   1.20135150151979335E+01   2.77765024819231544E-04   8.18960512190112811E-05   1.05142635125556761E-06   5.16595155329747405E+06   4.68958665631420463E+07   7.89803580094976859E-08   1.96877527166408160E-10   2.80000666906288425E-15   2.00419587886607769E-05   5.76554322338290028E-06   2.99884567441727370E-08   1.32444747886995222E-07   1.59329884264533541E-10   6.37505690296939289E-08
  6.30363699865578058E-07   1.62290816303070573E-01   1.85466884145822689E+02   2.46173634367979609E+13   1.60392114800871377E-10   1.00000000000000000E+09   3.99051733572427861E-02   3.29240335113208717E-06   1.20132695601268171E+01   2.77726353390018478E-04   8.18840478610675709E-05   1.05126745945175572E-06   5.16595155329747405E+06   4.68958665631420463E+07   7.85212461346277453E-08   2.17131326642142720E-10   3.00577013141733565E-15   1.98712542789231162E-05   5.72415805532385391E-06   3.30889318312351547E-08   1.36594062313398695E-07   1.84584931558504085E-10   7.10610376366583176E-08
  5.08408386608258707E-07   1.62362126211570840E-01   1.85466884145822689E+02   1.98546871117745156E+13   1.29361245561525195E-10   1.00000000000000000E+09   3.99061729007716415E-02   3.57628812651910952E-06   1.20129656798879125E+01   2.77678356033902725E-04   8.18691455698376493E-05   1.05107009019028797E-06   5.16595155329747405E+06   4.68958665631420463E+07   7.80511116205944194E-08   2.38074030148604184E-10   3.21438559423928423E-15   1.96981851639960644E-05   5.68242971943949652E-06   3.62276781696137305E-08   1.40514867032204251E-07   2.14558650246916350E-10   7.87826603399472061E-08
  4.10125060556401339E-07   1.62433436100441614E-01   1.85466884145822689E+02   1.60164642608841035E+13   1.04353590634977583E-10   1.00000000000000000E+09   3.99073954815147985E-02   3.88034521338763906E-06   1.20125895474375461E+01   2.77618801028076860E-04   8.18506494587896015E-05   1.05082498400524224E-06   5.16595155329747405E+06   4.68958665631420463E+07   7.75713118554170151E-08   2.59607405863830210E-10   3.42506775110142561E-15   1.95232410302711434E-05   5.64042166547562631E-06   3.93694238864707608E-08   1.44204400318187193E-07   2.50303458271849778E-10   8.68881098731729550E-08
  3.30903916663303133E-07   1.62504745968270414E-01   1.85466884145822689E+02   1.29226698505918555E+13   8.41962081600428395E-11   1.00000000000000000E+09   3.99088935729176586E-02   4.20831029126963702E-06   1.20121240845000745E+01   2.77544927446915068E-04   8.18276998393429044E-05   1.05052067623311488E-06   5.16595155329747405E+06   4.68958665631420463E+07   7.70830345163920418E-08   2.81626429226291142E-10   3.63688684494741176E-15   1.93468659094441105E-05   5.59818989069867216E-06   4.24783991631525843E-08   1.47660828017603276E-07   2.93087661073768930E-10   9.53443454336525769E-08
  2.67035755882341669E-07   1.62576055816778475E-01   1.85466884145822689E+02   1.04284498846895488E+13   6.79453111038549521E-11   1.00000000000000000E+09   3.99107320284822001E-02   4.56496909066833930E-06   1.20115482031998866E+01   2.77453321348057852E-04   8.17992337661618309E-05   1.05014298112407155E-06   5.16595155329747405E+06   4.68958665631420463E+07   7.65872917683316945E-08   3.04016843929068139E-10   3.84872277175395200E-15   1.91694642632305637E-05   5.55578322952701910E-06   4.55190461675697260E-08   1.50882684140337326E-07   3.44409890741857531E-10   1.04112094125172064E-07
  2.15535469912603261E-07   1.62647365640287561E-01   1.85466884145822689E+02   8.41722801850907129E+12   5.48413537992219019E-11   1.00000000000000000E+09   3.99129909907736460E-02   4.95634520150309717E-06   1.20108358728266555E+01   2.77339763715702043E-04   8.17639378530536230E-05   1.04967435921913646E-06   5.16595155329747405E+06   4.68958665631420463E+07   7.60849185392775711E-08   3.26651944781313282E-10   4.05922060017582882E-15   1.89914085069406582E-05   5.51324375982190659E-06   4.84567008312711584E-08   1.53868388010439194E-07   4.05987238073308759E-10   1.13145136013593610E-07
  1.74000232822297909E-07   1.62718675439591814E-01   1.85466884145822689E+02   6.79516756816325000E+12   4.42729494803980159E-11   1.00000000000000000E+09   3.99157694910717842E-02   5.38989948947063861E-06   1.20099549721982992E+01   2.77199044051264698E-04   8.17201904802632731E-05   1.04909314328999385E-06   5.16595155329747405E+06   4.68958665631420463E+07   7.55765736232605426E-08   3.49388717526650100E-10   4.26675277187691432E-15   1.88130474409214756E-05   5.47060724768816801E-06   5.12582361064974299E-08   1.56615831076874910E-07   4.79700920373353834E-10   1.22389378837461494E-07
  1.40495553727875432E-07   1.62789985209744109E-01   1.85466884145822689E+02   5.48672156742340918E+12   3.57478769315055954E-11   1.00000000000000000E+09   3.99191899038025683E-02   5.87473209779027721E-06   1.20088658794945591E+01   2.77024732339570289E-04   8.16659911566660712E-05   1.04837259360654440E-06   5.16595155329747405E+06   4.68958665631420463E+07   7.50627426446336493E-08   3.72063544207618336E-10   4.46939450375048674E-15   1.86347152077660831E-05   5.42790359708868898E-06   5.38926522916343237E-08   1.59122016699000882E-07   5.67483064493142592E-10   1.31781704007542637E-07
  1.13463699282664552E-07   1.62861294950807145E-01   1.85466884145822689E+02   4.43105642460144336E+12   2.88697790269251664E-11   1.00000000000000000E+09   3.99234034631975529E-02   6.42176258548976989E-06   1.20075197411433141E+01   2.76808900818114353E-04   8.15988743994961011E-05   1.04747974820656163E-06   5.16595155329747405E+06   4.68958665631420463E+07   7.45437421871672552E-08   3.94487768137906676E-10   4.66491919783388442E-15   1.84567405894016135E-05   5.38515731324121907E-06   5.63315996620363845E-08   1.61382728820131713E-07   6.71132124763958008E-10   1.41248557303999150E-07
  9.16500804362026076E-08   1.62932604655902841E-01   1.85466884145822689E+02   3.57917713153674023E+12   2.33194321957725402E-11   1.00000000000000000E+09   3.99285971094534217E-02   7.04383132360979725E-06   1.20058563490986110E+01   2.76541785567779928E-04   8.15158050589619127E-05   1.04637402826575920E-06   5.16595155329747405E+06   4.68958665631420463E+07   7.40197245731077217E-08   4.16443497334686434E-10   4.85081946194877940E-15   1.82794565204587267E-05   5.34238801802321064E-06   5.85498219831677226E-08   1.63392200893220088E-07   7.92053427224391264E-10   1.50704248414714660E-07
  7.40440682979965336E-08   1.63003914320959259E-01   1.85466884145822689E+02   2.89161596713067041E+12   1.88396873044015251E-11   1.00000000000000000E+09   3.99350020090626506E-02   7.75561642155703182E-06   1.20038015414136190E+01   2.76211376489845920E-04   8.14130515659888934E-05   1.04500555281867912E-06   5.16595155329747405E+06   4.68958665631420463E+07   7.34906828341013257E-08   4.37680090890313539E-10   5.02435642959888564E-15   1.81032096738965882E-05   5.29961107670358791E-06   6.05255152898571459E-08   1.65142755861230301E-07   9.30934629829322610E-10   1.60048916523197500E-07
  5.98314018191467436E-08   1.63075223941939434E-01   1.85466884145822689E+02   2.33657389191210889E+12   1.52233600225529222E-11   1.00000000000000000E+09   3.99429041792597472E-02   8.57321667861509423E-06   1.20012640241965141E+01   2.75802922854823010E-04   8.12860331573365572E-05   1.04331311142744888E-06   5.16595155329747405E+06   4.68958665631420463E+07   7.29564554043946695E-08   4.57911796927615023E-10   5.18263568594752068E-15   1.79283699993008969E-05   5.25683841243491607E-06   6.22406021552019596E-08   1.66624392001483568E-07   1.08738078550207703E-09   1.69166119943455713E-07
  4.83559096836383599E-08   1.63146533510716674E-01   1.85466884145822689E+02   1.88842568703265942E+12   1.23034911460643146E-11   1.00000000000000000E+09   3.99526577440133049E-02   9.51320704397284112E-06   1.19981314937616936E+01   2.75298340505943854E-04   8.11291368010074273E-05   1.04122173882843142E-06   5.16595155329747405E+06   4.68958665631420463E+07   7.24167302004029851E-08   4.76816968937141010E-10   5.32270303462792403E-15   1.77553403251923389E-05   5.21407959670054948E-06   6.36809230104154727E-08   1.67824295177766453E-07   1.25954564835443720E-09   1.77920022341963607E-07
  3.90887177307091641E-08   1.63217843018379161E-01   1.85466884145822689E+02   1.52651742297418677E+12   9.94551157795418811E-12   1.00000000000000000E+09   3.99647015516073206E-02   1.05907535937836757E-05   1.19942659161120471E+01   2.74675506302969976E-04   8.09354994168103665E-05   1.03863983365725571E-06   5.16595155329747405E+06   4.68958665631420463E+07   7.18710484143621362E-08   4.94039156336136718E-10   5.44164877709226482E-15   1.75845667863165224E-05   5.17134332498825195E-06   6.48363394453173129E-08   1.68726261358244133E-07   1.44379972893727242E-09   1.86152176870325971E-07
  3.16034733933460968E-08   1.63289152454583114E-01   1.85466884145822689E+02   1.23419890859051514E+12   8.04093831293996204E-12   1.00000000000000000E+09   3.99795803358913085E-02   1.18157073026445589E-05   1.19894977970260683E+01   2.73907426015269440E-04   8.06967512360928113E-05   1.03545576657021340E-06   5.16595155329747405E+06   4.68958665631420463E+07   7.13188098403033369E-08   5.09190142879982310E-10   5.53670637878587271E-15   1.74165519928869127E-05   5.12863944317275782E-06   6.57007381365121076E-08   1.69310019213220072E-07   1.63446794510169450E-09   1.93677949471838429E-07
  2.55564076437436351E-08   1.63360461806725310E-01   1.85466884145822689E+02   9.98045057542427734E+11   6.50230130555294404E-12   1.00000000000000000E+09   3.99979721963373350E-02   1.31846940063608138E-05   1.19836192507314934E+01   2.72961264406599809E-04   8.04027170382593280E-05   1.03153393531518769E-06   5.16595155329747405E+06   4.68958665631420463E+07   7.07592832013135788E-08   5.21854714571661504E-10   5.60533107123306189E-15   1.72518739633022964E-05   5.08598175146366972E-06   6.62719379085125532E-08   1.69550466324696133E-07   1.82365164803910003E-09   2.00282690056127879E-07
  2.06702868897750546E-08   1.63431771060626202E-01   1.85466884145822689E+02   8.07229167569423828E+11   5.25906011741946492E-12   1.00000000000000000E+09   4.00207244184638683E-02   1.46670217519015414E-05   1.19763756506278121E+01   2.71797231889254543E-04   8.00410739427290572E-05   1.02671025132338137E-06   5.16595155329747405E+06   4.68958665631420463E+07   7.01916248891944986E-08   5.31596518498564837E-10   5.64524590475620720E-15   1.70912137146287266E-05   5.04339177141025678E-06   6.65515384329394150E-08   1.69416873793661802E-07   2.00112774282093193E-09   2.05717892076378147E-07
  1.67214934643987203E-08   1.63503080199134732E-01   1.85466884145822689E+02   6.53018379559173828E+11   4.25431661413103139E-12   1.00000000000000000E+09   4.00488992994536969E-02   1.61832224807184192E-05   1.19674556261174825E+01   2.70367332609078445E-04   7.95969680116998928E-05   1.02078709246268752E-06   5.16595155329747405E+06   4.68958665631420463E+07   6.96149069789460814E-08   5.37963497200840608E-10   5.65444644794942082E-15   1.69353927477806880E-05   5.00090347687690543E-06   6.65447768572120592E-08   1.68872145267643990E-07   2.15429942386954945E-09   2.09697757914895157E-07
  1.35296228421394159E-08   1.63574389200287468E-01   1.85466884145822689E+02   5.28367421440627930E+11   3.44216802302591422E-12   1.00000000000000000E+09   4.00838312690972587E-02   1.75760939707355330E-05   1.19564791613923997E+01   2.68613996607291441E-04   7.90525979508696061E-05   1.01352784105062949E-06   5.16595155329747405E+06   4.68958665631420463E+07   6.90281529967622300E-08   5.40489253398688920E-10   5.63116038824354253E-15   1.67854203498704266E-05   4.95856883105785782E-06   6.62604639600207080E-08   1.67872231652877167E-07   2.26816293731286161E-09   2.11896657593640587E-07
  1.09491057589996365E-08   1.63645698039750764E-01   1.85466884145822689E+02   4.27591429891520264E+11   2.78557521350790220E-12   1.00000000000000000E+09   4.01271971461783297E-02   1.85733860357292854E-05   1.19429835622742413E+01   2.66468647067276128E-04   7.83867837666289545E-05   1.00465125990994103E-06   5.16595155329747405E+06   4.68958665631420463E+07   6.84303827277186760E-08   5.38681571620485397E-10   5.57376437359822028E-15   1.66425529913350633E-05   4.91646415176013112E-06   6.57111046069070397E-08   1.66365876449988658E-07   2.32525201059161164E-09   2.11947701037621326E-07
