# lambda[A]  T_theo  T_instr  T_rot+instr  (He I 10830)
1.082820000000000073e+04 9.999999938590419246e-01 9.999999936244261534e-01 9.999999936160510750e-01
1.082822006703113766e+04 9.999999936676025047e-01 9.999999935011606444e-01 9.999999934945849045e-01
1.082824013406227277e+04 9.999999934651009337e-01 9.999999933451475531e-01 9.999999933402484720e-01
1.082826020109340971e+04 9.999999932505351241e-01 9.999999931583676283e-01 9.999999931548391174e-01
1.082828026812454300e+04 9.999999930227744249e-01 9.999999929440916979e-01 9.999999929415370747e-01
1.082830033515567993e+04 9.999999927805424127e-01 9.999999927054852300e-01 9.999999927035158054e-01
1.082832040218681504e+04 9.999999925223872488e-01 9.999999924445741595e-01 9.999999924428736309e-01
1.082834046921795198e+04 9.999999922466531466e-01 9.999999921617317433e-01 9.999999921600714048e-01
1.082836053624908527e+04 9.999999919514312996e-01 9.999999918554606237e-01 9.999999918536754961e-01
1.082838060328022220e+04 9.999999916344968209e-01 9.999999915219749402e-01 9.999999915199144773e-01
1.082840067031135732e+04 9.999999912931840651e-01 9.999999911538994812e-01 9.999999911513584028e-01
1.082842073734249243e+04 9.999999909241427121e-01 9.999999907370412666e-01 9.999999907336495353e-01
1.082844080437362936e+04 9.999999905227857644e-01 9.999999902433223120e-01 9.999999902383505113e-01
1.082846087140476448e+04 9.999999900819972476e-01 9.999999896162210522e-01 9.999999896082214512e-01
1.082848093843590141e+04 9.999999895891006352e-01 9.999999887418655753e-01 9.999999887280002220e-01
1.082850100546703470e+04 9.999999890188372431e-01 9.999999873933634875e-01 9.999999873681791884e-01
1.082852107249817163e+04 9.999999883175423321e-01 9.999999851266506701e-01 9.999999850799146106e-01
1.082854113952930675e+04 9.999999873685767593e-01 9.999999810913374754e-01 9.999999810043034287e-01
1.082856120656044368e+04 9.999999859193742235e-01 9.999999736971985076e-01 9.999999735363684916e-01
1.082858127359157697e+04 9.999999834329718063e-01 9.999999600434485991e-01 9.999999597503910209e-01
1.082860134062271391e+04 9.999999787969474641e-01 9.999999349706737428e-01 9.999999344457717321e-01
1.082862140765384902e+04 9.999999697743833238e-01 9.999998895312267599e-01 9.999998886080843086e-01
1.082864147468498413e+04 9.999999520081743754e-01 9.999998085893776478e-01 9.999998069945633672e-01
1.082866154171612106e+04 9.999999172865171593e-01 9.999996671512692004e-01 9.999996644399423706e-01
1.082868160874725618e+04 9.999998506427886236e-01 9.999994248718678813e-01 9.999994203209842114e-01
1.082870167577839311e+04 9.999997257042156917e-01 9.999990179562201487e-01 9.999990103780427297e-01
1.082872174280952640e+04 9.999994975374739692e-01 9.999983472892146619e-01 9.999983346892338254e-01
1.082874180984066334e+04 9.999990920869797906e-01 9.999972609531048162e-01 9.999972398852492450e-01
1.082876187687179845e+04 9.999983911687001514e-01 9.999955281291165177e-01 9.999954924897245245e-01
1.082878194390293356e+04 9.999972118085401762e-01 9.999927995825238503e-01 9.999927384585686196e-01
1.082880201093406868e+04 9.999952782726588829e-01 9.999885477528241973e-01 9.999884419129352331e-01
1.082882207796520561e+04 9.999921838457953571e-01 9.999819782965538861e-01 9.999817952516389941e-01
1.082884214499634072e+04 9.999873359992522692e-01 9.999719082959713790e-01 9.999715969682569927e-01
1.082886221202747583e+04 9.999798705027997947e-01 9.999566204474366060e-01 9.999561086770926144e-01
1.082888227905861095e+04 9.999685026284014233e-01 9.999337343519365540e-01 9.999329353308638035e-01
1.082890234608974788e+04 9.999512502431912031e-01 9.999001867480610262e-01 9.998990221206772722e-01
1.082892241312088481e+04 9.999249138464856301e-01 9.998524664936474515e-01 9.998509108927228217e-01
1.082894248015201811e+04 9.998841793992325755e-01 9.997872659707901510e-01 9.997854070671502447e-01
1.082896254718315504e+04 9.998204275000664998e-01 9.997026293149450238e-01 9.997007202367286238e-01
1.082898261421429015e+04 9.997212373466873858e-01 9.995994604780666926e-01 9.995979267040338012e-01
1.082900268124542526e+04 9.995733272046966045e-01 9.994829406230700819e-01 9.994823061503964601e-01
1.082902274827656038e+04 9.993723863224412973e-01 9.993631493176027281e-01 9.993638777097174630e-01
1.082904281530769731e+04 9.991384015057999113e-01 9.992542088628608710e-01 9.992565062984827273e-01
1.082906288233883060e+04 9.989240181154389608e-01 9.991717172374596778e-01 9.991753873533203434e-01
1.082908294936996754e+04 9.987991160166349580e-01 9.991290005452900802e-01 9.991334389373514036e-01
1.082910301640110265e+04 9.988125245057167811e-01 9.991334258155668557e-01 9.991377828419384377e-01
1.082912308343223958e+04 9.989587261209003088e-01 9.991842155071671838e-01 9.991876679996379851e-01
1.082914315046337470e+04 9.991818621555883517e-01 9.992726825866062867e-01 9.992746935789975637e-01
1.082916321749450981e+04 9.994127868585734875e-01 9.993847854477068138e-01 9.993852379251391138e-01
1.082918328452564674e+04 9.996045588535611426e-01 9.995049378758902314e-01 9.995040990574296513e-01
1.082920335155678185e+04 9.997427386490065349e-01 9.996196161888982745e-01 9.996179754130980477e-01
1.082922341858791697e+04 9.998343655596708679e-01 9.997196270333977841e-01 9.997176999051197166e-01
1.082924348561905208e+04 9.998930632089862991e-01 9.998006552808498260e-01 9.997988384503979642e-01
1.082926355265018901e+04 9.999306213781185004e-01 9.998624395241296758e-01 9.998609533103421931e-01
1.082928361968132231e+04 9.999549693982721088e-01 9.999072902732842882e-01 9.999061969844348363e-01
1.082930368671245924e+04 9.999709470834386993e-01 9.999386239533406551e-01 9.999378842511777998e-01
1.082932375374359435e+04 9.999814756187980214e-01 9.999599039404722944e-01 9.999594352216264470e-01
1.082934382077473128e+04 9.999883792018927631e-01 9.999740758173603083e-01 9.999737928262789621e-01
1.082936388780586640e+04 9.999928495829324415e-01 9.999833917721301368e-01 9.999832261044165893e-01
1.082938395483700151e+04 9.999956924183455165e-01 9.999894598936723833e-01 9.999893642203654398e-01
1.082940402186813844e+04 9.999974608809106824e-01 9.999933811976962073e-01 9.999933258790846269e-01
1.082942408889927174e+04 9.999985341452858334e-01 9.999958928847102468e-01 9.999958605488521446e-01
1.082944415593040867e+04 9.999991684148507032e-01 9.999974840851804103e-01 9.999974649200022991e-01
1.082946422296154378e+04 9.999995329249845577e-01 9.999984785117305153e-01 9.999984670285425592e-01
1.082948428999268071e+04 9.999997364035425607e-01 9.999990900121639159e-01 9.999990831004134106e-01
1.082950435702381401e+04 9.999998465873849440e-01 9.999994591590173343e-01 9.999994550086797052e-01
1.082952442405495094e+04 9.999999043269506283e-01 9.999996774651340736e-01 9.999996749930251116e-01
1.082954449108608605e+04 9.999999334477007729e-01 9.999998036492562248e-01 9.999998021938156789e-01
1.082956455811722299e+04 9.999999473809851880e-01 9.999998746943807859e-01 9.999998738478215188e-01
1.082958462514835810e+04 9.999999534417914893e-01 9.999999133816394048e-01 9.999999128926285730e-01
1.082960469217949321e+04 9.999999554742341479e-01 9.999999333710570815e-01 9.999999330850886103e-01
1.082962475921063015e+04 9.999999554182489314e-01 9.999999425471924885e-01 9.999999423682170985e-01
1.082964482624176344e+04 9.999999541935580272e-01 9.999999451240167980e-01 9.999999449883496538e-01
1.082966489327290037e+04 9.999999521631828259e-01 9.999999428389304557e-01 9.999999426956740489e-01
1.082968496030403549e+04 9.999999493314907228e-01 9.999999354247681715e-01 9.999999352182439294e-01
1.082970502733517242e+04 9.999999453444035069e-01 9.999999204108426243e-01 9.999999200606102256e-01
1.082972509436630571e+04 9.999999392786886876e-01 9.999998921537930352e-01 9.999998915271751665e-01
1.082974516139744264e+04 9.999999291145231783e-01 9.999998398202272210e-01 9.999998386906756576e-01
1.082976522842857776e+04 9.999999106571005880e-01 9.999997438176074782e-01 9.999997417995342142e-01
1.082978529545971287e+04 9.999998754806335155e-01 9.999995698770388630e-01 9.999995663230439868e-01
1.082980536249084980e+04 9.999998071802602695e-01 9.999992596065050421e-01 9.999992534444157588e-01
1.082982542952198492e+04 9.999996748042299100e-01 9.999987158188383685e-01 9.999987052891147199e-01
1.082984549655312185e+04 9.999994217801699836e-01 9.999977802265508364e-01 9.999977624456665160e-01
1.082986556358425514e+04 9.999989479452597863e-01 9.999962000445187238e-01 9.999961702472124347e-01
1.082988563061539207e+04 9.999980814666635798e-01 9.999935783720144133e-01 9.999935285410624930e-01
1.082990569764652719e+04 9.999965365335933276e-01 9.999893004535764796e-01 9.999892167863986270e-01
1.082992576467766412e+04 9.999938517044816289e-01 9.999824233908176652e-01 9.999822816578554097e-01
1.082994583170879741e+04 9.999893024826908006e-01 9.999715101700074049e-01 9.999712675904383063e-01
1.082996589873993435e+04 9.999817793056211546e-01 9.999543809824322782e-01 9.999539631728316946e-01
1.082998596577106946e+04 9.999696166807511277e-01 9.999277505220293127e-01 9.999270332222914837e-01
1.083000603280220457e+04 9.999503462191605685e-01 9.998867307607153254e-01 9.998855196092387709e-01
1.083002609983334150e+04 9.999203166269228227e-01 9.998242236204681888e-01 9.998222418993334415e-01
1.083004616686447662e+04 9.998740605495806122e-01 9.997303263336821955e-01 9.997272286458855906e-01
1.083006623389561355e+04 9.998031693318347735e-01 9.995920235465076686e-01 9.995874570501122047e-01
1.083008630092674684e+04 9.996942721188298853e-01 9.993935946704657347e-01 9.993873199451145384e-01
1.083010636795788378e+04 9.995257122898160151e-01 9.991182092838601925e-01 9.991102646517879826e-01
1.083012643498901889e+04 9.992634518167738955e-01 9.987509788978941039e-01 9.987418329140338447e-01
1.083014650202015582e+04 9.988599939548441498e-01 9.982832243193150434e-01 9.982738365693191174e-01
1.083016656905128912e+04 9.982652292560827423e-01 9.977170537616997237e-01 9.977087837307094809e-01
1.083018663608242605e+04 9.974572466158836415e-01 9.970688894231964916e-01 9.970632617095404049e-01
1.083020670311356116e+04 9.964816125148103776e-01 9.963706934990503861e-01 9.963691045720654005e-01
1.083022677014469627e+04 9.954579172463524639e-01 9.956683614575556618e-01 9.956718340794986633e-01
1.083024683717583139e+04 9.945217724008531546e-01 9.950176255135313452e-01 9.950266545943603491e-01
1.083026690420696832e+04 9.937443136478900652e-01 9.944782254996445969e-01 9.944926684582536813e-01
1.083028697123810525e+04 9.931279014218330481e-01 9.941068672984065824e-01 9.941258145503705235e-01
1.083030703826923855e+04 9.927073762906152288e-01 9.939491452306867814e-01 9.939708050220124047e-01
1.083032710530037548e+04 9.926249237291829841e-01 9.940309710181834957e-01 9.940527311794894461e-01
1.083034717233151059e+04 9.930492194478779400e-01 9.943512800835758725e-01 9.943701139349917506e-01
1.083036723936264571e+04 9.940001299759843034e-01 9.948789150570562789e-01 9.948921156849024339e-01
1.083038730639378082e+04 9.952784966085092000e-01 9.955562366164605326e-01 9.955622100062149205e-01
1.083040737342491775e+04 9.965822361370509919e-01 9.963097168316286112e-01 9.963084510683756223e-01
1.083042744045605286e+04 9.976778610972718564e-01 9.970646513187637616e-01 9.970576195843330325e-01
1.083044750748718798e+04 9.984803891298368317e-01 9.977591510249151918e-01 9.977487088656212810e-01
1.083046757451832309e+04 9.990195151704187593e-01 9.983530187129983080e-01 9.983416063679504404e-01
1.083048764154946002e+04 9.993673370153911550e-01 9.988296155153260081e-01 9.988191184847120541e-01
1.083050770858059695e+04 9.995902951301725015e-01 9.991917787771611437e-01 9.991832465888762504e-01
1.083052777561173025e+04 9.997346390670263094e-01 9.994546811705179445e-01 9.994483916545419122e-01
1.083054784264286718e+04 9.998291181466959499e-01 9.996386440750943958e-01 9.996343626892144618e-01
1.083056790967400229e+04 9.998912101257293461e-01 9.997638254441695294e-01 9.997610917951598175e-01
1.083058797670513741e+04 9.999318327612073398e-01 9.998473216750851655e-01 9.998456588760846753e-01
1.083060804373627252e+04 9.999580954215012696e-01 9.999022518787437086e-01 9.999012725148628267e-01
1.083062811076740945e+04 9.999747820557873812e-01 9.999380335383106777e-01 9.999374657524009447e-01
1.083064817779854275e+04 9.999851619657974533e-01 9.999611458066245406e-01 9.999608170439931998e-01
1.083066824482967968e+04 9.999914669812571821e-01 9.999759407596952032e-01 9.999757487188037919e-01
1.083068831186081479e+04 9.999952004335644906e-01 9.999853095699876571e-01 9.999851959785283073e-01
1.083070837889195172e+04 9.999973533644489487e-01 9.999911648861238289e-01 9.999910969947789496e-01
1.083072844592308684e+04 9.999985619360992617e-01 9.999947684620064114e-01 9.999947276955410969e-01
1.083074851295422195e+04 9.999992225730821582e-01 9.999969482873900528e-01 9.999969238604162758e-01
1.083076857998535888e+04 9.999995746630607751e-01 9.999982425674770470e-01 9.999982280499538634e-01
1.083078864701649400e+04 9.999997581540746028e-01 9.999989963101124646e-01 9.999989877911177327e-01
1.083080871404762911e+04 9.999998522144151192e-01 9.999994268082101900e-01 9.999994218872316765e-01
1.083082878107876422e+04 9.999999001759275474e-01 9.999996681452278935e-01 9.999996653513785194e-01
1.083084884810990116e+04 9.999999249908929633e-01 9.999998012245225887e-01 9.999997996657729038e-01
1.083086891514103445e+04 9.999999384317801443e-01 9.999998737183549702e-01 9.999998728624700517e-01
1.083088898217217138e+04 9.999999463527158294e-01 9.999999130391346025e-01 9.999999125748857409e-01
1.083090904920330649e+04 9.999999515826858421e-01 9.999999345637652359e-01 9.999999343132012219e-01
1.083092911623444343e+04 9.999999554562903903e-01 9.999999467073756865e-01 9.999999465711313373e-01
1.083094918326557854e+04 9.999999585936270030e-01 9.999999539652486558e-01 9.999999538891598538e-01
1.083096925029671365e+04 9.999999612832526363e-01 9.999999586842873711e-01 9.999999586395190709e-01
1.083098931732785059e+04 9.999999636636688338e-01 9.999999620648810650e-01 9.999999620364196096e-01
1.083100938435898388e+04 9.999999658064796515e-01 9.999999647112555179e-01 9.999999646914329299e-01
1.083102945139012081e+04 9.999999677533552012e-01 9.999999669252054302e-01 9.999999669101583555e-01
1.083104951842125593e+04 9.999999695320697102e-01 9.999999688584942925e-01 9.999999688462837266e-01
1.083106958545239286e+04 9.999999711633803523e-01 9.999999705897918423e-01 9.999999705794304639e-01
1.083108965248352615e+04 9.999999726640044218e-01 9.999999721625183469e-01 9.999999721534844621e-01
1.083110971951466308e+04 9.999999740479849075e-01 9.999999736030273922e-01 9.999999735950255708e-01
1.083112978654579820e+04 9.999999753273763892e-01 9.999999749291833551e-01 9.999999749220281897e-01
1.083114985357693513e+04 9.999999765126494911e-01 9.999999761543584276e-01 9.999999761479225757e-01
1.083116992060807024e+04 9.999999776129619988e-01 9.999999772893077843e-01 9.999999772834938794e-01
1.083118998763920536e+04 9.999999786363645837e-01 9.999999783430750799e-01 9.999999783378061835e-01
1.083121005467034229e+04 9.999999795899614519e-01 9.999999793234585210e-01 9.999999793186701291e-01
1.083123012170147558e+04 9.999999804800454584e-01 9.999999802372777635e-01 9.999999802329150311e-01
1.083125018873261251e+04 9.999999813122060210e-01 9.999999810905457753e-01 9.999999810865619621e-01
1.083127025576374763e+04 9.999999820914250437e-01 9.999999818885942915e-01 9.999999818849477640e-01
1.083129032279488456e+04 9.999999828221529663e-01 9.999999826361672950e-01 9.999999826328230812e-01
1.083131038982601785e+04 9.999999835083782651e-01 9.999999833375030622e-01 9.999999833344301869e-01
1.083133045685715479e+04 9.999999841536827416e-01 9.999999839963961135e-01 9.999999839935674872e-01
1.083135052388828990e+04 9.999999847612924819e-01 9.999999846162542783e-01 9.999999846136454762e-01
1.083137059091942501e+04 9.999999853341180467e-01 9.999999852001462131e-01 9.999999851977364740e-01
1.083139065795056194e+04 9.999999858747922188e-01 9.999999857508401480e-01 9.999999857486099319e-01
1.083141072498169706e+04 9.999999863857005344e-01 9.999999862708394138e-01 9.999999862687729557e-01
1.083143079201283399e+04 9.999999868690108151e-01 9.999999867624137506e-01 9.999999867604960624e-01
1.083145085904396728e+04 9.999999873266945949e-01 9.999999872276248425e-01 9.999999872258423794e-01
1.083147092607510422e+04 9.999999877605487697e-01 9.999999876683470790e-01 9.999999876666880727e-01
1.083149099310623933e+04 9.999999881722148043e-01 9.999999880862908697e-01 9.999999880847446621e-01
1.083151106013737626e+04 9.999999885631940533e-01 9.999999884830181873e-01 9.999999884815756745e-01
1.083153112716850956e+04 9.999999889348618609e-01 9.999999888599572229e-01 9.999999888586094121e-01
1.083155119419964649e+04 9.999999892884808839e-01 9.999999892184178174e-01 9.999999892171568261e-01
1.083157126123078160e+04 9.999999896252105280e-01 9.999999895596008992e-01 9.999999895584197329e-01
1.083159132826191671e+04 9.999999899461189390e-01 9.999999898846118063e-01 9.999999898835044698e-01
1.083161139529305183e+04 9.999999902521902184e-01 9.999999901944670588e-01 9.999999901934281121e-01
1.083163146232418876e+04 9.999999905443321957e-01 9.999999904901049064e-01 9.999999904891287983e-01
1.083165152935532569e+04 9.999999908233847545e-01 9.999999907723904347e-01 9.999999907714722802e-01
1.083167159638645899e+04 9.999999910901244959e-01 9.999999910421237814e-01 9.999999910412595838e-01
1.083169166341759592e+04 9.999999913452709555e-01 9.999999913000457985e-01 9.999999912992316720e-01
1.083171173044873103e+04 9.999999915894913771e-01 9.999999915468432699e-01 9.999999915460751065e-01
1.083173179747986796e+04 9.999999918234055984e-01 9.999999917831513541e-01 9.999999917824269335e-01
1.083175186451100126e+04 9.999999920475897142e-01 9.999999920095634653e-01 9.999999920088790129e-01
1.083177193154213819e+04 9.999999922625804061e-01 9.999999922266288310e-01 9.999999922259812379e-01
1.083179199857327330e+04 9.999999924688768305e-01 9.999999924348597080e-01 9.999999924342471980e-01
1.083181206560440842e+04 9.999999926669455030e-01 9.999999926347332702e-01 9.999999926341530676e-01
1.083183213263554353e+04 9.999999928572211871e-01 9.999999928266948279e-01 9.999999928261451565e-01
1.083185219966668046e+04 9.999999930401098913e-01 9.999999930111601598e-01 9.999999930106387991e-01
1.083187226669781739e+04 9.999999932159922000e-01 9.999999931885179549e-01 9.999999931880231285e-01
1.083189233372895069e+04 9.999999933852238287e-01 9.999999933591318113e-01 9.999999933586620759e-01
1.083191240076008762e+04 9.999999935481386215e-01 9.999999935233421233e-01 9.999999935228954806e-01
1.083193246779122273e+04 9.999999937050483290e-01 9.999999936814678581e-01 9.999999936810431977e-01
1.083195253482235785e+04 9.999999938562477153e-01 9.999999938338084426e-01 9.999999938334047656e-01
1.083197260185349296e+04 9.999999940020108946e-01 9.999999939806454297e-01 9.999999939802607374e-01
1.083199266888462989e+04 9.999999941425987693e-01 9.999999941222427191e-01 9.999999941218759014e-01
1.083201273591576501e+04 9.999999942782540341e-01 9.999999942588480017e-01 9.999999942584982815e-01
1.083203280294690012e+04 9.999999944092066162e-01 9.999999943906954236e-01 9.999999943903619126e-01
1.083205286997803523e+04 9.999999945356726760e-01 9.999999945180049199e-01 9.999999945176861749e-01
1.083207293700917216e+04 9.999999946578559396e-01 9.999999946409823259e-01 9.999999946406776807e-01
1.083209300404030910e+04 9.999999947759498076e-01 9.999999947598173788e-01 9.999999947595246130e-01
1.083211307107144239e+04 9.999999948901345803e-01 9.999999948746769451e-01 9.999999948743906186e-01
1.083213313810257932e+04 9.999999950005831195e-01 9.999999949856787085e-01 9.999999949853871639e-01
1.083215320513371444e+04 9.999999951074568516e-01 9.999999950928385450e-01 9.999999950925151371e-01
1.083217327216484955e+04 9.999999952109100976e-01 9.999999951959681610e-01 9.999999951955604871e-01
1.083219333919598466e+04 9.999999953110876305e-01 9.999999952945255455e-01 9.999999952939415682e-01
1.083221340622712160e+04 9.999999954081272291e-01 9.999999953874535441e-01 9.999999953865565949e-01
1.083223347325825489e+04 9.999999955021595666e-01 9.999999954731119134e-01 9.999999954717297967e-01
1.083225354028939182e+04 9.999999955933082108e-01 9.999999955494257575e-01 9.999999955473817259e-01
1.083227360732052693e+04 9.999999956816907343e-01 9.999999956143165170e-01 9.999999956114753452e-01
1.083229367435166387e+04 9.999999957674184925e-01 9.999999956663273570e-01 9.999999956626371977e-01
