# EXHALE lower-atmosphere profile (docs/phase_e_flux_closure_design.md section 2)
# solution_id 59c82ff36eeae4dd5d4a649cd1ce33f12904691fabe59a6e70dd36b5d3ac8e4a
# source_code photochem
# source_version photochem 0.8.4, photochem_to_lower_profile.py
# mechanism zahnle_HHeNOC_rxns.yaml sha256 908cc51ef08cfce6
# stellar_flux lhs1140_sed_gj1132_at_b.txt sha256 37a95348aeb58b91 dilution 1.000000E+00
# p_match_bar 9.99999999999999955E-07
# p_top_bar 1.11933656678163054E-08
# p_deep_bar 1.67309812445485271E+01
# trial_flux_H 6.16244343489999976E+06
# trial_flux_He 1.98949152410000004E+07
# measured_flux_H 6.16244301571477484E+06
# measured_flux_He 1.98949138617599085E+07
# iteration 0
# reached_steady_state T
# notes F_H and F_He columns are the STATED trial fluxes; the header measured_flux_* are what the solution carries across its own top. measured elemental escape at the model top (r_top = 1.143386e+09 cm): H 6.162443e+06 g/s, He 1.989491e+07 g/s; imposed H 6.162443e+06, He 1.989492e+07; atomic-H share of the hydrogen nuclei at the top 2.200e-55 imposed, 5.082e-03 converged. climate solved: deep boundary 20 bar at 411.4 K, background He, tropopause 2.636 bar at 185.5 K, cold-trap f_H2O 5.590e-08 (deep 5.226e-05). cold trap at the match: O/H gas 9.4736e-07 vs all-carrier 9.4736e-07; C/H gas 2.6947e-04 vs all-carrier 2.6947e-04; N/H gas 7.9171e-05 vs all-carrier 7.9171e-05; chemistry q_H2O at the tropopause (2.636 bar) 4.1698e-07, at the match 5.7344e-08.
# units p[bar] r[R_J] T[K] n_tot[cm^-3] rho[g/cm^3] Kzz[cm^2/s] q_*[-] X_*[El/H nuclei] F_*[g/s]
# columns: p r T n_tot rho Kzz q_H2 q_H X_He X_C X_N X_O F_H F_He q_H2O q_CO q_CO2 q_CH4 q_NH3 q_HCN q_N2 q_OH q_C2H2
  1.67309812445485271E+01   1.56566894634168202E-01   3.83540462325914859E+02   3.15956243896131715E+20   2.05576752389347852E-03   1.78000000000000000E+07   4.29939285269089755E-02   4.02704969244792282E-29   1.10999999968823584E+01   2.77587999922037677E-04   8.18465936023273828E-05   6.06177999829752364E-04   6.16244343489999976E+06   1.98949152410000004E+07   5.22581590331525460E-05   8.93153895727366236E-25   2.84882001103384851E-24   2.39306570837119004E-05   7.05589810728203792E-06   1.08545406800790730E-31   1.82315404671878474E-11   5.10134719795942949E-40   5.58189587616018940E-48
  1.57335840292574165E+01   1.56604885949257366E-01   3.75140562517350361E+02   3.03773829390356709E+20   1.97650271232572335E-03   1.78000000000000000E+07   4.29939285270287339E-02   7.38734614588825973E-30   1.10999999969483678E+01   2.77587999922001411E-04   8.18463967946400346E-05   6.06177999833357986E-04   6.16244343489999976E+06   1.98949152410000004E+07   5.22581590336093136E-05   8.93153895729854427E-25   1.06680770249214928E-23   2.39306570837785687E-05   7.05589810730170094E-06   1.08545406801092775E-31   9.74821757988253661E-12   5.68490790876416067E-41   3.12258225554872063E-49
  1.40006751778171541E+01   1.56674665595833540E-01   3.58340762900221307E+02   2.82988953578295198E+20   1.84126595707807881E-03   1.78000000000000000E+07   4.29939290656633569E-02   4.89940175839673130E-15   1.11000030148988671E+01   2.77588075248652252E-04   8.18464190023461541E-05   6.06042208336133714E-04   6.16244343489999976E+06   1.98949152410000004E+07   5.22464389513733717E-05   1.41002038429322827E-15   2.13690536588174404E-18   2.39306556920003761E-05   7.05587529368560426E-06   1.89794424939468977E-14   2.05596776384018269E-11   1.55845054608800538E-26   2.55402380303359405E-13
  1.23903804227170671E+01   1.56744445232500612E-01   3.41540963283092253E+02   2.62759580056207655E+20   1.70964348747342518E-03   1.78000000000000000E+07   4.29939302919639249E-02   6.71320673686876087E-15   1.11000101351808329E+01   2.77588253153315584E-04   8.18464714548264744E-05   6.05721848753972849E-04   6.16244343489999976E+06   1.98949152410000004E+07   5.22187889373767726E-05   2.92569640704107075E-15   4.43492914243937656E-18   2.39306545552202259E-05   7.05585086596725194E-06   3.93902426308723654E-14   3.21853557334568693E-11   7.80823602364218149E-27   5.31531487858264634E-13
  1.08992212947956908E+01   1.56814224846985428E-01   3.24759018117303981E+02   2.43080974143988990E+20   1.58160438460911617E-03   1.78000000000000000E+07   4.29939332210244538E-02   8.46564360059882370E-15   1.11000274355502633E+01   2.77588685626216770E-04   8.18465989661379341E-05   6.04943479707832957E-04   6.16244343489999976E+06   1.98949152410000004E+07   5.21516085892431377E-05   4.55984721887133789E-15   6.91491311319727964E-18   2.39306542218852292E-05   7.05582476746500586E-06   6.14173873933024088E-14   4.47292194451435746E-11   3.70182519190866574E-27   8.32818366668628137E-13
  9.52370714700547438E+00   1.56884004439712538E-01   3.07994202432003533E+02   2.23965027667649528E+20   1.45722575078747877E-03   1.78000000000000000E+07   4.29939405084799123E-02   1.12089072052245704E-14   1.11000708195920534E+01   2.77589770380815470E-04   8.18469188014512243E-05   6.02991591392637322E-04   6.16244343489999976E+06   1.98949152410000004E+07   5.19831437108422310E-05   6.32780744437831157E-15   9.60170661007863315E-18   2.39306561503865806E-05   7.05579716766325544E-06   8.52814403962190811E-14   5.83153931207508388E-11   2.56475427871985222E-27   1.16424313438825346E-12
  8.26025272763232188E+00   1.56953783981350320E-01   2.91229386746703085E+02   2.05435198795083612E+20   1.33665954108271381E-03   1.78000000000000000E+07   4.29939593464684564E-02   1.55395147321572662E-14   1.11001833634176954E+01   2.77592584658771274E-04   8.18477485837798069E-05   5.97928170216755470E-04   6.16244343489999976E+06   1.98949152410000004E+07   5.15461324589228695E-05   8.24778964739934956E-15   1.25250637599927662E-17   2.39306643202531040E-05   7.05576892798093605E-06   1.11246517460121445E-13   7.30923087425106806E-11   3.37098689475993592E-27   1.53182952020561581E-12
  7.10523729506804713E+00   1.57023563422129891E-01   2.74492317665073983E+02   1.87484388180358857E+20   1.21985783284634720E-03   1.78000000000000000E+07   4.29940099411833740E-02   2.20850398355663655E-14   1.11004861013622431E+01   2.77600155274589165E-04   8.18499807646949574E-05   5.84307827823073059E-04   6.16244343489999976E+06   1.98949152410000004E+07   5.03706367688737481E-05   1.03417281210975466E-14   1.57211433109815267E-17   2.39306899494743869E-05   7.05574297696574810E-06   1.39633622747224598E-13   8.92400288153448570E-11   6.32748309311476610E-27   1.94302663816371321E-12
  6.05498050670464050E+00   1.57093342578165873E-01   2.57758131483023249E+02   1.70144177539348201E+20   1.10702153781825491E-03   1.78000000000000000E+07   4.29941511789238284E-02   3.09884792361710569E-14   1.11013318293830476E+01   2.77621304920100539E-04   8.18562167013131000E-05   5.46258119865449367E-04   6.16244343489999976E+06   1.98949152410000004E+07   4.70871040506820973E-05   1.26363922596202595E-14   1.92343062126900298E-17   2.39307657784282038E-05   7.05572850319063727E-06   1.70836610941671239E-13   1.06979173276902713E-10   1.27044059114065856E-26   2.40692196030278446E-12
  5.10578333292415643E+00   1.57163120933152184E-01   2.41079720702854331E+02   1.53397548470031286E+20   9.98027732349153181E-04   1.78000000000000000E+07   4.29945581618591879E-02   4.10171782364934517E-14   1.11037701435025600E+01   2.77682281811407884E-04   8.18741956398824774E-05   4.36557263551691065E-04   6.16244343489999976E+06   1.98949152410000004E+07   3.76230522551052269E-05   1.51652940089902612E-14   2.31199617631213068E-17   2.39309892219503657E-05   7.05575364937400333E-06   2.05347451255010220E-13   1.26585522395729473E-10   2.31283437564001819E-26   2.93411072979058372E-12
  4.25391253552833071E+00   1.57232897266786742E-01   2.24433015552126676E+02   1.37283558735092548E+20   8.93106417883624579E-04   1.78000000000000000E+07   4.29956452945085485E-02   5.38681415211963441E-14   1.11102890010738502E+01   2.77845304599300027E-04   8.19222626542203872E-05   1.43270974535837745E-04   6.16244343489999976E+06   1.98949152410000004E+07   1.23403395191914143E-05   1.79716464175662772E-14   2.74483002523533300E-17   2.39315908752235241E-05   7.05588567235436913E-06   2.43789360168588515E-13   1.48409674738295209E-10   1.85226262974347465E-26   3.53618897553936489E-12
  3.49529970527308720E+00   1.57302675539348374E-01   2.07772523860714841E+02   1.21846489803374592E+20   7.92651521314229751E-04   1.78000000000000000E+07   4.29960692497712085E-02   6.82441500912777752E-14   1.11128328587731584E+01   2.77908920829597356E-04   8.19410197965199263E-05   2.88216441221438576E-05   6.16244343489999976E+06   1.98949152410000004E+07   2.48194694061314378E-06   2.11138566616403267E-14   3.23072565546452095E-17   2.39318229568235489E-05   7.05590316953145941E-06   2.86943099148789709E-13   1.72891019039278216E-10   9.88748891058222464E-27   4.22654446874539501E-12
  2.82576090982403016E+00   1.57372454791475880E-01   1.91105004145844021E+02   1.07097681961347449E+20   6.96700494711100069E-04   1.78000000000000000E+07   4.29961581236846593E-02   7.69555822430480525E-14   1.11133658442255623E+01   2.77922249297927462E-04   8.19449496686857856E-05   4.84237977462109973E-06   6.16244343489999976E+06   1.98949152410000004E+07   4.16977484793498186E-07   2.46679681711403761E-14   3.78121621993371572E-17   2.39318679987177915E-05   7.05585875479699676E-06   3.35832677135498647E-13   2.00607650288093766E-10   4.87701478822325474E-27   5.02123306473997415E-12
  2.25888088926769992E+00   1.57442234255857016E-01   1.87365343999735529E+02   8.73214188437915238E+19   5.68049726383810572E-04   1.78000000000000000E+07   4.29961713472939433E-02   9.33879564653230556E-14   1.11134445660431940E+01   2.77924217451617724E-04   8.19455299678588931E-05   1.30055941937532745E-06   6.16244343489999976E+06   1.98949152410000004E+07   1.11990404324775681E-07   2.88769206118769618E-14   4.43394572115267947E-17   2.39318700875664236E-05   7.05579099567826746E-06   3.93800897705312086E-13   2.33453505265714097E-10   2.28268620592360287E-27   5.97250692626083510E-12
  1.79999438234726195E+00   1.57512013740775669E-01   1.85478015829361055E+02   7.02903046600033157E+19   4.57257621577853508E-04   1.78000000000000000E+07   4.29961726905113278E-02   1.23519735097254020E-13   1.11134518081230418E+01   2.77924397921986029E-04   8.19455831694487823E-05   9.74620653045612315E-07   6.16244343489999976E+06   1.98949152410000004E+07   8.39239280635994634E-08   3.40750617520497439E-14   5.24091892165226223E-17   2.39318643021714469E-05   7.05570480525230868E-06   4.65465756543985168E-13   2.74041443721098477E-10   2.63575605069230597E-27   7.15775109857767758E-12
  1.43296310862462151E+00   1.57581793215971239E-01   1.85478015829361055E+02   5.59576265679356477E+19   3.64019637622679088E-04   1.78000000000000000E+07   4.29961728627100970E-02   1.78075253676006691E-13   1.11134518045372683E+01   2.77924397020660899E-04   8.19455828913035047E-05   9.74620649596519565E-07   6.16244343489999976E+06   1.98949152410000004E+07   8.39239124959366683E-08   4.05731944551921769E-14   6.25065577545219727E-17   2.39318562034195837E-05   7.05559676955068436E-06   5.55135501872139263E-13   3.24804525864655203E-10   3.71570260632384067E-27   8.65155438366088346E-12
  1.14100240202867020E+00   1.57651572677978191E-01   1.85478015829361055E+02   4.45564759773333832E+19   2.89852040401168524E-04   1.78000000000000000E+07   4.29961730790864929E-02   2.70797599169648036E-13   1.11134518000459082E+01   2.77924395888726617E-04   8.19455825419858434E-05   9.74620645264845377E-07   6.16244343489999976E+06   1.98949152410000004E+07   8.39238929219156721E-08   4.87363206994922187E-14   7.52027019580690263E-17   2.39318459964634911E-05   7.05546101833972319E-06   6.67881308464092418E-13   3.88602206050515534E-10   5.38312933045453305E-27   1.05443614351005180E-11
  9.08710780304700205E-01   1.57721352127645154E-01   1.85478015829361055E+02   3.54854205223424860E+19   2.30842348176329710E-04   1.78000000000000000E+07   4.29961733508972682E-02   4.16098615188828150E-13   1.11134517944214828E+01   2.77924394467470709E-04   8.19455821033730200E-05   9.74620639825858146E-07   6.16244343489999976E+06   1.98949152410000004E+07   8.39238683155282318E-08   5.89888941515014626E-14   9.11632078495904284E-17   2.39318331315973261E-05   7.05529051511881122E-06   8.09612737303085056E-13   4.68760581830589823E-10   8.05287635142345674E-27   1.29444764253150275E-11
  7.23856132637265337E-01   1.57791131563144227E-01   1.85478015829361055E+02   2.82667927145059123E+19   1.83883203527700066E-04   1.78000000000000000E+07   4.29961736922387858E-02   6.27478605004746909E-13   1.11134517873796401E+01   2.77924392683307126E-04   8.19455815527499285E-05   9.74620632997887442E-07   6.16244343489999976E+06   1.98949152410000004E+07   8.39238373892999510E-08   7.18628676445881324E-14   1.11223291804703234E-16   2.39318169141810748E-05   7.05507647512483223E-06   9.87745271418911981E-13   5.69447093936288143E-10   1.23612822071154934E-26   1.59904323148657558E-11
  5.76721545674854896E-01   1.57860910986528352E-01   1.85478015829361055E+02   2.25211442585784852E+19   1.46506191701493461E-04   1.78000000000000000E+07   4.29961741207594075E-02   9.18391095448158089E-13   1.11134517785650573E+01   2.77924390444025775E-04   8.19455808616509763E-05   9.74620624427963835E-07   6.16244343489999976E+06   1.98949152410000004E+07   8.39237985279875712E-08   8.80249553407077606E-14   1.36430819113322468E-16   2.39317964673214695E-05   7.05480793077664319E-06   1.21158215041279726E-12   6.95882770475656164E-10   1.92559956096264067E-26   1.98586531298029275E-11
  4.59586559498058322E-01   1.57930690396338502E-01   1.85478015829361055E+02   1.79469889470626980E+19   1.16750062609158626E-04   1.78000000000000000E+07   4.29961746585521623E-02   1.30406685305627375E-12   1.11134517675338120E+01   2.77924387634103829E-04   8.19455799944113331E-05   9.74620613673869636E-07   6.16244343489999976E+06   1.98949152410000004E+07   8.39237497055456295E-08   1.08310776124597507E-13   1.68100178041623642E-16   2.39317706852895307E-05   7.05447118394487641E-06   1.49279253921681336E-12   8.54608004906254291E-10   3.01531430296328183E-26   2.47729703550901684E-11
  3.66315732622312318E-01   1.58000469792896281E-01   1.85478015829361055E+02   1.43047360037855703E+19   9.30562128409883352E-05   1.78000000000000000E+07   4.29961753332732191E-02   1.80226716655168870E-12   1.11134517537314146E+01   2.77924384108839818E-04   8.19455789063545915E-05   9.74620600181676425E-07   6.16244343489999976E+06   1.98949152410000004E+07   8.39236883811636855E-08   1.33767571171566300E-13   2.07879735068836654E-16   2.39317381751234220E-05   7.05404912028867563E-06   1.84601021543485928E-12   1.05381508359845093E-09   4.71721244694211002E-26   3.10166971869420232E-11
  2.92032251506223861E-01   1.58070249176379490E-01   1.85478015829361055E+02   1.14039444401771643E+19   7.41857717740215442E-05   1.78000000000000000E+07   4.29961761795412400E-02   2.43223311156570415E-12   1.11134517364654144E+01   2.77924379687021655E-04   8.19455775415259583E-05   9.74620583257671842E-07   6.16244343489999976E+06   1.98949152410000004E+07   8.39236113691233358E-08   1.65707633845741132E-13   2.57836277923717648E-16   2.39316971833583250E-05   7.05352035274614923E-06   2.28958299946368943E-12   1.30376418284519469E-09   7.34317175080279639E-26   3.89479730210739817E-11
  2.32858953191030338E-01   1.58140028546821687E-01   1.85478015829361055E+02   9.09320991394585702E+18   5.91538128267358920E-05   1.78000000000000000E+07   4.29961772406888057E-02   3.21298957957766131E-12   1.11134517148712231E+01   2.77924374141757917E-04   8.19455758298576485E-05   9.74620562033253033E-07   6.16244343489999976E+06   1.98949152410000004E+07   8.39235146759158028E-08   2.05775138449617558E-13   3.20560703259443146E-16   2.39316455042401428E-05   7.05285814948319203E-06   2.84651069380144307E-12   1.61730393979738662E-09   1.13411186297805999E-25   4.90191311806578468E-11
  1.85712795869704961E-01   1.58209807904111904E-01   1.85478015829361055E+02   7.25213874496646861E+18   4.71771422412255246E-05   1.78000000000000000E+07   4.29961785709542729E-02   4.16378730517524059E-12   1.11134516878696150E+01   2.77924367189022600E-04   8.19455736836251838E-05   9.74620535421064535E-07   6.16244343489999976E+06   1.98949152410000004E+07   8.39233932964250952E-08   2.56029718295786876E-13   3.99300267142355760E-16   2.39315803649161306E-05   7.05202908862454794E-06   3.54561871380840672E-12   2.01052299588880061E-09   1.73453188182627153E-25   6.18009945282322799E-11
  1.48141713784635837E-01   1.58279587247994541E-01   1.85478015829361055E+02   5.78497705153846579E+18   3.76328548752502551E-05   1.78000000000000000E+07   4.29961802382228045E-02   5.31146163557008484E-12   1.11134516541136890E+01   2.77924358473338013E-04   8.19455709930160144E-05   9.74620502060173428E-07   6.16244343489999976E+06   1.98949152410000004E+07   8.39232409589396847E-08   3.19050954318197667E-13   4.98124041148316479E-16   2.39314982817974166E-05   7.05099136820934329E-06   4.42302634324120082E-12   2.50356520571990595E-09   2.62683418601261362E-25   7.80132965532576461E-11
  1.18195089798037667E-01   1.58349366578514505E-01   1.85478015829361055E+02   4.61555266655143936E+18   3.00254299859839299E-05   1.78000000000000000E+07   4.29961823274504357E-02   6.71260174846208191E-12   1.11134516119228337E+01   2.77924347549888856E-04   8.19455676205897883E-05   9.74620460247579527E-07   6.16244343489999976E+06   1.98949152410000004E+07   8.39230498062103885E-08   3.98068932005572771E-13   6.22129869739099084E-16   2.39313948803557921E-05   7.04969268480001305E-06   5.52398320924400293E-12   3.12164857085132261E-09   3.95224128946935282E-25   9.85629356457192628E-11
  9.43208976410322419E-02   1.58419145897483959E-01   1.85478015829361055E+02   3.68325851236689459E+18   2.39606019870413389E-05   1.78000000000000000E+07   4.29961849449311193E-02   8.49809679994021649E-12   1.11134515592005201E+01   2.77924333862181313E-04   8.19455633943534976E-05   9.74620407852666956E-07   6.16244343489999976E+06   1.98949152410000004E+07   8.39228099965936856E-08   4.97127248027174795E-13   7.77703186663262844E-16   2.39312646677469828E-05   7.04806758351171224E-06   6.90516585933723311E-12   3.89633637511512606E-09   5.95927473809734988E-25   1.24592643962564062E-10
  7.52840061089397189E-02   1.58488925202094816E-01   1.85478015829361055E+02   2.93986235586040934E+18   1.91246070340587194E-05   1.78000000000000000E+07   4.29961882235999626E-02   1.09326752773920693E-11   1.11134514933319011E+01   2.77924316714143603E-04   8.19455580991035548E-05   9.74620342210367883E-07   6.16244343489999976E+06   1.98949152410000004E+07   8.39225092053578661E-08   6.21286366751941994E-13   9.72840620175202392E-16   2.39311007437788334E-05   7.04603418572720636E-06   8.63754912760250406E-12   4.86711884260623998E-09   9.13294048908000700E-25   1.57543946124074943E-10
  6.01012782948771029E-02   1.58558704494059732E-01   1.85478015829361055E+02   2.34697241459920384E+18   1.52676961009645403E-05   1.78000000000000000E+07   4.29961923296104942E-02   1.44556903124442953E-11   1.11134514110563245E+01   2.77924295235287475E-04   8.19455514656014441E-05   9.74620259987751022E-07   6.16244343489999976E+06   1.98949152410000004E+07   8.39221320012887782E-08   7.76877177457488777E-13   1.21755452437063711E-15   2.39308944317473047E-05   7.04349020526808119E-06   1.08099954076719450E-11   6.08337691327732580E-09   1.44266711886218080E-24   1.99239592161260462E-10
  4.79900027785527053E-02   1.58628483772605661E-01   1.85478015829361055E+02   1.87402357975142733E+18   1.21910348102238552E-05   1.78000000000000000E+07   4.29961974704931374E-02   1.96673415300270522E-11   1.11134513083087683E+01   2.77924268337221615E-04   8.19455431570398688E-05   9.74620157017502998E-07   6.16244343489999976E+06   1.98949152410000004E+07   8.39216590675700243E-08   9.71817157361892875E-13   1.52437857308700599E-15   2.39306348080512685E-05   7.04030811757230530E-06   1.35337403943392459E-11   7.60681991292655034E-09   2.35982572968746188E-24   2.51991146741037716E-10
  3.83269098922971105E-02   1.58698263038658360E-01   1.85478015829361055E+02   1.49667698934313651E+18   9.73629221994256228E-06   1.78000000000000000E+07   4.29962039053000955E-02   2.72724410040179977E-11   1.11134511800224356E+01   2.77924234659371013E-04   8.19455327521153746E-05   9.74620028090062655E-07   6.16244343489999976E+06   1.98949152410000004E+07   8.39210662282300386E-08   1.21600479061419385E-12   1.90899953799236412E-15   2.39303081081983679E-05   7.03632922034118274E-06   1.69479980492482606E-11   9.51451752631310453E-09   3.96443974754583727E-24   3.18736896074727026E-10
  3.06155938333275250E-02   1.58768042290438727E-01   1.85478015829361055E+02   1.19554785225787571E+18   7.77736497166716164E-06   1.78000000000000000E+07   4.29962119572566900E-02   3.80607220759395930E-11   1.11134510198832075E+01   2.77924192501240782E-04   8.19455197238524579E-05   9.74619866694251727E-07   6.16244343489999976E+06   1.98949152410000004E+07   8.39203232318721791E-08   1.52181180401082268E-12   2.39104658554059839E-15   2.39298969838938222E-05   7.03135617065604329E-06   2.12269626432021944E-11   1.19026805390878192E-08   6.74296424738468483E-24   4.03214954083795722E-10
  2.44606113852750481E-02   1.58837821529910744E-01   1.85478015829361055E+02   9.55193995771719168E+17   6.21379751596218803E-06   1.78000000000000000E+07   4.29962220295537559E-02   5.30494773953791001E-11   1.11134508200242585E+01   2.77924139737902704E-04   8.19455034131001350E-05   9.74619664693658071E-07   6.16244343489999976E+06   1.98949152410000004E+07   8.39193922324743378E-08   1.90469735354078038E-12   2.99507716926400132E-15   2.39293795773817441E-05   7.02514347458751203E-06   2.65885543911190411E-11   1.48913793130107413E-08   1.18209658098426173E-23   5.10178416898624622E-10
  1.95468848102006605E-02   1.58907600756611284E-01   1.85478015829361055E+02   7.63311542490095616E+17   4.96554977129468992E-06   1.78000000000000000E+07   4.29962346250155891E-02   7.39570961821763191E-11   1.11134505706462221E+01   2.77924073714567630E-04   8.19454829953419526E-05   9.74619411922962631E-07   6.16244343489999976E+06   1.98949152410000004E+07   8.39182258921840581E-08   2.38397361774882374E-12   3.75180823858241857E-15   2.39287283620453208E-05   7.01738534893039172E-06   3.33053407276593893E-11   1.86304202468842931E-08   5.48191144339159467E-23   6.45665272582992465E-10
  1.56233194328712129E-02   1.58977379969823113E-01   1.85478015829361055E+02   6.10095172244379136E+17   3.96883545301575543E-06   1.78000000000000000E+07   4.29962503704479984E-02   1.04250635448619066E-10   1.11134502595450915E+01   2.77923991115088887E-04   8.19454574391001645E-05   9.74619095684484864E-07   6.16244343489999976E+06   1.98949152410000004E+07   8.39167650125216789E-08   2.98375837129693138E-12   4.69965349787647077E-15   2.39279086700792471E-05   7.00770035023728235E-06   4.17181717796836270E-11   2.33066246019572129E-08   1.61859035135095014E-21   8.17346727026423307E-10
  1.24897708873781491E-02   1.59047159169743269E-01   1.85478015829361055E+02   4.87729189278147520E+17   3.17281132646312473E-06   1.78000000000000000E+07   4.29962700464966291E-02   1.51105085363033217E-10   1.11134498715252246E+01   2.77923887797975992E-04   8.19454254537512654E-05   9.74618700120387334E-07   6.16244343489999976E+06   1.98949152410000004E+07   8.39149355773346623E-08   3.73415688723682463E-12   5.88664239553057375E-15   2.39268767866284127E-05   6.99561220034121006E-06   5.22532011725418884E-11   2.91527638597628204E-08   3.65268812648180188E-20   1.03499460639648426E-09
  9.98667506747367810E-03   1.59116938356423265E-01   1.85478015829361055E+02   3.89982568788794048E+17   2.53694287415875610E-06   1.78000000000000000E+07   4.29962946238037907E-02   2.28717462801127404E-10   1.11134493876699789E+01   2.77923758591924644E-04   8.19453854239732027E-05   9.74618205430002021E-07   6.16244343489999976E+06   1.98949152410000004E+07   8.39126450620623036E-08   4.67272262468067901E-12   7.37281487583829556E-15   2.39255774352784414E-05   6.98052634564789431E-06   6.54431281224480034E-11   3.64583919931929923E-08   4.86014706094452161E-19   1.31113116654595871E-09
  7.98679512730657293E-03   1.59186717529767596E-01   1.85478015829361055E+02   3.11886674903579008E+17   2.02890776325831250E-06   1.78000000000000000E+07   4.29963253061102293E-02   3.63573174139724197E-10   1.11134487844353309E+01   2.77923597040892760E-04   8.19453353272649675E-05   9.74617586894183254E-07   6.16244343489999976E+06   1.98949152410000004E+07   8.39097778285104675E-08   5.84625285602206114E-12   9.23320619632499592E-15   2.39239404160859373E-05   6.96170192829081096E-06   8.19536997901397958E-11   4.55827642309337553E-08   4.13698706869212928E-18   1.66195047765874686E-09
  6.38865203198695289E-03   1.59256496689531429E-01   1.85478015829361055E+02   2.49478721766631424E+17   1.62292698988695522E-06   1.78000000000000000E+07   4.29963635806402192E-02   6.02195618637497024E-10   1.11134480325240563E+01   2.77923395086318982E-04   8.19452726299618891E-05   9.74616813659377517E-07   6.16244343489999976E+06   1.98949152410000004E+07   8.39061893856674229E-08   7.31297927386364306E-12   1.15615470648002384E-14   2.39218760906345004E-05   6.93821929456613715E-06   1.02616752943150251E-10   5.69699133013661256E-08   2.44235327182675140E-17   2.10862586171088470E-09
  5.11129418981903349E-03   1.59326275836224523E-01   1.85478015829361055E+02   1.99597526154930016E+17   1.29843619414885771E-06   1.78000000000000000E+07   4.29964112755650482E-02   1.02106627005019291E-09   1.11134470954871727E+01   2.77923142671004746E-04   8.19451941558260489E-05   9.74615847222391198E-07   6.16244343489999976E+06   1.98949152410000004E+07   8.39016992676315070E-08   9.14520949095750315E-12   1.44747736437972791E-14   2.39192693555323743E-05   6.90894441818702828E-06   1.28471330765129919E-10   7.11657279899480047E-08   1.07164378151336331E-16   2.67913357414524608E-09
  4.09013239048475023E-03   1.59396054970543405E-01   1.85478015829361055E+02   1.59720860601805888E+17   1.03902759779691504E-06   1.78000000000000000E+07   4.29964706236061686E-02   1.73750000177244503E-09   1.11134459279874438E+01   2.77922827245381408E-04   8.19450959195314345E-05   9.74614639542526942E-07   6.16244343489999976E+06   1.98949152410000004E+07   8.38960822687992672E-08   1.14324586089673781E-11   1.81183292143676756E-14   2.39159717401738152E-05   6.87249275680543371E-06   1.60814657313945472E-10   8.88365453940205833E-08   3.70354915955323667E-16   3.41071057362593128E-09
  3.27362241501351955E-03   1.59465834090323666E-01   1.85478015829361055E+02   1.27835908350475920E+17   8.31607278343080576E-07   1.78000000000000000E+07   4.29965443300312986E-02   2.92152781542310395E-09   1.11134444736431135E+01   2.77922433152103107E-04   8.19449729150193004E-05   9.74613130689708795E-07   6.16244343489999976E+06   1.98949152410000004E+07   8.38890577591600678E-08   1.42850846259613424E-11   2.26720475891945842E-14   2.39117913122626049E-05   6.82719380208063733E-06   2.01265015614619563E-10   1.10788372053801229E-07   1.05748364171777570E-15   4.35302073227509955E-09
  2.62062227797128572E-03   1.59535613196944731E-01   1.85478015829361055E+02   1.02336062892143040E+17   6.65723821880193280E-07   1.78000000000000000E+07   4.29966356423134577E-02   4.81245141039472908E-09   1.11134426623512912E+01   2.77921940858942985E-04   8.19448188455910645E-05   9.74611245914923041E-07   6.16244343489999976E+06   1.98949152410000004E+07   8.38802767240130610E-08   1.78384204564357763E-11   2.83562043412975377E-14   2.39064800901623721E-05   6.77105430453163991E-06   2.51838962828194259E-10   1.37985380415301951E-07   2.59363585187220875E-15   5.57207279250208031E-09
  2.09828649191195994E-03   1.59605392290024517E-01   1.85478015829361055E+02   8.19386983797858560E+16   5.33033397172002365E-07   1.78000000000000000E+07   4.29967484165674901E-02   7.74582704639336743E-09   1.11134404069657879E+01   2.77921326002488389E-04   8.19446257784074591E-05   9.74608892001440400E-07   6.16244343489999976E+06   1.98949152410000004E+07   8.38693060015220319E-08   2.22573882761098774E-11   3.54371650818021535E-14   2.38997185175940820E-05   6.70171798511503814E-06   3.15045928588302990E-10   1.71565505987060695E-07   5.63915481792488330E-15   7.15496980499233743E-09
  1.68038789791197392E-03   1.59675171369435709E-01   1.85478015829361055E+02   6.56196366219702880E+16   4.26873445554495150E-07   1.78000000000000000E+07   4.29968871700308064E-02   1.21925109164120243E-08   1.11134375991743504E+01   2.77920558195722523E-04   8.19443837004099732E-05   9.74605952720571507E-07   6.16244343489999976E+06   1.98949152410000004E+07   8.38556089562460939E-08   2.77415859985305335E-11   4.42319196714585418E-14   2.38910962405802927E-05   6.61642867100467076E-06   3.94004074642421340E-10   2.12848945316706004E-07   1.11467277811627881E-14   9.21566143789132327E-09
  1.34597998255677333E-03   1.59744950433854338E-01   1.85478015829361055E+02   5.25609101717347120E+16   3.41922865570157991E-07   1.78000000000000000E+07   4.29970570963734908E-02   1.88008298362402809E-08   1.11134341043831952E+01   2.77919599540745453E-04   8.19440799452551279E-05   9.74602283172487965E-07   6.16244343489999976E+06   1.98949152410000004E+07   8.38385215734250893E-08   3.45308496849962542E-11   5.51105929470420054E-14   2.38800880774902967E-05   6.51202316201313539E-06   4.92582203401585827E-10   2.63330906833636400E-07   2.04231457504428946E-14   1.19019252052045234E-08
  1.07833039009395254E-03   1.59814729486181611E-01   1.85478015829361055E+02   4.21091156656850320E+16   2.73931090077366297E-07   1.78000000000000000E+07   4.29972640008340692E-02   2.84226429069099685E-08   1.11134297553705981E+01   2.77918402772889955E-04   8.19436984515888131E-05   9.74597702738619593E-07   6.16244343489999976E+06   1.98949152410000004E+07   8.38172226512609353E-08   4.29113426229811873E-11   6.84958580953667070E-14   2.38660237761343391E-05   6.38500252292206175E-06   6.15573276066065601E-10   3.24642634518614715E-07   3.51679653940450502E-14   1.54037354717880790E-08
  8.64070482197724227E-04   1.59884508523575997E-01   1.85478015829361055E+02   3.37422038852100280E+16   2.19502046544272492E-07   1.78000000000000000E+07   4.29975140883888940E-02   4.20972321472949044E-08   1.11134243444143941E+01   2.77916908943465104E-04   8.19432188024407226E-05   9.74591986304679761E-07   6.16244343489999976E+06   1.98949152410000004E+07   8.37906962905183990E-08   5.32223399641449306E-11   8.48584280315392489E-14   2.38480497119230810E-05   6.23175140591612543E-06   7.68905662981659772E-10   3.98455759658004843E-07   5.74390521106020598E-14   1.99630110210681033E-08
  6.92517045861414408E-04   1.59954287546294066E-01   1.85478015829361055E+02   2.70429922522132080E+16   1.75921848612788828E-07   1.78000000000000000E+07   4.29978135217075688E-02   6.09587194195880373E-08   1.11134176135273908E+01   2.77915044524011591E-04   8.19426149854542672E-05   9.74584853328922968E-07   6.16244343489999976E+06   1.98949152410000004E+07   8.37576842484129191E-08   6.58640897343224747E-11   1.04708828888912802E-13   2.38250797620363682E-05   6.04899335617030281E-06   9.59898682061033693E-10   4.86298842213094790E-07   8.95300489619560236E-14   2.58845557926581208E-08
  5.55131196946453010E-04   1.60024066554475125E-01   1.85478015829361055E+02   2.16780348551724120E+16   1.41021339846819430E-07   1.78000000000000000E+07   4.29981676938768764E-02   8.60507785905440481E-08   1.11134092423481707E+01   2.77912717783642478E-04   8.19418538076424461E-05   9.74575954224405679E-07   6.16244343489999976E+06   1.98949152410000004E+07   8.37166252909732848E-08   8.13074391988150863E-11   1.28587179966462444E-13   2.37957310796690743E-05   5.83453559048280659E-06   1.19756909154373979E-09   5.89265241298946862E-07   1.33850670530909825E-13   3.35478927073223360E-08
  4.45086645008044290E-04   1.60093845548168717E-01   1.85478015829361055E+02   1.73807630648918860E+16   1.13066418800662826E-07   1.78000000000000000E+07   4.29985802992585917E-02   1.18128468826547178E-07   1.11133988331279170E+01   2.77909814250288409E-04   8.19408928994633023E-05   9.74564853391079176E-07   6.16244343489999976E+06   1.98949152410000004E+07   8.36655790211224318E-08   1.00106231459020273E-10   1.57053429276739529E-13   2.37582384969670843E-05   5.58818028358933235E-06   1.49299458320612741E-09   7.07641791362611722E-07   1.92992966059355386E-13   4.34197848789939604E-08
  3.56925149151008075E-04   1.60163624527355108E-01   1.85478015829361055E+02   1.39380309853663380E+16   9.06705134300934317E-08   1.78000000000000000E+07   4.29990525319221412E-02   1.57635948130943451E-07   1.11133858921253008E+01   2.77906191013079396E-04   8.19396782474240607E-05   9.74551008066415964E-07   6.16244343489999976E+06   1.98949152410000004E+07   8.36021330163183040E-08   1.22913504945659603E-10   1.90679041980403670E-13   2.37103393026812663E-05   5.31242734213837176E-06   1.85973942141439296E-09   8.40576345031984391E-07   2.70096829149120146E-13   5.60677485962586477E-08
  2.86281502697641047E-04   1.60233403491944537E-01   1.85478015829361055E+02   1.11793760249961580E+16   7.27247180885639589E-08   1.78000000000000000E+07   4.29995828996899906E-02   2.05007868787319139E-07   1.11133698065628774E+01   2.77901669551547446E-04   8.19381411879366002E-05   9.74533741952395849E-07   6.16244343489999976E+06   1.98949152410000004E+07   8.35232938392330480E-08   1.50502015234501106E-10   2.30037999767725275E-13   2.36491195866265138E-05   5.01254088431947239E-06   2.31434816126753936E-09   9.85957976448286456E-07   3.69408532298348280E-13   7.21755281234000005E-08
  2.29663973052527293E-04   1.60303182441746211E-01   1.85478015829361055E+02   8.96844500938811000E+15   5.83420179960796400E-08   1.78000000000000000E+07   4.30001679626956027E-02   2.61262748878120923E-07   1.11133498161009943E+01   2.77896026680482067E-04   8.19361947624703483E-05   9.74512212309874496E-07   6.16244343489999976E+06   1.98949152410000004E+07   8.34253635886109250E-08   1.83788755915040355E-10   2.75692687501969649E-13   2.35708151401026536E-05   4.69584114039948334E-06   2.87691824701710181E-09   1.14061871467087768E-06   4.96791524861830867E-13   9.25615028503790437E-08
  1.84278980435202412E-04   1.60372961376415019E-01   1.85478015829361055E+02   7.19614783482486400E+15   4.68127518968809623E-08   1.78000000000000000E+07   4.30008038438995516E-02   3.28732639237509306E-07   1.11133249775356227E+01   2.77888983066496703E-04   8.19337292736740995E-05   9.74485368872416002E-07   6.16244343489999976E+06   1.98949152410000004E+07   8.33038039726428009E-08   2.23862412267458084E-10   3.28170651800462784E-13   2.34705618674912106E-05   4.37049424879769266E-06   3.57177093594522021E-09   1.30080150300531550E-06   6.60010137251226148E-13   1.18199854847933382E-07
  1.47891074622586794E-04   1.60442740297978059E-01   1.85478015829361055E+02   5.77518951929229200E+15   3.75690416274941506E-08   1.78000000000000000E+07   4.30014880013088879E-02   4.11790661623727612E-07   1.11132941211151319E+01   2.77880188588340571E-04   8.19306068077216884E-05   9.74451902500446505E-07   6.16244343489999976E+06   1.98949152410000004E+07   8.31530906834965732E-08   2.72012088694734976E-10   3.87930760271820777E-13   2.33420909831952086E-05   4.04427259706624643E-06   4.42824462697673567E-09   1.46271051869107938E-06   8.68759548145665306E-13   1.50242397710766165E-07
  1.18711081321734186E-04   1.60512519204481424E-01   1.85478015829361055E+02   4.63570228577153500E+15   3.01563777189533731E-08   1.78000000000000000E+07   4.30022207607318740E-02   5.17493873244676721E-07   1.11132557964857934E+01   2.77869203556083751E-04   8.19266544142950532E-05   9.74410180947265128E-07   6.16244343489999976E+06   1.98949152410000004E+07   8.29665685564328562E-08   3.29754837869148958E-10   4.55320176437198064E-13   2.31773805853581285E-05   3.72365665622539073E-06   5.48160612457757175E-09   1.62296119596648991E-06   1.13466182086503860E-12   1.90036746566628012E-07
  9.53067337475523398E-05   1.60582298095296783E-01   1.85478015829361055E+02   3.72175569933131550E+15   2.42109169697959541E-08   1.78000000000000000E+07   4.30030063386342698E-02   6.56012045742577919E-07   1.11132082058015005E+01   2.77855474451783554E-04   8.19216555657138599E-05   9.74358168411850523E-07   6.16244343489999976E+06   1.98949152410000004E+07   8.27363536023275678E-08   3.98857996247970097E-10   5.30524513673200729E-13   2.29663681742426800E-05   3.41341576161009295E-06   6.77393889220948513E-09   1.77883851032833618E-06   1.47171573860066122E-12   2.39133813974501889E-07
  7.65312555513017890E-05   1.60652076971854768E-01   1.85478015829361055E+02   2.98856780969428400E+15   1.94413402256080339E-08   1.78000000000000000E+07   4.30038532633001888E-02   8.40529615136151973E-07   1.11131491209419444E+01   2.77838302408392305E-04   8.19153394462111205E-05   9.74293324686670617E-07   6.16244343489999976E+06   1.98949152410000004E+07   8.24534064031910653E-08   4.81349737002366713E-10   6.13511127805517970E-13   2.26970364766612366E-05   3.11662624852362039E-06   8.35455522154925588E-09   1.92836251133923002E-06   1.89734153067427214E-12   2.99273897528976477E-07
  6.14662782226234447E-05   1.60721855831659072E-01   1.85478015829361055E+02   2.40027605916783600E+15   1.56143515554017992E-08   1.78000000000000000E+07   4.30047742012586443E-02   1.08617689395109307E-06   1.11130757810494760E+01   2.77816802176887806E-04   8.19073675490225220E-05   9.74212478671769630E-07   6.16244343489999976E+06   1.98949152410000004E+07   8.21079475865837918E-08   5.79507795715312187E-10   7.03963718583460217E-13   2.23563426573887684E-05   2.83499757238974489E-06   1.02790559296616250E-08   2.07021096221333907E-06   2.43286262270323013E-12   3.72336494025968546E-07
  4.93762070432119304E-05   1.60791634674198963E-01   1.85478015829361055E+02   1.92815525984969025E+15   1.25430857055362051E-08   1.78000000000000000E+07   4.30057853507786331E-02   1.40779300076770186E-06   1.11129847656986431E+01   2.77789848987547384E-04   8.18973169801121806E-05   9.74111669827439379E-07   6.16244343489999976E+06   1.98949152410000004E+07   8.16902638611601201E-08   6.95813874336383490E-10   8.01213660253631174E-13   2.19322272715242653E-05   2.56933640690801491E-06   1.26057545498811780E-08   2.20356776223322768E-06   3.10108593004887593E-12   4.60237498089699492E-07
  3.96717324537538448E-05   1.60861413500818035E-01   1.85478015829361055E+02   1.54919270188395675E+15   1.00778387616112650E-08   1.78000000000000000E+07   4.30069057608889957E-02   1.81699620480755584E-06   1.11128718379411708E+01   2.77756010575879245E-04   8.18846597668557630E-05   9.73985949737090477E-07   6.16244343489999976E+06   1.98949152410000004E+07   8.11917245352860524E-08   8.32865150432369833E-10   9.04191741018643260E-13   2.14162403246175499E-05   2.31997833978383212E-06   1.53881666465474271E-08   2.32796186118933094E-06   3.91950821278432910E-12   5.64763744747530146E-07
  3.18806484294849784E-05   1.60931192308764237E-01   1.85478015829361055E+02   1.24494860253104500E+15   8.09865501378269790E-09   1.78000000000000000E+07   4.30081570119726017E-02   2.31959171578743731E-06   1.11127317501894947E+01   2.77713461543794898E-04   8.18687373198022687E-05   9.73829134241887954E-07   6.16244343489999976E+06   1.98949152410000004E+07   8.06057144850922042E-08   9.93249436647549521E-10   1.01143976322848141E-12   2.08057302634540655E-05   2.08707328230322017E-06   1.86636658247321414E-08   2.44314056503249942E-06   4.89153085277522038E-12   6.87353113582146726E-07
  2.56245101285853366E-05   1.61000971097955692E-01   1.85478015829361055E+02   1.00064458054187312E+15   6.50939718804901261E-09   1.78000000000000000E+07   4.30095635785430891E-02   2.91420242001503724E-06   1.11125580043384318E+01   2.77659876769311212E-04   8.18487289763689265E-05   9.73633494455724093E-07   6.16244343489999976E+06   1.98949152410000004E+07   7.99282060819574842E-08   1.17941023677780085E-09   1.12121152921499140E-12   2.01047002709361945E-05   1.87070091405911218E-06   2.24412989218766044E-08   2.54899374375592813E-06   6.00133075062134458E-12   8.28855203099658444E-07
  2.05999587840365398E-05   1.61070749868280821E-01   1.85478015829361055E+02   8.04434387748044875E+14   5.23300232231647218E-09   1.78000000000000000E+07   4.30111539705369528E-02   3.59236680013893750E-06   1.11123425555838047E+01   2.77592299517119394E-04   8.18236132697673451E-05   9.73389372202706692E-07   6.16244343489999976E+06   1.98949152410000004E+07   7.91577719777600448E-08   1.39353730738226343E-09   1.23165286294045585E-12   1.93231549256189556E-05   1.67086426431676145E-06   2.66936516759249154E-08   2.64552196711256356E-06   7.21614220509542333E-12   9.89328312798335326E-07
  1.65637777639651064E-05   1.61140528619540535E-01   1.85478015829361055E+02   6.46820343867650875E+14   4.20768549830957307E-09   1.78000000000000000E+07   4.30129625571055232E-02   4.33979052704831347E-06   1.11120754469940941E+01   2.77506978309557560E-04   8.17921202299192878E-05   9.73084701823214098E-07   6.16244343489999976E+06   1.98949152410000004E+07   7.82950029031638301E-08   1.63751050044338041E-09   1.34100977834609384E-12   1.84753888320154222E-05   1.48743293617965080E-06   3.13562889323539925E-08   2.73282902480119931E-06   8.49468912051932370E-12   1.16792719265874582E-06
  1.33209320385802051E-05   1.61210307351362742E-01   1.85478015829361055E+02   5.20186274207138438E+14   3.38390147112632014E-09   1.78000000000000000E+07   4.30150319024905775E-02   5.13821591769142900E-06   1.11117443589403138E+01   2.77399164686502179E-04   8.17526726453535733E-05   9.72704415685711124E-07   6.16244343489999976E+06   1.98949152410000004E+07   7.73414875745826794E-08   1.91290616314122874E-09   1.44780392024967501E-12   1.75778849531218752E-05   1.32009135901569781E-06   3.63346866486360132E-08   2.81111932372255677E-06   9.79746852471372867E-12   1.36291069542976001E-06
  1.07149936097697089E-05   1.61280086063101596E-01   1.85478015829361055E+02   4.18423619899608562E+14   2.72191242066525441E-09   1.78000000000000000E+07   4.30174154810844186E-02   5.96741738370341077E-06   1.11113340538966323E+01   2.77262861835717662E-04   8.17033137935150303E-05   9.72229705005823199E-07   6.16244343489999976E+06   1.98949152410000004E+07   7.62986179610556265E-08   2.22105750402059513E-09   1.55093658851798034E-12   1.66473715633949151E-05   1.16831779785020590E-06   4.15155988238348095E-08   2.88068852150211603E-06   1.10950741606972587E-11   1.57176289946000614E-06
  8.62047546924780599E-06   1.61349864753729699E-01   1.85478015829361055E+02   3.36632076738678250E+14   2.18984053554078914E-09   1.78000000000000000E+07   4.30201807296553065E-02   6.80699713450567887E-06   1.11108256927764213E+01   2.77090511721022888E-04   8.16416186731575038E-05   9.71637100600758805E-07   6.16244343489999976E+06   1.98949152410000004E+07   7.51664626506460237E-08   2.56314962361699751E-09   1.64971552468549406E-12   1.56993399632906289E-05   1.03139613923740963E-06   4.67790430321113717E-08   2.94190440096213543E-06   1.23730947422173174E-11   1.79139267553559388E-06
  6.93669248081151246E-06   1.61419643421729653E-01   1.85478015829361055E+02   2.70879860843326281E+14   1.76210848555930562E-09   1.78000000000000000E+07   4.30234124837630127E-02   7.63783666917677396E-06   1.11101959937328800E+01   2.76872605721898259E-04   8.15645852432231669E-05   9.70897329843440936E-07   6.16244343489999976E+06   1.98949152410000004E+07   7.39428639673828511E-08   2.94032574928189412E-09   1.74382160881139491E-12   1.47471074973612674E-05   9.08450870591419306E-07   5.20080702491869890E-08   2.99518024783798299E-06   1.36343720263929804E-11   2.01836388888909480E-06
  5.58284411786624872E-06   1.61489422068305494E-01   1.85478015829361055E+02   2.18011688126712688E+14   1.41819028324981132E-09   1.78000000000000000E+07   4.30272169065239116E-02   8.44320105094399038E-06   1.11094161980824921E+01   2.76597200918433591E-04   8.14685015995380690E-05   9.69973896210289264E-07   6.16244343489999976E+06   1.98949152410000004E+07   7.26228456531593427E-08   3.35377953247622736E-09   1.83323895989611316E-12   1.38013855473389333E-05   7.98493696816641576E-07   5.70949803513886764E-08   3.04094453221744664E-06   1.49004106748235459E-11   2.24911020578964165E-06
  4.49407512528360459E-06   1.61559200688169480E-01   1.85478015829361055E+02   1.75494941994871406E+14   1.14161056742718251E-09   1.78000000000000000E+07   4.30317260520328426E-02   9.20958606157177099E-06   1.11084508005463842E+01   2.76249321192550859E-04   8.13487844397384614E-05   9.68821316598311012E-07   6.16244343489999976E+06   1.98949152410000004E+07   7.11984073213329408E-08   3.80480637508528966E-09   1.91816663446078957E-12   1.28702709962711273E-05   7.00472928611656420E-07   6.19438870524095175E-08   3.07961010465040900E-06   1.62130791581731617E-11   2.48009919253669978E-06
  3.61831902223736692E-06   1.61628979279533319E-01   1.85478015829361055E+02   1.41296411213511750E+14   9.19142751500463900E-10   1.78000000000000000E+07   4.30371032288141900E-02   9.92747085917795706E-06   1.11072559922153413E+01   2.75810219778380747E-04   8.11997836492473201E-05   9.67382939803998689E-07   6.16244343489999976E+06   1.98949152410000004E+07   6.96587997474734497E-08   4.29478614207999899E-09   1.99892204103369588E-12   1.19595753362865116E-05   6.13320096106956934E-07   6.64704244124602867E-08   3.11154501755142768E-06   1.76359376460228210E-11   2.70792604168543967E-06
  2.91376839834318248E-06   1.61698757839170121E-01   1.85478015829361055E+02   1.13783504235803500E+14   7.40166395931578362E-10   1.78000000000000000E+07   4.30435493584412493E-02   1.05922252912498378E-05   1.11057777544522356E+01   2.75256478648636821E-04   8.10145475071804015E-05   9.65588258919932507E-07   6.16244343489999976E+06   1.98949152410000004E+07   6.79913503264180848E-08   4.82507488679621641E-09   2.07584174653426789E-12   1.10733904345448806E-05   5.35990234164290483E-07   7.06000205968878688E-08   3.13704624715650494E-06   1.92531753409497304E-11   2.92933649931183561E-06
  2.34684715623637691E-06   1.61768536361951487E-01   1.85478015829361055E+02   9.16450646847032812E+13   5.96152090343917461E-10   1.78000000000000000E+07   4.30513105725626247E-02   1.12055065926783818E-05   1.11039495303629767E+01   2.74558921262122628E-04   8.07845430496323527E-05   9.63349623653148657E-07   6.16244343489999976E+06   1.98949152410000004E+07   6.61827997261179252E-08   5.39679707372383952E-09   2.14918565111401151E-12   1.02147511203586775E-05   4.67493058976365973E-07   7.42664044670850372E-08   3.15631698206217661E-06   2.11649000395718770E-11   3.14119890371755256E-06
  1.89058479704414393E-06   1.61838314840594827E-01   1.85478015829361055E+02   7.38278867273519062E+13   4.80248467152265284E-10   1.78000000000000000E+07   4.30606873715650082E-02   1.17774568294649977E-05   1.11016893875903389E+01   2.73681319847122052E-04   8.04993268265211175E-05   9.60558259483127957E-07   6.16244343489999976E+06   1.98949152410000004E+07   6.42209614741277185E-08   6.01054824830087915E-09   2.21905224975329581E-12   9.38622497201229339E-06   4.06913040590566086E-07   7.74115705643937697E-08   3.16944744268475968E-06   2.34801788046824198E-11   3.34046000527681556E-06
  1.52331278987302585E-06   1.61908093270774600E-01   1.85478015829361055E+02   5.94858079240368672E+13   3.86951035072867634E-10   1.78000000000000000E+07   4.30720458102087714E-02   1.23297381008473095E-05   1.10988965722232020E+01   2.72578887742435543E-04   8.01461630818508407E-05   9.57079514375461888E-07   6.16244343489999976E+06   1.98949152410000004E+07   6.20964198086165887E-08   6.66603166906729573E-09   2.28531194681394302E-12   8.59028410495975830E-06   3.53418046308389612E-07   7.99873586434162606E-08   3.17639833400881918E-06   2.63113156445183219E-11   3.52412072977398777E-06
  1.22761901730130292E-06   1.61977871640342413E-01   1.85478015829361055E+02   4.79388800202794766E+13   3.11836572716193335E-10   1.78000000000000000E+07   4.30858313966826154E-02   1.28989484132622156E-05   1.10954473391307662E+01   2.71196563079914804E-04   7.97095899269279509E-05   9.52747288203441234E-07   6.16244343489999976E+06   1.98949152410000004E+07   5.98039913135435435E-08   7.36165347047677042E-09   2.34756117967389642E-12   7.82940034342422632E-06   3.06258432237108789E-07   8.19576943531887311E-08   3.17698531142997638E-06   2.97723652403346962E-11   3.68925430098090588E-06
  9.99999999999999955E-07   1.62044236999135643E-01   1.85478015829361055E+02   3.90954054109383984E+13   2.54308529757567777E-10   1.78000000000000000E+07   4.31017670895867747E-02   1.35082839867696438E-05   1.10913981653396139E+01   2.69551704793065362E-04   7.91972862978898492E-05   9.47621279551865939E-07   6.16244343489999976E+06   1.98949152410000004E+07   5.74640931362367172E-08   8.05826620164926802E-09   2.40228072603298153E-12   7.14129864061003045E-06   2.66789816960289659E-07   8.32344307223798738E-08   3.17116214521671002E-06   3.37769873711011637E-11   3.82603260427719194E-06
  9.89509048189997761E-07   1.62047649937694993E-01   1.85478015829361055E+02   3.86406164059274453E+13   2.51350063478968911E-10   1.78000000000000000E+07   4.31025866066024471E-02   1.35396199866378973E-05   1.10911899304770802E+01   2.69467115477586329E-04   7.91709403119503766E-05   9.47357666834318862E-07   6.16244343489999976E+06   1.98949152410000004E+07   5.73437603472715871E-08   8.09409056083872736E-09   2.40509476114278011E-12   7.10591197387627182E-06   2.64760083957840030E-07   8.33000888136455419E-08   3.17086268012124317E-06   3.39829310973795668E-11   3.83306663458893150E-06
  7.97733197422404254E-07   1.62117428148441212E-01   1.85478015829361055E+02   3.11517136020714297E+13   2.02633745978601361E-10   1.78000000000000000E+07   4.31229729308280907E-02   1.43262811388491898E-05   1.10859385643590365E+01   2.67309148216823822E-04   7.85078348621491112E-05   9.40661898723473297E-07   6.16244343489999976E+06   1.98949152410000004E+07   5.47215875568908995E-08   8.85783284704684887E-09   2.45689027956293243E-12   6.42178125633278723E-06   2.28315184873376753E-07   8.40054327231460363E-08   3.15750523195482453E-06   3.90775298335480914E-11   3.95297875449772239E-06
  6.43246500909787768E-07   1.62187206254728350E-01   1.85478015829361055E+02   2.51189631278011484E+13   1.63389929373829100E-10   1.78000000000000000E+07   4.31477981058775162E-02   1.53549279936840625E-05   1.10794662935092258E+01   2.64625133330365840E-04   7.76936796825205010E-05   9.32359038744403812E-07   6.16244343489999976E+06   1.98949152410000004E+07   5.19490556820826761E-08   9.64469621633197357E-09   2.50159778332298236E-12   5.77836956622881700E-06   1.96373545079359125E-07   8.40760729447429368E-08   3.13618864193060706E-06   4.52216734754665144E-11   4.04670227799671579E-06
  5.18775271960176632E-07   1.62256984234591950E-01   1.85478015829361055E+02   2.02583254002189102E+13   1.31770883858208985E-10   1.78000000000000000E+07   4.31780488193714423E-02   1.67450209109663719E-05   1.10714966048609114E+01   2.61299716684249537E-04   7.66972261838393728E-05   9.22088868773815515E-07   6.16244343489999976E+06   1.98949152410000004E+07   4.90428828442365407E-08   1.04433087790329522E-08   2.53752997247902812E-12   5.17631396544201445E-06   1.68435868230476882E-07   8.35230194862362481E-08   3.10597086531033050E-06   5.26363773804001376E-11   4.11228405957998917E-06
  4.18469138506560812E-07   1.62326762061156205E-01   1.85478015829361055E+02   1.63413416868989746E+13   1.06290446201217152E-10   1.78000000000000000E+07   4.32149290611859374E-02   1.86431471078572043E-05   1.10616936611414136E+01   2.57198674676081265E-04   7.54822841240755242E-05   9.09426118289334078E-07   6.16244343489999976E+06   1.98949152410000004E+07   4.60239253666880488E-08   1.12385888025138616E-08   2.56265206821448009E-12   4.61552870493417490E-06   1.44049078311184222E-07   8.23634685839033249E-08   3.06567900577829930E-06   6.16319232603538602E-11   4.14811000041413474E-06
  3.37621650833083193E-07   1.62396539701674086E-01   1.85478015829361055E+02   1.31842237562563125E+13   8.57530446609208772E-11   1.78000000000000000E+07   4.32599044953906262E-02   2.12287997194791160E-05   1.10496511452966484E+01   2.52169100355743576E-04   7.40077252066195671E-05   8.93877581828223119E-07   6.16244343489999976E+06   1.98949152410000004E+07   4.29159864708550878E-08   1.20112568706649213E-08   2.57457589605879798E-12   4.09530770728997040E-06   1.22803126476968248E-07   8.06195345127601763E-08   3.01390789096567991E-06   7.26507454277155134E-11   4.15287298457738331E-06
  2.72445905000165068E-07   1.62466317116889164E-01   1.85478015829361055E+02   1.06390919069753906E+13   6.91966999378358767E-11   1.78000000000000000E+07   4.33147535293641056E-02   2.47218618714719632E-05   1.10348797713191242E+01   2.46041642143745470E-04   7.22279727718213178E-05   8.74884481016816263E-07   6.16244343489999976E+06   1.98949152410000004E+07   3.97446888524387539E-08   1.27374575177727203E-08   2.57056909904227339E-12   3.61448309682132588E-06   1.04328541595952830E-07   7.83183297879630691E-08   2.94903825734348607E-06   8.63203240281367410E-11   4.12552034282837708E-06
  2.19894314908335049E-07   1.62536094261634428E-01   1.85478015829361055E+02   8.58693701463322852E+12   5.58472415260242591E-11   1.78000000000000000E+07   4.33816257897612495E-02   2.93909273777851349E-05   1.10167936888453966E+01   2.38635889355495831E-04   7.00942392640790593E-05   8.51833321778828056E-07   6.16244343489999976E+06   1.98949152410000004E+07   3.65366252310124482E-08   1.33886077256130131E-08   2.54759753746973678E-12   3.17159736720738429E-06   8.82941686158857395E-08   7.54926900762931445E-08   2.86928432639277034E-06   1.03520481819603077E-10   4.06520119891083058E-06
  1.77513819147390472E-07   1.62605871075979458E-01   1.85478015829361055E+02   6.93196631700575977E+12   4.50815257601490582E-11   1.78000000000000000E+07   4.34631082506031149E-02   3.55617436678507977E-05   1.09946962540051025E+01   2.29770231417475939E-04   6.75568352379024161E-05   8.24079434265669359E-07   6.16244343489999976E+06   1.98949152410000004E+07   3.33188898684444080E-08   1.39316391639551923E-08   2.50242626784785689E-12   2.76506081340356509E-06   7.44048186223768323E-08   7.21812610992252214E-08   2.77278262085839421E-06   1.25474394707514123E-10   3.97123572944372043E-06
  1.43329534045606058E-07   1.62675647494500003E-01   1.85478015829361055E+02   5.59706003176754395E+12   3.63978801420174980E-11   1.78000000000000000E+07   4.35622983798812161E-02   4.36254810089625834E-05   1.09677659833343917E+01   2.19277583317527156E-04   6.45689065911511049E-05   7.90988072055910062E-07   6.16244343489999976E+06   1.98949152410000004E+07   3.01189667208346092E-08   1.43298502372656762E-08   2.43181030962949838E-12   2.39327992113471078E-06   6.23987729362311499E-08   6.84265905340346488E-08   2.65773537712956500E-06   1.53877787709550474E-10   3.84312922802014947E-06
  1.15751246948507965E-07   1.62745423436628622E-01   1.85478015829361055E+02   4.52011989180543945E+12   2.93923497967120612E-11   1.78000000000000000E+07   4.36828826473824525E-02   5.40466262384473603E-05   1.09350439578888921E+01   2.07028056337773961E-04   6.10919169484603865E-05   7.51997862590178290E-07   6.16244343489999976E+06   1.98949152410000004E+07   2.69648509433968768E-08   1.45446172583691257E-08   2.33280708540932278E-12   2.05475112172882933E-06   5.20451875138840668E-08   6.42706868272688424E-08   2.52262099601907320E-06   1.91085671063763810E-10   3.68065456110640385E-06
  9.34982519760973610E-08   1.62815198810551676E-01   1.85478015829361055E+02   3.65113395965573633E+12   2.37396034664661633E-11   1.78000000000000000E+07   4.38292178094786267E-02   6.73696726994768363E-05   1.08954244838734624E+01   1.92958673389908929E-04   5.71030157431779391E-05   7.06709725309309819E-07   6.16244343489999976E+06   1.98949152410000004E+07   2.38852267622962189E-08   1.45382038280126101E-08   2.20323230699306306E-12   1.74811808028779277E-06   4.31414589559419449E-08   5.97494177592291464E-08   2.36647778445296231E-06   2.40375143244589393E-10   3.48402554333134068E-06
  7.55389189637008891E-08   1.62884973506395025E-01   1.85478015829361055E+02   2.94981677705118457E+12   1.91775821636176357E-11   1.78000000000000000E+07   4.40064116640094677E-02   8.42224647114461441E-05   1.08476513872133555E+01   1.77108294600087203E-04   5.26040442508427834E-05   6.55000068571687428E-07   6.16244343489999976E+06   1.98949152410000004E+07   2.09095141017843698E-08   1.42778102077410304E-08   2.04225403731443610E-12   1.47219196139771227E-06   3.55105892897052832E-08   5.48891826397921831E-08   2.18925304316256549E-06   3.06258446614998477E-10   3.25417747239988058E-06
  6.10420987110838910E-08   1.62954747402953876E-01   1.85478015829361055E+02   2.38371172575154736E+12   1.54951545787009515E-11   1.78000000000000000E+07   4.42203991672378768E-02   1.05313021689316426E-04   1.07903228154877482E+01   1.59652930349875463E-04   4.76312760817908568E-05   5.97149199134720196E-07   6.16244343489999976E+06   1.98949152410000004E+07   1.80676321037395084E-08   1.37407681787981856E-08   1.85107349309857902E-12   1.22593445514768563E-06   2.89985549881267860E-08   4.97098893365376323E-08   1.99218589248544244E-06   3.94598356952635083E-10   2.99315454228651953E-06
  4.93380390340700580E-08   1.63024520360874309E-01   1.85478015829361055E+02   1.92666478798091187E+12   1.25221884827820893E-11   1.78000000000000000E+07   4.44780089477587806E-02   1.31416541290245431E-04   1.07219076716121187E+01   1.40932978073451411E-04   4.22640928328399536E-05   5.33964266848620355E-07   6.16244343489999976E+06   1.98949152410000004E+07   1.53894233851372740E-08   1.29203839879761730E-08   1.63358299586438603E-12   1.00840358444129128E-06   2.34716583770747260E-08   4.42367602366408394E-08   1.77816004343596911E-06   5.11674137745461740E-10   2.70457146732728448E-06
  3.98869444172286044E-08   1.63094292223485010E-01   1.85478015829361055E+02   1.55759679171194385E+12   1.01215638166527509E-11   1.78000000000000000E+07   4.47870173759305421E-02   1.63345625439092676E-04   1.06407765225321693E+01   1.21460877159958552E-04   3.66298593421440115E-05   4.66862419421891944E-07   6.16244343489999976E+06   1.98949152410000004E+07   1.29038032430567273E-08   1.18314128560121822E-08   1.39683220095189331E-12   8.18664819874377140E-07   1.88138268169229175E-08   3.85203219957741727E-08   1.55192795054904620E-06   6.60654304433718704E-10   2.39406533193704057E-06
  3.22536797292258173E-08   1.63164062820017025E-01   1.85478015829361055E+02   1.25951558338590088E+12   8.18274660327039113E-12   1.78000000000000000E+07   4.51561976080110741E-02   2.01882067439031914E-04   1.05452486153033256E+01   1.01897410141873050E-04   3.09017292258931384E-05   3.97869160759841519E-07   6.16244343489999976E+06   1.98949152410000004E+07   1.06376915380725080E-08   1.05136818531211983E-08   1.15106682729794858E-12   6.55678380695473612E-07   1.49238364295851793E-08   3.26594396017220802E-08   1.32008464412446499E-06   8.34859283390557235E-10   2.06958949799649992E-06
  2.60874135189312278E-08   1.63233831966082016E-01   1.85478015829361055E+02   1.01872109269916711E+12   6.61661774653601442E-12   1.78000000000000000E+07   4.55953852273221216E-02   2.47631599461526426E-04   1.04336543952080838E+01   8.29898245095957990E-05   2.52866186982612073E-05   3.29488703778715797E-07   6.16244343489999976E+06   1.98949152410000004E+07   8.61455615609174979E-09   9.03221247933066661E-09   9.09032098970735706E-13   5.18186373301969239E-07   1.17124720474347591E-08   2.68172850393865153E-08   1.09068015788699968E-06   1.01131693069579864E-09   1.74134754813030740E-06
  2.11052333213087774E-08   1.63303599467318983E-01   1.85478015829361055E+02   8.24165505528253418E+11   5.35131084660631809E-12   1.78000000000000000E+07   4.61155806707179636E-02   3.00776129567697603E-04   1.03044104514592032E+01   6.54760834933968967E-05   2.00026796057982722E-05   2.64429042690655748E-07   6.16244343489999976E+06   1.98949152410000004E+07   6.85225987377071990E-09   7.47252071974361626E-09   6.84290559945848857E-13   4.04630027510738986E-07   9.09969320107020816E-09   2.12181362050172662E-08   8.72425333686841225E-07   1.15192515520450221E-09   1.42116543682390665E-06
  1.70789556272226688E-08   1.63373365127044812E-01   1.85478015829361055E+02   6.66938189410725098E+11   4.32886143272990408E-12   1.78000000000000000E+07   4.67290814184631934E-02   3.60752641274403091E-04   1.01561022670875012E+01   4.99742170003394771E-05   1.52492004120333289E-05   2.05217382086857127E-07   6.16244343489999976E+06   1.98949152410000004E+07   5.36032649036425117E-09   5.93065816336714575E-09   4.88717956648944295E-13   3.13118492388911283E-07   7.01197501152949450E-09   1.61179452928033367E-08   6.73570730580769427E-07   1.21582569278002123E-09   1.12121645877879718E-06
  1.38245058021843799E-08   1.63443128745854149E-01   1.85478015829361055E+02   5.39850976280465881E+11   3.50250890920884460E-12   1.78000000000000000E+07   4.74496107488969615E-02   4.25934204791537073E-04   9.98756941031311918E+00   3.68870849543139907E-05   1.11757981324283329E-05   1.53801426693201625E-07   6.16244343489999976E+06   1.98949152410000004E+07   4.13750120881433176E-09   4.49907109211604459E-09   3.30001568297100898E-13   2.41452714961734317E-07   5.38012721842058520E-09   1.17524474087081756E-08   5.00689558617616777E-07   1.17649592205632018E-09   8.52300585316049360E-07
  1.11933656678163054E-08   1.63512890126914556E-01   1.85478015829361055E+02   4.37104188033982422E+11   2.83452378099590478E-12   1.78000000000000000E+07   4.82924252075100507E-02   4.93361944193542790E-04   9.79798650342372213E+00   2.63529330165884762E-05   7.85991675460378151E-06   1.11260230934331623E-07   6.16244343489999976E+06   1.98949152410000004E+07   3.17075344536776861E-09   3.25140343243827320E-09   2.10258965887293336E-13   1.87195853924219778E-07   4.13795142361444125E-09   8.27884007561069995E-09   3.57699537468291636E-07   1.03211479734203847E-09   6.22263243126972806E-07
