# lambda[A]  T_theo  T_instr  T_rot+instr  (H-alpha 6562.8)
6.561000000000000909e+03 9.999999993750923188e-01 9.999999993685132482e-01 9.999999993684044464e-01
6.561018000000000029e+03 9.999999993623871486e-01 9.999999993600748871e-01 9.999999993600133807e-01
6.561036000000000968e+03 9.999999993492907358e-01 9.999999993485169103e-01 9.999999993484913752e-01
6.561054000000000997e+03 9.999999993357862049e-01 9.999999993353488881e-01 9.999999993353388961e-01
6.561072000000000116e+03 9.999999993218572358e-01 9.999999993214513383e-01 9.999999993214446770e-01
6.561090000000001055e+03 9.999999993074852878e-01 9.999999993070659565e-01 9.999999993070596283e-01
6.561108000000000175e+03 9.999999992926512649e-01 9.999999992922138370e-01 9.999999992922075087e-01
6.561126000000000204e+03 9.999999992773352941e-01 9.999999992768791035e-01 9.999999992768721091e-01
6.561144000000001142e+03 9.999999992615163924e-01 9.999999992610398847e-01 9.999999992610328903e-01
6.561162000000000262e+03 9.999999992451722441e-01 9.999999992446743091e-01 9.999999992446669816e-01
6.561180000000000291e+03 9.999999992282794237e-01 9.999999992277588401e-01 9.999999992277511796e-01
6.561198000000001230e+03 9.999999992108127289e-01 9.999999992102682755e-01 9.999999992102605040e-01
6.561216000000000349e+03 9.999999991927456255e-01 9.999999991921764142e-01 9.999999991921681985e-01
6.561234000000000378e+03 9.999999991740519123e-01 9.999999991734555005e-01 9.999999991734468408e-01
6.561252000000001317e+03 9.999999991547001699e-01 9.999999991540756694e-01 9.999999991540666766e-01
6.561270000000000437e+03 9.999999991346603112e-01 9.999999991340057237e-01 9.999999991339960648e-01
6.561288000000000466e+03 9.999999991138988076e-01 9.999999991132124677e-01 9.999999991132026977e-01
6.561306000000001404e+03 9.999999990923811310e-01 9.999999990916609294e-01 9.999999990916508263e-01
6.561324000000000524e+03 9.999999990700695340e-01 9.999999990693134722e-01 9.999999990693027030e-01
6.561342000000000553e+03 9.999999990469249367e-01 9.999999990461304611e-01 9.999999990461189148e-01
6.561360000000000582e+03 9.999999990229044844e-01 9.999999990220695967e-01 9.999999990220577173e-01
6.561378000000000611e+03 9.999999989979645454e-01 9.999999989970862480e-01 9.999999989970739245e-01
6.561396000000000640e+03 9.999999989720566029e-01 9.999999989711323423e-01 9.999999989711192416e-01
6.561414000000000669e+03 9.999999989451304749e-01 9.999999989441570314e-01 9.999999989441430426e-01
6.561432000000000698e+03 9.999999989171316495e-01 9.999999989161059144e-01 9.999999989160910374e-01
6.561450000000000728e+03 9.999999988880027280e-01 9.999999988869210377e-01 9.999999988869051615e-01
6.561468000000000757e+03 9.999999988576817600e-01 9.999999988565398956e-01 9.999999988565234643e-01
6.561486000000000786e+03 9.999999988261024653e-01 9.999999988248966520e-01 9.999999988248793326e-01
6.561503999999999905e+03 9.999999987931951217e-01 9.999999987919206967e-01 9.999999987919021560e-01
6.561522000000000844e+03 9.999999987588837902e-01 9.999999987575354243e-01 9.999999987575158844e-01
6.561540000000000873e+03 9.999999987230865361e-01 9.999999987216593444e-01 9.999999987216386943e-01
6.561557999999999993e+03 9.999999986857172063e-01 9.999999986842047495e-01 9.999999986841832111e-01
6.561576000000000931e+03 9.999999986466817647e-01 9.999999986450782696e-01 9.999999986450550660e-01
6.561594000000000960e+03 9.999999986058800694e-01 9.999999986041780975e-01 9.999999986041533395e-01
6.561612000000000080e+03 9.999999985632035404e-01 9.999999985613950981e-01 9.999999985613692299e-01
6.561630000000001019e+03 9.999999985185350493e-01 9.999999985166123651e-01 9.999999985165847205e-01
6.561648000000001048e+03 9.999999984717492518e-01 9.999999984697029998e-01 9.999999984696735789e-01
6.561666000000000167e+03 9.999999984227102567e-01 9.999999984205300008e-01 9.999999984204985815e-01
6.561684000000001106e+03 9.999999983712699603e-01 9.999999983689449312e-01 9.999999983689110694e-01
6.561702000000001135e+03 9.999999983172692675e-01 9.999999983147868088e-01 9.999999983147508376e-01
6.561720000000000255e+03 9.999999982605352056e-01 9.999999982578818836e-01 9.999999982578436919e-01
6.561738000000001193e+03 9.999999982008801469e-01 9.999999981980411956e-01 9.999999981980002284e-01
6.561756000000000313e+03 9.999999981380992553e-01 9.999999981350580214e-01 9.999999981350142786e-01
6.561774000000000342e+03 9.999999980719704862e-01 9.999999980687085399e-01 9.999999980686615775e-01
6.561792000000001281e+03 9.999999980022512558e-01 9.999999979987481691e-01 9.999999979986976539e-01
6.561810000000000400e+03 9.999999979286762208e-01 9.999999979249091231e-01 9.999999979248549442e-01
6.561828000000000429e+03 9.999999978509549470e-01 9.999999978468986361e-01 9.999999978468403494e-01
6.561846000000001368e+03 9.999999977687702435e-01 9.999999977643966309e-01 9.999999977643334592e-01
6.561864000000000487e+03 9.999999976817731673e-01 9.999999976770498344e-01 9.999999976769816667e-01
6.561882000000000517e+03 9.999999975895788040e-01 9.999999975844706679e-01 9.999999975843967270e-01
6.561900000000001455e+03 9.999999974917656020e-01 9.999999974862321395e-01 9.999999974861519814e-01
6.561918000000000575e+03 9.999999973878652693e-01 9.999999973818615162e-01 9.999999973817744747e-01
6.561936000000000604e+03 9.999999972773615520e-01 9.999999972708359941e-01 9.999999972707412921e-01
6.561953999999999724e+03 9.999999971596819082e-01 9.999999971525760367e-01 9.999999971524730080e-01
6.561972000000000662e+03 9.999999970341890698e-01 9.999999970264367155e-01 9.999999970263243609e-01
6.561990000000000691e+03 9.999999969001737155e-01 9.999999968916989390e-01 9.999999968915759263e-01
6.562007999999999811e+03 9.999999967568437009e-01 9.999999967475574625e-01 9.999999967474225704e-01
6.562026000000000749e+03 9.999999966033095156e-01 9.999999965931082313e-01 9.999999965929602386e-01
6.562044000000000779e+03 9.999999964385702933e-01 9.999999964273293962e-01 9.999999964271658603e-01
6.562061999999999898e+03 9.999999962614907201e-01 9.999999962490561112e-01 9.999999962488747007e-01
6.562080000000000837e+03 9.999999960707711688e-01 9.999999960569427859e-01 9.999999960567401702e-01
6.562097999999999956e+03 9.999999958649030685e-01 9.999999958494064645e-01 9.999999958491772034e-01
6.562115999999999985e+03 9.999999956420944081e-01 9.999999956245272381e-01 9.999999956242641153e-01
6.562134000000000924e+03 9.999999954001466129e-01 9.999999953798848207e-01 9.999999953795747354e-01
6.562152000000000044e+03 9.999999951362371631e-01 9.999999951122642283e-01 9.999999951118859753e-01
6.562170000000000073e+03 9.999999948465387867e-01 9.999999948171461872e-01 9.999999948166626851e-01
6.562188000000001011e+03 9.999999945255388933e-01 9.999999944878157354e-01 9.999999944871623692e-01
6.562206000000000131e+03 9.999999941648504143e-01 9.999999941138176807e-01 9.999999941128848713e-01
6.562224000000000160e+03 9.999999937511495629e-01 9.999999936783489085e-01 9.999999936769494724e-01
6.562242000000001099e+03 9.999999932626723043e-01 9.999999931539080844e-01 9.999999931517281615e-01
6.562260000000000218e+03 9.999999926633833525e-01 9.999999924952184260e-01 9.999999924917414296e-01
6.562278000000000247e+03 9.999999918935021936e-01 9.999999916279641576e-01 9.999999916223563101e-01
6.562296000000001186e+03 9.999999908544541238e-01 9.999999904312931731e-01 9.999999904222354186e-01
6.562314000000000306e+03 9.999999893856130750e-01 9.999999887113147912e-01 9.999999886967655405e-01
6.562332000000000335e+03 9.999999872292612002e-01 9.999999861619960351e-01 9.999999861388627620e-01
6.562350000000000364e+03 9.999999839792724776e-01 9.999999823090056639e-01 9.999999822727049237e-01
6.562368000000000393e+03 9.999999790080793538e-01 9.999999764313179940e-01 9.999999763752075443e-01
6.562386000000000422e+03 9.999999713658265232e-01 9.999999674549264750e-01 9.999999673695828539e-01
6.562404000000000451e+03 9.999999596454250961e-01 9.999999538130528443e-01 9.999999536853791948e-01
6.562422000000000480e+03 9.999999418078168167e-01 9.999999332679709863e-01 9.999999330800938280e-01
6.562440000000000509e+03 9.999999149633402862e-01 9.999999026910322275e-01 9.999999024189130115e-01
6.562458000000000538e+03 9.999998751076015768e-01 9.999998577994628768e-01 9.999998574110440241e-01
6.562476000000000568e+03 9.999998168132350207e-01 9.999997928503082667e-01 9.999997923028715041e-01
6.562493999999999687e+03 9.999997328811037756e-01 9.999997002922187406e-01 9.999996995284089474e-01
6.562512000000000626e+03 9.999996139536725392e-01 9.999995703726981544e-01 9.999995693145637965e-01
6.562530000000000655e+03 9.999994480867595570e-01 9.999993906894423246e-01 9.999993892300413911e-01
6.562547999999999774e+03 9.999992202612438819e-01 9.999991456528015688e-01 9.999991436455359928e-01
6.562566000000000713e+03 9.999989117926529891e-01 9.999988157528663102e-01 9.999988129974167750e-01
6.562584000000000742e+03 9.999984995594487502e-01 9.999983761425499385e-01 9.999983723479238806e-01
6.562601999999999862e+03 9.999979548648935124e-01 9.999977919069336085e-01 9.999977865108070629e-01
6.562620000000000800e+03 9.999972411043824838e-01 9.999969969163309269e-01 9.999969882740857852e-01
6.562638000000000829e+03 9.999963048281196309e-01 9.999958036330900413e-01 9.999957863863011553e-01
6.562655999999999949e+03 9.999950251077484031e-01 9.999935966207152971e-01 9.999935565963143924e-01
6.562674000000000888e+03 9.999929261466571351e-01 9.999886136435243156e-01 9.999885258537700716e-01
6.562692000000000917e+03 9.999878340708679980e-01 9.999770688145745989e-01 9.999769122109851693e-01
6.562710000000000036e+03 9.999719075381359179e-01 9.999534643672695067e-01 9.999532523069410983e-01
6.562728000000000975e+03 9.999313852172310169e-01 9.999133332044188860e-01 9.999131308379696215e-01
6.562746000000000095e+03 9.998694504252622073e-01 9.998573120362135302e-01 9.998572291114778965e-01
6.562764000000000124e+03 9.997889595130485807e-01 9.997945583908640632e-01 9.997947105745366159e-01
6.562782000000001062e+03 9.997065677260865701e-01 9.997431609505403882e-01 9.997435720848861784e-01
6.562800000000000182e+03 9.996743351666013133e-01 9.997230604120408426e-01 9.997235871091542103e-01
6.562818000000000211e+03 9.997065673798386509e-01 9.997431600325298318e-01 9.997435711650192180e-01
6.562836000000001150e+03 9.997889575216429847e-01 9.997945564141581531e-01 9.997947085975777970e-01
6.562854000000000269e+03 9.998694470339899443e-01 9.998573090837370447e-01 9.998572261626675894e-01
6.562872000000000298e+03 9.999313804592437904e-01 9.999133298337394837e-01 9.999131274723456198e-01
6.562890000000001237e+03 9.999719039440012613e-01 9.999534613799930804e-01 9.999532493206251260e-01
6.562908000000000357e+03 9.999878324023422360e-01 9.999770667079043163e-01 9.999769100996438453e-01
6.562926000000000386e+03 9.999929253543778929e-01 9.999886123679970762e-01 9.999885245718383997e-01
6.562944000000001324e+03 9.999950245650774949e-01 9.999935958475910658e-01 9.999935558187105222e-01
6.562962000000000444e+03 9.999963043501004512e-01 9.999958030843486556e-01 9.999957858354475704e-01
6.562980000000000473e+03 9.999972406580560635e-01 9.999969964575939896e-01 9.999969878145250624e-01
6.562998000000000502e+03 9.999979544518668995e-01 9.999977914958871894e-01 9.999977860993725098e-01
6.563016000000000531e+03 9.999984991856980532e-01 9.999983757720992683e-01 9.999983719771815549e-01
6.563034000000000560e+03 9.999989114625302822e-01 9.999988154244257021e-01 9.999988126687033851e-01
6.563052000000000589e+03 9.999992199766344347e-01 9.999991453679033526e-01 9.999991433603800939e-01
6.563070000000000618e+03 9.999994478472185033e-01 9.999993904478926554e-01 9.999993889882546894e-01
6.563088000000000648e+03 9.999996137568087917e-01 9.999995701725182817e-01 9.999995691141697618e-01
6.563106000000000677e+03 9.999997327230681909e-01 9.999997001300163779e-01 9.999996993660156264e-01
6.563124000000000706e+03 9.999998166892458684e-01 9.999997927217456617e-01 9.999997921741399232e-01
6.563141999999999825e+03 9.999998750124539093e-01 9.999998576997191080e-01 9.999998573111535949e-01
6.563160000000000764e+03 9.999999148918414793e-01 9.999999026152122106e-01 9.999999023429672063e-01
6.563178000000000793e+03 9.999999417551183045e-01 9.999999332114238859e-01 9.999999330234419226e-01
6.563195999999999913e+03 9.999999596072395303e-01 9.999999537715944520e-01 9.999999536438355374e-01
6.563214000000000851e+03 9.999999713385344657e-01 9.999999674249627768e-01 9.999999673395520983e-01
6.563232000000000880e+03 9.999999789887462631e-01 9.999999764098840283e-01 9.999999763537220643e-01
6.563250000000000000e+03 9.999999839656091849e-01 9.999999822937452043e-01 9.999999822574064945e-01
6.563268000000000939e+03 9.999999872195401984e-01 9.999999861510996402e-01 9.999999861279385005e-01
6.563286000000000968e+03 9.999999893785730398e-01 9.999999887034356494e-01 9.999999886888667477e-01
6.563304000000000087e+03 9.999999908492023248e-01 9.999999904254582850e-01 9.999999904163869857e-01
6.563322000000001026e+03 9.999999918894225681e-01 9.999999916234908470e-01 9.999999916178737847e-01
6.563340000000000146e+03 9.999999926600646738e-01 9.999999924916397331e-01 9.999999924881568525e-01
6.563358000000000175e+03 9.999999932598437891e-01 9.999999931509131468e-01 9.999999931487292271e-01
6.563376000000001113e+03 9.999999937486405699e-01 9.999999936757346664e-01 9.999999936743327877e-01
6.563394000000000233e+03 9.999999941625536959e-01 9.999999941114557922e-01 9.999999941105215395e-01
6.563412000000000262e+03 9.999999945233878362e-01 9.999999944856248213e-01 9.999999944849705669e-01
6.563430000000001201e+03 9.999999948444942000e-01 9.999999948150776197e-01 9.999999948145930073e-01
6.563448000000000320e+03 9.999999951342743998e-01 9.999999951102864770e-01 9.999999951099076689e-01
6.563466000000000349e+03 9.999999953982510181e-01 9.999999953779800110e-01 9.999999953776695927e-01
6.563484000000001288e+03 9.999999956402568779e-01 9.999999956226838238e-01 9.999999956224204789e-01
6.563502000000000407e+03 9.999999958631173858e-01 9.999999958476165629e-01 9.999999958473874129e-01
6.563520000000000437e+03 9.999999960690333367e-01 9.999999960552016232e-01 9.999999960549987854e-01
6.563538000000001375e+03 9.999999962597968528e-01 9.999999962473602455e-01 9.999999962471785020e-01
6.563556000000000495e+03 9.999999964369182814e-01 9.999999964256756080e-01 9.999999964255120721e-01
6.563574000000000524e+03 9.999999966016973607e-01 9.999999965914941891e-01 9.999999965913458633e-01
6.563592000000000553e+03 9.999999967552689606e-01 9.999999967459809458e-01 9.999999967458463868e-01
6.563610000000000582e+03 9.999999968986349463e-01 9.999999968901583935e-01 9.999999968900352698e-01
6.563628000000000611e+03 9.999999970326842735e-01 9.999999970249306980e-01 9.999999970248181214e-01
6.563646000000000640e+03 9.999999971582093083e-01 9.999999971511026597e-01 9.999999971509998531e-01
6.563664000000000669e+03 9.999999972759207045e-01 9.999999972693941475e-01 9.999999972692996675e-01
6.563682000000000698e+03 9.999999973864545089e-01 9.999999973804493125e-01 9.999999973803623821e-01
6.563699999999999818e+03 9.999999974903832634e-01 9.999999974848488016e-01 9.999999974847688655e-01
6.563718000000000757e+03 9.999999975882241099e-01 9.999999975831151966e-01 9.999999975830411447e-01
6.563735999999999876e+03 9.999999976804452295e-01 9.999999976757207865e-01 9.999999976756526188e-01
6.563753999999999905e+03 9.999999977674676188e-01 9.999999977630932291e-01 9.999999977630298353e-01
6.563772000000000844e+03 9.999999978496769693e-01 9.999999978456198813e-01 9.999999978455613725e-01
6.563789999999999964e+03 9.999999979274213358e-01 9.999999979236537939e-01 9.999999979235993930e-01
6.563807999999999993e+03 9.999999980010193523e-01 9.999999979975154885e-01 9.999999979974648623e-01
6.563826000000000931e+03 9.999999980707606761e-01 9.999999980674978417e-01 9.999999980674507682e-01
6.563844000000000051e+03 9.999999981369104285e-01 9.999999981338685284e-01 9.999999981338246746e-01
6.563862000000000080e+03 9.999999981997118592e-01 9.999999981968719087e-01 9.999999981968308305e-01
6.563880000000001019e+03 9.999999982593864578e-01 9.999999982567330248e-01 9.999999982566945000e-01
6.563898000000000138e+03 9.999999983161399486e-01 9.999999983136567128e-01 9.999999983136208526e-01
6.563916000000000167e+03 9.999999983701586270e-01 9.999999983678331539e-01 9.999999983677996251e-01
6.563934000000001106e+03 9.999999984216170201e-01 9.999999984194360980e-01 9.999999984194045677e-01
6.563952000000000226e+03 9.999999984706733347e-01 9.999999984686265275e-01 9.999999984685972176e-01
6.563970000000000255e+03 9.999999985174758965e-01 9.999999985155525462e-01 9.999999985155247906e-01
6.563988000000000284e+03 9.999999985621601528e-01 9.999999985603514885e-01 9.999999985603252872e-01
6.564006000000000313e+03 9.999999986048523359e-01 9.999999986031496979e-01 9.999999986031250510e-01
6.564024000000000342e+03 9.999999986456694634e-01 9.999999986440653021e-01 9.999999986440419875e-01
6.564042000000000371e+03 9.999999986847195599e-01 9.999999986832068810e-01 9.999999986831847876e-01
6.564060000000000400e+03 9.999999987221036557e-01 9.999999987206756868e-01 9.999999987206549257e-01
6.564078000000000429e+03 9.999999987579142324e-01 9.999999987565658666e-01 9.999999987565464377e-01
6.564096000000000458e+03 9.999999987922395528e-01 9.999999987909647947e-01 9.999999987909464760e-01
6.564114000000000487e+03 9.999999988251603300e-01 9.999999988239539617e-01 9.999999988239367532e-01
6.564131999999999607e+03 9.999999988567521703e-01 9.999999988556100838e-01 9.999999988555936525e-01
6.564150000000000546e+03 9.999999988870859058e-01 9.999999988860035494e-01 9.999999988859883393e-01
6.564168000000000575e+03 9.999999989162265956e-01 9.999999989152006385e-01 9.999999989151858726e-01
6.564185999999999694e+03 9.999999989442371895e-01 9.999999989432634129e-01 9.999999989432498682e-01
6.564204000000000633e+03 9.999999989711750858e-01 9.999999989702502701e-01 9.999999989702371694e-01
6.564222000000000662e+03 9.999999989970940195e-01 9.999999989962156111e-01 9.999999989962031766e-01
6.564239999999999782e+03 9.999999990220452828e-01 9.999999990212100620e-01 9.999999990211981826e-01
6.564258000000000720e+03 9.999999990460762822e-01 9.999999990452814735e-01 9.999999990452702603e-01
6.564276000000000749e+03 9.999999990692312046e-01 9.999999990684751427e-01 9.999999990684641515e-01
6.564293999999999869e+03 9.999999990915531267e-01 9.999999990908325920e-01 9.999999990908222669e-01
6.564312000000000808e+03 9.999999991130809063e-01 9.999999991123942333e-01 9.999999991123842413e-01
6.564330000000000837e+03 9.999999991338516248e-01 9.999999991331970373e-01 9.999999991331874893e-01
6.564347999999999956e+03 9.999999991539013644e-01 9.999999991532765309e-01 9.999999991532674271e-01
6.564366000000000895e+03 9.999999991732620996e-01 9.999999991726655768e-01 9.999999991726570281e-01
6.564384000000000015e+03 9.999999991919653608e-01 9.999999991913955943e-01 9.999999991913873787e-01
6.564402000000000044e+03 9.999999992100404578e-01 9.999999992094960044e-01 9.999999992094884549e-01
6.564420000000000982e+03 9.999999992275159233e-01 9.999999992269954507e-01 9.999999992269877902e-01
6.564438000000000102e+03 9.999999992444174035e-01 9.999999992439192464e-01 9.999999992439120300e-01
6.564456000000000131e+03 9.999999992607698784e-01 9.999999992602931487e-01 9.999999992602860432e-01
6.564474000000001070e+03 9.999999992765967738e-01 9.999999992761402501e-01 9.999999992761334777e-01
6.564492000000000189e+03 9.999999992919206271e-01 9.999999992914831992e-01 9.999999992914772040e-01
6.564510000000000218e+03 9.999999993067620885e-01 9.999999993063427572e-01 9.999999993063367620e-01
6.564528000000001157e+03 9.999999993211414751e-01 9.999999993207360216e-01 9.999999993207294713e-01
6.564546000000000276e+03 9.999999993350785488e-01 9.999999993346406768e-01 9.999999993346305738e-01
6.564564000000000306e+03 9.999999993485899630e-01 9.999999993478159155e-01 9.999999993477899363e-01
6.564582000000000335e+03 9.999999993616938143e-01 9.999999993593798875e-01 9.999999993593180481e-01
6.564600000000000364e+03 9.999999993744055349e-01 9.999999993678226895e-01 9.999999993677135546e-01
