# lambda[A]  T_theo  T_instr  T_rot+instr  (Ly-alpha 1215.67)
1.213788438560728082e+03 9.995802713135298889e-01 9.995795047763996743e-01 9.995794835477354034e-01
1.213807254175120761e+03 9.995747707938024140e-01 9.995747475079488353e-01 9.995747435373417700e-01
1.213826069789513440e+03 9.995691413204594866e-01 9.995691225011394954e-01 9.995691217892319624e-01
1.213844885403906346e+03 9.995633785982352970e-01 9.995633591447475874e-01 9.995633584289429496e-01
1.213863701018299025e+03 9.995574781277888343e-01 9.995574580081930671e-01 9.995574572646040989e-01
1.213882516632691704e+03 9.995514351925193219e-01 9.995514143741235369e-01 9.995514136013056161e-01
1.213901332247084383e+03 9.995452448443425952e-01 9.995452232922866775e-01 9.995452224887072523e-01
1.213920147861477290e+03 9.995389018883404919e-01 9.995388795654225333e-01 9.995388787294477995e-01
1.213938963475869969e+03 9.995324008661795601e-01 9.995323777326676762e-01 9.995323768625536953e-01
1.213957779090262420e+03 9.995257360381923917e-01 9.995257120516183313e-01 9.995257111455040366e-01
1.213976594704655099e+03 9.995189013640064513e-01 9.995188764789425528e-01 9.995188755348388687e-01
1.213995410319047778e+03 9.995118904815889493e-01 9.995118646494052239e-01 9.995118636651858512e-01
1.214014225933440684e+03 9.995046966845696490e-01 9.995046698531674378e-01 9.995046688265575296e-01
1.214033041547833363e+03 9.994973128976870624e-01 9.994972850112128215e-01 9.994972839397747721e-01
1.214051857162226042e+03 9.994897316501936135e-01 9.994897026487237213e-01 9.994897015298471743e-01
1.214070672776618721e+03 9.994819450470393551e-01 9.994819148662370534e-01 9.994819136971219153e-01
1.214089488391011628e+03 9.994739447376271846e-01 9.994739133083722082e-01 9.994739120860132164e-01
1.214108304005404307e+03 9.994657218819397171e-01 9.994656891299205093e-01 9.994656878510888021e-01
1.214127119619796986e+03 9.994572671137825770e-01 9.994572329590548643e-01 9.994572316202806617e-01
1.214145935234189665e+03 9.994485705009020782e-01 9.994485348574069228e-01 9.994485334549569888e-01
1.214164750848582571e+03 9.994396215016861929e-01 9.994395842767240801e-01 9.994395828065797405e-01
1.214183566462975250e+03 9.994304089181473838e-01 9.994303700118045697e-01 9.994303684696345114e-01
1.214202382077367929e+03 9.994209208448406878e-01 9.994208801493650318e-01 9.994208785304988796e-01
1.214221197691760608e+03 9.994111446133616683e-01 9.994111020124788469e-01 9.994111003118764103e-01
1.214240013306153287e+03 9.994010667320070151e-01 9.994010221001761174e-01 9.994010203123924185e-01
1.214258828920546193e+03 9.993906728201605860e-01 9.993906260217602089e-01 9.993906241409094005e-01
1.214277644534938872e+03 9.993799475369169460e-01 9.993798984253542406e-01 9.993798964450681943e-01
1.214296460149331551e+03 9.993688745033959542e-01 9.993688229201327378e-01 9.993688208335138601e-01
1.214315275763724230e+03 9.993574362181625315e-01 9.993573819916478085e-01 9.993573797912201906e-01
1.214334091378117137e+03 9.993456139650881420e-01 9.993455569095869295e-01 9.993455545872388379e-01
1.214352906992509816e+03 9.993333877129194631e-01 9.993333276272265975e-01 9.993333251741508549e-01
1.214371722606902267e+03 9.993207360057450028e-01 9.993206726717707156e-01 9.993206700783916485e-01
1.214390538221294946e+03 9.993076358434355155e-01 9.993075690246445708e-01 9.993075662805436243e-01
1.214409353835687625e+03 9.992940625510430275e-01 9.992939919907307678e-01 9.992939890845607964e-01
1.214428169450080532e+03 9.992799896359921830e-01 9.992799150553763887e-01 9.992799119747618475e-01
1.214446985064473211e+03 9.992653886317546252e-01 9.992653097278526575e-01 9.992653064592853518e-01
1.214465800678865889e+03 9.992502289265060567e-01 9.992501453697757441e-01 9.992501418984912620e-01
1.214484616293258568e+03 9.992344775750646724e-01 9.992343890067615364e-01 9.992343853166031353e-01
1.214503431907651475e+03 9.992180990921276651e-01 9.992180051213437331e-01 9.992180011946067975e-01
1.214522247522044154e+03 9.992010552245416122e-01 9.992009554248708625e-01 9.992009512421304862e-01
1.214541063136436833e+03 9.991833046999611945e-01 9.991831986057299053e-01 9.991831941456400523e-01
1.214559878750829512e+03 9.991648029488170435e-01 9.991646900508041051e-01 9.991646852898733444e-01
1.214578694365222191e+03 9.991455017959883778e-01 9.991453815365488600e-01 9.991453764488830158e-01
1.214597509979615097e+03 9.991253491179490354e-01 9.991252208854326522e-01 9.991252154424395959e-01
1.214616325594007776e+03 9.991042884603985597e-01 9.991041515827374653e-01 9.991041457527886083e-01
1.214635141208400455e+03 9.990822586104873837e-01 9.990821123477969801e-01 9.990821060958401389e-01
1.214653956822793134e+03 9.990591931166685757e-01 9.990590366526831412e-01 9.990590299397910101e-01
1.214672772437186040e+03 9.990350197479090921e-01 9.990348521800316295e-01 9.990348449628839722e-01
1.214691588051578719e+03 9.990096598824564911e-01 9.990094802101631144e-01 9.990094724404439130e-01
1.214710403665971398e+03 9.989830278145153120e-01 9.989828349258058626e-01 9.989828265495005466e-01
1.214729219280364077e+03 9.989550299649936349e-01 9.989548226205192671e-01 9.989548135770973669e-01
1.214748034894756756e+03 9.989255639798839681e-01 9.989253407943141649e-01 9.989253310157701904e-01
1.214766850509149663e+03 9.988945176967276574e-01 9.988942771168414225e-01 9.988942665265707621e-01
1.214785666123542342e+03 9.988617679559641527e-01 9.988615082348361041e-01 9.988614967463140815e-01
1.214804481737934793e+03 9.988271792295407847e-01 9.988268983961003933e-01 9.988268859113221820e-01
1.214823297352327472e+03 9.987906020340056035e-01 9.987902978570765145e-01 9.987902842647105039e-01
1.214842112966720379e+03 9.987518710890146423e-01 9.987515410347871381e-01 9.987515262079857958e-01
1.214860928581113058e+03 9.987108031747639059e-01 9.987104443564218670e-01 9.987104281502168224e-01
1.214879744195505737e+03 9.986671946328056215e-01 9.986668037507629991e-01 9.986667859989516449e-01
1.214898559809898416e+03 9.986208184437700419e-01 9.986203917146219133e-01 9.986203722260373894e-01
1.214917375424291322e+03 9.985714208020978200e-01 9.985709538739393487e-01 9.985709324279645749e-01
1.214936191038684001e+03 9.985187170912916965e-01 9.985182049424841111e-01 9.985181812836296800e-01
1.214955006653076680e+03 9.984623871425060138e-01 9.984618239601978917e-01 9.984617977915211107e-01
1.214973822267469359e+03 9.984020696331693534e-01 9.984014486668736366e-01 9.984014196419526144e-01
1.214992637881862038e+03 9.983373554490776458e-01 9.983366688332496741e-01 9.983366365463356429e-01
1.215011453496254944e+03 9.982677797905410433e-01 9.982670183282943421e-01 9.982669823021643740e-01
1.215030269110647623e+03 9.981928127475117041e-01 9.981919656451158085e-01 9.981919253159838856e-01
1.215049084725040302e+03 9.981118479953514644e-01 9.981109025337886465e-01 9.981108572324352002e-01
1.215067900339432981e+03 9.980241891657753994e-01 9.980231302908897373e-01 9.980230792188780065e-01
1.215086715953825887e+03 9.979290333168400196e-01 9.979278431229694490e-01 9.979277853224137740e-01
1.215105531568218566e+03 9.978254507481801872e-01 9.978241078205163372e-01 9.978240421352866374e-01
1.215124347182611245e+03 9.977123601618479443e-01 9.977108387284174817e-01 9.977107637537951934e-01
1.215143162797003924e+03 9.975884978217386401e-01 9.975867666432071124e-01 9.975866806596550562e-01
1.215161978411396603e+03 9.974523788569953364e-01 9.974503997432592195e-01 9.974503006276290717e-01
1.215180794025789510e+03 9.973022480704022419e-01 9.972999738340941889e-01 9.972998589369713729e-01
1.215199609640182189e+03 9.971360162740995348e-01 9.971333877178164551e-01 9.971332536770560750e-01
1.215218425254574640e+03 9.969511754113165036e-01 9.969481138831123301e-01 9.969479557334764985e-01
1.215237240868967319e+03 9.967446681367062578e-01 9.967408766758758532e-01 9.967406640189506728e-01
1.215256056483360226e+03 9.965116251156563854e-01 9.964999467914799069e-01 9.964991928375448449e-01
1.215274872097752905e+03 9.962007794033990171e-01 9.960758755293874778e-01 9.960690520961572592e-01
1.215293687712145584e+03 9.950303948232643858e-01 9.942676102535084048e-01 9.942152136577270261e-01
1.215312503326538263e+03 9.884965781819002872e-01 9.863544878353082135e-01 9.862423963706742347e-01
1.215331318940930942e+03 9.664263114826063816e-01 9.705155165901051539e-01 9.707471545208622432e-01
1.215350134555323848e+03 9.737461321761027300e-01 9.750605672835848114e-01 9.751370851200729106e-01
1.215368950169716527e+03 9.903938017137344785e-01 9.884806163389456835e-01 9.883764020116562188e-01
1.215387765784109206e+03 9.932695206782095054e-01 9.928012270070292189e-01 9.927685355935080835e-01
1.215406581398501885e+03 9.928809230187871648e-01 9.928094725220302230e-01 9.928052164867747775e-01
1.215425397012894791e+03 9.920031209706027253e-01 9.919725158396680564e-01 9.919705798188812595e-01
1.215444212627287470e+03 9.909108076976342883e-01 9.908728314784952529e-01 9.908704446499365659e-01
1.215463028241680149e+03 9.895498901755538368e-01 9.894978509811875877e-01 9.894944864079971980e-01
1.215481843856072828e+03 9.878208461725241918e-01 9.877470593260593290e-01 9.877421139131489225e-01
1.215500659470465507e+03 9.855700926470192247e-01 9.854577989085793188e-01 9.854499291201896938e-01
1.215519475084858414e+03 9.825285802821479564e-01 9.822846539237819474e-01 9.822697092179177858e-01
1.215538290699251093e+03 9.777711973554924496e-01 9.771573575754880503e-01 9.771244168176609346e-01
1.215557106313643772e+03 9.686736232990810214e-01 9.675446558336325831e-01 9.674590006605250370e-01
1.215575921928036450e+03 9.516587574615021916e-01 9.483260634232046904e-01 9.478524309512739165e-01
1.215594737542429357e+03 9.116739691009424496e-01 8.927354652332374352e-01 8.892269357960869147e-01
1.215613553156822036e+03 7.397216855016444104e-01 6.621556631833194206e-01 6.537169445609841700e-01
1.215632368771214715e+03 7.060762315483995639e-03 1.076396679071006945e-01 1.177537588440275701e-01
1.215651184385607166e+03 1.113030926960702746e-30 1.668620474641632637e-03 4.093383494750098446e-03
1.215670000000000300e+03 4.714062603405595399e-80 1.262978515231216987e-05 9.445111467588099491e-05
1.215688815614392752e+03 2.719375552439995614e-31 1.512834691224342531e-03 3.912607998272228139e-03
1.215707631228785431e+03 5.959795984656016815e-03 1.061928772824633216e-01 1.163046797526230969e-01
1.215726446843178110e+03 7.349936004117744170e-01 6.584842425463296456e-01 6.501257592409321884e-01
1.215745262457570789e+03 9.109435098172578016e-01 8.915181519115321640e-01 8.879747078341214683e-01
1.215764078071963695e+03 9.513823021096909915e-01 9.480019050727579444e-01 9.475156233579477005e-01
1.215782893686356374e+03 9.685333151129172924e-01 9.673935214291794482e-01 9.673066952215186864e-01
1.215801709300749053e+03 9.776916774152162315e-01 9.770740257910286442e-01 9.770407834174383854e-01
1.215820524915141732e+03 9.824831543302412484e-01 9.822360712975279906e-01 9.822209961610197659e-01
1.215839340529534638e+03 9.855363166430295419e-01 9.854233774938131463e-01 9.854154574642430831e-01
1.215858156143927317e+03 9.877942541961129974e-01 9.877201728501137090e-01 9.877152035532325014e-01
1.215876971758319996e+03 9.895284073989704110e-01 9.894761912879816990e-01 9.894728126889257291e-01
1.215895787372712675e+03 9.908931817184386537e-01 9.908551496032261818e-01 9.908527619935654229e-01
1.215914602987105354e+03 9.919888681397025509e-01 9.919604394639618405e-01 9.919587013958088839e-01
1.215933418601498261e+03 9.928833886154685429e-01 9.928616710505449028e-01 9.928603741511685676e-01
1.215952234215890940e+03 9.936242172216019908e-01 9.936073153600294416e-01 9.936063270910937550e-01
1.215971049830283619e+03 9.942454247763055086e-01 9.942320576312581037e-01 9.942312907765208374e-01
1.215989865444676298e+03 9.947720219738314107e-01 9.947613006205747732e-01 9.947606961004777926e-01
1.216008681059069204e+03 9.952227314081184550e-01 9.952140246230591902e-01 9.952135414010109260e-01
1.216027496673461883e+03 9.956118099602470073e-01 9.956046603752357615e-01 9.956042693148641209e-01
1.216046312287854562e+03 9.959502784441254253e-01 9.959443487401997697e-01 9.959440287503582567e-01
1.216065127902247013e+03 9.962467708020738000e-01 9.962418082934603181e-01 9.962415438424853109e-01
1.216083943516639692e+03 9.965081328440009711e-01 9.965039456122531947e-01 9.965037250858298501e-01
1.216102759131032599e+03 9.967398521877539608e-01 9.967362926478903207e-01 9.967361072403361222e-01
1.216121574745425278e+03 9.969463719515803124e-01 9.969433253154089680e-01 9.969431682663132399e-01
1.216140390359817957e+03 9.971313228311531329e-01 9.971286988723132572e-01 9.971285649316593558e-01
1.216159205974210636e+03 9.972976969136974068e-01 9.972954240061125963e-01 9.972953090535795484e-01
1.216178021588603542e+03 9.974479793107069447e-01 9.974460000610320121e-01 9.974459008311987729e-01
1.216196837202996221e+03 9.975842488858633894e-01 9.975825169003298409e-01 9.975824307817822145e-01
1.216215652817388900e+03 9.977082561041042963e-01 9.977067335723007746e-01 9.977066584590456033e-01
1.216234468431781579e+03 9.978214837820383876e-01 9.978201396546909629e-01 9.978200738350642141e-01
1.216253284046174258e+03 9.979251949427847546e-01 9.979240035449891133e-01 9.979239456177417811e-01
1.216272099660567164e+03 9.980204708565203475e-01 9.980194108226423388e-01 9.980193596329458572e-01
1.216290915274959843e+03 9.981082415429829435e-01 9.981072949909951531e-01 9.981072495811833534e-01
1.216309730889352522e+03 9.981893104302993480e-01 9.981884623157517566e-01 9.981884218870737957e-01
1.216328546503745201e+03 9.982643744413681741e-01 9.982636120472763164e-01 9.982635759299507416e-01
1.216347362118138108e+03 9.983340404696754433e-01 9.983333530001439193e-01 9.983333206297241302e-01
1.216366177732530787e+03 9.983988389786915274e-01 9.983982172324423754e-01 9.983981881310268758e-01
1.216384993346923466e+03 9.984592352903807200e-01 9.984586713963956583e-01 9.984586451575792054e-01
1.216403808961316145e+03 9.985156390024305662e-01 9.985151262043329146e-01 9.985151024810783316e-01
1.216422624575708824e+03 9.985684118791736674e-01 9.985679443582020642e-01 9.985679228530023321e-01
1.216441440190101730e+03 9.986178744893573489e-01 9.986174472181734707e-01 9.986174276750254819e-01
1.216460255804494409e+03 9.986643118090156035e-01 9.986639204303584538e-01 9.986639026281832754e-01
1.216479071418887088e+03 9.987079779653147416e-01 9.987076186908367958e-01 9.987076024380540096e-01
1.216497887033279540e+03 9.987491002642328031e-01 9.987487697898524974e-01 9.987487549198892367e-01
1.216516702647672673e+03 9.987878826189925396e-01 9.987875780538516546e-01 9.987875644214101456e-01
1.216535518262065125e+03 9.988245084755494885e-01 9.988242272822408507e-01 9.988242147601799070e-01
1.216554333876457804e+03 9.988591433149266452e-01 9.988588832591005495e-01 9.988588717358277691e-01
1.216573149490850483e+03 9.988919367987850739e-01 9.988916959065931023e-01 9.988916852838712890e-01
1.216591965105243389e+03 9.989230246137227320e-01 9.989228011358280979e-01 9.989227913269260739e-01
1.216610780719636068e+03 9.989525300607674518e-01 9.989523224418673797e-01 9.989523133699979018e-01
1.216629596334028747e+03 9.989805654291082915e-01 9.989803722820875809e-01 9.989803638790817342e-01
1.216648411948421426e+03 9.990072331868455890e-01 9.990070532708316131e-01 9.990070454760134888e-01
1.216667227562814105e+03 9.990326270163754074e-01 9.990324592180721552e-01 9.990324519772973977e-01
1.216686043177207011e+03 9.990568327176254648e-01 9.990566760354112619e-01 9.990566693002472798e-01
1.216704858791599690e+03 9.990799289987060128e-01 9.990797825290540501e-01 9.990797762560764683e-01
1.216723674405992369e+03 9.991019881704253924e-01 9.991018510962819121e-01 9.991018452464716093e-01
1.216742490020385048e+03 9.991230767585289607e-01 9.991229483393403443e-01 9.991229428775602051e-01
1.216761305634777955e+03 9.991432560453271661e-01 9.991431356084540250e-01 9.991431305029999654e-01
1.216780121249170634e+03 9.991625825505359160e-01 9.991624694838363574e-01 9.991624647060473041e-01
1.216798936863563313e+03 9.991811084596152748e-01 9.991810022050172657e-01 9.991809977289372036e-01
1.216817752477955992e+03 9.991988820065962340e-01 9.991987820545022991e-01 9.991987778565827316e-01
1.216836568092348671e+03 9.992159478172929488e-01 9.992158537016931907e-01 9.992158497605366785e-01
1.216855383706741577e+03 9.992323472179177601e-01 9.992322585121009570e-01 9.992322548082346323e-01
1.216874199321134256e+03 9.992481185133296195e-01 9.992480348261066903e-01 9.992480313417828608e-01
1.216893014935526935e+03 9.992632972385464551e-01 9.992632182109099093e-01 9.992632149299311983e-01
1.216911830549919387e+03 9.992779163866016834e-01 9.992778416887582171e-01 9.992778385963234644e-01
1.216930646164312520e+03 9.992920066153984093e-01 9.992919359441263527e-01 9.992919330266917255e-01
1.216949461778704972e+03 9.993055964358432686e-01 9.993055295121265891e-01 9.993055267572865663e-01
1.216968277393097651e+03 9.993187123832394381e-01 9.993186489501461045e-01 9.993186463465222324e-01
1.216987093007490330e+03 9.993313791736505580e-01 9.993313189944209585e-01 9.993313165315669266e-01
1.217005908621883009e+03 9.993436198467331444e-01 9.993435627030569091e-01 9.993435603713727300e-01
1.217024724236275915e+03 9.993554558963678724e-01 9.993554015868223450e-01 9.993553993774748623e-01
1.217043539850668594e+03 9.993669073902319289e-01 9.993668557288667431e-01 9.993668536337224628e-01
1.217062355465061273e+03 9.993779930793555977e-01 9.993779438944071503e-01 9.993779419059684033e-01
1.217081171079453952e+03 9.993887304985689113e-01 9.993886836312892985e-01 9.993886817426391733e-01
1.217099986693846859e+03 9.993991360586635953e-01 9.993990913622539107e-01 9.993990895670044061e-01
1.217118802308239538e+03 9.994092251309941721e-01 9.994091824696292869e-01 9.994091807618767920e-01
1.217137617922632217e+03 9.994190121251871339e-01 9.994189713731274072e-01 9.994189697474109568e-01
1.217156433537024895e+03 9.994285105605477115e-01 9.994284716013245307e-01 9.994284700525875031e-01
1.217175249151417802e+03 9.994377331317033653e-01 9.994376958573738534e-01 9.994376943809321068e-01
1.217194064765810481e+03 9.994466917689750485e-01 9.994466560794408316e-01 9.994466546709483978e-01
1.217212880380203160e+03 9.994553976939170026e-01 9.994553634962983768e-01 9.994553621517238140e-01
1.217231695994595839e+03 9.994638614704338675e-01 9.994638286784978121e-01 9.994638273940951168e-01
1.217250511608988518e+03 9.994720930518389279e-01 9.994720615854726375e-01 9.994720603577599283e-01
1.217269327223381424e+03 9.994801018241937784e-01 9.994800716089234927e-01 9.994800704346615827e-01
1.217288142837774103e+03 9.994878966462334979e-01 9.994878676127826322e-01 9.994878664889559339e-01
1.217306958452166782e+03 9.994954858861644365e-01 9.994954579700465747e-01 9.994954568938450024e-01
1.217325774066559461e+03 9.995028774555860807e-01 9.995028505967333832e-01 9.995028495655363665e-01
1.217344589680952367e+03 9.995100788407743631e-01 9.995100529831952851e-01 9.995100519945572248e-01
1.217363405295345046e+03 9.995170971315446851e-01 9.995170722230096727e-01 9.995170712746471731e-01
1.217382220909737498e+03 9.995239390478903863e-01 9.995239150396438843e-01 9.995239141294226526e-01
1.217401036524130177e+03 9.995306109645811787e-01 9.995305878110761766e-01 9.995305869370003649e-01
1.217419852138522856e+03 9.995371189338813078e-01 9.995370965925366447e-01 9.995370957527375255e-01
1.217438667752915762e+03 9.995434687065485324e-01 9.995434471375242991e-01 9.995434463302516059e-01
1.217457483367308441e+03 9.995496657512438210e-01 9.995496449172366349e-01 9.995496441408503463e-01
1.217476298981701120e+03 9.995557152724938721e-01 9.995556951385470290e-01 9.995556943915081538e-01
1.217495114596093799e+03 9.995616222273064899e-01 9.995616027606374354e-01 9.995616020414959113e-01
1.217513930210486706e+03 9.995673913405636046e-01 9.995673725091439588e-01 9.995673717938865499e-01
1.217532745824879385e+03 9.995730271192784233e-01 9.995730038165193676e-01 9.995729998250443282e-01
1.217551561439272064e+03 9.995785338658133012e-01 9.995777664609960533e-01 9.995777451188311291e-01
