# lambda[A]  T_theo  T_instr  T_rot+instr  (Ly-alpha 1215.67)
1.212632484908334618e+03 9.996178568654962016e-01 9.996175092294450337e-01 9.996175004412760634e-01
1.212652600902319136e+03 9.996148601556927860e-01 9.996148541265088561e-01 9.996148528374161346e-01
1.212672716896303655e+03 9.996118216368344855e-01 9.996118166568511709e-01 9.996118164884744139e-01
1.212692832890288173e+03 9.996087404734095294e-01 9.996087353929962172e-01 9.996087352245520696e-01
1.212712948884272691e+03 9.996056158046581208e-01 9.996056106206514524e-01 9.996056104482284876e-01
1.212733064878257210e+03 9.996024467434790894e-01 9.996024414526702984e-01 9.996024412761378430e-01
1.212753180872241956e+03 9.995992323752912467e-01 9.995992269743304570e-01 9.995992267935516207e-01
1.212773296866226246e+03 9.995959717568261294e-01 9.995959662422155834e-01 9.995959660570484795e-01
1.212793412860210765e+03 9.995926639148638992e-01 9.995926582829500751e-01 9.995926580932467109e-01
1.212813528854195511e+03 9.995893078449002989e-01 9.995893020918664718e-01 9.995893018974719713e-01
1.212833644848180029e+03 9.995859025097442174e-01 9.995858966316010230e-01 9.995858964323541818e-01
1.212853760842164320e+03 9.995824468380444250e-01 9.995824408306211994e-01 9.995824406263525974e-01
1.212873876836149066e+03 9.995789397227349271e-01 9.995789335816702703e-01 9.995789333722040482e-01
1.212893992830133584e+03 9.995753800194020489e-01 9.995753737401338324e-01 9.995753735252859151e-01
1.212914108824118330e+03 9.995717665445646993e-01 9.995717601223190751e-01 9.995717599018967281e-01
1.212934224818102621e+03 9.995680980738617105e-01 9.995680915036422309e-01 9.995680912774449478e-01
1.212954340812087139e+03 9.995643733401485820e-01 9.995643666167248753e-01 9.995643663845420468e-01
1.212974456806071657e+03 9.995605910314887543e-01 9.995605841493834243e-01 9.995605839109948931e-01
1.212994572800056403e+03 9.995567497890421871e-01 9.995567427425181561e-01 9.995567424976936621e-01
1.213014688794040694e+03 9.995528482048404717e-01 9.995528409878875475e-01 9.995528407363861723e-01
1.213034804788025212e+03 9.995488848194460374e-01 9.995488774257655917e-01 9.995488771673347594e-01
1.213054920782009958e+03 9.995448581194862347e-01 9.995448505424769925e-01 9.995448502768525811e-01
1.213075036775994477e+03 9.995407665350594106e-01 9.995407587678005745e-01 9.995407584947054724e-01
1.213095152769978768e+03 9.995366084369997628e-01 9.995366004722353592e-01 9.995366001913800202e-01
1.213115268763963513e+03 9.995323821340048598e-01 9.995323739641246430e-01 9.995323736752051991e-01
1.213135384757948032e+03 9.995280858696035109e-01 9.995280774866250884e-01 9.995280771893224614e-01
1.213155500751932777e+03 9.995237178189709804e-01 9.995237092145199398e-01 9.995237089085001747e-01
1.213175616745917068e+03 9.995192760855703407e-01 9.995192672508602660e-01 9.995192669357727544e-01
1.213195732739901587e+03 9.995147586976221854e-01 9.995147496234322304e-01 9.995147492989084892e-01
1.213215848733886105e+03 9.995101636043859372e-01 9.995101542810378437e-01 9.995101539466921814e-01
1.213235964727870851e+03 9.995054886722450904e-01 9.995054790895800956e-01 9.995054787450068368e-01
1.213256080721855369e+03 9.995007316805892827e-01 9.995007218279418071e-01 9.995007214727158473e-01
1.213276196715839660e+03 9.994958903174775422e-01 9.994958801836497653e-01 9.994958798173230186e-01
1.213296312709824406e+03 9.994909621750763806e-01 9.994909517483091532e-01 9.994909513704118842e-01
1.213316428703808924e+03 9.994859447448563028e-01 9.994859340128006142e-01 9.994859336228394397e-01
1.213336544697793670e+03 9.994808354125397365e-01 9.994808243622251842e-01 9.994808239596798538e-01
1.213356660691777961e+03 9.994756314527800667e-01 9.994756200705824378e-01 9.994756196549070548e-01
1.213376776685762479e+03 9.994703300235631138e-01 9.994703182951707454e-01 9.994703178657909914e-01
1.213396892679747225e+03 9.994649281603197322e-01 9.994649160706964297e-01 9.994649156270073442e-01
1.213417008673731743e+03 9.994594227697193300e-01 9.994594103030665089e-01 9.994594098444322672e-01
1.213437124667716034e+03 9.994538106231464214e-01 9.994537977628634717e-01 9.994537972886132771e-01
1.213457240661700553e+03 9.994480883498269019e-01 9.994480750784678902e-01 9.994480745878966399e-01
1.213477356655685298e+03 9.994422524295947241e-01 9.994422387288247611e-01 9.994422382211887168e-01
1.213497472649669817e+03 9.994362991852753231e-01 9.994362850358218253e-01 9.994362845103376136e-01
1.213517588643654108e+03 9.994302247746585932e-01 9.994302101562622109e-01 9.994302096121036039e-01
1.213537704637638853e+03 9.994240251820482035e-01 9.994240100734098631e-01 9.994240095097054466e-01
1.213557820631623372e+03 9.994176962093546113e-01 9.994176805880777836e-01 9.994176800039084041e-01
1.213577936625608118e+03 9.994112334667015762e-01 9.994112173092334350e-01 9.994112167036294236e-01
1.213598052619592409e+03 9.994046323625263017e-01 9.994046156440941076e-01 9.994046150160305064e-01
1.213618168613576927e+03 9.993978880931265740e-01 9.993978707876689516e-01 9.993978701360644035e-01
1.213638284607561673e+03 9.993909956316308074e-01 9.993909777117256921e-01 9.993909770354370004e-01
1.213658400601546191e+03 9.993839497163439223e-01 9.993839311531304004e-01 9.993839304509487542e-01
1.213678516595530482e+03 9.993767448384272001e-01 9.993767256015221312e-01 9.993767248721698859e-01
1.213698632589515228e+03 9.993693752288652643e-01 9.993693552862747964e-01 9.993693545283997004e-01
1.213718748583499746e+03 9.993618348446662303e-01 9.993618141626871010e-01 9.993618133748565224e-01
1.213738864577484264e+03 9.993541173542295208e-01 9.993540958973468058e-01 9.993540950780448462e-01
1.213758980571468555e+03 9.993462161218319428e-01 9.993461938526050359e-01 9.993461930002236482e-01
1.213779096565453301e+03 9.993381241911326596e-01 9.993381010700725930e-01 9.993381001829078070e-01
1.213799212559437819e+03 9.993298342676407708e-01 9.993298102530777660e-01 9.993298093293204731e-01
1.213819328553422565e+03 9.993213387000370318e-01 9.993213137479753927e-01 9.993213127857045741e-01
1.213839444547406856e+03 9.993126294602526771e-01 9.993126035242113625e-01 9.993126025213866503e-01
1.213859560541391374e+03 9.993036981221894433e-01 9.993036711530285388e-01 9.993036701074798911e-01
1.213879676535376120e+03 9.992945358389522248e-01 9.992945077846818736e-01 9.992945066941002485e-01
1.213899792529360639e+03 9.992851333184461504e-01 9.992851041240180532e-01 9.992851029859437517e-01
1.213919908523345157e+03 9.992754807971819808e-01 9.992754504042570263e-01 9.992754492160695889e-01
1.213940024517329675e+03 9.992655680121002026e-01 9.992655363587942263e-01 9.992655351176976675e-01
1.213960140511314194e+03 9.992553841702144224e-01 9.992553511908172093e-01 9.992553498938256951e-01
1.213980256505298712e+03 9.992449179158416905e-01 9.992448835405035590e-01 9.992448821844268636e-01
1.214000372499283458e+03 9.992341572951662920e-01 9.992341214495550350e-01 9.992341200309802218e-01
1.214020488493267749e+03 9.992230897178467908e-01 9.992230523227630945e-01 9.992230508380349763e-01
1.214040604487252267e+03 9.992117019153415880e-01 9.992116628862951488e-01 9.992116613314968587e-01
1.214060720481237013e+03 9.991999798956032741e-01 9.991999391423407317e-01 9.991999375132680772e-01
1.214080836475221531e+03 9.991879088937271058e-01 9.991878663197082400e-01 9.991878646118457219e-01
1.214100952469205822e+03 9.991754733181162917e-01 9.991754288199314882e-01 9.991754270284213257e-01
1.214121068463190568e+03 9.991626566916557151e-01 9.991626101583781505e-01 9.991626082779916374e-01
1.214141184457175086e+03 9.991494415873484192e-01 9.991493928998153029e-01 9.991493909249158367e-01
1.214161300451159605e+03 9.991358095577844711e-01 9.991357585877967962e-01 9.991357565123005768e-01
1.214181416445144123e+03 9.991217410577630798e-01 9.991216876671960012e-01 9.991216854845292872e-01
1.214201532439128641e+03 9.991072153593011373e-01 9.991071593991169841e-01 9.991071571021683528e-01
1.214221648433113160e+03 9.990922104581828611e-01 9.990921517673329033e-01 9.990921493483985172e-01
1.214241764427097905e+03 9.990767029711092873e-01 9.990766413753149333e-01 9.990766388260406972e-01
1.214261880421082196e+03 9.990606680224092262e-01 9.990606033328068847e-01 9.990606006441201670e-01
1.214281996415066715e+03 9.990440791191461667e-01 9.990440111307838933e-01 9.990440082928208065e-01
1.214302112409051460e+03 9.990269080133563628e-01 9.990268365035237519e-01 9.990268335055448867e-01
1.214322228403035979e+03 9.990091245499747030e-01 9.990090492763471497e-01 9.990090461066474248e-01
1.214342344397020270e+03 9.989906964988842786e-01 9.989906171974622939e-01 9.989906138432654847e-01
1.214362460391005015e+03 9.989715893693116300e-01 9.989715057521317831e-01 9.989715021994759470e-01
1.214382576384989534e+03 9.989517662046203395e-01 9.989516779572072958e-01 9.989516741908130992e-01
1.214402692378974052e+03 9.989311873552904064e-01 9.989310941338238603e-01 9.989310901369499174e-01
1.214422808372958571e+03 9.989098102276310343e-01 9.989097116557863476e-01 9.989097074100649065e-01
1.214442924366943089e+03 9.988875890054492723e-01 9.988874846708754029e-01 9.988874801561263839e-01
1.214463040360927607e+03 9.988644743415550087e-01 9.988643637919363272e-01 9.988643589859574901e-01
1.214483156354912353e+03 9.988404130155419391e-01 9.988402957541897553e-01 9.988402906325200004e-01
1.214503272348896871e+03 9.988153475538200654e-01 9.988152230347241423e-01 9.988152175703739477e-01
1.214523388342881162e+03 9.987892158072728677e-01 9.987890834295330977e-01 9.987890775926793197e-01
1.214543504336865908e+03 9.987619504812388360e-01 9.987618095827818232e-01 9.987618033404181972e-01
1.214563620330850426e+03 9.987334786116878194e-01 9.987333284621545682e-01 9.987333217776919181e-01
1.214583736324834945e+03 9.987037209804912052e-01 9.987035607731550302e-01 9.987035536059639673e-01
1.214603852318819463e+03 9.986725914614934529e-01 9.986724203040494574e-01 9.986724126089342457e-01
1.214623968312803981e+03 9.986399962877059444e-01 9.986398131917230137e-01 9.986398049183148329e-01
1.214644084306788500e+03 9.986058332281959604e-01 9.986056370970000096e-01 9.986056281890532960e-01
1.214664200300773246e+03 9.985699906612138799e-01 9.985697802759023745e-01 9.985697706704783627e-01
1.214684316294757537e+03 9.985323465275653954e-01 9.985321205307999826e-01 9.985321101573182423e-01
1.214704432288742055e+03 9.984927671452166198e-01 9.984925240223625487e-01 9.984925128014890960e-01
1.214724548282726801e+03 9.984511058623977142e-01 9.984508439194831331e-01 9.984508317618259188e-01
1.214744664276711319e+03 9.984072015219839225e-01 9.984069188598383437e-01 9.984069056644140350e-01
1.214764780270695610e+03 9.983608767044351850e-01 9.983605711882275191e-01 9.983605568406492825e-01
1.214784896264680356e+03 9.983119357099089486e-01 9.983116049331350883e-01 9.983115893034600896e-01
1.214805012258664874e+03 9.982601622320146362e-01 9.982598034737735215e-01 9.982597864139466370e-01
1.214825128252649392e+03 9.982053166657512966e-01 9.982049268398999198e-01 9.982049081806962931e-01
1.214845244246633911e+03 9.981471329800924996e-01 9.981467085745500123e-01 9.981466881219073217e-01
1.214865360240618429e+03 9.980853150708602906e-01 9.980848520749462383e-01 9.980848296055535585e-01
1.214885476234602947e+03 9.980195324914589161e-01 9.980190263086623492e-01 9.980190015646227542e-01
1.214905592228587693e+03 9.979494154366986836e-01 9.979488607796533906e-01 9.979488334620076895e-01
1.214925708222571984e+03 9.978745488273758069e-01 9.978739395910164456e-01 9.978739093518425030e-01
1.214945824216556503e+03 9.977944653087877924e-01 9.977937944166150874e-01 9.977937608493467891e-01
1.214965940210541248e+03 9.977086369329402071e-01 9.977078961499065146e-01 9.977078587774075302e-01
1.214986056204525767e+03 9.976164652386693144e-01 9.976156449423133621e-01 9.976156032020957465e-01
1.215006172198510058e+03 9.975172693722184070e-01 9.975163582710533383e-01 9.975163114968448319e-01
1.215026288192494803e+03 9.974102717966878417e-01 9.974092565812590072e-01 9.974092039798548859e-01
1.215046404186479322e+03 9.972945810139228762e-01 9.972934459209019664e-01 9.972933865428729172e-01
1.215066520180463840e+03 9.971691705543405115e-01 9.971678968169424007e-01 9.971678295192465402e-01
1.215086636174448586e+03 9.970328532615301276e-01 9.970314184094216658e-01 9.970313418072455081e-01
1.215106752168432877e+03 9.968842495831874428e-01 9.968826265402921383e-01 9.968825389443519702e-01
1.215126868162417395e+03 9.967217481383253697e-01 9.967199040445074987e-01 9.967198033784130384e-01
1.215146984156402141e+03 9.965434561972928984e-01 9.965413508433628165e-01 9.965412345329770494e-01
1.215167100150386659e+03 9.963471367652156907e-01 9.963447204637733146e-01 9.963445852857711893e-01
1.215187216144370950e+03 9.961301274419139817e-01 9.961273380097886987e-01 9.961271798765141128e-01
1.215207332138355696e+03 9.958892334622267972e-01 9.958859915761603121e-01 9.958858052030316044e-01
1.215227448132340214e+03 9.956205810430825975e-01 9.956167806096617445e-01 9.956165581344300630e-01
1.215247564126324733e+03 9.953193939086911746e-01 9.953146263731399435e-01 9.953142841804757390e-01
1.215267680120309251e+03 9.949779703042219703e-01 9.949502995558519025e-01 9.949476138600021891e-01
1.215287796114293769e+03 9.944114422431981071e-01 9.939422126390949908e-01 9.939038547759408981e-01
1.215307912108278288e+03 9.898700640705953013e-01 9.874693581113949126e-01 9.873241874493039472e-01
1.215328028102263033e+03 9.645602912567154963e-01 9.675448204055054902e-01 9.677358185125900514e-01
1.215348144096247324e+03 9.649706543363891775e-01 9.676750318855992239e-01 9.678491234926807074e-01
1.215368260090231843e+03 9.886785074785374716e-01 9.862580199879799059e-01 9.861138819217259988e-01
1.215388376084216588e+03 9.914542753730475333e-01 9.910287697399640106e-01 9.909915306908382293e-01
1.215408492078201107e+03 9.906330474150869536e-01 9.905923640696483456e-01 9.905886294626546906e-01
1.215428608072185398e+03 9.894740413658433820e-01 9.894424947732395337e-01 9.894401590937409452e-01
1.215448724066170143e+03 9.880454319051370504e-01 9.880028925576771481e-01 9.879996966993255247e-01
1.215468840060154662e+03 9.862527124421980318e-01 9.861931598202821059e-01 9.861885130125617183e-01
1.215488956054139180e+03 9.839503085717066222e-01 9.838636734546596374e-01 9.838566145265216223e-01
1.215509072048123699e+03 9.809065489597533771e-01 9.807740724934518317e-01 9.807626959127949684e-01
1.215529188042108217e+03 9.767297104967791466e-01 9.765027040168287042e-01 9.764818898855243123e-01
1.215549304036092735e+03 9.706175586467750138e-01 9.699922489296820549e-01 9.699418050029307015e-01
1.215569420030077481e+03 9.591730221512045906e-01 9.573534894213568958e-01 9.571614007598922003e-01
1.215589536024061772e+03 9.322712014997701635e-01 9.247194250724736220e-01 9.225400605504625595e-01
1.215609652018046290e+03 8.425061469429867556e-01 7.669062851159250682e-01 7.574637066095627480e-01
1.215629768012031036e+03 9.907587006584823996e-02 1.736061115503209074e-01 1.818893463060306248e-01
1.215649884006015554e+03 2.126560040383214105e-28 1.174285210207130434e-02 1.509085526939963479e-02
1.215670000000000300e+03 9.778080889983638039e-101 7.371130011188013016e-05 6.332421122035710934e-04
1.215690115993984591e+03 4.275727705781020508e-29 1.078807685548315021e-02 1.402466235484422022e-02
1.215710231987969109e+03 9.079638172689566411e-02 1.670105246372872720e-01 1.755441375719674901e-01
1.215730347981953628e+03 8.405069976650002550e-01 7.643642303485009837e-01 7.548425702582858277e-01
1.215750463975938374e+03 9.318278172298989359e-01 9.241241500047842061e-01 9.219120414468903180e-01
1.215770579969922665e+03 9.589923667139867991e-01 9.571528192626388432e-01 9.569571295849225168e-01
1.215790695963907183e+03 9.705316389520479703e-01 9.698986098191911820e-01 9.698475967631585704e-01
1.215810811957891929e+03 9.766725893657366431e-01 9.764439263820587911e-01 9.764229531617406588e-01
1.215830927951876447e+03 9.808641843884534639e-01 9.807310930219718115e-01 9.807196526445703944e-01
1.215851043945860738e+03 9.839174565877228940e-01 9.838304760604984489e-01 9.838233829764952976e-01
1.215871159939845484e+03 9.862264187876923494e-01 9.861666614573768586e-01 9.861619947040282108e-01
1.215891275933830002e+03 9.880239450338725860e-01 9.879812912035440542e-01 9.879780843583670924e-01
1.215911391927814748e+03 9.894563774405631396e-01 9.894249780884146750e-01 9.894226961253301811e-01
1.215931507921799039e+03 9.906200272771698012e-01 9.905963163549459383e-01 9.905946451083317283e-01
1.215951623915783557e+03 9.915806965074839274e-01 9.915624036246181161e-01 9.915611496985320406e-01
1.215971739909768075e+03 9.923847598083007648e-01 9.923703864589895618e-01 9.923694260500264264e-01
1.215991855903752821e+03 9.930657679413105177e-01 9.930542944633105051e-01 9.930535456546213391e-01
1.216011971897737112e+03 9.936485448064825698e-01 9.936392589665866693e-01 9.936386659984216552e-01
1.216032087891721631e+03 9.941518181556217026e-01 9.941442110015644706e-01 9.941437349737507478e-01
1.216052203885706376e+03 9.945899592579838799e-01 9.945836597443226124e-01 9.945832729266358418e-01
1.216072319879690895e+03 9.949741631873311176e-01 9.949688959695034418e-01 9.949685782133115275e-01
1.216092435873675186e+03 9.953132679370889635e-01 9.953088254419041325e-01 9.953085618562538262e-01
1.216112551867659931e+03 9.956143345141738044e-01 9.956105580418453949e-01 9.956103374525221428e-01
1.216132667861644450e+03 9.958830652932647576e-01 9.958798319667157006e-01 9.958796458725904799e-01
1.216152783855629195e+03 9.961241106695661873e-01 9.961213242514771471e-01 9.961211661039834908e-01
1.216172899849613486e+03 9.963412971103707827e-01 9.963388814318435704e-01 9.963387461288386593e-01
1.216193015843598005e+03 9.965377989570247674e-01 9.965356931446462951e-01 9.965355766692548523e-01
1.216213131837582750e+03 9.967162693698079501e-01 9.967144243336796272e-01 9.967143234929088935e-01
1.216233247831567269e+03 9.968789412088665536e-01 9.968773170288527385e-01 9.968772292619673125e-01
1.216253363825551560e+03 9.970277055397493982e-01 9.970262695000995379e-01 9.970261927364724164e-01
1.216273479819536078e+03 9.971641733136947794e-01 9.971628984108507066e-01 9.971628309633585596e-01
1.216293595813520824e+03 9.972897242732730039e-01 9.972885880722220930e-01 9.972885285564775382e-01
1.216313711807505342e+03 9.974055460671319429e-01 9.974045298166239748e-01 9.974044770891852263e-01
1.216333827801490088e+03 9.975126657898589766e-01 9.975117537314296401e-01 9.975117068420965571e-01
1.216353943795474379e+03 9.976119756061323507e-01 9.976111544294629097e-01 9.976111125841217175e-01
1.216374059789458897e+03 9.977042537118957499e-01 9.977035121216527580e-01 9.977034746531012743e-01
1.216394175783443643e+03 9.977901815869627544e-01 9.977895099554127123e-01 9.977894763002715939e-01
1.216414291777428161e+03 9.978703582733806643e-01 9.978697483596747908e-01 9.978697180399801470e-01
1.216434407771412452e+03 9.979453122503366691e-01 9.979447569721565658e-01 9.979447295805913276e-01
1.216454523765397198e+03 9.980155113538873302e-01 9.980150046006167619e-01 9.980149797885840002e-01
1.216474639759381716e+03 9.980813710970519725e-01 9.980809075761949423e-01 9.980808850441329483e-01
1.216494755753366235e+03 9.981432616749028597e-01 9.981428367853041328e-01 9.981428162747817412e-01
1.216514871747350526e+03 9.982015138841469071e-01 9.982011236109846752e-01 9.982011048982175616e-01
1.216534987741335271e+03 9.982564241436119312e-01 9.982560649711506029e-01 9.982560478616588906e-01
1.216555103735319790e+03 9.983082587676813668e-01 9.983079276065772723e-01 9.983079119307651794e-01
1.216575219729304536e+03 9.983572576173024293e-01 9.983569517438632968e-01 9.983569373533480729e-01
1.216595335723288827e+03 9.984036372309131879e-01 9.984033542362065194e-01 9.984033410007558951e-01
1.216615451717273345e+03 9.984475935196074348e-01 9.984473312666880540e-01 9.984473190716566249e-01
1.216635567711258091e+03 9.984893040960772792e-01 9.984890606839308402e-01 9.984890494281064566e-01
1.216655683705242609e+03 9.985289302948098245e-01 9.985287040278484350e-01 9.985286936216354325e-01
1.216675799699226900e+03 9.985666189310983265e-01 9.985664082932619312e-01 9.985663986571430284e-01
1.216695915693211646e+03 9.986025038382934094e-01 9.986023074709750036e-01 9.986022985342062341e-01
1.216716031687196164e+03 9.986367072160459157e-01 9.986365238992049864e-01 9.986365155987007025e-01
1.216736147681180682e+03 9.986693408168205721e-01 9.986691694527510821e-01 9.986691617321324932e-01
1.216756263675164973e+03 9.987005069934251633e-01 9.987003465927514201e-01 9.987003394015288027e-01
1.216776379669149719e+03 9.987302996266330668e-01 9.987301492961745408e-01 9.987301425890430240e-01
1.216796495663134237e+03 9.987588049488922426e-01 9.987586638811067896e-01 9.987586576173371755e-01
1.216816611657118983e+03 9.987861022776359787e-01 9.987859697413961069e-01 9.987859638843086252e-01
1.216836727651103274e+03 9.988122646696221407e-01 9.988121400021278129e-01 9.988121345186330435e-01
1.216856843645087793e+03 9.988373595060143773e-01 9.988372421056735950e-01 9.988372369658713446e-01
1.216876959639072538e+03 9.988614490165060866e-01 9.988613383366484744e-01 9.988613335134791660e-01
1.216897075633057057e+03 9.988845907496120002e-01 9.988844862929172619e-01 9.988844817618561800e-01
1.216917191627041575e+03 9.989068379952584786e-01 9.989067393088075786e-01 9.989067350475914209e-01
1.216937307621026093e+03 9.989282401649857146e-01 9.989281468358506277e-01 9.989281428242449135e-01
1.216957423615010612e+03 9.989488431343961361e-01 9.989487547857022198e-01 9.989487510052869057e-01
1.216977539608995130e+03 9.989686895518770093e-01 9.989686058392797108e-01 9.989686022732673365e-01
1.216997655602979876e+03 9.989878191171605026e-01 9.989877397256885505e-01 9.989877363587560399e-01
1.217017771596964167e+03 9.990062688328447127e-01 9.990061934740654959e-01 9.990061902922103831e-01
1.217037887590948685e+03 9.990240732316489902e-01 9.990240016411222612e-01 9.990239986315307963e-01
1.217058003584933431e+03 9.990412645818619319e-01 9.990411965168511932e-01 9.990411936677825455e-01
1.217078119578917949e+03 9.990578730731886070e-01 9.990578083105994267e-01 9.990578056112832117e-01
1.217098235572902240e+03 9.990739269849501225e-01 9.990738653194756180e-01 9.990738627600174171e-01
1.217118351566886986e+03 9.990894528383980067e-01 9.990893940808485141e-01 9.990893916521483842e-01
1.217138467560871504e+03 9.991044755347278095e-01 9.991044195105266423e-01 9.991044172042041760e-01
1.217158583554856023e+03 9.991190184802076768e-01 9.991189650280355439e-01 9.991189628363639219e-01
1.217178699548840541e+03 9.991331036997062043e-01 9.991330526702815185e-01 9.991330505861274469e-01
1.217198815542825059e+03 9.991467519397729813e-01 9.991467031947531829e-01 9.991467012115230473e-01
1.217218931536809578e+03 9.991599827623083296e-01 9.991599361733011220e-01 9.991599342848928034e-01
1.217239047530794323e+03 9.991728146297675917e-01 9.991727700774400978e-01 9.991727682781988973e-01
1.217259163524778614e+03 9.991852649827380750e-01 9.991852223560160340e-01 9.991852206406972581e-01
1.217279279518763133e+03 9.991973503106579280e-01 9.991973095060034948e-01 9.991973078697358179e-01
1.217299395512747878e+03 9.992090862163560683e-01 9.992090471371213312e-01 9.992090455753752654e-01
1.217319511506732397e+03 9.992204874750433286e-01 9.992204500308834447e-01 9.992204485394423630e-01
1.217339627500716688e+03 9.992315680882924989e-01 9.992315321946426687e-01 9.992315307695769366e-01
1.217359743494701434e+03 9.992423413335267401e-01 9.992423069111268097e-01 9.992423055487715811e-01
1.217379859488685952e+03 9.992528198094505765e-01 9.992527867839194888e-01 9.992527854808523902e-01
1.217399975482670470e+03 9.992630154778309182e-01 9.992629837792833536e-01 9.992629825323040560e-01
1.217420091476654989e+03 9.992729397019872728e-01 9.992729092646858158e-01 9.992729080708002698e-01
1.217440207470639507e+03 9.992826032823146631e-01 9.992825740443569416e-01 9.992825729007618341e-01
1.217460323464624025e+03 9.992920164891251344e-01 9.992919883921613788e-01 9.992919872962280348e-01
1.217480439458608771e+03 9.993011890930683094e-01 9.993011620820453356e-01 9.993011610313073945e-01
1.217500555452593289e+03 9.993101303933578095e-01 9.993101044162863156e-01 9.993101034084287404e-01
1.217520671446577580e+03 9.993188492440123749e-01 9.993188242517569986e-01 9.993188232846038632e-01
1.217540787440562326e+03 9.993273540782917630e-01 9.993273300243786794e-01 9.993273290958837318e-01
1.217560903434546844e+03 9.993356529314910697e-01 9.993356297719347969e-01 9.993356288801721332e-01
1.217581019428531363e+03 9.993437534622428009e-01 9.993437311553852176e-01 9.993437302985402892e-01
1.217601135422515881e+03 9.993516629724490397e-01 9.993516414788141677e-01 9.993516406551783415e-01
1.217621251416500400e+03 9.993593884259710514e-01 9.993593677081310522e-01 9.993593669160922843e-01
1.217641367410484918e+03 9.993669364661659227e-01 9.993669164886187506e-01 9.993669157266567016e-01
1.217661483404469664e+03 9.993743134323774813e-01 9.993742941614330855e-01 9.993742934281112378e-01
1.217681599398453955e+03 9.993815253754499972e-01 9.993815067791252948e-01 9.993815060730877331e-01
1.217701715392438473e+03 9.993885780723510415e-01 9.993885601202743274e-01 9.993885594402396322e-01
1.217721831386423219e+03 9.993954770399641196e-01 9.993954597032836951e-01 9.993954590480396138e-01
1.217741947380407737e+03 9.994022275481085904e-01 9.994022107994102733e-01 9.994022101678100567e-01
1.217762063374392028e+03 9.994088346318475979e-01 9.994088184450758972e-01 9.994088178360351904e-01
1.217782179368376774e+03 9.994153031031276502e-01 9.994152874535143782e-01 9.994152868660056699e-01
1.217802295362361292e+03 9.994216375617942516e-01 9.994216224257895798e-01 9.994216218588396483e-01
1.217822411356345810e+03 9.994278424060288879e-01 9.994278277612370642e-01 9.994278272139237584e-01
1.217842527350330329e+03 9.994339218422327864e-01 9.994339076673534050e-01 9.994339071388030904e-01
1.217862643344314847e+03 9.994398798944064133e-01 9.994398661691767938e-01 9.994398656585604668e-01
1.217882759338299365e+03 9.994457204130366978e-01 9.994457071181804819e-01 9.994457066247118826e-01
1.217902875332284111e+03 9.994514470835381692e-01 9.994514342007133623e-01 9.994514337236470869e-01
1.217922991326268402e+03 9.994570634342605508e-01 9.994570509460138918e-01 9.994570504846412851e-01
1.217943107320252921e+03 9.994625728440934553e-01 9.994625607338140094e-01 9.994625602874627202e-01
1.217963223314237666e+03 9.994679785496849433e-01 9.994679668015635787e-01 9.994679663695944516e-01
1.217983339308222185e+03 9.994732836523024799e-01 9.994732722512905676e-01 9.994732718330973098e-01
1.218003455302206476e+03 9.994784911243479453e-01 9.994784800561191673e-01 9.994784796511247960e-01
1.218023571296191221e+03 9.994836038155454627e-01 9.994835930664610624e-01 9.994835926741179044e-01
1.218043687290175740e+03 9.994886244588264690e-01 9.994886140159002785e-01 9.994886136356860851e-01
1.218063803284160258e+03 9.994935556759148021e-01 9.994935455267806024e-01 9.994935451581998809e-01
1.218083919278144776e+03 9.994983999826393406e-01 9.994983901155199968e-01 9.994983897581009025e-01
1.218104035272129295e+03 9.995031597939800783e-01 9.995031501976586741e-01 9.995031498509516776e-01
1.218124151266113813e+03 9.995078374288621781e-01 9.995078280926541492e-01 9.995078277562319258e-01
1.218144267260098559e+03 9.995124351147156583e-01 9.995124260284417028e-01 9.995124257018974667e-01
1.218164383254083077e+03 9.995169549918038188e-01 9.995169461457658056e-01 9.995169458287107567e-01
1.218184499248067368e+03 9.995213991173393930e-01 9.995213905022953815e-01 9.995213901943599266e-01
1.218204615242052114e+03 9.995257694693936434e-01 9.995257610765356793e-01 9.995257607773686548e-01
1.218224731236036632e+03 9.995300679506144981e-01 9.995300597715464086e-01 9.995300594808108618e-01
1.218244847230021151e+03 9.995342963917517309e-01 9.995342884184699184e-01 9.995342881358464382e-01
1.218264963224005669e+03 9.995384565550178291e-01 9.995384487798905093e-01 9.995384485050730072e-01
1.218285079217990187e+03 9.995425501372701138e-01 9.995425425530188868e-01 9.995425422857158182e-01
1.218305195211974706e+03 9.995465787730404283e-01 9.995465713727231805e-01 9.995465711126563235e-01
1.218325311205959451e+03 9.995505440374115036e-01 9.995505368144049774e-01 9.995505365613090998e-01
1.218345427199943742e+03 9.995544474487511044e-01 9.995544403967352443e-01 9.995544401503566601e-01
1.218365543193928261e+03 9.995582904713066208e-01 9.995582835842499181e-01 9.995582833443462656e-01
1.218385659187913006e+03 9.995620745176742039e-01 9.995620677898181539e-01 9.995620675561576185e-01
1.218405775181897525e+03 9.995658009511387831e-01 9.995657943769853393e-01 9.995657941493470977e-01
1.218425891175881816e+03 9.995694710879041711e-01 9.995694646622022006e-01 9.995694644403746443e-01
1.218446007169866562e+03 9.995730861992060401e-01 9.995730799169385561e-01 9.995730797007190693e-01
1.218466123163851080e+03 9.995766475133197604e-01 9.995766413696933750e-01 9.995766411588891120e-01
1.218486239157835826e+03 9.995801562174742028e-01 9.995801502079070255e-01 9.995801500023322461e-01
1.218506355151820117e+03 9.995836134596611799e-01 9.995836075797728260e-01 9.995836073792502274e-01
1.218526471145804635e+03 9.995870203503604001e-01 9.995870145959613318e-01 9.995870144003213831e-01
1.218546587139789153e+03 9.995903779641782672e-01 9.995903723312611344e-01 9.995903721403412989e-01
1.218566703133773899e+03 9.995936873414019708e-01 9.995936818261316192e-01 9.995936816397765767e-01
1.218586819127758190e+03 9.995969494894804130e-01 9.995969440881866674e-01 9.995969439062466488e-01
1.218606935121742708e+03 9.996001653844297508e-01 9.996001600935974230e-01 9.996001599159292095e-01
1.218627051115727454e+03 9.996033359721674394e-01 9.996033307884303332e-01 9.996033306148969233e-01
1.218647167109711972e+03 9.996064621697842156e-01 9.996064570899171331e-01 9.996064569203868544e-01
1.218667283103696263e+03 9.996095448667519090e-01 9.996095398875766147e-01 9.996095397181105069e-01
1.218687399097681009e+03 9.996125849260706353e-01 9.996125788973354576e-01 9.996125775990380991e-01
1.218707515091665528e+03 9.996155831853613671e-01 9.996152353695724191e-01 9.996152265179220064e-01
