# lambda[A]  T_theo  T_instr  T_rot+instr  (Ly-alpha 1215.67)
1.213333429595935513e+03 9.995806895685688254e-01 9.995801469068268386e-01 9.995801297418749343e-01
1.213353572444246311e+03 9.995759930775147684e-01 9.995759803950794442e-01 9.995759777700028437e-01
1.213373715292557335e+03 9.995712026107549386e-01 9.995711913700217055e-01 9.995711909004988405e-01
1.213393858140868360e+03 9.995663154925490401e-01 9.995663039280772155e-01 9.995663034506002687e-01
1.213414000989179158e+03 9.995613289381547473e-01 9.995613170364361366e-01 9.995613165431481706e-01
1.213434143837490183e+03 9.995562400477934206e-01 9.995562277946993257e-01 9.995562272849001229e-01
1.213454286685800980e+03 9.995510458002014875e-01 9.995510331808032944e-01 9.995510326537553336e-01
1.213474429534111778e+03 9.995457430457520553e-01 9.995457300442655013e-01 9.995457294991900721e-01
1.213494572382422803e+03 9.995403284991032367e-01 9.995403150988313445e-01 9.995403145349052165e-01
1.213514715230733600e+03 9.995347987313455418e-01 9.995347849146145602e-01 9.995347843309670965e-01
1.213534858079044398e+03 9.995291501616050400e-01 9.995291359096973860e-01 9.995291353054073236e-01
1.213555000927355650e+03 9.995233790480664293e-01 9.995233643411473023e-01 9.995233637152396433e-01
1.213575143775666447e+03 9.995174814783690520e-01 9.995174662954088296e-01 9.995174656468511776e-01
1.213595286623977245e+03 9.995114533593325579e-01 9.995114376780221965e-01 9.995114370057195385e-01
1.213615429472288270e+03 9.995052904059540388e-01 9.995052742026149240e-01 9.995052735054075210e-01
1.213635572320599067e+03 9.994989881296360013e-01 9.994989713791226915e-01 9.994989706557796394e-01
1.213655715168909865e+03 9.994925418255704574e-01 9.994925245011656578e-01 9.994925237503801130e-01
1.213675858017220889e+03 9.994859465592275116e-01 9.994859286325308290e-01 9.994859278529153457e-01
1.213696000865531687e+03 9.994791971518772744e-01 9.994791785926824268e-01 9.994791777827628509e-01
1.213716143713842484e+03 9.994722881650699442e-01 9.994722689412364192e-01 9.994722680994447828e-01
1.213736286562153737e+03 9.994652138839988931e-01 9.994651939613107272e-01 9.994651930859796973e-01
1.213756429410464534e+03 9.994579682996568293e-01 9.994579476416725061e-01 9.994579467310267251e-01
1.213776572258775332e+03 9.994505450897022136e-01 9.994505236575923490e-01 9.994505227097413291e-01
1.213796715107086357e+03 9.994429375979257957e-01 9.994429153502990548e-01 9.994429143632282964e-01
1.213816857955397154e+03 9.994351388122227897e-01 9.994351157049377044e-01 9.994351146764980376e-01
1.213837000803708179e+03 9.994271413409424598e-01 9.994271173269051456e-01 9.994271162548050702e-01
1.213857143652018976e+03 9.994189373875096427e-01 9.994189124164560845e-01 9.994189112982485579e-01
1.213877286500329774e+03 9.994105187231603349e-01 9.994104927414214634e-01 9.994104915744927986e-01
1.213897429348640799e+03 9.994018766576675539e-01 9.994018496079164482e-01 9.994018483894733240e-01
1.213917572196951824e+03 9.993930020078877208e-01 9.993929738288653830e-01 9.993929725559198562e-01
1.213937715045262621e+03 9.993838850639563676e-01 9.993838556901788461e-01 9.993838543595325863e-01
1.213957857893573646e+03 9.993745155529535351e-01 9.993744849143920694e-01 9.993744835226214818e-01
1.213978000741884443e+03 9.993648825998320273e-01 9.993648506215697669e-01 9.993648491650057863e-01
1.213998143590195241e+03 9.993549746853842564e-01 9.993549412872431148e-01 9.993549397619512220e-01
1.214018286438506266e+03 9.993447796010087592e-01 9.993447446971468473e-01 9.993447430989056413e-01
1.214038429286817063e+03 9.993342844000089320e-01 9.993342478984830191e-01 9.993342462227594591e-01
1.214058572135127861e+03 9.993234753451298857e-01 9.993234371474192246e-01 9.993234353893420963e-01
1.214078714983438886e+03 9.993123378520075706e-01 9.993122978524980882e-01 9.993122960068289151e-01
1.214098857831749910e+03 9.993008564281751216e-01 9.993008145135950926e-01 9.993008125746970505e-01
1.214119000680060708e+03 9.992890146072223034e-01 9.992889706560277308e-01 9.992889686178293429e-01
1.214139143528371733e+03 9.992767948776659637e-01 9.992767487593666731e-01 9.992767466153230638e-01
1.214159286376682530e+03 9.992641786060311171e-01 9.992641301804522369e-01 9.992641279235024987e-01
1.214179429224993328e+03 9.992511459535770024e-01 9.992510950700469463e-01 9.992510926925669557e-01
1.214199572073304353e+03 9.992376757860471637e-01 9.992376222825015697e-01 9.992376197762505852e-01
1.214219714921615150e+03 9.992237455757104758e-01 9.992236892777025536e-01 9.992236866337639301e-01
1.214239857769925948e+03 9.992093312948929773e-01 9.992092720144944984e-01 9.992092692232124040e-01
1.214260000618237200e+03 9.991944073000641469e-01 9.991943448346445322e-01 9.991943418855497860e-01
1.214280143466547997e+03 9.991789462054225801e-01 9.991788803362859905e-01 9.991788772180151268e-01
1.214300286314858795e+03 9.991629187447613747e-01 9.991628492356201541e-01 9.991628459358242731e-01
1.214320429163169820e+03 9.991462936202157863e-01 9.991462202154790528e-01 9.991462167207217915e-01
1.214340572011480617e+03 9.991290373362902155e-01 9.991289597591357374e-01 9.991289560547783610e-01
1.214360714859791415e+03 9.991111140173062344e-01 9.991110319675019502e-01 9.991110280375740116e-01
1.214380857708102440e+03 9.990924852061232597e-01 9.990923983575625833e-01 9.990923941846155953e-01
1.214401000556413237e+03 9.990731096416674006e-01 9.990730176395689055e-01 9.990730132045112510e-01
1.214421143404724035e+03 9.990529430123814558e-01 9.990528454701033123e-01 9.990528407520121723e-01
1.214441286253035287e+03 9.990319376822914821e-01 9.990318341776984745e-01 9.990318291536077755e-01
1.214461429101346084e+03 9.990100423858304657e-01 9.990099324571416473e-01 9.990099271017975902e-01
1.214481571949656882e+03 9.989872018869608850e-01 9.989870850279957137e-01 9.989870793135831040e-01
1.214501714797967907e+03 9.989633565974330720e-01 9.989632322521637686e-01 9.989632261479870490e-01
1.214521857646278704e+03 9.989384421481923848e-01 9.989383097044866044e-01 9.989383031766092547e-01
1.214542000494589502e+03 9.989123889069952966e-01 9.989122476894276570e-01 9.989122407002564152e-01
1.214562143342900526e+03 9.988851214342162610e-01 9.988849706957954044e-01 9.988849632036029824e-01
1.214582286191211324e+03 9.988565578675316914e-01 9.988563967801769028e-01 9.988563887385515372e-01
1.214602429039522121e+03 9.988266092247105599e-01 9.988264368682734373e-01 9.988264282254845083e-01
1.214622571887833374e+03 9.987951786120294884e-01 9.987949939616322936e-01 9.987949846598943582e-01
1.214642714736144171e+03 9.987621603238093781e-01 9.987619622352251758e-01 9.987619522098500902e-01
1.214662857584454969e+03 9.987274388162664662e-01 9.987272260090219733e-01 9.987272151874267978e-01
1.214683000432765994e+03 9.986908875360791527e-01 9.986906585739028230e-01 9.986906468744594090e-01
1.214703143281076791e+03 9.986523675808498535e-01 9.986521208490104495e-01 9.986521081797008481e-01
1.214723286129387589e+03 9.986117261647314836e-01 9.986114598437297873e-01 9.986114461005706211e-01
1.214743428977698613e+03 9.985687948578596540e-01 9.985685068928166208e-01 9.985684919580094521e-01
1.214763571826009411e+03 9.985233875625940669e-01 9.985230756275417230e-01 9.985230593672941302e-01
1.214783714674320436e+03 9.984752981827456075e-01 9.984749596388461379e-01 9.984749419007926674e-01
1.214803857522631461e+03 9.984242979335822277e-01 9.984239297800684421e-01 9.984239103902129431e-01
1.214824000370942258e+03 9.983701322300453374e-01 9.983697310463895969e-01 9.983697098054571395e-01
1.214844143219253283e+03 9.983125170777595869e-01 9.983120789551958030e-01 9.983120556342679475e-01
1.214864286067564080e+03 9.982511348752988178e-01 9.982506553353330814e-01 9.982506296706016302e-01
1.214884428915874878e+03 9.981856295158620940e-01 9.981851034127853239e-01 9.981850750992113941e-01
1.214904571764185903e+03 9.981156006508155043e-01 9.981150220543938412e-01 9.981149907380052477e-01
1.214924714612496700e+03 9.980405969446839443e-01 9.980399589981238107e-01 9.980399242666143644e-01
1.214944857460807498e+03 9.979601081090510029e-01 9.979594028559189978e-01 9.979593642270981890e-01
1.214965000309118750e+03 9.978735554484560177e-01 9.978727736203401033e-01 9.978727305278685122e-01
1.214985143157429548e+03 9.977802805808169140e-01 9.977794113350205718e-01 9.977793631106749439e-01
1.215005286005740345e+03 9.976795319028214371e-01 9.976785624960713417e-01 9.976785083475494531e-01
1.215025428854051370e+03 9.975704482502241177e-01 9.975693636298950118e-01 9.975693026128519270e-01
1.215045571702362167e+03 9.974520390440118067e-01 9.974508213323793893e-01 9.974507523149278576e-01
1.215065714550672965e+03 9.973231600028447108e-01 9.973217878416484883e-01 9.973217094589481579e-01
1.215085857398983990e+03 9.971824832210105516e-01 9.971809309321169046e-01 9.971808415277791937e-01
1.215106000247294787e+03 9.970284600310813650e-01 9.970266965324861008e-01 9.970265940822351514e-01
1.215126143095605585e+03 9.968592745482918183e-01 9.968572619395920098e-01 9.968571439506568321e-01
1.215146285943916837e+03 9.966727850557280943e-01 9.966704767461036507e-01 9.966703401226566505e-01
1.215166428792227634e+03 9.964664492987483913e-01 9.964637874749912028e-01 9.964636283343027978e-01
1.215186571640538432e+03 9.962372280186964080e-01 9.962341400858346629e-01 9.962339534979277600e-01
1.215206714488849457e+03 9.959814579048229533e-01 9.959778510564678555e-01 9.959776306346033170e-01
1.215226857337160254e+03 9.956946780161590738e-01 9.956904246559066252e-01 9.956901599735624719e-01
1.215247000185471052e+03 9.953713462461378780e-01 9.953656276976077244e-01 9.953652007682468605e-01
1.215267143033782077e+03 9.949996970292356302e-01 9.949610989676695993e-01 9.949581356169399093e-01
1.215287285882092874e+03 9.943075900776133791e-01 9.938267457707478103e-01 9.937837415311970846e-01
1.215307428730403672e+03 9.895338558860858891e-01 9.867692796121571019e-01 9.865953354186030033e-01
1.215327571578714924e+03 9.607561698151262375e-01 9.639027172153367129e-01 9.641113015416893361e-01
1.215347714427025721e+03 9.591921462277196442e-01 9.626704146354181368e-01 9.629050704802450955e-01
1.215367857275336519e+03 9.877264875896194507e-01 9.848187145201083847e-01 9.846383878719996430e-01
1.215388000123647544e+03 9.910081216020444339e-01 9.905220735021407208e-01 9.904762021479844858e-01
1.215408142971958341e+03 9.901677145319199846e-01 9.901110469549764259e-01 9.901064599456579352e-01
1.215428285820269139e+03 9.888514858456775025e-01 9.888141262644130070e-01 9.888112691654611375e-01
1.215448428668580164e+03 9.872148920299085306e-01 9.871648309171097146e-01 9.871609564776955281e-01
1.215468571516890961e+03 9.851480557672891436e-01 9.850778976959396749e-01 9.850722635178307263e-01
1.215488714365201758e+03 9.824782993594568525e-01 9.823762757154460568e-01 9.823677171757744242e-01
1.215508857213513011e+03 9.789319367376519976e-01 9.787751858139104311e-01 9.787613123760283695e-01
1.215529000061823808e+03 9.740400590154069116e-01 9.737465532601767837e-01 9.737210710713147810e-01
1.215549142910134606e+03 9.666312434105377438e-01 9.659602317917195258e-01 9.659034794763371456e-01
1.215569285758445631e+03 9.534703013078019707e-01 9.517885896401719892e-01 9.515972596055228827e-01
1.215589428606756428e+03 9.259683957858216852e-01 9.188631851361389602e-01 9.167173081295144632e-01
1.215609571455067226e+03 8.391796940928160087e-01 7.635688281079983097e-01 7.541217471865908628e-01
1.215629714303378250e+03 9.603336094774551912e-02 1.705865818294717562e-01 1.789280116987956304e-01
1.215649857151689048e+03 2.395704632872173082e-34 1.134188068422237877e-02 1.463126690152841136e-02
1.215670000000000300e+03 1.156596689521956191e-130 6.991154040646584860e-05 6.078087712425436166e-04
1.215690142848311098e+03 3.079289948304093078e-35 1.036441834520481636e-02 1.353936349849347263e-02
1.215710285696621895e+03 8.752341769228723367e-02 1.638209990024661056e-01 1.724211295271390887e-01
1.215730428544932920e+03 8.373026179100363509e-01 7.610964025906781227e-01 7.515647197388384271e-01
1.215750571393243717e+03 9.255253784724039035e-01 9.182813810856306214e-01 9.161032982269984304e-01
1.215770714241554515e+03 9.532777965665452102e-01 9.515765408460648000e-01 9.513818587930626958e-01
1.215790857089865540e+03 9.665241459619793307e-01 9.658478023688655822e-01 9.657905022610498991e-01
1.215810999938176337e+03 9.739728369734875768e-01 9.736767618679685876e-01 9.736510885316315145e-01
1.215831142786487135e+03 9.788825237241164379e-01 9.787250059339197561e-01 9.787110526581322967e-01
1.215851285634798387e+03 9.824401422259426697e-01 9.823377135846760311e-01 9.823291136295499992e-01
1.215871428483109185e+03 9.851176776401476820e-01 9.850472783564507839e-01 9.850416200291580715e-01
1.215891571331419982e+03 9.871902204612612586e-01 9.871400260563458762e-01 9.871361392213018338e-01
1.215911714179731007e+03 9.888313623393761853e-01 9.887944998653505069e-01 9.887917366415168718e-01
1.215931857028041804e+03 9.901556624810592400e-01 9.901279186741108740e-01 9.901258977588583976e-01
1.215951999876352602e+03 9.912414845672040675e-01 9.912201663263688900e-01 9.912186526211692605e-01
1.215972142724663627e+03 9.921440529062193203e-01 9.921273780012082044e-01 9.921262208581842490e-01
1.215992285572974424e+03 9.929032770339699665e-01 9.928900309060506579e-01 9.928891305970076742e-01
1.216012428421285222e+03 9.935486288383397202e-01 9.935379627091890375e-01 9.935372513448607057e-01
1.216032571269596474e+03 9.941022854941519160e-01 9.940935930952038424e-01 9.940930233259489546e-01
1.216052714117907271e+03 9.945812133909928132e-01 9.945740532394499178e-01 9.945735913302213849e-01
1.216072856966218069e+03 9.949985842665973745e-01 9.949926292918427340e-01 9.949922507494546320e-01
1.216092999814529094e+03 9.953647584978889684e-01 9.953597626148201760e-01 9.953594493537073484e-01
1.216113142662839891e+03 9.956879811477523656e-01 9.956837566131143680e-01 9.956834950753125080e-01
1.216133285511150689e+03 9.959748834173159926e-01 9.959712852006922246e-01 9.959710650826664180e-01
1.216153428359461714e+03 9.962308497794271078e-01 9.962277645848843788e-01 9.962275779589698788e-01
1.216173571207772511e+03 9.964602907578461455e-01 9.964576291826505727e-01 9.964574698802836084e-01
1.216193714056083309e+03 9.966668483112455235e-01 9.966645391564469270e-01 9.966644023282873466e-01
1.216213856904394561e+03 9.968535523153476685e-01 9.968515383975312671e-01 9.968514201951694798e-01
1.216233999752705358e+03 9.970229410448757656e-01 9.970211760728451278e-01 9.970210734154215659e-01
1.216254142601016156e+03 9.971771548081747039e-01 9.971756010274140936e-01 9.971755114284271970e-01
1.216274285449327181e+03 9.973180093336508900e-01 9.973166357325737863e-01 9.973165571699396104e-01
1.216294428297637978e+03 9.974470537368084200e-01 9.974458346693769739e-01 9.974457654869626211e-01
1.216314571145948776e+03 9.975656166468899189e-01 9.975645307671464623e-01 9.975644695994662081e-01
1.216334713994259801e+03 9.976748431742816781e-01 9.976738726065929042e-01 9.976738183207281008e-01
1.216354856842570598e+03 9.977757247448825195e-01 9.977748544335651726e-01 9.977748060840145872e-01
1.216374999690881396e+03 9.978691233434495711e-01 9.978683405397346107e-01 9.978682973330410544e-01
1.216395142539192648e+03 9.979557913465127994e-01 9.979550852012206708e-01 9.979550464680692068e-01
1.216415285387503445e+03 9.980363878536042677e-01 9.980357490916154095e-01 9.980357142646653079e-01
1.216435428235814243e+03 9.981114922199516570e-01 9.981109128782907902e-01 9.981108814744465985e-01
1.216455571084125268e+03 9.981816153374853950e-01 9.981810885531654520e-01 9.981810601593084087e-01
1.216475713932436065e+03 9.982472090919328744e-01 9.982467289289460588e-01 9.982467031903815569e-01
1.216495856780746863e+03 9.983086743325397805e-01 9.983082356398415014e-01 9.983082122508855072e-01
1.216515999629057887e+03 9.983663676208338611e-01 9.983659659150161403e-01 9.983659446112884694e-01
1.216536142477368685e+03 9.984206069707192155e-01 9.984202383385013535e-01 9.984202188905754172e-01
1.216556285325679482e+03 9.984716767502340717e-01 9.984713377669443002e-01 9.984713199750920865e-01
1.216576428173990735e+03 9.985198318824652919e-01 9.985195195435353499e-01 9.985195032333559206e-01
1.216596571022301532e+03 9.985653014574901176e-01 9.985650131205986435e-01 9.985649981393668329e-01
1.216616713870612557e+03 9.986082918468912606e-01 9.986080251828829413e-01 9.986080113964838079e-01
1.216636856718923354e+03 9.986489893962955389e-01 9.986487423473813241e-01 9.986487296377283274e-01
1.216656999567234152e+03 9.986875627585317661e-01 9.986873335025614473e-01 9.986873217654135271e-01
1.216677142415545177e+03 9.987241649196193505e-01 9.987239518394559479e-01 9.987239409825635628e-01
1.216697285263855974e+03 9.987589349614420797e-01 9.987587366186384541e-01 9.987587265601653996e-01
1.216717428112166772e+03 9.987919995981048293e-01 9.987918147102300415e-01 9.987918053774066385e-01
1.216737570960478024e+03 9.988234745173372175e-01 9.988233019384095135e-01 9.988232932663793084e-01
1.216757713808788822e+03 9.988534655536763784e-01 9.988533042572536047e-01 9.988532961880810523e-01
1.216777856657099619e+03 9.988820697162580364e-01 9.988819187808054556e-01 9.988819112626232677e-01
1.216797999505410644e+03 9.989093760907991060e-01 9.989092346870127592e-01 9.989092276732869369e-01
1.216818142353721441e+03 9.989354666325958032e-01 9.989353340124121905e-01 9.989353274613046452e-01
1.216838285202032239e+03 9.989604168650266791e-01 9.989602923520853883e-01 9.989602862259032712e-01
1.216858428050343264e+03 9.989842964960458094e-01 9.989841794774033668e-01 9.989841737421205625e-01
1.216878570898654061e+03 9.990071699634480717e-01 9.990070598823770354e-01 9.990070545072171626e-01
1.216898713746964859e+03 9.990290969182087366e-01 9.990289932679284890e-01 9.990289882250018572e-01
1.216918856595276111e+03 9.990501326539290572e-01 9.990500349721458395e-01 9.990500302361320362e-01
1.216938999443586908e+03 9.990703284893307501e-01 9.990702363534730290e-01 9.990702319013455845e-01
1.216959142291897706e+03 9.990897321097906847e-01 9.990896451328467043e-01 9.990896409436283987e-01
1.216979285140208731e+03 9.991083878730874224e-01 9.991083056999623402e-01 9.991083017545105971e-01
1.216999427988519528e+03 9.991263370838228131e-01 9.991262593881448106e-01 9.991262556689652907e-01
1.217019570836830326e+03 9.991436182403851118e-01 9.991435447216976407e-01 9.991435412127782634e-01
1.217039713685141351e+03 9.991602672577719613e-01 9.991601976390613871e-01 9.991601943257248930e-01
1.217059856533452148e+03 9.991763176691534909e-01 9.991762516946657291e-01 9.991762485634400059e-01
1.217079999381762946e+03 9.991918008086629888e-01 9.991917382419693849e-01 9.991917352804735586e-01
1.217100142230074198e+03 9.992067459775617611e-01 9.992066865998416869e-01 9.992066837966823156e-01
1.217120285078384995e+03 9.992211805956382475e-01 9.992211242041511010e-01 9.992211215488306930e-01
1.217140427926695793e+03 9.992351303394632067e-01 9.992350767461812833e-01 9.992350742290183607e-01
1.217160570775006818e+03 9.992486192688909696e-01 9.992485682992747753e-01 9.992485659113286012e-01
1.217180713623317615e+03 9.992616699430380001e-01 9.992616214349357984e-01 9.992616191679437598e-01
1.217200856471628413e+03 9.992743035267973584e-01 9.992742573294541852e-01 9.992742551757705094e-01
1.217220999319939438e+03 9.992865398888252093e-01 9.992864958619843696e-01 9.992864938145287201e-01
1.217241142168250235e+03 9.992983976918113909e-01 9.992983557049019971e-01 9.992983537571107355e-01
1.217261285016561033e+03 9.993098944757572433e-01 9.993098544071542522e-01 9.993098525529393594e-01
1.217281427864872285e+03 9.993210467348990766e-01 9.993210084712498276e-01 9.993210067049571599e-01
1.217301570713183082e+03 9.993318699888299461e-01 9.993318334244383205e-01 9.993318317408144136e-01
1.217321713561493880e+03 9.993423788483353221e-01 9.993423438845974172e-01 9.993423422787574006e-01
1.217341856409804905e+03 9.993525870763771968e-01 9.993525536212651827e-01 9.993525520886616942e-01
1.217361999258115702e+03 9.993625076446318589e-01 9.993624756122182484e-01 9.993624741486164531e-01
1.217382142106426500e+03 9.993721527859462661e-01 9.993721220959667084e-01 9.993721206974198745e-01
1.217402284954737524e+03 9.993815340430289851e-01 9.993815046204789221e-01 9.993815032833055501e-01
1.217422427803048322e+03 9.993906623136744605e-01 9.993906340884373130e-01 9.993906328092029279e-01
1.217442570651359119e+03 9.993995478927938381e-01 9.993995207992961705e-01 9.993995195747922278e-01
1.217462713499670372e+03 9.994082005114780509e-01 9.994081744883730467e-01 9.994081733156018332e-01
1.217482856347981169e+03 9.994166293733361961e-01 9.994166043632075613e-01 9.994166032393649868e-01
1.217502999196291967e+03 9.994248431882949424e-01 9.994248191373852341e-01 9.994248180598495068e-01
1.217523142044602992e+03 9.994328502040586981e-01 9.994328270620160826e-01 9.994328260283308341e-01
1.217543284892913789e+03 9.994406582353877466e-01 9.994406359550315200e-01 9.994406349628964792e-01
1.217563427741224814e+03 9.994482746913676552e-01 9.994482532284698628e-01 9.994482522757290877e-01
1.217583570589535611e+03 9.994557066008008528e-01 9.994556859138856719e-01 9.994556849985172242e-01
1.217603713437846409e+03 9.994629606358643725e-01 9.994629406860194853e-01 9.994629398061247727e-01
1.217623856286157661e+03 9.994700431341547731e-01 9.994700238848565066e-01 9.994700230386535100e-01
1.217643999134468459e+03 9.994769601192279307e-01 9.994769415361809406e-01 9.994769407219958879e-01
1.217664141982779256e+03 9.994837173197566038e-01 9.994836993707425510e-01 9.994836985870009238e-01
1.217684284831090281e+03 9.994903201873854837e-01 9.994903028421223690e-01 9.994903020873444621e-01
1.217704427679401078e+03 9.994967739133886475e-01 9.994967571434016929e-01 9.994967564161943985e-01
1.217724570527711876e+03 9.995030834442055756e-01 9.995030672227067647e-01 9.995030665217571331e-01
1.217744713376022901e+03 9.995092534959383324e-01 9.995092377977128351e-01 9.995092371217852989e-01
1.217764856224333698e+03 9.995152885678865173e-01 9.995152733691884395e-01 9.995152727171179308e-01
1.217784999072644496e+03 9.995211929551757191e-01 9.995211782336318462e-01 9.995211776043196883e-01
1.217805141920955748e+03 9.995269707605587417e-01 9.995269564950770569e-01 9.995269558874857463e-01
1.217825284769266545e+03 9.995326259054310158e-01 9.995326120761174327e-01 9.995326114892677527e-01
1.217845427617577343e+03 9.995381621401303596e-01 9.995381487282092303e-01 9.995381481611758101e-01
1.217865570465888368e+03 9.995435830535575050e-01 9.995435700413004554e-01 9.995435694932087722e-01
1.217885713314199165e+03 9.995488920821765655e-01 9.995488794528332166e-01 9.995488789228567095e-01
1.217905856162509963e+03 9.995540925184291936e-01 9.995540802561655447e-01 9.995540797435208402e-01
1.217925999010820988e+03 9.995591875186077280e-01 9.995591756084466484e-01 9.995591751123927837e-01
1.217946141859131785e+03 9.995641801102252977e-01 9.995641685379919039e-01 9.995641680578272181e-01
1.217966284707442583e+03 9.995690731989166355e-01 9.995690619510579911e-01 9.995690614788748096e-01
1.217986427555753835e+03 9.995738695748981328e-01 9.995738568837243543e-01 9.995738542419423389e-01
1.218006570404064632e+03 9.995785719190267704e-01 9.995780285810074162e-01 9.995780113047505466e-01
