# EXHALE lower-atmosphere profile (docs/phase_e_flux_closure_design.md section 2)
# solution_id d597965a5e60696cf16661703dd85c6bd078f2be938fbff674e72336351815eb
# source_code photochem
# source_version photochem 0.9.0, photochem_to_lower_profile.py
# mechanism zahnle_HHeNOC_rxns.yaml sha256 908cc51ef08cfce6
# stellar_flux lhs1140_sed_gj1132_at_b.txt sha256 37a95348aeb58b91 dilution 1.000000E+00
# p_match_bar 9.99999999999999955E-07
# p_top_bar 1.09725432094908321E-08
# p_deep_bar 1.67309812429852052E+01
# trial_flux_H 4.76820698819999956E+06
# trial_flux_He 2.04336485500000007E+07
# measured_flux_H 4.76879245823549293E+06
# measured_flux_He 2.04361747906929366E+07
# iteration 0
# reached_steady_state T
# notes F_H and F_He columns are the STATED trial fluxes; the header measured_flux_* are what the solution carries across its own top. measured elemental escape at the model top (r_top = 1.145634e+09 cm): H 4.768792e+06 g/s, He 2.043617e+07 g/s; imposed H 4.768207e+06, He 2.043365e+07; atomic-H share of the hydrogen nuclei at the top 3.504e-40 imposed, 1.182e-04 converged. climate solved: deep boundary 20 bar at 519.8 K, background He, tropopause 1.305 bar at 185.2 K, cold-trap f_H2O 1.070e-07 (deep 1.732e-04). cold trap at the match: O/H gas 5.5351e-07 vs all-carrier 5.5351e-07; C/H gas 2.7775e-04 vs all-carrier 2.7775e-04; N/H gas 8.1885e-05 vs all-carrier 8.1885e-05; chemistry q_H2O at the tropopause (1.305 bar) 1.0217e-06, at the match 1.5290e-07.
# units p[bar] r[R_J] T[K] n_tot[cm^-3] rho[g/cm^3] Kzz[cm^2/s] q_*[-] X_*[El/H nuclei] F_*[g/s]
# columns: p r T n_tot rho Kzz q_H2 q_H X_He X_C X_N X_O F_H F_He q_H2O q_CO q_CO2 q_CH4 q_NH3 q_HCN q_N2 q_OH q_C2H2
  1.67309812429852052E+01   1.56232759579130687E-01   4.85917294758831758E+02   2.49388126651271512E+20   1.54184336185848761E-03   1.00000000000000000E+09   1.42503227803970900E-01   1.39304088847270289E-22   2.99999999999999245E+00   2.77588000000000704E-04   8.18464999999994136E-05   6.06177999999999969E-04   4.76820698819999956E+06   2.04336485500000007E+07   1.73209475731510163E-04   3.25128435124271516E-19   7.18743332975408473E-20   7.93180748032747281E-05   2.33800682547778941E-05   7.84337136649862004E-25   3.38707517778118095E-09   1.15965947796642990E-31   1.77477620304674083E-37
  1.59502238714701363E+01   1.56272075487122825E-01   4.77705429454548721E+02   2.41837320871995900E+20   1.49516045627687039E-03   1.00000000000000000E+09   1.42503227851019376E-01   4.87539062013650644E-23   3.00000000261476707E+00   2.77587999997652485E-04   8.18389521932518839E-05   6.06178000528339168E-04   4.76820698819999956E+06   2.04336485500000007E+07   1.73209475939846468E-04   3.25128435231614425E-19   1.13662088456102821E-19   7.93180748294622763E-05   2.33800682624970240E-05   7.84337136908813032E-25   2.30871895745832646E-09   2.97314985423577794E-32   6.35755579745290957E-38
  1.45027434889040503E+01   1.56348404103394845E-01   4.61357920070883381E+02   2.27682107366192153E+20   1.40764577545251287E-03   1.00000000000000000E+09   1.42503227902971569E-01   1.81511855330221828E-14   3.00000001004379024E+00   2.77588000681770069E-04   8.18389523948933624E-05   6.06176761489422671E-04   4.76820698819999956E+06   2.04336485500000007E+07   1.73209121528478891E-04   1.19364743062118063E-17   1.13822031036736148E-19   7.93180747013207197E-05   2.33800676176485949E-05   2.55410079842431669E-15   2.30897586495758725E-09   6.54568064523707548E-24   4.53054760455720199E-15
  1.31418759254369863E+01   1.56424732698477981E-01   4.44426336777498932E+02   2.14177720752516301E+20   1.32415483343242997E-03   1.00000000000000000E+09   1.42503228010161104E-01   3.75301703095532473E-14   3.00000002559678425E+00   2.77588002117355119E-04   8.18389528180799811E-05   6.06174169920864502E-04   4.76820698819999956E+06   2.04336485500000007E+07   1.73208380242848112E-04   2.42682234006413344E-17   1.13992003639570419E-19   7.93180745940699907E-05   2.33800669408859464E-05   5.26829801253533702E-15   2.30924886883472275E-09   7.20855196083959794E-24   9.34871490948410263E-15
  1.18634950989732264E+01   1.56501061269841008E-01   4.26841153916107885E+02   2.01308951657307668E+20   1.24459359636639377E-03   1.00000000000000000E+09   1.42503228236984247E-01   5.87974389287294714E-14   3.00000005876487785E+00   2.77588005182649285E-04   8.18389537217366472E-05   6.06168645951610154E-04   4.76820698819999956E+06   2.04336485500000007E+07   1.73206800180473092E-04   3.73584285051241252E-17   1.14172785376315365E-19   7.93180745428137367E-05   2.33800662395998848E-05   8.15509071796572378E-15   2.30953918018381932E-09   5.57166296786133495E-24   1.44860221707140089E-14
  1.06663713388058294E+01   1.56577389827737112E-01   4.10579879012002095E+02   1.88163660883746128E+20   1.16332275528403914E-03   1.00000000000000000E+09   1.42503228730029075E-01   8.30948733393630033E-14   3.00000013113989183E+00   2.77588011875396770E-04   8.18389556948401447E-05   6.06156595136295552E-04   4.76820698819999956E+06   2.04336485500000007E+07   1.73203353195088114E-04   5.12777043355821600E-17   1.14365694724152715E-19   7.93180746277903994E-05   2.33800655324388705E-05   1.12355991456306351E-14   2.30984885556577066E-09   3.88469267322151980E-24   1.99939852377238750E-14
  9.54948574821544227E+00   1.56653718362613270E-01   3.93966330103077382E+02   1.75564860325934727E+20   1.08543057703883671E-03   1.00000000000000000E+09   1.42503229828773753E-01   1.11999854642936257E-13   3.00000029274431590E+00   2.77588026824139480E-04   8.18389601019845939E-05   6.06129690521652184E-04   4.76820698819999956E+06   2.04336485500000007E+07   1.73195657465767170E-04   6.61093124025864796E-17   1.14572291327843499E-19   7.93180750364362407E-05   2.33800648687344377E-05   1.45347442667520593E-14   2.31018032100058182E-09   2.39702608976246539E-24   2.59351428538293390E-14
  8.50895672776747247E+00   1.56730046880608043E-01   3.76637922381448391E+02   1.63632281932200280E+20   1.01165728657885896E-03   1.00000000000000000E+09   1.42503232335586372E-01   1.47531954010141967E-13   3.00000066181035718E+00   2.77588060968850410E-04   8.18389701685108063E-05   6.06068250694995225E-04   4.76820698819999956E+06   2.04336485500000007E+07   1.73178083372066047E-04   8.19138158334598342E-17   1.14793862505621341E-19   7.93180762141154649E-05   2.33800643748811342E-05   1.80730634476527046E-14   2.31053555214309054E-09   1.29993782724634544E-24   3.23679534378024870E-14
  7.54258255900998353E+00   1.56806375381075808E-01   3.60093657727757204E+02   1.51712483453426631E+20   9.37962932787984416E-04   1.00000000000000000E+09   1.42503238213135264E-01   1.92431281413830407E-13   3.00000152753324656E+00   2.77588141068444252E-04   8.18389937835247762E-05   6.05924134734408507E-04   4.76820698819999956E+06   2.04336485500000007E+07   1.73136860818640548E-04   9.87909906662722343E-17   1.15032269118474546E-19   7.93180792513819075E-05   2.33800643652792568E-05   2.18802256157608991E-14   2.31091744074623095E-09   6.71726084703758714E-25   3.93708042426071292E-14
  6.64896269056151379E+00   1.56882703846532467E-01   3.43532964182302806E+02   1.40185210012132475E+20   8.66695195484937599E-04   1.00000000000000000E+09   1.42503252392158192E-01   2.50440513638252105E-13   3.00000361646363878E+00   2.77588334350099310E-04   8.18390507670531051E-05   6.05576397614675916E-04   4.76820698819999956E+06   2.04336485500000007E+07   1.73037395083305091E-04   1.16874919989968416E-16   1.15289899068483071E-19   7.93180868903573650E-05   2.33800656391588792E-05   2.59942815787787776E-14   2.31132974197743915E-09   3.17000854290909782E-25   4.70413884206740722E-14
  5.82462338162597959E+00   1.56959032279845145E-01   3.26149811601632450E+02   1.29350298296914756E+20   7.99707585618319550E-04   1.00000000000000000E+09   1.42503287572325693E-01   3.26585863919553467E-13   3.00000879993600700E+00   2.77588813967201095E-04   8.18391921684624989E-05   6.04713528505150554E-04   4.76820698819999956E+06   2.04336485500000007E+07   1.72790582972721045E-04   1.36284925746673998E-16   1.15568974531602709E-19   7.93181061976296309E-05   2.33800702710962469E-05   3.04505408320664032E-14   2.31177603323280045E-09   1.28300134221865507E-25   5.54760927906280962E-14
  5.06758407661846988E+00   1.57035360628816206E-01   3.09898955821636093E+02   1.18439773238946775E+20   7.32251537541025533E-04   1.00000000000000000E+09   1.42503377835260542E-01   4.28081061309302576E-13   3.00002210000319769E+00   2.77590044606697110E-04   8.18395549875230066E-05   6.02499533040405265E-04   4.76820698819999956E+06   2.04336485500000007E+07   1.72157302672729286E-04   1.57211458189190774E-16   1.15872729156536255E-19   7.93181561399689439E-05   2.33800838396320004E-05   3.53001948951172142E-14   2.31226179550062653E-09   5.12933490106056451E-26   6.48040644669958861E-14
  4.37599109666316544E+00   1.57111688811602257E-01   2.93044058112287189E+02   1.08158393300162757E+20   6.68682796296436862E-04   1.00000000000000000E+09   1.42503617377636421E-01   5.65026863044466468E-13   3.00005739728926901E+00   2.77593310633479358E-04   8.18405178828104907E-05   5.96623778673647598E-04   4.76820698819999956E+06   2.04336485500000007E+07   1.70476654322023673E-04   1.79906008050402332E-16   1.16205104985351923E-19   7.93182891440671710E-05   2.33801217835435155E-05   4.06049918326163085E-14   2.31279449583964550E-09   1.98597209377441313E-26   7.51789732797466399E-14
  3.74667559176412546E+00   1.57188016535771219E-01   2.76199074941821436E+02   9.82518165566996644E+19   6.07425202833490867E-04   1.00000000000000000E+09   1.42504275918326234E-01   7.50274814640970359E-13   3.00015443970164197E+00   2.77602289894783312E-04   8.18431651633135497E-05   5.80469645497302868E-04   4.76820698819999956E+06   2.04336485500000007E+07   1.65856244907694120E-04   2.04660507451187741E-16   1.16570475585255316E-19   7.93186553328081764E-05   2.33802283377845524E-05   4.64313369564786541E-14   2.31338486253656120E-09   1.22062438905772912E-26   8.67655992214050679E-14
  3.17750701587514595E+00   1.57264342974071492E-01   2.59648829402273122E+02   8.86373710348496896E+19   5.47957783863384749E-04   1.00000000000000000E+09   1.42506155083731684E-01   9.96403173304194007E-13   3.00043138362220718E+00   2.77627915321615611E-04   8.18507200937884145E-05   5.34368277597782560E-04   4.76820698819999956E+06   2.04336485500000007E+07   1.52671728313961768E-04   2.31851846957694192E-16   1.16975190273856991E-19   7.93197008892116632E-05   2.33805349993910408E-05   5.28704150440460241E-14   2.31405465540219180E-09   1.66232931212195651E-26   9.97784243150134256E-14
  2.66590427497832616E+00   1.57340665636972965E-01   2.42727641785273619E+02   7.95503384791022469E+19   4.91708877594868293E-04   1.00000000000000000E+09   1.42511643533165505E-01   1.31417549202689108E-12   3.00124050151756983E+00   2.77702782450339660E-04   8.18727925440475795E-05   3.99678777215569021E-04   4.76820698819999956E+06   2.04336485500000007E+07   1.14163866277663465E-04   2.61921201557937776E-16   1.17427964463169693E-19   7.93227553454500166E-05   2.33814336404936800E-05   6.00309833297063880E-14   2.31485303777446521E-09   2.76077743415852812E-26   1.14465594430135801E-13
  2.20958606812410352E+00   1.57416981817234819E-01   2.26440289200469152E+02   7.06763217825915863E+19   4.36720053286958213E-04   1.00000000000000000E+09   1.42523334748719366E-01   1.72097965711168835E-12   3.00296529154598124E+00   2.77862376109399894E-04   8.19198442097591052E-05   1.12562273634539788E-04   4.76820698819999956E+06   2.04336485500000007E+07   3.21363500638690517E-05   2.95469632977456351E-16   1.17939954906804599E-19   7.93292622371402184E-05   2.33833497282919936E-05   6.80581763193249521E-14   2.31583605041389359E-09   1.95645600826247747E-26   1.31142630919469339E-13
  1.80599023829754346E+00   1.57493306291896229E-01   2.09792981978757041E+02   6.23506750553244385E+19   3.85236329800612122E-04   1.00000000000000000E+09   1.42527018346807061E-01   2.24591260423237175E-12   3.00350907954128576E+00   2.77912692435974124E-04   8.19346785519661672E-05   2.20408082645615213E-05   4.76820698819999956E+06   2.04336485500000007E+07   6.29163901364721618E-06   3.33220166308977005E-16   1.18510787459302280E-19   7.93313119753046833E-05   2.33839517636848351E-05   7.71270235420364709E-14   2.31679038972188130E-09   1.07654036028569522E-26   1.50181575789043338E-13
  1.45196356360033363E+00   1.57569633802621845E-01   1.93060628948413296E+02   5.44726769968802693E+19   3.36554965715100420E-04   1.00000000000000000E+09   1.42527769472400867E-01   2.93364897367075341E-12   3.00361998381997841E+00   2.77922954319911343E-04   8.19377039772794770E-05   3.57916096875941400E-06   4.76820698819999956E+06   2.04336485500000007E+07   1.02165381252633850E-06   3.76105782881434149E-16   1.19158649707694286E-19   7.93317293990774224E-05   2.33840723532244471E-05   8.74633255928279871E-14   2.31782016247053915E-09   5.55042792578228526E-27   1.72047646938349886E-13
  1.15245862824707768E+00   1.57645961960828196E-01   1.87055441119719660E+02   4.46243307084929106E+19   2.75706923158899441E-04   1.00000000000000000E+09   1.42527882913806553E-01   3.87562453795221757E-12   3.00363673316940227E+00   2.77924504107102393E-04   8.19381608877991233E-05   7.90973547781916545E-07   4.76820698819999956E+06   2.04336485500000007E+07   2.25778402171161987E-07   4.26831580293945042E-16   1.19926378313627891E-19   7.93317917567942451E-05   2.33840878282812774E-05   9.97219234653303340E-14   2.31902653308627668E-09   2.81087506656297794E-27   1.98098792267291494E-13
  9.10475961496614139E-01   1.57722290207742283E-01   1.85174191071089382E+02   3.56126872029989888E+19   2.20029336134111786E-04   1.00000000000000000E+09   1.42527892568378556E-01   5.20457882575354917E-12   3.00363815735842188E+00   2.77924635862404049E-04   8.19381997317417663E-05   5.53879015542188762E-07   4.76820698819999956E+06   2.04336485500000007E+07   1.58101196381044194E-07   4.89565143034215000E-16   1.20878001895661881E-19   7.93317961526412806E-05   2.33840855237956481E-05   1.14918505468645390E-13   2.32051721889298810E-09   3.31509767145030005E-27   2.30497752604384460E-13
  7.18606652768084553E-01   1.57798618447857447E-01   1.85174191071089382E+02   2.81078414250029261E+19   1.73661416045465579E-04   1.00000000000000000E+09   1.42527892579380450E-01   7.08281619129153231E-12   3.00363815722214422E+00   2.77924635819130829E-04   8.19381997185097835E-05   5.53879015449684611E-07   4.76820698819999956E+06   2.04336485500000007E+07   1.58101194164205287E-07   5.68573773448637186E-16   1.22079208098643041E-19   7.93317949176079512E-05   2.33840806172496737E-05   1.34100854354317180E-13   2.32239542927563078E-09   4.82967272575480183E-27   2.71503396609010033E-13
  5.67300789169940756E-01   1.57874946666429927E-01   1.85174191071089382E+02   2.21896089617943265E+19   1.37096223630078204E-04   1.00000000000000000E+09   1.42527892593188571E-01   9.71334634097157314E-12   3.00363815704948323E+00   2.77924635764299961E-04   8.19381997017436947E-05   5.53879015332473568E-07   4.76820698819999956E+06   2.04336485500000007E+07   1.58101191352380607E-07   6.68564889681863804E-16   1.23602813876881825E-19   7.93317933425370940E-05   2.33840743934007330E-05   1.58431678495219311E-13   2.32477366186883488E-09   7.07860536019998556E-27   3.23642749807831660E-13
  4.47955426923648814E-01   1.57951274868214309E-01   1.85174191071089382E+02   1.75214911480967209E+19   1.08254736389287666E-04   1.00000000000000000E+09   1.42527892610516821E-01   1.33584011098849868E-11   3.00363815683077684E+00   2.77924635694840928E-04   8.19381996805046078E-05   5.53879015183991446E-07   4.76820698819999956E+06   2.04336485500000007E+07   1.58101187786707907E-07   7.95079817818298894E-16   1.25534901665189656E-19   7.93317913336440557E-05   2.33840664997706475E-05   1.89285648601354192E-13   2.32778424318597491E-09   1.06347026335038921E-26   3.89913878491271848E-13
  3.53797967527612001E-01   1.58027603051483806E-01   1.85174191071089382E+02   1.38385821080950026E+19   8.55002605329568803E-05   1.00000000000000000E+09   1.42527892632260289E-01   1.83645711845085783E-11   3.00363815655380906E+00   2.77924635606871312E-04   8.19381996536054164E-05   5.53879014995939120E-07   4.76820698819999956E+06   2.04336485500000007E+07   1.58101183266129278E-07   9.55110260000777231E-16   1.27984418613482523E-19   7.93317887709535309E-05   2.33840564900775609E-05   2.28402567368215673E-13   2.33159416345485314E-09   1.62787037178145426E-26   4.74119382259538041E-13
  2.79495511625823867E-01   1.58103931216022509E-01   1.85174191071089382E+02   1.09322888808741458E+19   6.75440258413034241E-05   1.00000000000000000E+09   1.42527892659542715E-01   2.51860360006195535E-11   3.00363815620313934E+00   2.77924635495484229E-04   8.19381996195455033E-05   5.53879014757825982E-07   4.76820698819999956E+06   2.04336485500000007E+07   1.58101177536242663E-07   1.15747450063619584E-15   1.31089217964978903E-19   7.93317855009007639E-05   2.33840437997535191E-05   2.77983845655405533E-13   2.33641404799886300E-09   2.57749130015121599E-26   5.81081691763409388E-13
  2.20847848172587402E-01   1.58180259362195069E-01   1.85174191071089382E+02   8.63832288718257971E+18   5.33709921736581655E-05   1.00000000000000000E+09   1.42527892693775915E-01   3.44140282518191490E-11   3.00363815575925797E+00   2.77924635354477991E-04   8.19381995764286125E-05   5.53879014456394485E-07   4.76820698819999956E+06   2.04336485500000007E+07   1.58101170275223321E-07   1.41329030135374357E-15   1.35023688296780517E-19   7.93317813267907453E-05   2.33840277150264934E-05   3.40814335596929151E-13   2.34250941073620777E-09   4.12902995297216211E-26   7.16915845248901113E-13
  1.74546117403665269E-01   1.58256587490161138E-01   1.85174191071089382E+02   6.82726018529571635E+18   4.21815269772746039E-05   1.00000000000000000E+09   1.42527892736735912E-01   4.68144775286989546E-11   3.00363815519752109E+00   2.77924635176018042E-04   8.19381995218589553E-05   5.53879014074895610E-07   4.76820698819999956E+06   2.04336485500000007E+07   1.58101161076049075E-07   1.73656920158317055E-15   1.40008385752506029E-19   7.93317759965006894E-05   2.33840073336831349E-05   4.20416149946945067E-13   2.35021475807376064E-09   6.70241946975510035E-26   8.89374913450556726E-13
  1.37983055429712897E-01   1.58332915599874585E-01   1.85174191071089382E+02   5.39711930917432627E+18   3.33455482214623400E-05   1.00000000000000000E+09   1.42527892790656724E-01   6.33761545445807619E-11   3.00363815448680160E+00   2.77924634950208274E-04   8.19381994528104422E-05   5.53879013592173016E-07   4.76820698819999956E+06   2.04336485500000007E+07   1.58101149424063900E-07   2.14496317583712171E-15   1.46322192349836915E-19   7.93317691866214365E-05   2.33839815153768645E-05   5.21242820891471873E-13   2.35995124783116251E-09   1.09342574345341004E-25   1.10828722978358339E-12
  1.09103761483494779E-01   1.58409243691083029E-01   1.85174191071089382E+02   4.26752412441012838E+18   2.63664602015908223E-05   1.00000000000000000E+09   1.42527892858350519E-01   8.53721484725059198E-11   3.00363815358778341E+00   2.77924634664550275E-04   8.19381993654611114E-05   5.53879012981507577E-07   4.76820698819999956E+06   2.04336485500000007E+07   1.58101134668664753E-07   2.66070241914287973E-15   1.54317659321859747E-19   7.93317604820027592E-05   2.33839488189873335E-05   6.48924321388549134E-13   2.37224877497526686E-09   1.78502374443305024E-25   1.38610958991615943E-12
  8.62883071929658046E-02   1.58485571763327143E-01   1.85174191071089382E+02   3.37511216472770816E+18   2.08527844169980613E-05   1.00000000000000000E+09   1.42527892943357493E-01   1.14438473606571051E-10   3.00363815245084487E+00   2.77924634303264892E-04   8.19381992549859787E-05   5.53879012209166630E-07   4.76820698819999956E+06   2.04336485500000007E+07   1.58101115987579577E-07   3.31177281618312615E-15   1.64440365433016474E-19   7.93317493493644503E-05   2.33839074237554630E-05   8.10576202547895408E-13   2.38777355997512549E-09   2.90852903361923649E-25   1.73862686422828649E-12
  6.82593725370846671E-02   1.58561899818448149E-01   1.85174191071089382E+02   2.66992187123791053E+18   1.64958384991718805E-05   1.00000000000000000E+09   1.42527893050134052E-01   1.52675056790799786E-10   3.00363815101335252E+00   2.77924633846435385E-04   8.19381991152944977E-05   5.53879011232570994E-07   4.76820698819999956E+06   2.04336485500000007E+07   1.58101092341807821E-07   4.13339388124170965E-15   1.77253335319951918E-19   7.93317351032569014E-05   2.33838550296867583E-05   1.01518953569177043E-12   2.40736256328890907E-09   4.72312269556098032E-25   2.18583633347089433E-12
  5.40095563842058687E-02   1.58638227855056518E-01   1.85174191071089382E+02   2.11254939045484442E+18   1.30521697798415254E-05   1.00000000000000000E+09   1.42527893184289434E-01   2.02776154703120697E-10   3.00363814919626471E+00   2.77924633268925502E-04   8.19381989387002712E-05   5.53879009997983098E-07   4.76820698819999956E+06   2.04336485500000007E+07   1.58101062418796813E-07   5.16987323494084957E-15   1.93467833471687561E-19   7.93317168621754317E-05   2.33837887311963282E-05   1.27412266843770474E-12   2.43206634814415695E-09   7.63904760708091904E-25   2.75306490513422361E-12
  4.27441576342835541E-02   1.58714555872529750E-01   1.85174191071089382E+02   1.67191049512522726E+18   1.03297275483155070E-05   1.00000000000000000E+09   1.42527893352881713E-01   2.68199348886012671E-10   3.00363814689987096E+00   2.77924632539022711E-04   8.19381987155056937E-05   5.53879008437605684E-07   4.76820698819999956E+06   2.04336485500000007E+07   1.58101024560797487E-07   6.47693275607756862E-15   2.13982189701370627E-19   7.93316934920343229E-05   2.33837048562078510E-05   1.60172123747663202E-12   2.46320237081622000E-09   1.23082554413866296E-24   3.47237968384510490E-12
  3.38361240572482361E-02   1.58790883872644839E-01   1.85174191071089382E+02   1.32347843674193638E+18   8.17697580392803155E-06   1.00000000000000000E+09   1.42527893564788871E-01   3.53384640751194214E-10   3.00363814399840168E+00   2.77924631616723473E-04   8.19381984334777933E-05   5.53879006465916377E-07   4.76820698819999956E+06   2.04336485500000007E+07   1.58100976674555241E-07   8.12462534172571655E-15   2.39930739718453596E-19   7.93316635334693836E-05   2.33835987609397447E-05   2.01609971165865321E-12   2.50242109999380159E-09   1.97773218364442881E-24   4.38436776228223597E-12
  2.67905732630016359E-02   1.58867211854218204E-01   1.85174191071089382E+02   1.04789620588775232E+18   6.47431924887245785E-06   1.00000000000000000E+09   1.42527893831172092E-01   4.64037169525600896E-10   3.00363814033325838E+00   2.77924630451578507E-04   8.19381980771892541E-05   5.53879003975060988E-07   4.76820698819999956E+06   2.04336485500000007E+07   1.58100916117498194E-07   1.02009908843690698E-14   2.72745502076411310E-19   7.93316251085434771E-05   2.33834645690433396E-05   2.54012632510608622E-12   2.55178785987248382E-09   3.17538185842973703E-24   5.54038033508345208E-12
  2.12168456319488906E-02   1.58943539816548685E-01   1.85174191071089382E+02   8.29883400417179648E+17   5.12734948535299744E-06   1.00000000000000000E+09   1.42527894166057684E-01   6.07487506817504081E-10   3.00363813570449256E+00   2.77924628979980218E-04   8.19381976271885945E-05   5.53879000829052932E-07   4.76820698819999956E+06   2.04336485500000007E+07   1.58100839554342028E-07   1.28166370858763957E-14   3.14233888435262648E-19   7.93315758013620652E-05   2.33832948437584031E-05   3.20266404989425813E-12   2.61388385767981329E-09   5.10678030045320097E-24   7.00536028698317702E-12
  1.68064852201769768E-02   1.59019867761134859E-01   1.85174191071089382E+02   6.57374962590062848E+17   4.06152379127915199E-06   1.00000000000000000E+09   1.42527894587063525E-01   7.93143467769794782E-10   3.00363812986008449E+00   2.77924627121747629E-04   8.19381970589560675E-05   5.53878996856473280E-07   4.76820698819999956E+06   2.04336485500000007E+07   1.58100742776458729E-07   1.61104769193199100E-14   3.66676592967641860E-19   7.93315125058481748E-05   2.33830801821300832E-05   4.04013381392342663E-12   2.69193049325645636E-09   8.24258021646443131E-24   8.86140250771256823E-12
  1.33158872952307862E-02   1.59096195687993103E-01   1.85174191071089382E+02   5.20842448488087552E+17   3.21797165295303363E-06   1.00000000000000000E+09   1.42527895116310560E-01   1.03305210311870843E-09   3.00363812248243756E+00   2.77924624775831254E-04   8.19381963415897156E-05   5.53878991841286914E-07   4.76820698819999956E+06   2.04336485500000007E+07   1.58100620474397364E-07   2.02569122371568515E-14   4.32950873023193277E-19   7.93314312324716505E-05   2.33828087158428659E-05   5.09848319732287330E-12   2.78994174594114604E-09   1.33564277805825469E-23   1.12122339523785946E-11
  1.05526203795262633E-02   1.59172523596190080E-01   1.85174191071089382E+02   4.12759023456610816E+17   2.55018929426641015E-06   1.00000000000000000E+09   1.42527895781561720E-01   1.34260324974214619E-09   3.00363811317143004E+00   2.77924621814910466E-04   8.19381954361532097E-05   5.53878985511294079E-07   4.76820698819999956E+06   2.04336485500000007E+07   1.58100465951466378E-07   2.54748250330375262E-14   5.16685772221812683E-19   7.93313268640247009E-05   2.33824654906008048E-05   6.43566522433327652E-12   2.91291016546624018E-09   2.16980484122578619E-23   1.41888480237104575E-11
  8.36464225950888686E-03   1.59248851485798509E-01   1.85174191071089382E+02   3.27177653172982144E+17   2.02143357346880643E-06   1.00000000000000000E+09   1.42527896617643091E-01   1.74142224759660653E-09   3.00363810142306775E+00   2.77924618078600430E-04   8.19381942935975687E-05   5.53878977523602180E-07   4.76820698819999956E+06   2.04336485500000007E+07   1.58100270763187399E-07   3.20388276013171938E-14   6.22457518372139562E-19   7.93311928485051262E-05   2.33820316797684318E-05   8.12475871533863049E-12   3.06703270176253612E-09   3.52783641668667177E-23   1.79565879633757964E-11
  6.63179573827320408E-03   1.59325179356688690E-01   1.85174191071089382E+02   2.59398465428000896E+17   1.60266681204308477E-06   1.00000000000000000E+09   1.42527897668213832E-01   2.25451224011252629E-09   3.00363808660265796E+00   2.77924613364908212E-04   8.19381928521479885E-05   5.53878967446363962E-07   4.76820698819999956E+06   2.04336485500000007E+07   1.58100024263535244E-07   4.02933345023872196E-14   7.56035438968778595E-19   7.93310208146242110E-05   2.33814835753222265E-05   1.02578953641692277E-11   3.25998319125068725E-09   6.06147915279741032E-23   2.27240500447468671E-11
  5.25910067958240517E-03   1.59401507210400473E-01   1.85174191071089382E+02   2.05706372701135936E+17   1.27093572269071235E-06   1.00000000000000000E+09   1.42527898987966639E-01   2.91371439750332119E-09   3.00363806791112387E+00   2.77924607419499604E-04   8.19381910340201462E-05   5.53878954735827366E-07   4.76820698819999956E+06   2.04336485500000007E+07   1.58099713033992793E-07   5.06701581280559770E-14   9.24691385448141782E-19   7.93308000921181562E-05   2.33807912918874929E-05   1.29512009984343375E-11   3.50123861047940329E-09   3.66982384071717895E-22   2.87542735877673971E-11
  4.17146173379425757E-03   1.59477835045772787E-01   1.85174191071089382E+02   1.63164068231632448E+17   1.00809245678335924E-06   1.00000000000000000E+09   1.42527900645360223E-01   3.75955957852092991E-09   3.00363804434261716E+00   2.77924599922203959E-04   8.19381887412911649E-05   5.53878938707483786E-07   4.76820698819999956E+06   2.04336485500000007E+07   1.58099320165309585E-07   6.37105024562333360E-14   1.13758898017684662E-18   7.93305171145179553E-05   2.33799171161744882E-05   1.63510115437857680E-11   3.80246596443883583E-09   1.02805980601125132E-20   3.63788060551393914E-11
  3.30949203376310411E-03   1.59554162861683196E-01   1.85174191071089382E+02   1.29448672544289568E+17   7.99785341672773419E-07   1.00000000000000000E+09   1.42527902726007710E-01   4.84358690915000234E-09   3.00363801463131308E+00   2.77924590470063067E-04   8.19381858507129936E-05   5.53878918499826492E-07   4.76820698819999956E+06   2.04336485500000007E+07   1.58098824354040385E-07   8.00924446781475126E-14   1.40627316352786589E-18   7.93301546758847181E-05   2.33788134356503420E-05   2.06416907734755194E-11   4.17797553892128210E-09   1.97698456461118672E-19   4.60153835591666982E-11
  2.62621679848162133E-03   1.59630490660042756E-01   1.85174191071089382E+02   1.02722797005920976E+17   6.34662260095626459E-07   1.00000000000000000E+09   1.42527905336869459E-01   6.23120432814013382E-09   3.00363797718458869E+00   2.77924578556038449E-04   8.19381822071955804E-05   5.53878893028828120E-07   4.76820698819999956E+06   2.04336485500000007E+07   1.58098198765328540E-07   1.00665262228279025E-13   1.74528566475869801E-18   7.93296910048042379E-05   2.33774201866174101E-05   2.60554603935643361E-11   4.64524372347109387E-09   2.28412302543426339E-18   5.81901564891450943E-11
  2.08447087273040980E-03   1.59706818439705356E-01   1.85174191071089382E+02   8.15327502466812160E+16   5.03741728985711939E-07   1.00000000000000000E+09   1.42527908611430554E-01   8.00515981726973045E-09   3.00363792999907053E+00   2.77924563542267407E-04   8.19381776156207658E-05   5.53878860930761917E-07   4.76820698819999956E+06   2.04336485500000007E+07   1.58097409597433663E-07   1.26492295689567800E-13   2.17293785102476681E-18   7.93290986082475564E-05   2.33756617766455161E-05   3.28847576533980826E-11   5.22550407011960901E-09   1.72431174951864635E-17   7.35656189092647317E-11
  1.65484365971241970E-03   1.59783146201470411E-01   1.85174191071089382E+02   6.47281555092694880E+16   3.99916263508571016E-07   1.00000000000000000E+09   1.42527912716076954E-01   1.02696376304718355E-08   3.00363787055528508E+00   2.77924544626487495E-04   8.19381718305620951E-05   5.53878820490419624E-07   4.76820698819999956E+06   2.04336485500000007E+07   1.58096414261059612E-07   1.58904448099200979E-13   2.71227689767038612E-18   7.93283428242533707E-05   2.33734435009602926E-05   4.14977667913178305E-11   5.94439794658758512E-09   9.20557081621425490E-17   9.29756470094040478E-11
  1.31405594693143881E-03   1.59859473943502306E-01   1.85174191071089382E+02   5.13984612272314160E+16   3.17560114179899987E-07   1.00000000000000000E+09   1.42527917857935366E-01   1.31548658448475602E-08   3.00363779568539613E+00   2.77924520799884694E-04   8.19381645433757920E-05   5.53878769550996271E-07   4.76820698819999956E+06   2.04336485500000007E+07   1.58095159065222577E-07   1.99566917701442011E-13   3.39227984209657048E-18   7.93273800049706408E-05   2.33706476136196878E-05   5.23579348281573096E-11   6.83266538371367972E-09   3.71756300312193356E-16   1.17469245607038053E-10
  1.04367757228819688E-03   1.59935801668802419E-01   1.85174191071089382E+02   4.08227833512363840E+16   2.52219372821782647E-07   1.00000000000000000E+09   1.42527924294477359E-01   1.68220779282913405E-08   3.00363770140724951E+00   2.77924490794193729E-04   8.19381553659939422E-05   5.53878705400996456E-07   4.76820698819999956E+06   2.04336485500000007E+07   1.58093576291270844E-07   2.50562359421790830E-13   4.24929971988648672E-18   7.93261552289595344E-05   2.33671292832508783E-05   6.60484877176356168E-11   7.92684220650915018E-09   1.20108204346851511E-15   1.48364664034567305E-10
  8.29114133586338433E-04   1.60012129375517342E-01   1.85174191071089382E+02   3.24302711369339000E+16   2.00367096647107616E-07   1.00000000000000000E+09   1.42527932345175967E-01   2.14689382712109652E-08   3.00363758271613879E+00   2.77924453015315992E-04   8.19381438105793309E-05   5.53878624632321072E-07   4.76820698819999956E+06   2.04336485500000007E+07   1.58091580528320253E-07   3.14494411378010762E-13   5.32877338207008363E-18   7.93245994115049434E-05   2.33627124480156297E-05   8.33032198920618321E-11   9.26991147171266260E-09   3.24963888234841632E-15   1.87315512467847538E-10
  6.58806115808803581E-04   1.60088457063510520E-01   1.85174191071089382E+02   2.57687815185759840E+16   1.59209766089014910E-07   1.00000000000000000E+09   1.42527942405470565E-01   2.73359986746723040E-08   3.00363743332364797E+00   2.77924405460042417E-04   8.19381292639903948E-05   5.53878522962245541E-07   4.76820698819999956E+06   2.04336485500000007E+07   1.58089064111127388E-07   3.94616474065848257E-13   6.68719208957433322E-18   7.93226256415040958E-05   2.33571852143556764E-05   1.05045151454398694E-10   1.09118358581508543E-08   7.63873966447801549E-15   2.36390588253191973E-10
  5.23595765933343948E-04   1.60164784732999471E-01   1.85174191071089382E+02   2.04801148207669560E+16   1.26534281185043930E-07   1.00000000000000000E+09   1.42527954963279635E-01   3.47149227301191519E-08   3.00363724533012322E+00   2.77924345611598941E-04   8.19381109557342792E-05   5.53878395010129014E-07   4.76820698819999956E+06   2.04336485500000007E+07   1.58085891434028502E-07   4.94991850955276227E-13   8.39433796667812712E-18   7.93201245220066445E-05   2.33502943935119232E-05   1.32435047755261602E-10   1.29098728855066032E-08   1.60676106400096327E-14   2.98169533926319060E-10
  4.16226468442737517E-04   1.60241112383999018E-01   1.85174191071089382E+02   1.62804331504750720E+16   1.00586978619884544E-07   1.00000000000000000E+09   1.42527970618371469E-01   4.39587347485789309E-08   3.00363700881401696E+00   2.77924270308650928E-04   8.19380879177529801E-05   5.53878234017413125E-07   4.76820698819999956E+06   2.04336485500000007E+07   1.58081891831930695E-07   6.20692872412213212E-13   1.05357934230245721E-17   7.93169582317259118E-05   2.33417393946889140E-05   1.66932292550159109E-10   1.53285470969917102E-08   3.09633591841967708E-14   3.75857261494337374E-10
  3.30946803965314284E-04   1.60317440016320228E-01   1.85174191071089382E+02   1.29447734029964200E+16   7.99779469207150389E-08   1.00000000000000000E+09   1.42527990104988400E-01   5.54933538109569167E-08   3.00363671131715648E+00   2.77924175581061061E-04   8.19380589339665128E-05   5.53878031496570986E-07   4.76820698819999956E+06   2.04336485500000007E+07   1.58076850657375261E-07   7.78048443951486952E-13   1.32157227780044425E-17   7.93129529639569753E-05   2.33311668520491287E-05   2.10371214277175540E-10   1.82391261801342543E-08   5.56795942588023037E-14   4.73421151026351600E-10
  2.63197331940426596E-04   1.60393767629568668E-01   1.85174191071089382E+02   1.02947959654541220E+16   6.36053330781284626E-08   1.00000000000000000E+09   1.42528014318198254E-01   6.98287570886398818E-08   3.00363633719965240E+00   2.77924056443987970E-04   8.19380224769704265E-05   5.53877776791066370E-07   4.76820698819999956E+06   2.04336485500000007E+07   1.58070498152422856E-07   9.74951676344515805E-13   1.65599028495206416E-17   7.93078893388818800E-05   2.33181684654676224E-05   2.65056696447318046E-10   2.17184317838249976E-08   9.47346290551957237E-14   5.95756154351977871E-10
  2.09362759000401990E-04   1.60470095225745096E-01   1.85174191071089382E+02   8.18909094094287500E+15   5.05954505461799753E-08   1.00000000000000000E+09   1.42528044344515631E-01   8.75675823349201752E-08   3.00363586683164252E+00   2.77923906639810931E-04   8.19379766286263301E-05   5.53877456523863795E-07   4.76820698819999956E+06   2.04336485500000007E+07   1.58062495685177973E-07   1.22124207833150681E-12   2.07189571384252224E-17   7.93014903175188915E-05   2.33022852858586182E-05   3.33883762754437291E-10   2.58468308589057967E-08   1.54046007550008543E-13   7.48884026585080758E-10
  1.66575800176005205E-04   1.60546422802969546E-01   1.85174191071089382E+02   6.51550630453344200E+15   4.02553795410688812E-08   1.00000000000000000E+09   1.42528081497672765E-01   1.09408506066548591E-07   3.00363527558079157E+00   2.77923718314695609E-04   8.19379189804611443E-05   5.53877053906383683E-07   4.76820698819999956E+06   2.04336485500000007E+07   1.58052418864210271E-07   1.52918046045396595E-12   2.58717441752135175E-17   7.92934060695897657E-05   2.32830223275990224E-05   4.20486830555175974E-10   3.07053316525702487E-08   2.41118544261366148E-13   9.40194063619734635E-10
  1.32561916594353430E-04   1.60622750360107980E-01   1.85174191071089382E+02   5.18507491723855400E+15   3.20354457196543607E-08   1.00000000000000000E+09   1.42528127361323143E-01   1.36142139887712608E-07   3.00363453254429302E+00   2.77923481613315867E-04   8.19378465087655753E-05   5.53876547872744158E-07   4.76820698819999956E+06   2.04336485500000007E+07   1.58039736969429261E-07   1.91403937720404560E-12   3.22288674944151876E-17   7.92831951554304507E-05   2.32598769659474301E-05   5.29425555773505225E-10   3.63718878103603151E-08   3.65173679237473460E-13   1.17873407238935096E-09
  1.05516383709212499E-04   1.60699077900703785E-01   1.85174191071089382E+02   4.12720612815627550E+15   2.54995119860970560E-08   1.00000000000000000E+09   1.42528183842082934E-01   1.68641076250136842E-07   3.00363359896109294E+00   2.77923184171054345E-04   8.19377554179959367E-05   5.53875911995263049E-07   4.76820698819999956E+06   2.04336485500000007E+07   1.58023788077222496E-07   2.39483774767584648E-12   4.00363004693073672E-17   7.92703012195493899E-05   2.32323803555859661E-05   6.66415860410682791E-10   4.29173026116133580E-08   5.37238436983309231E-13   1.47556190498635434E-09
  8.40069364261690509E-05   1.60775405420794243E-01   1.85174191071089382E+02   3.28587780056234400E+15   2.03014513149703321E-08   1.00000000000000000E+09   1.42528253238432628E-01   2.07853143084590260E-07   3.00363242622433679E+00   2.77922810477820653E-04   8.19376409444934009E-05   5.53875113126164434E-07   4.76820698819999956E+06   2.04336485500000007E+07   1.58003749245047405E-07   2.99525539921770613E-12   4.95791398050362971E-17   7.92540241029638168E-05   2.32001431507261445E-05   8.38617070577943465E-10   5.04014343218485402E-08   7.70215043593720006E-13   1.84416976698397630E-09
  6.68966527300923660E-05   1.60851732922501517E-01   1.85174191071089382E+02   2.61661995412636400E+15   1.61665104932539446E-08   1.00000000000000000E+09   1.42528338332910121E-01   2.54812451621477590E-07   3.00363095339373753E+00   2.77922341081053375E-04   8.19374971105284395E-05   5.53874109696554472E-07   4.76820698819999956E+06   2.04336485500000007E+07   1.57978601202418107E-07   3.74477188318093730E-12   6.11855144929366364E-17   7.92334838886809878E-05   2.31628909422595666E-05   1.05498901966893840E-09   5.88705425099272059E-08   1.07890925385839272E-12   2.30099565768177703E-09
  5.32828551680487834E-05   1.60928060405882090E-01   1.85174191071089382E+02   2.08412493533963100E+15   1.28765448027898244E-08   1.00000000000000000E+09   1.42528442516100667E-01   3.10681067202991108E-07   3.00362910408286243E+00   2.77921751587278617E-04   8.19373164161795245E-05   5.53872849586410208E-07   4.76820698819999956E+06   2.04336485500000007E+07   1.57947087220989205E-07   4.68008427367953260E-12   7.52307028437385722E-17   7.92075760022803937E-05   2.31204767354599693E-05   1.32673605767509054E-09   6.83564349126586441E-08   1.47991184797781276E-12   2.86603863603257946E-09
  4.24486925198583640E-05   1.61004387869532667E-01   1.85174191071089382E+02   1.66035356540450575E+15   1.02583170490483875E-08   1.00000000000000000E+09   1.42528569951102052E-01   3.76826210199484765E-07   3.00362678256506888E+00   2.77921011411284120E-04   8.19370894534089390E-05   5.53871267457581134E-07   4.76820698819999956E+06   2.04336485500000007E+07   1.57907666165625454E-07   5.84687086918049864E-12   9.21415929740028409E-17   7.91749153286478086E-05   2.30728662529491891E-05   1.66785777624317882E-09   7.88776057698733509E-08   1.99121667097707633E-12   3.56359691025685454E-09
  3.38247616641383831E-05   1.61080715313738715E-01   1.85174191071089382E+02   1.32303400397400975E+15   8.17422294499775101E-09   1.00000000000000000E+09   1.42528725786609994E-01   4.54928532658718551E-07   3.00362386890308697E+00   2.77920082209027368E-04   8.19368044227520252E-05   5.53869281414591878E-07   4.76820698819999956E+06   2.04336485500000007E+07   1.57858459903432273E-07   7.30197990941925982E-12   1.12401776885137935E-16   7.91337685132308935E-05   2.30201009446327964E-05   2.09582837752315656E-09   9.04419642967648870E-08   2.63190748073669384E-12   4.42314917910724303E-09
  2.69586810293696761E-05   1.61157042738552414E-01   1.85174191071089382E+02   1.05447163407392750E+15   6.51493810784602489E-09   1.00000000000000000E+09   1.42528916425475272E-01   5.47106076267540478E-07   3.00362021285873704E+00   2.77918915914144053E-04   8.19364465280799563E-05   5.53866788823884190E-07   4.76820698819999956E+06   2.04336485500000007E+07   1.57797195282823599E-07   9.11612350353959766E-12   1.36557585725334267E-16   7.90819801447395108E-05   2.29622492682014690E-05   2.63242567569224806E-09   1.03050206891269937E-07   3.42352035547512073E-12   5.48039630592669519E-09
  2.14909628790030276E-05   1.61233370143779975E-01   1.85174191071089382E+02   8.40605321905627875E+14   5.19358725794518063E-09   1.00000000000000000E+09   1.42529149853617171E-01   6.56020634127391046E-07   3.00361562627903256E+00   2.77917452277603365E-04   8.19359972186799542E-05   5.53863661079345603E-07   4.76820698819999956E+06   2.04336485500000007E+07   1.57721142692865115E-07   1.13771115249034713E-11   1.65224612469537849E-16   7.90169150831013250E-05   2.28993591740756528E-05   3.30472043616536112E-09   1.16698536688278726E-07   4.39564404315097599E-12   6.77846114847317610E-09
  1.71358762960295827E-05   1.61309697528971646E-01   1.85174191071089382E+02   6.70258884679028250E+14   4.14111949051685705E-09   1.00000000000000000E+09   1.42529436033817791E-01   7.84914580207588343E-07   3.00360987357962195E+00   2.77915615784712824E-04   8.19354332401390297E-05   5.53859737048309422E-07   4.76820698819999956E+06   2.04336485500000007E+07   1.57627060118464061E-07   1.41935021987667712E-11   1.99092149801799688E-16   7.89354581985046803E-05   2.28314245785465104E-05   4.14620652781316891E-09   1.31379468027732737E-07   5.59612499134105098E-12   8.36919514753303362E-09
  1.36662652664047411E-05   1.61386024893411251E-01   1.85174191071089382E+02   5.34547259617563875E+14   3.30263935246772739E-09   1.00000000000000000E+09   1.42529787374657713E-01   9.37532317644881274E-07   3.00360265985273411E+00   2.77913311792342616E-04   8.19347254458646266E-05   5.53854814864962827E-07   4.76820698819999956E+06   2.04336485500000007E+07   1.57511163045989147E-07   1.76982186734060530E-11   2.38920337883415621E-16   7.88341099601762161E-05   2.27583744696039270E-05   5.19799189230476724E-09   1.47080027485032807E-07   7.10077374637908552E-12   1.03144646902360591E-08
  1.09015018366209472E-05   1.61462352236108803E-01   1.85174191071089382E+02   4.26405299391250875E+14   2.63449555354326722E-09   1.00000000000000000E+09   1.42530219298243527E-01   1.11792373244797352E-06   3.00359361601023123E+00   2.77910421690611385E-04   8.19338373091206958E-05   5.53848641654041830E-07   4.76820698819999956E+06   2.04336485500000007E+07   1.57369148986827892E-07   2.20512308658775465E-11   2.85524193512502812E-16   7.87091800854720691E-05   2.26800848468452171E-05   6.50987999723276390E-09   1.63777630903621981E-07   9.01424734517879150E-12   1.26872209228099163E-08
  8.69792487959055848E-06   1.61538679559683707E-01   1.85174191071089382E+02   3.40213790535306875E+14   2.10197035921657960E-09   1.00000000000000000E+09   1.42530750946321755E-01   1.33017902444436971E-06   3.00358228022675755E+00   2.77906796845661089E-04   8.19327230605902982E-05   5.53840900662693402E-07   4.76820698819999956E+06   2.04336485500000007E+07   1.57196301792995799E-07   2.74400473412794784E-11   3.39741988633935991E-16   7.85570367024092462E-05   2.25964053487400930E-05   8.14107252047459772E-09   1.81434792794309484E-07   1.14580842093130609E-11   1.55721309557794480E-08
  6.94124997476978941E-06   1.61615006859729182E-01   1.85174191071089382E+02   2.71502570746586812E+14   1.67744533076518933E-09   1.00000000000000000E+09   1.42531406076094713E-01   1.57816529822275642E-06   3.00356807476736742E+00   2.77902251021300436E-04   8.19313253579786489E-05   5.53831195147759998E-07   4.76820698819999956E+06   2.04336485500000007E+07   1.56987682976418408E-07   3.40767978890209189E-11   4.02391476303020571E-16   7.83743502289856295E-05   2.25071893947173739E-05   1.01601561020768170E-08   1.99994176432548109E-07   1.45511340751430444E-11   1.90655752873600239E-08
  5.54054274174143724E-06   1.61691334137415849E-01   1.85174191071089382E+02   2.16714799666040375E+14   1.33894489584137329E-09   1.00000000000000000E+09   1.42532214203261287E-01   1.86531725019081774E-06   3.00355027705873701E+00   2.77896550904170071E-04   8.19295723710801866E-05   5.53819028203359151E-07   4.76820698819999956E+06   2.04336485500000007E+07   1.56738392125771399E-07   4.21912470341736627E-11   4.74222573023201418E-16   7.81582868229470861E-05   2.24123195269884879E-05   1.26440380910866701E-08   2.19375266193492159E-07   1.83934996665247516E-11   2.32748741952987732E-08
  4.42343254603554571E-06   1.61767661390744805E-01   1.85174191071089382E+02   1.73019746031059969E+14   1.06897967260856756E-09   1.00000000000000000E+09   1.42533212054742731E-01   2.19450008271231151E-06   3.00352798358333262E+00   2.77889404266148954E-04   8.19273741369847295E-05   5.53803777512138393E-07   4.76820698819999956E+06   2.04336485500000007E+07   1.56443858595271921E-07   5.20199969982211578E-11   5.55876337567216709E-16   7.79066360185479097E-05   2.23117247846879012E-05   1.56755878696655898E-08   2.39473390487730916E-07   2.30627091881147320E-11   2.83166681265583043E-08
  3.53231047194826653E-06   1.61843988620561569E-01   1.85174191071089382E+02   1.38164073804423172E+14   8.53627656072712505E-10   1.00000000000000000E+09   1.42534445402201920E-01   2.56793714924294725E-06   3.00350006482805698E+00   2.77880445184407611E-04   8.19246180043490136E-05   5.53784663753433531E-07   4.76820698819999956E+06   2.04336485500000007E+07   1.56100120517318583E-07   6.37930653762857132E-11   6.47857336279429369E-16   7.76178795872980022E-05   2.22053908032580662E-05   1.93399165385572289E-08   2.60161236873455033E-07   2.86232678785779833E-11   3.43144344823663688E-08
  2.82130850486416835E-06   1.61920315823221028E-01   1.85174191071089382E+02   1.10353684815282203E+14   6.81804194874224227E-10   1.00000000000000000E+09   1.42535971362333813E-01   2.98718641076566951E-06   3.00346510908703168E+00   2.77869215598261607E-04   8.19211629413198509E-05   5.53760711091110876E-07   4.76820698819999956E+06   2.04336485500000007E+07   1.55704054457868437E-07   7.77196361910805317E-11   7.50521881559026470E-16   7.72912163286210347E-05   2.20933647195050109E-05   2.37194613880487427E-08   2.81292550731670539E-07   3.51444850854438461E-11   4.13951836368502147E-08
  2.25389889066106573E-06   1.61996642997843721E-01   1.85174191071089382E+02   8.81598192316442031E+13   5.44681842720675257E-10   1.00000000000000000E+09   1.42537861271259308E-01   3.45315358942687149E-06   3.00342135238196972E+00   2.77855142305837174E-04   8.19168324267607477E-05   5.53730697778815094E-07   4.76820698819999956E+06   2.04336485500000007E+07   1.55253533034661457E-07   9.39749192549102483E-11   8.64080519820850020E-16   7.69265547873788127E-05   2.19757565976743455E-05   2.88882850271925487E-08   3.02707436186249368E-07   4.27200157141479953E-11   4.96854490086610364E-08
  1.80098593972731661E-06   1.62072970143613909E-01   1.85174191071089382E+02   7.04444176901496719E+13   4.35229216048718837E-10   1.00000000000000000E+09   1.42540204267947029E-01   3.96613730348562890E-06   3.00336659109915205E+00   2.77837508284134525E-04   8.19114055764859789E-05   5.53693094443485729E-07   4.76820698819999956E+06   2.04336485500000007E+07   1.54747501856658623E-07   1.12689726639256394E-10   9.88610746454975418E-16   7.65244802381425890E-05   2.18527381750543263E-05   3.49061895402231405E-08   3.24238556733110669E-07   5.14849085491747171E-11   5.93067642441587762E-08
  1.43938893512050561E-06   1.62149297257781266E-01   1.85174191071089382E+02   5.63007812151831250E+13   3.47844367524134159E-10   1.00000000000000000E+09   1.42543111755882801E-01   4.52590667349051774E-06   3.00329807311867203E+00   2.77815416943479195E-04   8.19046060722788781E-05   5.53645987018505697E-07   4.76820698819999956E+06   2.04336485500000007E+07   1.54185977936194545E-07   1.33943736956654454E-10   1.12407523938470564E-15   7.60861985209567294E-05   2.17245390533675532E-05   4.18133231249102470E-08   3.45717524428522299E-07   6.16293376454262553E-11   7.03708856427817865E-08
  1.15063572598442925E-06   1.62225624336806096E-01   1.85174191071089382E+02   4.50063833939360078E+13   2.78063241005242280E-10   1.00000000000000000E+09   1.42546722954606853E-01   5.13181324664026852E-06   3.00321236219337528E+00   2.77787747590183649E-04   8.18960883580386760E-05   5.53586980570972601E-07   4.76820698819999956E+06   2.04336485500000007E+07   1.53569978968980007E-07   1.57762678616032487E-10   1.27034129635687686E-15   7.56134587234084298E-05   2.15914402737321553E-05   4.96258877247764047E-08   3.66980839456808992E-07   7.34106700940000623E-11   8.29750469635269717E-08
  9.99999999999999955E-07   1.62273501604683179E-01   1.85174191071089382E+02   3.93477990085854062E+13   2.43102348337215277E-10   1.00000000000000000E+09   1.42549538652765817E-01   5.54024066187505102E-06   3.00314512372209430E+00   2.77766014348207935E-04   8.18893967484772941E-05   5.53540624949511287E-07   4.76820698819999956E+06   2.04336485500000007E+07   1.53150601241135194E-07   1.74295079151609893E-10   1.36873195004571735E-15   7.52966897275796212E-05   2.15050816653560148E-05   5.50877753641832329E-08   3.80086930916986955E-07   8.20393409443358592E-11   9.18962993946239586E-08
  9.20003175977513141E-07   1.62301951377513964E-01   1.85174191071089382E+02   3.59853381279793906E+13   2.22327782484377368E-10   1.00000000000000000E+09   1.42551211805318878E-01   5.78293761799880316E-06   3.00310516907726521E+00   2.77753099956378510E-04   8.18854204402973297E-05   5.53513079373949465E-07   4.76820698819999956E+06   2.04336485500000007E+07   1.52901397357611551E-07   1.84119011477741430E-10   1.42719793756416296E-15   7.51084583106512572E-05   2.14537653956684753E-05   5.83333545180996771E-08   3.87874871651171540E-07   8.71666954574173010E-11   9.71975126067542884E-08
  7.35753792358264654E-07   1.62378278376238389E-01   1.85174191071089382E+02   2.87785408662572227E+13   1.77801460833531148E-10   1.00000000000000000E+09   1.42556795559955513E-01   6.47826871592481640E-06   3.00297114135274823E+00   2.77709725148236224E-04   8.18720624747142225E-05   5.53420537480220278E-07   4.76820698819999956E+06   2.04336485500000007E+07   1.52182835214729222E-07   2.12935236407203315E-10   1.59436781172424534E-15   7.45737365268094775E-05   2.13118695317882977E-05   6.78973167526437751E-08   4.08259537829771837E-07   1.03333216477782600E-10   1.13093624885199040E-07
  5.88528297116346546E-07   1.62454605326195572E-01   1.85174191071089382E+02   2.30199094118489180E+13   1.42222474125477581E-10   1.00000000000000000E+09   1.42563745463742897E-01   7.21691191552401229E-06   3.00280360199942686E+00   2.77655439745510700E-04   8.18553401305047835E-05   5.53304672720841521E-07   4.76820698819999956E+06   2.04336485500000007E+07   1.51417417129770201E-07   2.44088742420076842E-10   1.77151138385057426E-15   7.40120635349269488E-05   2.11661270878561523E-05   7.82518351621583583E-08   4.28010499538805588E-07   1.22469387965836071E-10   1.30692436053068477E-07
  4.70862181334221935E-07   1.62530932219733831E-01   1.85174191071089382E+02   1.84174742538106992E+13   1.13786918231123084E-10   1.00000000000000000E+09   1.42572400040471170E-01   7.99832179740639488E-06   3.00259422440945878E+00   2.77587519036298516E-04   8.18344114950063394E-05   5.53159635438455763E-07   4.76820698819999956E+06   2.04336485500000007E+07   1.50608596413771160E-07   2.77417076681641133E-10   1.95822083811180299E-15   7.34263332861697786E-05   2.10169191262454435E-05   8.93049321757468522E-08   4.47019864775316969E-07   1.45294494647321555E-10   1.49993897155334206E-07
  3.76800854623781969E-07   1.62607259049753150E-01   1.85174191071089382E+02   1.47383253825634863E+13   9.10557822868165167E-11   1.00000000000000000E+09   1.42583181611689480E-01   8.82255686816897445E-06   3.00233262869851325E+00   2.77502564468930419E-04   8.18082260043535240E-05   5.52978121330485130E-07   4.76820698819999956E+06   2.04336485500000007E+07   1.49759968005807789E-07   3.12722629117662066E-10   2.15400078301856378E-15   7.28194673789222212E-05   2.08646212643754636E-05   1.00940810644580442E-07   4.65195511053638658E-07   1.72740244710020148E-10   1.70966465595996565E-07
  3.01593216924382946E-07   1.62683585804871217E-01   1.85174191071089382E+02   1.17966265459873008E+13   7.28808960117314098E-11   1.00000000000000000E+09   1.42596616830700740E-01   9.69055693733345398E-06   3.00200588068930063E+00   2.77396339325331463E-04   8.17754735573256999E-05   5.52751015484363931E-07   4.76820698819999956E+06   2.04336485500000007E+07   1.48875097446607752E-07   3.49775893920271862E-10   2.35823238005621583E-15   7.21943353152437858E-05   2.07095928277820742E-05   1.13022416028293340E-07   4.82459248514553794E-07   2.06022660674842211E-10   1.93544909507085927E-07
  2.41447620574850851E-07   1.62759912470830270E-01   1.85174191071089382E+02   9.44406986133540234E+12   5.83459544977553404E-11   1.00000000000000000E+09   1.42613362195698895E-01   1.06044483026843905E-05   3.00159787074842654E+00   2.77263565346963774E-04   8.17345215826899079E-05   5.52466952012571217E-07   4.76820698819999956E+06   2.04336485500000007E+07   1.47957370942158981E-07   3.88316651243266860E-10   2.57011723211139030E-15   7.15536942019201618E-05   2.05521676720080417E-05   1.25394098750135875E-07   4.98744107678311925E-07   2.46735899327239123E-10   2.17628036893454078E-07
  1.93337478585353123E-07   1.62836239030724111E-01   1.85174191071089382E+02   7.56227230662838477E+12   4.67195406905102264E-11   1.00000000000000000E+09   1.42634235730998371E-01   1.15678856733547406E-05   3.00108854462605334E+00   2.77097671563443656E-04   8.16833373832149499E-05   5.52111770642075327E-07   4.76820698819999956E+06   2.04336485500000007E+07   1.47009867655740414E-07   4.28052571771696338E-10   2.78859779760706341E-15   7.09001490595300885E-05   2.03926468178598427E-05   1.37884316041793162E-07   5.13991067332130266E-07   2.96964182288670807E-10   2.43076055121109525E-07
  1.54846386557229127E-07   1.62912565464779890E-01   1.85174191071089382E+02   6.05671776321551465E+12   3.74176968919911115E-11   1.00000000000000000E+09   1.42660256299654037E-01   1.25864413430526609E-05   3.00045295247631350E+00   2.76890484889315508E-04   8.16193925744033023E-05   5.51667848227342258E-07   4.76820698819999956E+06   2.04336485500000007E+07   1.46035252876813181E-07   4.68654880533610340E-10   3.01225308701270980E-15   7.02361340083191947E-05   2.02312929039305749E-05   1.50308485532619542E-07   5.28145536518948057E-07   3.59394186400934713E-10   2.69707261211056326E-07
  1.24044700356347760E-07   1.62988891744337477E-01   1.85174191071089382E+02   4.85192943009597266E+12   2.99740979854425984E-11   1.00000000000000000E+09   1.42692692344957323E-01   1.36680507165884202E-05   2.99966007524638689E+00   2.76631850200593523E-04   8.15395458842113754E-05   5.51113279550999273E-07   4.76820698819999956E+06   2.04336485500000007E+07   1.45035689719509079E-07   5.09750854336898733E-10   3.23917292565156677E-15   6.95639141670666015E-05   2.00683263869639730E-05   1.62472217344597349E-07   5.41153872745901199E-07   4.37386842144976483E-10   2.97293774854045655E-07
  9.93911601552731080E-08   1.63065217836922793E-01   1.85174191071089382E+02   3.88762191099987695E+12   2.40162774680361366E-11   1.00000000000000000E+09   1.42733122265231216E-01   1.48235147542947924E-05   2.99867137959177832E+00   2.76309165664287925E-04   8.14399000078413560E-05   5.50420878157332542E-07   4.76820698819999956E+06   2.04336485500000007E+07   1.44012766972808266E-07   5.50913133884152916E-10   3.46682165966793994E-15   6.88856072226340339E-05   1.99039232920853838E-05   1.74175171850894486E-07   5.52960156709812690E-07   5.34937240370662346E-10   3.25556063508879790E-07
  7.96544616332251532E-08   1.63141543701774638E-01   1.85174191071089382E+02   3.11563352183887402E+12   1.92466739979407701E-11   1.00000000000000000E+09   1.42783509120231300E-01   1.60670367367553788E-05   2.99743904349397106E+00   2.75906817237759098E-04   8.13156276695798345E-05   5.49556964667557416E-07   4.76820698819999956E+06   2.04336485500000007E+07   1.42967441077321876E-07   5.91646193410437960E-10   3.69191211963803599E-15   6.82032221986621906E-05   1.97382141235613362E-05   1.85215703993913533E-07   5.63503353810891928E-07   6.56424711592283994E-10   3.54156075606098653E-07
  6.38507166207157982E-08   1.63217869287912626E-01   1.85174191071089382E+02   2.49748010366261230E+12   1.54275178539649340E-11   1.00000000000000000E+09   1.42846292954499549E-01   1.74167362847783965E-05   2.99590378510388078E+00   2.75405494774777677E-04   8.11607616203812121E-05   5.48479907584110405E-07   4.76820698819999956E+06   2.04336485500000007E+07   1.41899990578976808E-07   6.31370908210467933E-10   3.91032035675136266E-15   6.75187117729167966E-05   1.95712834283425966E-05   1.95396282555035387E-07   5.72714881854376427E-07   8.06050425062099813E-10   3.82688879921408268E-07
  5.11935735701647184E-08   1.63294194531753561E-01   1.85174191071089382E+02   2.00240401664330176E+12   1.23687768256717958E-11   1.00000000000000000E+09   1.42924504707442807E-01   1.88950398410929673E-05   2.99399221760908452E+00   2.74781371560738757E-04   8.09679431432155976E-05   5.47138380862016551E-07   4.76820698819999956E+06   2.04336485500000007E+07   1.40809981586835820E-07   6.69409022237954358E-10   4.11707684345478479E-15   6.68340342405435509E-05   1.94031695962397690E-05   2.04529463411354328E-07   5.80516485383771114E-07   9.86896626143559550E-10   4.10672785259472240E-07
  4.10544267900875790E-08   1.63370519354182814E-01   1.85174191071089382E+02   1.60581774962023291E+12   9.91854020081813694E-12   1.00000000000000000E+09   1.43021906493224521E-01   2.05287392319641083E-05   2.99161364422597353E+00   2.74005130125812377E-04   8.07281239843997227E-05   5.45469304937590977E-07   4.76820698819999956E+06   2.04336485500000007E+07   1.39696242672841164E-07   7.04970365868709287E-10   4.30646587513320537E-15   6.61512217213324128E-05   1.92338647882242803E-05   2.12444006279630393E-07   5.86818205528316058E-07   1.19962697517819620E-09   4.37537972226961831E-07
  3.29306672187121675E-08   1.63446843656977481E-01   1.85174191071089382E+02   1.28806206933603955E+12   7.95534610997435163E-12   1.00000000000000000E+09   1.43143164048520788E-01   2.23481942014093687E-05   2.98865620162350520E+00   2.73040821032516064E-04   8.04302178436528802E-05   5.43395445858116747E-07   4.76820698819999956E+06   2.04336485500000007E+07   1.38556847525567998E-07   7.37146686050451137E-10   4.47224928354835333E-15   6.54724516865658754E-05   1.90633153073385072E-05   2.18990596381255349E-07   5.91516146520788561E-07   1.44096221109920069E-09   4.62613716866850254E-07
  2.64203442792074653E-08   1.63523167318447016E-01   1.85174191071089382E+02   1.03341493504599048E+12   6.38205820616186118E-12   1.00000000000000000E+09   1.43294058505687855E-01   2.43843330247108410E-05   2.98498226020546520E+00   2.71844549734702185E-04   8.00607001864096280E-05   5.40822664556240419E-07   4.76820698819999956E+06   2.04336485500000007E+07   1.37389104108127508E-07   7.64916545904893503E-10   4.60800499186357564E-15   6.48001190360961821E-05   1.88914232518588192E-05   2.24046586148641790E-07   5.94489696386008671E-07   1.70216325451579615E-09   4.85114370967782633E-07
  2.12019400081591550E-08   1.63599490192410185E-01   1.85174191071089382E+02   8.29300376438472046E+11   5.12097780563475090E-12   1.00000000000000000E+09   1.43481746579261771E-01   2.66602852025965135E-05   2.98042300034296170E+00   2.70363002000870037E-04   7.96031599841373372E-05   5.37636841140428816E-07   4.76820698819999956E+06   2.04336485500000007E+07   1.36189551233211189E-07   7.87165343625955113E-10   4.70754170980271344E-15   6.41369071020329569E-05   1.87180511098615680E-05   2.27519218068359566E-07   5.95597894721057810E-07   1.96778153891361514E-09   5.04124517787287337E-07
  1.70182206190840177E-08   1.63675812092053896E-01   1.85174191071089382E+02   6.65656857829431763E+11   4.10994141003394332E-12   1.00000000000000000E+09   1.43715081598068561E-01   2.91700249757804366E-05   2.97477211161313937E+00   2.68531844074402354E-04   7.90378151502437820E-05   5.33700555804300316E-07   4.76820698819999956E+06   2.04336485500000007E+07   1.34953971052846180E-07   8.02722074756147708E-10   4.76532698248792710E-15   6.34858630986520302E-05   1.85430324798451872E-05   2.29346945577568084E-07   5.94674797260022440E-07   2.21486487009667583E-09   5.18584387518403335E-07
  1.36633407907985991E-08   1.63752132794909744E-01   1.85174191071089382E+02   5.34432870617306091E+11   3.29920433210761322E-12   1.00000000000000000E+09   1.44005020700301439E-01   3.18149249579917069E-05   2.96777861566891898E+00   2.66274073762316180E-04   7.83410163549604370E-05   5.28849699436185328E-07   4.76820698819999956E+06   2.04336485500000007E+07   1.33677456710120077E-07   8.10407754694963009E-10   4.77685566560589179E-15   6.28505186947063909E-05   1.83661963097899570E-05   2.29498874034384458E-07   5.91524068233780278E-07   2.41264425260597396E-09   5.27277594223009324E-07
  1.09725432094908321E-08   1.63828452028322524E-01   1.85174191071089382E+02   4.29184037433195618E+11   2.64895165066976758E-12   1.00000000000000000E+09   1.44365205809835556E-01   3.41612286207961297E-05   2.95913889567482125E+00   2.63498456817204754E-04   7.74847830928434515E-05   5.22890324540712114E-07   4.76820698819999956E+06   2.04336485500000007E+07   1.32354694573466026E-07   8.09074206150489734E-10   4.73889932503367319E-15   6.22352375990310698E-05   1.81874269663986183E-05   2.27974088020834233E-07   5.85914573870711861E-07   2.52248005839867141E-09   5.28822690952350758E-07
