# EXHALE lower-atmosphere profile (docs/phase_e_flux_closure_design.md section 2)
# solution_id e1c3f70aff7bfc5174f0f70e38c90383ed5c717ea49ea814b819a2ea642ec441
# source_code photochem
# source_version photochem 0.9.0, photochem_to_lower_profile.py
# mechanism zahnle_HHeNOC_rxns.yaml sha256 908cc51ef08cfce6
# stellar_flux lhs1140_sed_gj1132_at_b.txt sha256 37a95348aeb58b91 dilution 1.000000E+00
# p_match_bar 9.99999999999999955E-07
# p_top_bar 1.09773189989569521E-08
# p_deep_bar 1.67309812435927192E+01
# trial_flux_H 9.06798236423923075E+06
# trial_flux_He 4.33745331444050074E+07
# measured_flux_H 9.06892986313294061E+06
# measured_flux_He 4.33790588771628290E+07
# iteration 1
# reached_steady_state T
# notes F_H and F_He columns are the STATED trial fluxes; the header measured_flux_* are what the solution carries across its own top. measured elemental escape at the model top (r_top = 1.171340e+09 cm): H 9.068930e+06 g/s, He 4.337906e+07 g/s; imposed H 9.067982e+06, He 4.337453e+07; atomic-H share of the hydrogen nuclei at the top 5.506e-40 imposed, 1.545e-04 converged. climate solved: deep boundary 20 bar at 474.6 K, background He, tropopause 1.747 bar at 185.3 K, cold-trap f_H2O 8.161e-08 (deep 1.102e-04). cold trap at the match: O/H gas 6.5306e-07 vs all-carrier 6.5306e-07; C/H gas 2.7780e-04 vs all-carrier 2.7780e-04; N/H gas 8.1905e-05 vs all-carrier 8.1905e-05; chemistry q_H2O at the tropopause (1.747 bar) 3.1039e-07, at the match 1.1414e-07.
# units p[bar] r[R_J] T[K] n_tot[cm^-3] rho[g/cm^3] Kzz[cm^2/s] q_*[-] X_*[El/H nuclei] F_*[g/s]
# columns: p r T n_tot rho Kzz q_H2 q_H X_He X_C X_N X_O F_H F_He q_H2O q_CO q_CO2 q_CH4 q_NH3 q_HCN q_N2 q_OH q_C2H2
  1.67309812435927192E+01   1.56363340653659144E-01   4.42999674149021700E+02   2.73548742636307874E+20   1.73737150980102554E-03   1.00000000000000000E+09   9.06808667114416406E-02   5.81872930625352585E-25   4.99999999999998579E+00   2.77587999999995988E-04   8.18465000000006334E-05   6.06178000000012328E-04   9.06798236423923075E+06   4.33745331444050074E+07   1.10220564705612226E-04   3.07134386523503475E-21   1.77791269404347416E-21   5.04734683794913497E-05   1.48810390057926605E-05   2.49436840808933933E-27   5.02316748870380211E-10   1.05754421110353452E-34   2.66650861129668946E-41
  1.58873889975248233E+01   1.56401998298216577E-01   4.34739340790665949E+02   2.64691688303723807E+20   1.68111830149686274E-03   1.00000000000000000E+09   9.06808667167068733E-02   1.63155739286506721E-25   5.00000000071118933E+00   2.77587999999479691E-04   8.18444370487684571E-05   6.06178000086237843E-04   9.06798236423923075E+06   4.33745331444050074E+07   1.10220564727709134E-04   3.07134386541336044E-21   3.64067714030314169E-21   5.04734683824220159E-05   1.48810390066567035E-05   2.49436840823416247E-27   3.14764867902033277E-10   2.03684088416265653E-35   1.00000000011634590E-40
  1.43345892207383923E+01   1.56476741410089465E-01   4.18318115172871558E+02   2.48196296836071195E+20   1.57635223433435752E-03   1.00000000000000000E+09   9.06808668762687092E-02   2.33340729071921510E-14   5.00000009688338576E+00   2.77588005335872802E-04   8.18444386221120040E-05   6.06168393332434793E-04   9.06798236423923075E+06   4.33745331444050074E+07   1.10218816016442549E-04   1.13984671056867221E-17   3.84645671809972530E-21   5.04734683319162195E-05   1.48810384455067713E-05   2.08714170255040182E-15   3.14984479218789157E-10   1.53722052644450393E-24   4.46302059172027882E-15
  1.28806187851427580E+01   1.56551484508415578E-01   4.01242041623032833E+02   2.32512878540251922E+20   1.47674318703264391E-03   1.00000000000000000E+09   9.06808672239949182E-02   4.84874345453906793E-14   5.00000030713295907E+00   2.77588017005351120E-04   8.18444420627079296E-05   6.06147392574692395E-04   9.06798236423923075E+06   4.33745331444050074E+07   1.10214993262237526E-04   2.35503305873730582E-17   4.06603794320297119E-21   5.04734683768032872E-05   1.48810378758410205E-05   4.31427878222693204E-15   3.15218805270078321E-10   1.47268719030918218E-24   9.22908822025975195E-15
  1.15209908073189613E+01   1.56626227586665862E-01   3.83762179755713703E+02   2.17442471235952476E+20   1.38102749319903581E-03   1.00000000000000000E+09   9.06808680001358058E-02   7.64470927011986408E-14   5.00000077717101732E+00   2.77588043097460441E-04   8.18444497556890829E-05   6.06100444410570343E-04   9.06798236423923075E+06   4.33745331444050074E+07   1.10206447319782352E-04   3.65094596102951316E-17   4.30066389027974140E-21   5.04734686499754513E-05   1.48810373335406951E-05   6.69404069988536754E-15   3.15469132184623546E-10   9.79537512488790459E-25   1.43349140520889708E-14
  1.02546085185339386E+01   1.56700970642279253E-01   3.67556144108253477E+02   2.02074780530393842E+20   1.28342363698608335E-03   1.00000000000000000E+09   9.06808697815153913E-02   1.08842200155327143E-13   5.00000185681270715E+00   2.77588103032966218E-04   8.18444674271000348E-05   6.05992609575907405E-04   9.06798236423923075E+06   4.33745331444050074E+07   1.10186818223707747E-04   5.03662255737149394E-17   4.55239576847533918E-21   5.04734694710619092E-05   1.48810369073715312E-05   9.24734047537712128E-15   3.15737598649657995E-10   5.82796234231617332E-25   1.98394110310022329E-14
  9.07956333932162529E+00   1.56775713678184020E-01   3.50618371083602028E+02   1.87562931634129469E+20   1.19125532589534695E-03   1.00000000000000000E+09   9.06808739808542125E-02   1.47924238394289994E-13   5.00000440286088210E+00   2.77588244379528603E-04   8.18445091018566031E-05   6.05738311731659237E-04   9.06798236423923075E+06   4.33745331444050074E+07   1.10140528603787247E-04   6.52172437234423996E-17   4.82347607967929389E-21   5.04734716248891356E-05   1.48810368227710357E-05   1.19969194193822211E-14   3.16026519758998448E-10   2.92343255651385841E-25   2.58090614828336147E-14
  7.99127412359957123E+00   1.56850456690245277E-01   3.33295284317596042E+02   1.73661511537229693E+20   1.10296374990841942E-03   1.00000000000000000E+09   9.06808841551163952E-02   1.96669095038639469E-13   5.00001057258163772E+00   2.77588586903381579E-04   8.18446100920036071E-05   6.05122085841512864E-04   9.06798236423923075E+06   4.33745331444050074E+07   1.10028357707939574E-04   8.11463156239956149E-17   5.11594458840246506E-21   5.04734770899088484E-05   1.48810376576307101E-05   1.49634546586011033E-14   3.16337982958688166E-10   1.26758149102868553E-25   3.23085924757316608E-14
  6.98807720579345393E+00   1.56925199663160070E-01   3.17017006249687995E+02   1.59658428940899844E+20   1.01402593145377955E-03   1.00000000000000000E+09   9.06809096253140823E-02   2.59277288622522695E-13   5.00002601909683975E+00   2.77589444452111631E-04   8.18448629328037973E-05   6.03579304880264944E-04   9.06798236423923075E+06   4.33745331444050074E+07   1.09747528153353834E-04   9.83017151858376597E-17   5.43303414008238464E-21   5.04734910520149237E-05   1.48810409323221175E-05   1.81797207621302914E-14   3.16675346474299186E-10   5.29253247064747113E-26   3.94312551373541355E-14
  6.06738668802077541E+00   1.56999942553266270E-01   2.99873186829279689E+02   1.46548290480423469E+20   9.30758040357804618E-04   1.00000000000000000E+09   9.06809754687257635E-02   3.41459506648193972E-13   5.00006595195130288E+00   2.77591661423194148E-04   8.18455165875985171E-05   5.99590858443402081E-04   9.06798236423923075E+06   4.33745331444050074E+07   1.09021525962209941E-04   1.16851871127895991E-16   5.77828182675487351E-21   5.04735274670295566E-05   1.48810507520297594E-05   2.16815768818532289E-14   3.17042322292662867E-10   1.98127135276916672E-26   4.72795971354511013E-14
  5.22575288806552596E+00   1.57074685259838975E-01   2.83195260460748386E+02   1.33653275237687738E+20   8.48853048111178343E-04   1.00000000000000000E+09   9.06811518066973632E-02   4.50756176470240639E-13   5.00017290225530253E+00   2.77597599041644555E-04   8.18472672432965205E-05   5.88908791639114471E-04   9.06798236423923075E+06   4.33745331444050074E+07   1.07077160674932186E-04   1.37015538453050761E-16   6.15575473415299788E-21   5.04736253621387713E-05   1.48810786122952389E-05   2.55102408687708245E-14   3.17443313679024588E-10   1.00931361210533551E-26   5.59691657479007029E-14
  4.46086812304471803E+00   1.57149427461223012E-01   2.66450768433727717E+02   1.21260435768611553E+20   7.70128721666251737E-04   1.00000000000000000E+09   9.06816420351757579E-02   5.95535691086494425E-13   5.00047025324800298E+00   2.77614107248690264E-04   8.18521345462194501E-05   5.59209738961099633E-04   9.06798236423923075E+06   4.33745331444050074E+07   1.01671693392270165E-04   1.59080217782331640E-16   6.57088409020892445E-21   5.04738979446980515E-05   1.48811578756011000E-05   2.97207171553982797E-14   3.17884597165652149E-10   1.12230535294573822E-26   6.56476092042456789E-14
  3.76945259087130680E+00   1.57224168218106086E-01   2.49521583911478473E+02   1.09417524325178098E+20   6.94873939092848555E-04   1.00000000000000000E+09   9.06830521063927281E-02   7.82721953466320992E-13   5.00132572176784596E+00   2.77661600800590169E-04   8.18661376118659452E-05   4.73766596934222298E-04   9.06798236423923075E+06   4.33745331444050074E+07   8.61236107606901802E-05   1.83364175904935031E-16   7.02993514840227866E-21   5.04746824857463280E-05   1.48813879629253967E-05   3.43763079260997469E-14   3.18374679551791172E-10   1.93922665677698119E-26   7.64807029665781462E-14
  3.14892138701711888E+00   1.57298904909714821E-01   2.33048870358645985E+02   9.78659314177035141E+19   6.21411236944894685E-04   1.00000000000000000E+09   9.06870794222908450E-02   1.02153024352818365E-12   5.00377050070598273E+00   2.77797329051528358E-04   8.19061559204859390E-05   2.29585093531420325E-04   9.06798236423923075E+06   4.33745331444050074E+07   4.17165633081337253E-05   2.10303845109248887E-16   7.54140282621433144E-21   5.04769237616618660E-05   1.48820473994775018E-05   3.95624875337577067E-14   3.18928137686911882E-10   2.24360080989396049E-26   8.86820062702750543E-14
  2.59628592112160872E+00   1.57373643239846900E-01   2.16260901002901278E+02   8.69543328946043781E+19   5.52060121734031326E-04   1.00000000000000000E+09   9.06900286379529325E-02   1.32763281202223501E-12   5.00556219783663892E+00   2.77896799766767051E-04   8.19354840061740957E-05   5.06325935279267772E-05   9.06798236423923075E+06   4.33745331444050074E+07   9.19715812645304462E-06   2.40434115520325102E-16   8.11535980329960721E-21   5.04785649155336974E-05   1.48825297371390769E-05   4.53829301851530453E-14   3.19542690972026456E-10   1.31947603372055945E-26   1.02503694118954667E-13
  2.10802549649628235E+00   1.57448385051037976E-01   1.99531628626964505E+02   7.65210338994829230E+19   4.85806994751064212E-04   1.00000000000000000E+09   9.06907158290949089E-02   1.72608160992583915E-12   5.00597984392670270E+00   2.77919986465167480E-04   8.19423204048342924E-05   8.91861383959772442E-06   9.06798236423923075E+06   4.33745331444050074E+07   1.61989884062027118E-06   2.74427722995481632E-16   8.76468632997790013E-21   5.04789469594381306E-05   1.48826406533862619E-05   5.19687639786676361E-14   3.20227595316405402E-10   6.87787626921363544E-27   1.18255939820235126E-13
  1.68830323261165094E+00   1.57523127726305834E-01   1.90237298919380066E+02   6.42793532362088038E+19   4.08086587936592961E-04   1.00000000000000000E+09   9.06908345928265219E-02   2.26420692577611669E-12   5.00605202811680705E+00   2.77923993945845675E-04   8.19435019758846717E-05   1.70894056697337770E-06   9.06798236423923075E+06   4.33745331444050074E+07   3.10392908504101047E-07   3.13957742889904057E-16   9.52157252272273170E-21   5.04790125358540643E-05   1.48826579818978818E-05   5.96458043737371558E-14   3.21022205322847604E-10   3.21137952840803287E-27   1.36706561851027549E-13
  1.34110881172052721E+00   1.57597870541525686E-01   1.85293070816925024E+02   5.24229618477770506E+19   3.32814369284647636E-04   1.00000000000000000E+09   9.06908519842617167E-02   3.01353920262406130E-12   5.00606259643442808E+00   2.77924580658533928E-04   8.19436749628380467E-05   6.53383343591212581E-07   9.06798236423923075E+06   4.33745331444050074E+07   1.18673030604822430E-07   3.61716226389485920E-16   1.04379655997042337E-20   5.04790215735185951E-05   1.48826582197288956E-05   6.89407619318027437E-14   3.21982222681728772E-10   2.52535153563904748E-27   1.59118379184849500E-13
  1.06228164946040149E+00   1.57672613366379416E-01   1.85293070816925024E+02   4.15238121579511890E+19   2.63619621373502116E-04   1.00000000000000000E+09   9.06908519896165305E-02   4.07548423167261511E-12   5.00606259633894624E+00   2.77924580633813034E-04   8.19436749552403780E-05   6.53383343528273269E-07   9.06798236423923075E+06   4.33745331444050074E+07   1.18673028989625070E-07   4.21174428625591152E-16   1.15811246257091519E-20   5.04790207711732698E-05   1.48826549570561386E-05   8.05358105226029319E-14   3.23177792902807649E-10   3.63509998396627014E-27   1.87142551753215777E-13
  8.41610777674251742E-01   1.57747356174491982E-01   1.85293070816925024E+02   3.28979492962196357E+19   2.08857146940199601E-04   1.00000000000000000E+09   9.06908519962951881E-02   5.57639369784127019E-12   5.00606259621848171E+00   2.77924580602607093E-04   8.19436749456494985E-05   6.53383343448821896E-07   9.06798236423923075E+06   4.33745331444050074E+07   1.18673026948330340E-07   4.96171398585659348E-16   1.30258568561191342E-20   5.04790197526009109E-05   1.48826508334229884E-05   9.51897121445442182E-14   3.24686355615065487E-10   5.29542267230433087E-27   2.22637332070664821E-13
  6.66927625551446135E-01   1.57822098964639668E-01   1.85293070816925024E+02   2.60697127361786184E+19   1.65507149839865111E-04   1.00000000000000000E+09   9.06908520046217914E-02   7.67391083450318002E-12   5.00606259606653392E+00   2.77924580563223883E-04   8.19436749335452486E-05   6.53383343348548759E-07   9.06798236423923075E+06   4.33745331444050074E+07   1.18673024369108994E-07   5.90745521688236000E-16   1.48513105518075510E-20   5.04790184595367512E-05   1.48826456224138909E-05   1.13705266506930281E-13   3.26589375041183786E-10   7.84890787454013705E-27   2.67578700238741635E-13
  5.28617820127816884E-01   1.57896841738037530E-01   1.85293070816925024E+02   2.06632836757398323E+19   1.31183692819520850E-04   1.00000000000000000E+09   9.06908520149986713E-02   1.05786535717310012E-11   5.00606259587492008E+00   2.77924580513531320E-04   8.19436749182724314E-05   6.53383343222025859E-07   9.06798236423923075E+06   4.33745331444050074E+07   1.18673021110933910E-07   7.09975156465621457E-16   1.71572992225533916E-20   5.04790168178242691E-05   1.48826390384637988E-05   1.37094880605679405E-13   3.28989304467689552E-10   1.19345439317438927E-26   3.24463624008752914E-13
  4.19083371762777102E-01   1.57971584494617401E-01   1.85293070816925024E+02   1.63816622610753966E+19   1.04001231538544938E-04   1.00000000000000000E+09   9.06908520279260805E-02   1.45691470786137331E-11   5.00606259563333023E+00   2.77924580450844593E-04   8.19436748990057115E-05   6.53383343062415630E-07   9.06798236423923075E+06   4.33745331444050074E+07   1.18673016995996395E-07   8.60243891216764246E-16   2.00696692065192007E-20   5.04790147330450001E-05   1.48826307217015453E-05   1.66635012003505066E-13   3.32014931029104359E-10   1.86426832904080357E-26   3.96447080594163988E-13
  3.32318456027716536E-01   1.58046327234120404E-01   1.85293070816925024E+02   1.29900852111346319E+19   8.24693390816857026E-05   1.00000000000000000E+09   9.06908520440267429E-02   2.00106880669666751E-11   5.00606259532881115E+00   2.77924580371784191E-04   8.19436748747062743E-05   6.53383342861111473E-07   9.06798236423923075E+06   4.33745331444050074E+07   1.18673011800162624E-07   1.04957271970307188E-15   2.37470541418143787E-20   5.04790120849054867E-05   1.48826202188274164E-05   2.03934679318354163E-13   3.35828058407774731E-10   2.97509541387899265E-26   4.87515109155120743E-13
  2.63574723896539409E-01   1.58121069956095789E-01   1.85293070816925024E+02   1.03029430379628646E+19   6.54096481364077538E-05   1.00000000000000000E+09   9.06908520640771487E-02   2.73792482307162913E-11   5.00606259494504791E+00   2.77924580272094946E-04   8.19436748440662737E-05   6.53383342607278145E-07   9.06798236423923075E+06   4.33745331444050074E+07   1.18673005240968034E-07   1.28803595954165333E-15   2.83893727983317675E-20   5.04790087200359330E-05   1.48826069588977292E-05   2.51021655577373492E-13   3.40631855689057253E-10   4.81049579995367642E-26   6.02703260390651686E-13
  2.09097187250083888E-01   1.58195812660403307E-01   1.85293070816925024E+02   8.17345600438340915E+18   5.18903073930746374E-05   1.00000000000000000E+09   9.06908520890464531E-02   3.72917264171786053E-11   5.00606259446152269E+00   2.77924580146422036E-04   8.19436748054397010E-05   6.53383342287278521E-07   9.06798236423923075E+06   4.33745331444050074E+07   1.18672996962514897E-07   1.58828188283503169E-15   3.42485178761913231E-20   5.04790044427464932E-05   1.48825902227659193E-05   3.10450884499280666E-13   3.46681278402334821E-10   7.82574649319046467E-26   7.48372243569873802E-13
  1.65915751397009092E-01   1.58270555349609349E-01   1.85293070816925024E+02   6.48552528282335846E+18   4.11742475081786549E-05   1.00000000000000000E+09   9.06908521201458262E-02   5.05441780125082783E-11   5.00606259385244368E+00   2.77924579988028284E-04   8.19436747567555947E-05   6.53383341883955419E-07   9.06798236423923075E+06   4.33745331444050074E+07   1.18672986516481882E-07   1.96618423128518296E-15   4.16417976928512975E-20   5.04789990031553600E-05   1.48825691047097206E-05   3.85440819267957729E-13   3.54296063060108852E-10   1.27492128660198189E-25   9.32555620292060463E-13
  1.31680633737319031E-01   1.58345298019614722E-01   1.85293070816925024E+02   5.14729959133331661E+18   3.26783380100166245E-05   1.00000000000000000E+09   9.06908521588898342E-02   6.81602426288035452E-11   5.00606259308538082E+00   2.77924579788438753E-04   8.19436746954089557E-05   6.53383341375725486E-07   9.06798236423923075E+06   4.33745331444050074E+07   1.18672973338246846E-07   2.44165727585503294E-15   5.09688360371360969E-20   5.04789920819320135E-05   1.48825424643045932E-05   4.80044837417587697E-13   3.63876912774478159E-10   2.07394700490673970E-25   1.16539821195789826E-12
  1.04532401006664347E-01   1.58420040674768448E-01   1.85293070816925024E+02   4.08609504459124326E+18   2.59411352754456281E-05   1.00000000000000000E+09   9.06908522071736278E-02   9.14528410835480821E-11   5.00606259211957205E+00   2.77924579536994434E-04   8.19436746181232572E-05   6.53383340735443646E-07   9.06798236423923075E+06   4.33745331444050074E+07   1.18672956716874085E-07   3.03967516272512888E-15   6.27328152030504305E-20   5.04789832706825132E-05   1.48825088659123414E-05   5.99366708492947605E-13   3.75925632713204145E-10   3.36270695397790127E-25   1.45970866280427068E-12
  8.29993206458811417E-02   1.58494783311212695E-01   1.85293070816925024E+02   3.24438269406968781E+18   2.05974088778520468E-05   1.00000000000000000E+09   9.06908522673695872E-02   1.22103251327383578E-10   5.00606259090377836E+00   2.77924579220292583E-04   8.19436745207785853E-05   6.53383339928974683E-07   9.06798236423923075E+06   4.33745331444050074E+07   1.18672935757396886E-07   3.79154634665164017E-15   7.75671725114710175E-20   5.04789720467270188E-05   1.48824665023190223E-05   7.49831376311815891E-13   3.91070144578416337E-10   5.42968161724269909E-25   1.83165556693849825E-12
  6.59162678335106639E-02   1.58569525930974953E-01   1.85293070816925024E+02   2.57661866329163878E+18   1.63580172657019821E-05   1.00000000000000000E+09   9.06908523424470175E-02   1.62262943739496175E-10   5.00606258937365212E+00   2.77924578821485348E-04   8.19436743981959907E-05   6.53383338913411932E-07   9.06798236423923075E+06   4.33745331444050074E+07   1.18672909333427248E-07   4.73650642569199192E-15   9.62691429709902172E-20   5.04789577406679620E-05   1.48824130980448113E-05   9.39525181455403508E-13   4.10095513554003956E-10   8.73086095456455222E-25   2.30164401562356987E-12
  5.23606474962295537E-02   1.58644268534556931E-01   1.85293070816925024E+02   2.04673938611906816E+18   1.29940059389923243E-05   1.00000000000000000E+09   9.06908524361220297E-02   2.14685116248395419E-10   5.00606258744833443E+00   2.77924578319396905E-04   8.19436742438658559E-05   6.53383337634821309E-07   9.06798236423923075E+06   4.33745331444050074E+07   1.18672876027625973E-07   5.92370824686830710E-15   1.19841894488478006E-19   5.04789394947080365E-05   1.48823457866101632E-05   1.17862323778237104E-12   4.33982363870870209E-10   1.39937470519831722E-24   2.89541870696506700E-12
  4.16017500666064632E-02   1.58719011120651704E-01   1.85293070816925024E+02   1.62618196039184691E+18   1.03240393925852052E-05   1.00000000000000000E+09   9.06908525530439463E-02   2.82894385026358611E-10   5.00606258502630208E+00   2.77924577687419145E-04   8.19436740496087699E-05   6.53383336025434993E-07   9.06798236423923075E+06   4.33745331444050074E+07   1.18672834056940294E-07   7.41470748006744425E-15   1.49547445182775270E-19   5.04789162091286121E-05   1.48822609549150178E-05   1.47992617154479161E-12   4.63954344359902728E-10   2.23974703622701112E-24   3.64545132516870884E-12
  3.30607158538739343E-02   1.58793753689563416E-01   1.85293070816925024E+02   1.29231918448463616E+18   8.20446573096986030E-06   1.00000000000000000E+09   9.06908526990268526E-02   3.71403802868144189E-10   5.00606258198007392E+00   2.77924576892124272E-04   8.19436738051485967E-05   6.53383334000113465E-07   9.06798236423923075E+06   4.33745331444050074E+07   1.18672781178729808E-07   9.28656586716863356E-15   1.86973107344862083E-19   5.04788864736669944E-05   1.48821540476200758E-05   1.85953406092526922E-12   5.01536636042331747E-10   3.58832223111115105E-24   4.59268428675494799E-12
  2.62788788654094614E-02   1.58868496241409779E-01   1.85293070816925024E+02   1.02722214045879782E+18   6.52146075754481667E-06   1.00000000000000000E+09   9.06908528813376857E-02   4.85988665615820810E-10   5.00606257814963129E+00   2.77924575891526826E-04   8.19436734975782484E-05   6.53383331451919240E-07   9.06798236423923075E+06   4.33745331444050074E+07   1.18672714572923703E-07   1.16357241935703495E-14   2.34114897503435345E-19   5.04788484797224764E-05   1.48820193246192253E-05   2.33769246231016580E-12   5.48627871102160078E-10   5.76588186805972885E-24   5.78872084582766149E-12
  2.08927307788417463E-02   1.58943238776120821E-01   1.85293070816925024E+02   8.16681554056732544E+17   5.18481494420597713E-06   1.00000000000000000E+09   9.06908531090550030E-02   6.34029129771395386E-10   5.00606257333413573E+00   2.77924574632903575E-04   8.19436731106893768E-05   6.53383328246565091E-07   9.06798236423923075E+06   4.33745331444050074E+07   1.18672630694120671E-07   1.45828341402870826E-14   2.93482221985606297E-19   5.04787999083617435E-05   1.48818495626244839E-05   2.93985423327245787E-12   6.07588254283015923E-10   9.29655751483325206E-24   7.29857381258250182E-12
  1.66141162841115450E-02   1.59017981293439581E-01   1.85293070816925024E+02   6.49433645118730240E+17   4.12301863645200770E-06   1.00000000000000000E+09   9.06908533935136957E-02   8.24940675487820724E-10   5.00606256728160481E+00   2.77924573050063108E-04   8.19436726241327403E-05   6.53383324215454721E-07   9.06798236423923075E+06   4.33745331444050074E+07   1.18672525086004566E-07   1.82787843123939451E-14   3.68229236149902801E-19   5.04787377879776166E-05   1.48816356853517682E-05   3.69801190573566007E-12   6.81347134152681765E-10   1.50218105088758343E-23   9.20411289927215750E-12
  1.32145632597869458E-02   1.59092723793852725E-01   1.85293070816925024E+02   5.16547605644401984E+17   3.27937337377765266E-06   1.00000000000000000E+09   9.06908537488564648E-02   1.07072111410995501E-09   5.00606255967592162E+00   2.77924571059922308E-04   8.19436720123652406E-05   6.53383319146964254E-07   9.06798236423923075E+06   4.33745331444050074E+07   1.18672392148525147E-07   2.29122130116148435E-14   4.62319637877320050E-19   5.04786583141678000E-05   1.48813662975769433E-05   4.65236918158446251E-12   7.73533738940302669E-10   2.42808385845491941E-23   1.16083854614460998E-11
  1.05128818050987654E-02   1.59167466278450520E-01   1.85293070816925024E+02   4.10940855031626560E+17   2.60891442101816147E-06   1.00000000000000000E+09   9.06908541927157058E-02   1.38665137907262621E-09   5.00606255012062196E+00   2.77924568558218386E-04   8.19436712433312884E-05   6.53383312775518156E-07   9.06798236423923075E+06   4.33745331444050074E+07   1.18672224845883283E-07   2.87188713024406861E-14   5.80733360329310885E-19   5.04785566229016067E-05   1.48810270901986217E-05   5.85343741075039534E-12   8.88635224026189084E-10   4.04330464778437044E-23   1.46410290884314398E-11
  8.36534807968686463E-03   1.59242208744583058E-01   1.85293070816925024E+02   3.26995333557010304E+17   2.07597475483931416E-06   1.00000000000000000E+09   9.06908547470548776E-02   1.79219319640586175E-09   5.00606253811856750E+00   2.77924565414137904E-04   8.19436702768110218E-05   6.53383304767907430E-07   9.06798236423923075E+06   4.33745331444050074E+07   1.18672014340348972E-07   3.59932878352895486E-14   7.29725760813720024E-19   5.04784265062608917E-05   1.48806000779938276E-05   7.36466453460282175E-12   1.03218649890775789E-09   1.73678126710648076E-22   1.84650495540656950E-11
  6.65793249422582875E-03   1.59316951194598017E-01   1.85293070816925024E+02   2.60253708035891712E+17   1.65225638366867333E-06   1.00000000000000000E+09   9.06908554392049926E-02   2.31213039631984128E-09   5.00606252304652255E+00   2.77924561463591634E-04   8.19436690623510521E-05   6.53383294706155727E-07   9.06798236423923075E+06   4.33745331444050074E+07   1.18671749533169953E-07   4.51032957942083140E-14   9.17152568370652175E-19   5.04782600578257922E-05   1.48800626286509478E-05   9.26573101633746668E-12   1.21099639036226220E-09   4.47771502725176835E-21   2.32853070532610543E-11
  5.30014515123615644E-03   1.59391693626646930E-01   1.85293070816925024E+02   2.07178794608378432E+17   1.31530301022918980E-06   1.00000000000000000E+09   9.06908563031388060E-02   2.97800155710857877E-09   5.00606250412333598E+00   2.77924556500793829E-04   8.19436675366741284E-05   6.53383282066066544E-07   9.06798236423923075E+06   4.33745331444050074E+07   1.18671416489061820E-07   5.65081173168975885E-14   1.15287718305196976E-18   5.04780472318933979E-05   1.48793862417860853E-05   1.16566810838312866E-11   1.43341437554635989E-09   9.09838062841824199E-20   2.93591409955967926E-11
  4.22016094244747567E-03   1.59466436042935311E-01   1.85293070816925024E+02   1.64963002363379840E+17   1.04729025822911006E-06   1.00000000000000000E+09   9.06908573810342317E-02   3.82987015656731711E-09   5.00606248037015789E+00   2.77924550267722532E-04   8.19436656204355847E-05   6.53383266190373335E-07   9.06798236423923075E+06   4.33745331444050074E+07   1.18670997714386165E-07   7.07808681354889406E-14   1.44928104105304999E-18   5.04777752968419693E-05   1.48785350401655577E-05   1.46630998612942420E-11   1.70964112681552915E-09   1.11212708533261499E-18   3.70096729029639548E-11
  3.36095740012176810E-03   1.59541178440992804E-01   1.85293070816925024E+02   1.31377364773667440E+17   8.34067227704361473E-07   1.00000000000000000E+09   9.06908587251854664E-02   4.91847441297033555E-09   5.00606245056063859E+00   2.77924542440928144E-04   8.19436632141632868E-05   6.53383246255133484E-07   9.06798236423923075E+06   4.33745331444050074E+07   1.18670471249564300E-07   8.86365525659587182E-14   1.82190253750928472E-18   5.04774281576994105E-05   1.48774639425701727E-05   1.84425997596701417E-11   2.05208409949633001E-09   8.83320368020648765E-18   4.66424606169252449E-11
  2.67725424241385549E-03   1.59615920821539664E-01   1.85293070816925024E+02   1.04651908764065424E+17   6.64397001626538804E-07   1.00000000000000000E+09   9.06908604003308222E-02   6.30777216795570415E-09   5.00606241315870548E+00   2.77924532615030182E-04   8.19436601931766007E-05   6.53383221227683809E-07   9.06798236423923075E+06   4.33745331444050074E+07   1.18669809522331031E-07   1.10966873838255356E-13   2.29023413339742631E-18   5.04769855159525188E-05   1.48761165185691186E-05   2.31929454374958324E-11   2.47575591892482708E-09   4.93116333050980191E-17   5.87663270633012504E-11
  2.13308767559184211E-03   1.59690663186592557E-01   1.85293070816925024E+02   8.33808359606970080E+16   5.29354676048284035E-07   1.00000000000000000E+09   9.06908624864798951E-02   8.07782229291606415E-09   5.00606236624075329E+00   2.77924520282071309E-04   8.19436564012278036E-05   6.53383189814043097E-07   9.06798236423923075E+06   4.33745331444050074E+07   1.18668977894127435E-07   1.38883492663007361E-13   2.87870741674124976E-18   5.04764218254837862E-05   1.48744226039505778E-05   2.91622289652205191E-11   2.99870789750202832E-09   2.06944921766349613E-16   7.40193199051591304E-11
  1.69988738605067404E-03   1.59765405534165073E-01   1.85293070816925024E+02   6.64473537163084160E+16   4.21850139549384521E-07   1.00000000000000000E+09   9.06908650823263912E-02   1.03278905380642922E-08   5.00606230739838143E+00   2.77924504805694835E-04   8.19436516425462770E-05   6.53383150393129732E-07   9.06798236423923075E+06   4.33745331444050074E+07   1.18667932825007343E-07   1.73771735410843579E-13   3.61788894078315293E-18   5.04757049918348554E-05   1.48722958179842094E-05   3.66616095371427822E-11   3.64248325880010965E-09   6.90696715510806134E-16   9.32008261951854508E-11
  1.35495171880972340E-03   1.59840147864409310E-01   1.85293070816925024E+02   5.29640709538072000E+16   3.36249668067797387E-07   1.00000000000000000E+09   9.06908683093231027E-02   1.31797754710617786E-08   5.00606223361687430E+00   2.77924485388856852E-04   8.19436456718858146E-05   6.53383100934505471E-07   9.06798236423923075E+06   4.33745331444050074E+07   1.18666619579998367E-07   2.17357204741355038E-13   4.54589810039204043E-18   5.04747947470303099E-05   1.48696310368154982E-05   4.60812601720184004E-11   4.43256440248367431E-09   1.92001517433325522E-15   1.17310866064762532E-10
  1.08023833221936451E-03   1.59914890177292157E-01   1.85293070816925024E+02   4.22257257439025760E+16   2.68075809437223313E-07   1.00000000000000000E+09   9.06908723164568525E-02   1.67816052741705501E-08   5.00606214112337078E+00   2.77924461033457373E-04   8.19436381820743364E-05   6.53383038895539613E-07   9.06798236423923075E+06   4.33745331444050074E+07   1.18664969385119693E-07   2.71788321673836366E-13   5.71005026622487064E-18   5.04736406124521871E-05   1.48663016601106496E-05   5.79103235440919186E-11   5.39877574397139079E-09   4.61449354610635446E-15   1.47597610160379868E-10
  8.61404852796819132E-04   1.59989632473124893E-01   1.85293070816925024E+02   3.36716852048154120E+16   2.13769308852648239E-07   1.00000000000000000E+09   9.06908772857272782E-02   2.13125126569804792E-08   5.00606202519721677E+00   2.77924430489881078E-04   8.19436287884417361E-05   6.53382961092874290E-07   9.06798236423923075E+06   4.33745331444050074E+07   1.18662895902347386E-07   3.39738570756613450E-13   7.16872935951032049E-18   5.04721793354290555E-05   1.48621564063407624E-05   7.27618780281013685E-11   6.57558816695735627E-09   9.88089354047028068E-15   1.85614338315541437E-10
  6.87047686069320045E-04   1.60064374753013633E-01   1.85293070816925024E+02   2.68561911752773160E+16   1.70500209440853215E-07   1.00000000000000000E+09   9.06908834383058915E-02   2.69884071480452430E-08   5.00606187993312801E+00   2.77924392193937188E-04   8.19436170093443852E-05   6.53382863541793561E-07   9.06798236423923075E+06   4.33745331444050074E+07   1.18660290837609850E-07   4.24533147882713850E-13   8.99349972329418841E-18   5.04703316494092865E-05   1.48570156303336907E-05   9.14041623291981099E-11   8.00225302686655568E-09   1.93101761324596052E-14   2.33287456506247364E-10
  5.48097924279975358E-04   1.60139117015150823E-01   1.85293070816925024E+02   2.14247466889081760E+16   1.36017938551526744E-07   1.00000000000000000E+09   9.06908910413248004E-02   3.40685311498046439E-08   5.00606169794550304E+00   2.77924344188061005E-04   8.19436022418099271E-05   6.53382741255527429E-07   9.06798236423923075E+06   4.33745331444050074E+07   1.18657018447334723E-07   5.30305826865554211E-13   1.12714664988365818E-17   5.04679981637324036E-05   1.48506677748999735E-05   1.14799612941636201E-10   9.72267438243348219E-09   3.51039484916485212E-14   2.92997777213132829E-10
  4.37341826229359235E-04   1.60213859258758584E-01   1.85293070816925024E+02   1.70953718822008100E+16   1.08532308316201768E-07   1.00000000000000000E+09   9.06909004151972287E-02   4.28619116612335158E-08   5.00606146999931312E+00   2.77924284022869653E-04   8.19435837310825117E-05   6.53382587994537600E-07   9.06798236423923075E+06   4.33745331444050074E+07   1.18652908680404686E-07   6.62193204537991356E-13   1.41078813338313938E-17   5.04650541397912817E-05   1.48428672480488920E-05   1.44153643396875161E-10   1.17849122422675126E-08   6.02319461627866125E-14   3.67677933245314763E-10
  3.49040099474769356E-04   1.60288601487625776E-01   1.85293070816925024E+02   1.36437220143500120E+16   8.66190353544628116E-08   1.00000000000000000E+09   9.06909119412816767E-02   5.37324806216941933E-08   5.00606118454942983E+00   2.77924208634190847E-04   8.19435605325431629E-05   6.53382395953378090E-07   9.06798236423923075E+06   4.33745331444050074E+07   1.18647748668237862E-07   8.26575170360150820E-13   1.76289748085646118E-17   5.04613428576895830E-05   1.48333354910079672E-05   1.80975545755323677E-10   1.42402062413083460E-08   9.85964652977587829E-14   4.60929460472054039E-10
  2.78625562767098503E-04   1.60363343696960176E-01   1.85293070816925024E+02   1.08912693132008360E+16   6.91447116008331848E-08   1.00000000000000000E+09   9.06909260696643627E-02   6.71013824358352402E-08   5.00606082716587597E+00   2.77924114189474476E-04   8.19435314641036130E-05   6.53382155369657275E-07   9.06798236423923075E+06   4.33745331444050074E+07   1.18641272232867692E-07   1.03137263073682670E-12   2.19849933239290754E-17   5.04566672280856276E-05   1.48217674054750486E-05   2.27154425973004102E-10   1.71414331013105206E-08   1.55173074471435569E-13   5.77163771953103855E-10
  2.22463001069227607E-04   1.60438085891414589E-01   1.85293070816925024E+02   8.69591588368772600E+15   5.52072090655032777E-08   1.00000000000000000E+09   9.06909433269627030E-02   8.34449099824073059E-08   5.00606037981677954E+00   2.77923995895983805E-04   8.19434950466970470E-05   6.53381854035794018E-07   9.06798236423923075E+06   4.33745331444050074E+07   1.18633147022166354E-07   1.28641631994434115E-12   2.73534320437973458E-17   5.04507792658382047E-05   1.48078454898837129E-05   2.85053698378275086E-10   2.05409837898716101E-08   2.36114790297456601E-13   7.21772024481940406E-10
  1.77658379216619124E-04   1.60512828067164853E-01   1.85293070816925024E+02   6.94453600947000600E+15   4.40883336124175009E-08   1.00000000000000000E+09   9.06909643245597114E-02   1.03287918444708072E-07   5.00605981997409621E+00   2.77923847761280354E-04   8.19434494299063203E-05   6.53381476689494453E-07   9.06798236423923075E+06   4.33745331444050074E+07   1.18622958823918063E-07   1.60390402585407404E-12   3.39424788519372597E-17   5.04433669952745204E-05   1.47912626125855569E-05   3.57628394349381161E-10   2.44881897048598349E-08   3.48832133469566566E-13   9.01329794928331051E-10
  1.41907237010196173E-04   1.60587570224961118E-01   1.85293070816925024E+02   5.54705002807722900E+15   3.52162021417262880E-08   1.00000000000000000E+09   9.06909897687472460E-02   1.27196461819383755E-07   5.00605911949847560E+00   2.77923662294153509E-04   8.19433922990403914E-05   6.53381004252934818E-07   9.06798236423923075E+06   4.33745331444050074E+07   1.18610192574084531E-07   1.99896783523272972E-12   4.19947036945235507E-17   5.04340382520832351E-05   1.47717502654816671E-05   4.48570502489232226E-10   2.90266349297955620E-08   5.02074812293928985E-13   1.12384355550700250E-09
  1.13374193575219143E-04   1.60662312367284177E-01   1.85293070816925024E+02   4.43171424449244950E+15   2.81353399589272394E-08   1.00000000000000000E+09   9.06910204757683802E-02   1.55777764835982845E-07   5.00605824324903903E+00   2.77923430131191802E-04   8.19433207590636358E-05   6.53380412883180241E-07   9.06798236423923075E+06   4.33745331444050074E+07   1.18594209572296368E-07   2.49037817569288321E-12   5.17910346833358540E-17   5.04223006593969823E-05   1.47491044650923981E-05   5.62488915562359788E-10   3.41918805521361776E-08   7.06029350115403207E-13   1.39904716990135297E-09
  9.05971570947062079E-05   1.60737054491803727E-01   1.85293070816925024E+02   3.54137655974373400E+15   2.24829091182902928E-08   1.00000000000000000E+09   9.06910573958313038E-02   1.89696604090050614E-07   5.00605714735057994E+00   2.77923139570512769E-04   8.19432311896528553E-05   6.53379672787136726E-07   9.06798236423923075E+06   4.33745331444050074E+07   1.18574220470586469E-07   3.10141764352087822E-12   6.36550616286220718E-17   5.04075368160886178E-05   1.47232003287721131E-05   7.05132314775799207E-10   4.00101523364170164E-08   9.72406745106799592E-13   1.73875800110542316E-09
  7.24111584378005939E-05   1.60811796598710116E-01   1.85293070816925024E+02   2.83049918318574700E+15   1.79698067026910644E-08   1.00000000000000000E+09   9.06911016500232536E-02   2.29713450222983069E-07   5.00605577703420934E+00   2.77922775989522097E-04   8.19431190642386096E-05   6.53378746742724488E-07   9.06798236423923075E+06   4.33745331444050074E+07   1.18549253717902764E-07   3.86096501297151820E-12   7.79577210621457840E-17   5.03889735287480736E-05   1.46939902068600718E-05   8.83665188030725415E-10   4.64983259982185592E-08   1.31445887890234287E-12   2.15730364049066458E-09
  5.78877756793183602E-05   1.60886538688014447E-01   1.85293070816925024E+02   2.26279078130609650E+15   1.43656321953590184E-08   1.00000000000000000E+09   9.06911545829031385E-02   2.76743863382377896E-07   5.00605406394705277E+00   2.77922321117790019E-04   8.19429787241123843E-05   6.53377588253516091E-07   9.06798236423923075E+06   4.33745331444050074E+07   1.18518119238051434E-07   4.80483817863823367E-12   9.51224657283843067E-17   5.03656440892146648E-05   1.46614862199078696E-05   1.10700875555500285E-09   5.36651623189720440E-08   1.74699445178528876E-12   2.67203147653454947E-09
  4.62869479689095644E-05   1.60961280759535169E-01   1.85293070816925024E+02   1.80932291713988400E+15   1.14867294374809435E-08   1.00000000000000000E+09   9.06912178318949741E-02   3.31932668449555086E-07   5.00605192280112732E+00   2.77921752128848770E-04   8.19428030964577259E-05   6.53376139245983041E-07   9.06798236423923075E+06   4.33745331444050074E+07   1.18479367082073700E-07   5.97745120483655375E-12   1.15631034085125693E-16   5.03363446204730620E-05   1.46257325461835754E-05   1.38625923155493206E-09   6.15133478838321260E-08   2.28706944998274791E-12   3.30391311066251337E-09
  3.70186367143284005E-05   1.61036022813629415E-01   1.85293070816925024E+02   1.44703141398519325E+15   9.18667233087422146E-09   1.00000000000000000E+09   9.06912934123115383E-02   3.96728114563322617E-07   5.00604924719994493E+00   2.77921040505611056E-04   8.19425833423755257E-05   6.53374327195875422E-07   9.06798236423923075E+06   4.33745331444050074E+07   1.18431241247007616E-07   7.43383313760081934E-12   1.40029566451333187E-16   5.02995924465036537E-05   1.45867748771502807E-05   1.73519376441438425E-09   7.00415996910608172E-08   2.95692149566397451E-12   4.07824961959210899E-09
  2.96123152666732721E-05   1.61110764851241844E-01   1.85293070816925024E+02   1.15752372953064700E+15   7.34869328989424512E-09   1.00000000000000000E+09   9.06913838142691942E-02   4.72929524588455872E-07   5.00604590444225739E+00   2.77920150622761085E-04   8.19423084175016164E-05   6.53372061541954277E-07   9.06798236423923075E+06   4.33745331444050074E+07   1.18371631780942772E-07   9.24200531141231145E-12   1.68933520947402125E-16   5.02536061789974546E-05   1.45446349263093825E-05   2.17086560612251194E-09   7.92459859123657157E-08   3.79039320006285017E-12   5.02546362484850647E-09
  2.36926834860045890E-05   1.61185506870155232E-01   1.85293070816925024E+02   9.26129656000727250E+14   5.87965648186419004E-09   1.00000000000000000E+09   9.06914921074704478E-02   5.62677145597524702E-07   5.00604172905347244E+00   2.77919037975392043E-04   8.19419645234952866E-05   6.53369229209883583E-07   9.06798236423923075E+06   4.33745331444050074E+07   1.18298034978556725E-07   1.14855777551445823E-11   2.03027681151115981E-16   5.01963333027335016E-05   1.44992965898332979E-05   2.71426916911846638E-09   8.91198082656620752E-08   4.84118365331062830E-12   6.18192590463610322E-09
  1.89603330992774781E-05   1.61260248870359224E-01   1.85293070816925024E+02   7.41145543149035375E+14   4.70525967351105364E-09   1.00000000000000000E+09   9.06916220547339252E-02   6.68368638550959335E-07   5.00603651473503586E+00   2.77917646965887360E-04   8.19415344233437342E-05   6.53365689024850582E-07   9.06798236423923075E+06   4.33745331444050074E+07   1.18207539268484064E-07   1.42661861338108896E-11   2.43055964567956202E-16   5.01255387213663501E-05   1.44507064303266322E-05   3.39101930523217620E-09   9.96518933699645429E-08   6.18762290639261202E-12   7.59071919254430162E-09
  1.51763513658594731E-05   1.61334990854174326E-01   1.85293070816925024E+02   5.93232466812471125E+14   3.76621342142775541E-09   1.00000000000000000E+09   9.06917782438661640E-02   7.92517596205782333E-07   5.00603000434684287E+00   2.77915908139826900E-04   8.19409965868249368E-05   6.53361264736284397E-07   9.06798236423923075E+06   4.33745331444050074E+07   1.18096857645045486E-07   1.77051097265150069E-11   2.89796775671200560E-16   5.00389413864408438E-05   1.43987858119730380E-05   4.23194140475118792E-09   1.10823739011640317E-07   7.92848312881225688E-12   9.30221232661536606E-09
  1.21500582858876322E-05   1.61409732818034224E-01   1.85293070816925024E+02   4.74936885361459188E+14   3.01519789333845711E-09   1.00000000000000000E+09   9.06919662547449462E-02   9.37592485152992131E-07   5.00602187744493499E+00   2.77913734735666209E-04   8.19403241242916609E-05   6.53355736309400290E-07   9.06798236423923075E+06   4.33745331444050074E+07   1.17962421823974751E-07   2.19432388776576476E-11   3.44023871464774787E-16   4.99343661185320571E-05   1.43434484851039752E-05   5.27342320761273215E-09   1.22606348898812228E-07   1.01691986554344926E-11   1.13743182585617672E-08
  9.72923755665080784E-06   1.61484474764480052E-01   1.85293070816925024E+02   3.80308774935221938E+14   2.41443854663086373E-09   1.00000000000000000E+09   9.06921928807907785E-02   1.10587427647030185E-06   5.00601173478112393E+00   2.77911018380804680E-04   8.19394834567514009E-05   6.53348829053080217E-07   9.06798236423923075E+06   4.33745331444050074E+07   1.17800538970526409E-07   2.71386488077844851E-11   4.06458249464270775E-16   4.98098775928755303E-05   1.42846175363637054E-05   6.55735281776947858E-09   1.34957617902175398E-07   1.30042870854723772E-11   1.38723348046964429E-08
  7.79235252795655471E-06   1.61559216692187840E-01   1.85293070816925024E+02   3.04597356834474562E+14   1.93377441140568181E-09   1.00000000000000000E+09   9.06924664225142174E-02   1.29935366946491772E-06   5.00599907902829777E+00   2.77907623726926100E-04   8.19384326575488129E-05   6.53340200048122466E-07   9.06798236423923075E+06   4.33745331444050074E+07   1.17607594396641534E-07   3.34614198901599585E-11   4.77720424129360175E-16   4.96638783308817492E-05   1.42222382680349734E-05   8.13047323437276175E-09   1.47820881924399933E-07   1.65045877109896728E-11   1.68683019307533223E-08
  6.24234252712747183E-06   1.61633958600112204E-01   1.85293070816925024E+02   2.44008600406208812E+14   1.54911856389956073E-09   1.00000000000000000E+09   9.06927970691656787E-02   1.51966990338303277E-06   5.00598329081768689E+00   2.77903381768243943E-04   8.19371193852117978E-05   6.53329421209275218E-07   9.06798236423923075E+06   4.33745331444050074E+07   1.17380270872705930E-07   4.10859150224549400E-11   5.58292705945374510E-16   4.94951689104080803E-05   1.41562864095623753E-05   1.00430279300849608E-08   1.61124904764558386E-07   2.07152889984533226E-11   2.04398430159322225E-08
  5.00167766777283317E-06   1.61708700488481238E-01   1.85293070816925024E+02   1.95511919138127344E+14   1.24123090994689292E-09   1.00000000000000000E+09   9.06931973852704160E-02   1.76808291651159681E-06   5.00596359895477416E+00   2.77898081525210846E-04   8.19354783075082726E-05   6.53315958152762318E-07   9.06798236423923075E+06   4.33745331444050074E+07   1.17115752156777330E-07   5.01813038175163036E-11   6.48497962831586597E-16   4.93029776435166620E-05   1.40867726469949567E-05   1.23466556250580775E-08   1.74785277395290727E-07   2.56651306709130279E-11   2.46684907747101908E-08
  4.00841602616216947E-06   1.61783442357296164E-01   1.85293070816925024E+02   1.56686048568971000E+14   9.94739719720846203E-10   1.00000000000000000E+09   9.06936829225093999E-02   2.04546972199149516E-06   5.00593904340827844E+00   2.77891459700307767E-04   8.19334278925988113E-05   6.53299143840604836E-07   9.06798236423923075E+06   4.33745331444050074E+07   1.16811884477906435E-07   6.09015381727946052E-11   7.48496607837410358E-16   4.90869680980942066E-05   1.40137447059316829E-05   1.50916093588299718E-08   1.88707003199605942E-07   3.13826108062038293E-11   2.96375381590794765E-08
  3.21305935776116207E-06   1.61858184206316230E-01   1.85293070816925024E+02   1.25596138549313422E+14   7.97361331140342357E-10   1.00000000000000000E+09   9.06942729833052352E-02   2.35233983645468389E-06   5.00590842932995095E+00   2.77883187817927805E-04   8.19308664132879804E-05   6.53278145724797072E-07   9.06798236423923075E+06   4.33745331444050074E+07   1.16467280622050015E-07   7.33761161387715062E-11   8.58299247171811086E-16   4.88472299223854673E-05   1.39372877722160439E-05   1.83235066568850328E-08   2.02787927201820266E-07   3.79137015449283238E-11   3.54295030304649137E-08
  2.57604510615452922E-06   1.61932926035042335E-01   1.85293070816925024E+02   1.00695717706039047E+14   6.39277757903392904E-10   1.00000000000000000E+09   9.06949915698595649E-02   2.68886889262802921E-06   5.00587026994608575E+00   2.77872856242391956E-04   8.19276669734362689E-05   6.53251924807006664E-07   9.06798236423923075E+06   4.33745331444050074E+07   1.16081362279889274E-07   8.77027905808914494E-11   9.77789813774747644E-16   4.85842553116016138E-05   1.38575235056066517E-05   2.20799317691951368E-08   2.16922614386511476E-07   4.53370944249021996E-11   4.21233453011679247E-08
  2.06574552734978231E-06   1.62007667842693326E-01   1.85293070816925024E+02   8.07484806758847344E+13   5.12640145089868029E-10   1.00000000000000000E+09   9.06958685611084225E-02   3.05495188403585356E-06   5.00582271564633441E+00   2.77859954321201907E-04   8.19236713199774128E-05   6.53219184649430934E-07   9.06798236423923075E+06   4.33745331444050074E+07   1.15654344745081536E-07   1.03942954807571447E-10   1.10675334255574197E-15   4.82989020132451404E-05   1.37746076112990628E-05   2.63872707915005871E-08   2.31006276611254993E-07   5.37756291232542840E-11   4.97916122663343717E-08
  1.65687106107609079E-06   1.62082409628177437E-01   1.85293070816925024E+02   6.47658770581384375E+13   4.11172544135454970E-10   1.00000000000000000E+09   9.06969411705090128E-02   3.45027761400006112E-06   5.00576346595860322E+00   2.77843845718297859E-04   8.19186821477209295E-05   6.53178307903261776E-07   9.06798236423923075E+06   4.33745331444050074E+07   1.15187173330976592E-07   1.22119907834012031E-10   1.24490329905634444E-15   4.79923440814744644E-05   1.36887259197083826E-05   3.12581407843557378E-08   2.44938383383886322E-07   6.34047817956858619E-11   5.84976982410365478E-08
  1.32919601421254604E-06   1.62157151390053544E-01   1.85293070816925024E+02   5.19572993125648594E+13   3.29855673925256279E-10   1.00000000000000000E+09   9.06982557504413256E-02   3.87442472911120350E-06   5.00568966031242546E+00   2.77823737776962474E-04   8.19124535348567898E-05   6.53127277343138230E-07   9.06798236423923075E+06   4.33745331444050074E+07   1.14681423544822953E-07   1.42219715311564659E-10   1.39190477197551175E-15   4.76660128537955501E-05   1.36000890826445425E-05   3.66896747246298985E-08   2.58625663168838149E-07   7.44602973590197706E-11   6.82933820732696709E-08
  1.06654128154759919E-06   1.62231893127117832E-01   1.85293070816925024E+02   4.16903180584726094E+13   2.64674469180598696E-10   1.00000000000000000E+09   9.06998700250823409E-02   4.32697827943640484E-06   5.00559774252296652E+00   2.77798643475450115E-04   8.19046790620012172E-05   6.53063577685557503E-07   9.06798236423923075E+06   4.33745331444050074E+07   1.14139177862266392E-07   1.64194040170714010E-10   1.54739121645926711E-15   4.73215319442322232E-05   1.35089261976320310E-05   4.26627723039868466E-08   2.71984297583458000E-07   8.72474079726651048E-11   7.92167542421471137E-08
  9.99999999999999955E-07   1.62253784147582569E-01   1.85293070816925024E+02   3.90892680665656797E+13   2.48161377779819985E-10   1.00000000000000000E+09   9.07004516522852133E-02   4.46776605048996548E-06   5.00556422144630098E+00   2.77789473335353463E-04   8.19018374540257367E-05   6.53040291818702316E-07   9.06798236423923075E+06   4.33745331444050074E+07   1.13970389953149925E-07   1.71156043072962736E-10   1.59530262851496937E-15   4.72158338700614554E-05   1.34815562065068641E-05   4.45605442051190252E-08   2.75779235274515414E-07   9.16133901388327529E-11   8.27530427847128887E-08
  8.55962090838998583E-07   1.62306634840678726E-01   1.85293070816925024E+02   3.34589316236236602E+13   2.12416508400111736E-10   1.00000000000000000E+09   9.07018558536491770E-02   4.80766483646129040E-06   5.00548329273226766E+00   2.77767334200237415E-04   8.18949770634261505E-05   6.52984073598787885E-07   9.06798236423923075E+06   4.33745331444050074E+07   1.13562891454054431E-07   1.87964153015288058E-10   1.71097340496123937E-15   4.69606508607610092E-05   1.34154778341747187E-05   4.91422657596133959E-08   2.84941215071301297E-07   1.02154021805543835E-10   9.12905753663256430E-08
  6.87099317979849741E-07   1.62381376524510457E-01   1.85293070816925024E+02   2.68582094288687969E+13   1.70511033933624575E-10   1.00000000000000000E+09   9.07043026507048933E-02   5.31650422144309120E-06   5.00534081907257544E+00   2.77728281149640279E-04   8.18828723319326948E-05   6.52884858249777999E-07   9.06798236423923075E+06   4.33745331444050074E+07   1.12955257788217217E-07   2.13425323027976878E-10   1.88223969605042120E-15   4.65851819489724380E-05   1.33199890135208103E-05   5.60778232998381365E-08   2.97434488108758142E-07   1.19670146937812716E-10   1.04521034509436125E-07
  5.51661326615044014E-07   1.62456118181424775E-01   1.85293070816925024E+02   2.15640374780126992E+13   1.36900363459877340E-10   1.00000000000000000E+09   9.07073216207563288E-02   5.85397704774922568E-06   5.00516349950838890E+00   2.77679582679793381E-04   8.18677734442566058E-05   6.52761065444418416E-07   9.06798236423923075E+06   4.33745331444050074E+07   1.12319082825589284E-07   2.40450883735350181E-10   2.06074674342755764E-15   4.61969447162933764E-05   1.32227026662714984E-05   6.34053484721907019E-08   3.09412917766680023E-07   1.40415832445116657E-10   1.18896812435991868E-07
  4.43009984082022001E-07   1.62530859804206729E-01   1.85293070816925024E+02   1.73169360239471543E+13   1.09937154222354920E-10   1.00000000000000000E+09   9.07110510018558219E-02   6.42120950227344890E-06   5.00494286209608763E+00   2.77618874298614664E-04   8.18489446869832550E-05   6.52606636863248379E-07   9.06798236423923075E+06   4.33745331444050074E+07   1.11657173701691713E-07   2.68895409270609245E-10   2.24599949269368103E-15   4.57977203520551618E-05   1.31238539636527649E-05   7.10486380316158094E-08   3.20834945782975591E-07   1.65180021671055543E-10   1.34388311451244006E-07
  3.55829841334678476E-07   1.62605601391517501E-01   1.85293070816925024E+02   1.39091280540147812E+13   8.83023055260844663E-11   1.00000000000000000E+09   9.07156625589003590E-02   7.02017949169769635E-06   5.00466838918677492E+00   2.77543217282536468E-04   8.18254713383587882E-05   6.52414034036885610E-07   9.06798236423923075E+06   4.33745331444050074E+07   1.10972244795517748E-07   2.98596581866876227E-10   2.43741894569066416E-15   4.53892178657724083E-05   1.30236657435398067E-05   7.89211193814762604E-08   3.31667066034538671E-07   1.94972401043849138E-10   1.50946891169983376E-07
  2.85863716295181003E-07   1.62680342939821365E-01   1.85293070816925024E+02   1.11742034367670098E+13   7.09393401378909787E-11   1.00000000000000000E+09   9.07213696238058365E-02   7.65395045935739356E-06   5.00432702778846927E+00   2.77448961015872855E-04   8.17962167936481114E-05   6.52173882509241180E-07   9.06798236423923075E+06   4.33745331444050074E+07   1.10266841597002661E-07   3.29375453272815937E-10   2.63429599440967740E-15   4.49730522596663594E-05   1.29223451148855296E-05   8.69275760318223460E-08   3.41881916881882374E-07   2.31088471459160982E-10   1.68503942275166183E-07
  2.29701308784043136E-07   1.62755084442165576E-01   1.85293070816925024E+02   8.97885603430043945E+12   5.70019461867836338E-11   1.00000000000000000E+09   9.07284370493008085E-02   8.32694021018471482E-06   5.00390258428221468E+00   2.77331573115516597E-04   8.17597697057286389E-05   6.51874533076280722E-07   9.06798236423923075E+06   4.33745331444050074E+07   1.09543281231442850E-07   3.61034893490886606E-10   2.83573006862095756E-15   4.45507346939143405E-05   1.28200812572544423E-05   9.49658585354413220E-08   3.51456227673933847E-07   2.75183195051436251E-10   1.86969631096495447E-07
  1.84610176558004752E-07   1.62829825892212426E-01   1.85293070816925024E+02   7.21627667929186719E+12   4.58120315453367106E-11   1.00000000000000000E+09   9.07371935290415405E-02   9.04523164370083753E-06   5.00337497682280485E+00   2.77185430190556080E-04   8.17143789446133430E-05   6.51501522054577343E-07   9.06798236423923075E+06   4.33745331444050074E+07   1.08803607816526040E-07   3.93356090580517245E-10   3.04055292361594467E-15   4.41236743226078407E-05   1.27170443882949589E-05   1.02928645786460738E-07   3.60368770670038559E-07   3.29339440506651961E-10   2.06231156154367651E-07
  1.48400555889797504E-07   1.62904567281814988E-01   1.85293070816925024E+02   5.80086911040365723E+12   3.68261771933574688E-11   1.00000000000000000E+09   9.07480468440020893E-02   9.81692815329588463E-06   5.00271931290771921E+00   2.77003560693471799E-04   8.16578737585035597E-05   6.51036909242925392E-07   9.06798236423923075E+06   4.33745331444050074E+07   1.08049560676553018E-07   4.26093042624979114E-10   3.24724102097419638E-15   4.36931909529942716E-05   1.26133857928339695E-05   1.10705351097096525E-07   3.68598436142457968E-07   3.96103988484154974E-10   2.26150377458137054E-07
  1.19317227859783161E-07   1.62979308600627787E-01   1.85293070816925024E+02   4.66402310477056348E+12   2.96088023440728601E-11   1.00000000000000000E+09   9.07615027288597026E-02   1.06525458243255032E-05   5.00190475262360490E+00   2.76777329760742607E-04   8.15875660488901911E-05   6.50458468641863003E-07   9.06798236423923075E+06   4.33745331444050074E+07   1.07282553556971929E-07   4.58965105337164586E-10   3.45382461973390434E-15   4.32605369899188085E-05   1.25092387057749595E-05   1.18184253249504155E-07   3.76122505578937481E-07   4.78448380471152417E-10   2.46560709041094210E-07
  9.59530017020811810E-08   1.63054049835629322E-01   1.85293070816925024E+02   3.75073260532428467E+12   2.38106941392352474E-11   1.00000000000000000E+09   9.07781882141192736E-02   1.15654214385102767E-05   5.00089310984446644E+00   2.76496054260544724E-04   8.15001311662899358E-05   6.49738703188446514E-07   9.06798236423923075E+06   4.33745331444050074E+07   1.06503663265606180E-07   4.91647865274275053E-10   3.65780718706595008E-15   4.28269267347184987E-05   1.24047197917975479E-05   1.25254882393395017E-07   3.82915149063301547E-07   5.79600109650076150E-10   2.67263195387684249E-07
  7.71794797058583990E-08   1.63128790970531345E-01   1.85293070816925024E+02   3.01688937146036475E+12   1.91518260008002493E-11   1.00000000000000000E+09   9.07988804930633803E-02   1.25721025193944385E-05   4.99963713406377597E+00   2.76146534558784616E-04   8.13914631196562791E-05   6.48843650923285802E-07   9.06798236423923075E+06   4.33745331444050074E+07   1.05713626535506719E-07   5.23762924174564077E-10   3.85611349087491421E-15   4.23935712877658176E-05   1.22999310237301434E-05   1.31810622705423140E-07   3.88946122290051623E-07   7.02690151155353484E-10   2.88021712359513365E-07
  6.20916404991432830E-08   1.63203531986755163E-01   1.85293070816925024E+02   2.42711678016383789E+12   1.54076052061122044E-11   1.00000000000000000E+09   9.08245426037285752E-02   1.36926530980745094E-05   4.99807840457396857E+00   2.75712487955809987E-04   8.12564996237099537E-05   6.47731446453349181E-07   9.06798236423923075E+06   4.33745331444050074E+07   1.04912844246720737E-07   5.54867596834901259E-10   4.04508655086128016E-15   4.19617178579551948E-05   1.21949619105605463E-05   1.37751428650229863E-07   3.94179590616089621E-07   8.50183817781002510E-10   3.08557238808968178E-07
  4.99634737901407260E-08   1.63278272859960161E-01   1.85293070816925024E+02   1.95303562051963916E+12   1.23978630367269625E-11   1.00000000000000000E+09   9.08563675340587074E-02   1.49507140293293076E-05   4.99614475648399292E+00   2.75173867628087895E-04   8.10890120744232575E-05   6.46350598902614309E-07   9.06798236423923075E+06   4.33745331444050074E+07   1.04101392361594586E-07   5.84445991202771696E-10   4.22055039450891145E-15   4.15326927367444136E-05   1.20898921980653977E-05   1.42986504034873123E-07   3.98572966609166363E-07   1.02310562355105155E-09   3.28541140771726697E-07
  4.02124554641006072E-08   1.63353013557443388E-01   1.85293070816925024E+02   1.57187545125106250E+12   9.97803878605917726E-12   1.00000000000000000E+09   9.08958327928287291E-02   1.63729366231265187E-05   4.99374714495274930E+00   2.74506050700418897E-04   8.08813554910183229E-05   6.44637946850631826E-07   9.06798236423923075E+06   4.33745331444050074E+07   1.03279038997492495E-07   6.11903355915887545E-10   4.37794634609294306E-15   4.11079472856357069E-05   1.19847953264925804E-05   1.47436768853311821E-07   4.02075619697932491E-07   1.22012634745887518E-09   3.47587409095722693E-07
  3.23710957445396111E-08   1.63427754045905926E-01   1.85293070816925024E+02   1.26536243916677246E+12   8.03211904855457677E-12   1.00000000000000000E+09   9.09447680760515631E-02   1.79870036985424310E-05   4.99077584076891423E+00   2.73678880494846160E-04   8.06241739257089918E-05   6.42516253975252214E-07   9.06798236423923075E+06   4.33745331444050074E+07   1.02445267129392969E-07   6.36565802897104773E-10   4.51253646657072501E-15   4.06891062900683500E-05   1.18797431123093623E-05   1.51036937261593170E-07   4.04627311740245416E-07   1.43663146802771766E-09   3.65243824077808455E-07
  2.60641475715442276E-08   1.63502494275121035E-01   1.85293070816925024E+02   1.01882845135061926E+12   6.46698167270058949E-12   1.00000000000000000E+09   9.10054394158440749E-02   1.98168328035216345E-05   4.98709583839833304E+00   2.72655552125173500E-04   8.03060581762892931E-05   6.39891419408548244E-07   9.06798236423923075E+06   4.33745331444050074E+07   1.01599303075263056E-07   6.57687348214511326E-10   4.61965201150828831E-15   4.02780187583916190E-05   1.17748123559002634E-05   1.53737042913430420E-07   4.06156238336102452E-07   1.66390996697693048E-09   3.80982150594628277E-07
  2.09903454777107157E-08   1.63577234194175025E-01   1.85293070816925024E+02   8.20497241188058838E+11   5.20786402386281112E-12   1.00000000000000000E+09   9.10806546036157239E-02   2.18718433747436530E-05   4.98254134902758850E+00   2.71391338978983613E-04   7.99131553692469061E-05   6.36649299008313071E-07   9.06798236423923075E+06   4.33745331444050074E+07   1.00740154088404369E-07   6.74465372425811476E-10   4.69495197796647272E-15   3.98768146703391122E-05   1.16700944497315730E-05   1.55503261960596938E-07   4.06576605239037619E-07   1.88857448467265097E-09   3.94187762023912474E-07
  1.69077714423532040E-08   1.63651973730651074E-01   1.85293070816925024E+02   6.60912410318368286E+11   4.19473134647950458E-12   1.00000000000000000E+09   9.11738991558254386E-02   2.41199279849889829E-05   4.97690924859923189E+00   2.69832172379889837E-04   7.94287348581858033E-05   6.32652174620779266E-07   9.06798236423923075E+06   4.33745331444050074E+07   9.98666691760190122E-08   6.86063562605468945E-10   4.73465155151187347E-15   3.94879822228886727E-05   1.15657100129039108E-05   1.56317949352486234E-07   4.05785774079287742E-07   2.09224875647511121E-09   4.04149498889735062E-07
  1.36221249557306928E-08   1.63726712803283936E-01   1.85293070816925024E+02   5.32478894030811279E+11   3.37936588277231345E-12   1.00000000000000000E+09   9.12895239432451877E-02   2.64131810821984535E-05   4.96995135639348184E+00   2.67913110589893953E-04   7.88327229005351753E-05   6.27734976819324350E-07   9.06798236423923075E+06   4.33745331444050074E+07   9.89776620516132043E-08   6.91637090158247577E-10   4.73568513388688367E-15   3.91145042405507270E-05   1.14618327407863708E-05   1.56179200757037466E-07   4.03661408418211481E-07   2.25145791132479881E-09   4.10050923395924225E-07
  1.09773189989569521E-08   1.63801451316928304E-01   1.85293070816925024E+02   4.29095365002432739E+11   2.72303325529234177E-12   1.00000000000000000E+09   9.14330270825299690E-02   2.82975866957979826E-05   4.96136543427947974E+00   2.65556769587600478E-04   7.81012310012914085E-05   6.21701473569267509E-07   9.06798236423923075E+06   4.33745331444050074E+07   9.80721686756226156E-08   6.90344894239038613E-10   4.69578165537002827E-15   3.87601247073171944E-05   1.13587294609640166E-05   1.55101433999232634E-07   4.00060200352333606E-07   2.33757441828523729E-09   4.10964650957157291E-07
