# lambda[A]  T_theo  T_instr  T_rot+instr  (Ly-alpha 1215.67)
1.211326082275147655e+03 9.995688499338852839e-01 9.995686024097832911e-01 9.995685953332724694e-01
1.211346100329179080e+03 9.995667468557994928e-01 9.995667436641511028e-01 9.995667426446951387e-01
1.211366118383210733e+03 9.995646241615195882e-01 9.995646217992303351e-01 9.995646217031173286e-01
1.211386136437242158e+03 9.995624815369980043e-01 9.995624791366655160e-01 9.995624790422100725e-01
1.211406154491273810e+03 9.995603186606550894e-01 9.995603162212896020e-01 9.995603161251618296e-01
1.211426172545305462e+03 9.995581352031667199e-01 9.995581327238249880e-01 9.995581326259849186e-01
1.211446190599337115e+03 9.995559308272484733e-01 9.995559283069603840e-01 9.995559282073668284e-01
1.211466208653368767e+03 9.995537051874316958e-01 9.995537026252000468e-01 9.995537025238107054e-01
1.211486226707399965e+03 9.995514579298355740e-01 9.995514553246351852e-01 9.995514552214062043e-01
1.211506244761431617e+03 9.995491886919294355e-01 9.995491860427069275e-01 9.995491859375938981e-01
1.211526262815463269e+03 9.995468971022941629e-01 9.995468944079660689e-01 9.995468943009232499e-01
1.211546280869494922e+03 9.995445827803713934e-01 9.995445800398249370e-01 9.995445799308043666e-01
1.211566298923526574e+03 9.995422453362108328e-01 9.995422425483010409e-01 9.995422424372545356e-01
1.211586316977557999e+03 9.995398843702055780e-01 9.995398815337565024e-01 9.995398814206335469e-01
1.211606335031589651e+03 9.995374994728253304e-01 9.995374965866279382e-01 9.995374964713771293e-01
1.211626353085621304e+03 9.995350902243387292e-01 9.995350872871502368e-01 9.995350871697192829e-01
1.211646371139652956e+03 9.995326561945309107e-01 9.995326532050741175e-01 9.995326530854076186e-01
1.211666389193684381e+03 9.995301969424099653e-01 9.995301938993720325e-01 9.995301937774141443e-01
1.211686407247715806e+03 9.995277120159085094e-01 9.995277089179404051e-01 9.995277087936330629e-01
1.211706425301747458e+03 9.995252009515760427e-01 9.995251977972910984e-01 9.995251976705750163e-01
1.211726443355779111e+03 9.995226632742625350e-01 9.995226600622356683e-01 9.995226599330491180e-01
1.211746461409810763e+03 9.995200984967940183e-01 9.995200952255604010e-01 9.995200950938409878e-01
1.211766479463842415e+03 9.995175061196389654e-01 9.995175027876934681e-01 9.995175026533761331e-01
1.211786497517873840e+03 9.995148856305652307e-01 9.995148822363606467e-01 9.995148820993778882e-01
1.211806515571905265e+03 9.995122365042878876e-01 9.995122330462342664e-01 9.995122329065178057e-01
1.211826533625936918e+03 9.995095582021085168e-01 9.995095546785718321e-01 9.995095545360501710e-01
1.211846551679968570e+03 9.995068501715405063e-01 9.995068465808415459e-01 9.995068464354422977e-01
1.211866569734000223e+03 9.995041118459309093e-01 9.995041081863438315e-01 9.995041080379913900e-01
1.211886587788031648e+03 9.995013426440640947e-01 9.995013389138149851e-01 9.995013387624311907e-01
1.211906605842063300e+03 9.994985419697582918e-01 9.994985381670241642e-01 9.994985380125303021e-01
1.211926623896094952e+03 9.994957092114528097e-01 9.994957053343601627e-01 9.994957051766735212e-01
1.211946641950126605e+03 9.994928437417776035e-01 9.994928397884006444e-01 9.994928396274361804e-01
1.211966660004158257e+03 9.994899449171165129e-01 9.994899408854759359e-01 9.994899407211462750e-01
1.211986678058189455e+03 9.994870120771529587e-01 9.994870079652146133e-01 9.994870077974293832e-01
1.212006696112221107e+03 9.994840445444072019e-01 9.994840403500796500e-01 9.994840401787463691e-01
1.212026714166252759e+03 9.994810416237560613e-01 9.994810373448899110e-01 9.994810371699125451e-01
1.212046732220284412e+03 9.994780026019399743e-01 9.994779982363255488e-01 9.994779980576053990e-01
1.212066750274316064e+03 9.994749267470572907e-01 9.994749222924229626e-01 9.994749221098579994e-01
1.212086768328347489e+03 9.994718133080393585e-01 9.994718087620493296e-01 9.994718085755348591e-01
1.212106786382379141e+03 9.994686615141122887e-01 9.994686568743655908e-01 9.994686566837927000e-01
1.212126804436410794e+03 9.994654705742428424e-01 9.994654658382704504e-01 9.994654656435272289e-01
1.212146822490442219e+03 9.994622396765648897e-01 9.994622348418271685e-01 9.994622346427982640e-01
1.212166840544473871e+03 9.994589679877879940e-01 9.994589630516736989e-01 9.994589628482396515e-01
1.212186858598505296e+03 9.994556546525895646e-01 9.994556496124122891e-01 9.994556494044509742e-01
1.212206876652536948e+03 9.994522987929848057e-01 9.994522936459819817e-01 9.994522934333651687e-01
1.212226894706568601e+03 9.994488995076756810e-01 9.994488942510045826e-01 9.994488940336015981e-01
1.212246912760600253e+03 9.994454558713816716e-01 9.994454505021170831e-01 9.994454502797927020e-01
1.212266930814631905e+03 9.994419669341434442e-01 9.994419614492752180e-01 9.994419612218894411e-01
1.212286948868663103e+03 9.994384317206056467e-01 9.994384261170358164e-01 9.994384258844437596e-01
1.212306966922694755e+03 9.994348492292726149e-01 9.994348435038118428e-01 9.994348432658644033e-01
1.212326984976726408e+03 9.994312184317405423e-01 9.994312125811047887e-01 9.994312123376472012e-01
1.212347003030758060e+03 9.994275382718982303e-01 9.994275322927057559e-01 9.994275320435780374e-01
1.212367021084789712e+03 9.994238076651026370e-01 9.994238015538694508e-01 9.994238012989064002e-01
1.212387039138821137e+03 9.994200254973176767e-01 9.994200192504554270e-01 9.994200189894867359e-01
1.212407057192852790e+03 9.994161906242293725e-01 9.994161842380393512e-01 9.994161839708877171e-01
1.212427075246884442e+03 9.994123018703174877e-01 9.994122953409873000e-01 9.994122950674698691e-01
1.212447093300916094e+03 9.994083580278970702e-01 9.994083513514958605e-01 9.994083510714228957e-01
1.212467111354947519e+03 9.994043578561181418e-01 9.994043510285920418e-01 9.994043507417675887e-01
1.212487129408979172e+03 9.994003000799273062e-01 9.994002930970937726e-01 9.994002928033156596e-01
1.212507147463010597e+03 9.993961833889852819e-01 9.993961762465284338e-01 9.993961759455849414e-01
1.212527165517042249e+03 9.993920064365375833e-01 9.993919991300019845e-01 9.993919988216763972e-01
1.212547183571073901e+03 9.993877678382406815e-01 9.993877603630254569e-01 9.993877600470906231e-01
1.212567201625105554e+03 9.993834661709309897e-01 9.993834585222832745e-01 9.993834581985053811e-01
1.212587219679137206e+03 9.993790999713475509e-01 9.993790921443562736e-01 9.993790918124920708e-01
1.212607237733168631e+03 9.993746677347905560e-01 9.993746597243780005e-01 9.993746593841758008e-01
1.212627255787200056e+03 9.993701679137212412e-01 9.993701597146362747e-01 9.993701593658337323e-01
1.212647273841231709e+03 9.993655989162972819e-01 9.993655905231072500e-01 9.993655901654331375e-01
1.212667291895263361e+03 9.993609591048399077e-01 9.993609505119215308e-01 9.993609501450936294e-01
1.212687309949295013e+03 9.993562467942261884e-01 9.993562379957565689e-01 9.993562376194821129e-01
1.212707328003326438e+03 9.993514602502050481e-01 9.993514512401516781e-01 9.993514508541261332e-01
1.212727346057358091e+03 9.993465976876292345e-01 9.993465884597400040e-01 9.993465880636468457e-01
1.212747364111389743e+03 9.993416572686025789e-01 9.993416478163943406e-01 9.993416474099043878e-01
1.212767382165421395e+03 9.993366371005306670e-01 9.993366274172779118e-01 9.993366270000486606e-01
1.212787400219453048e+03 9.993315352340743640e-01 9.993315253127967868e-01 9.993315248844720777e-01
1.212807418273484245e+03 9.993263496610005348e-01 9.993263394944483791e-01 9.993263390546576197e-01
1.212827436327515898e+03 9.993210783119134133e-01 9.993210678925558144e-01 9.993210674409124250e-01
1.212847454381547550e+03 9.993157190538760615e-01 9.993157083738843927e-01 9.993157079099860285e-01
1.212867472435579202e+03 9.993102696879017088e-01 9.993102587391340386e-01 9.993102582625623675e-01
1.212887490489610855e+03 9.993047279463092014e-01 9.993047167202935288e-01 9.993047162306109010e-01
1.212907508543642280e+03 9.992990914899395616e-01 9.992990799778559419e-01 9.992990794746062777e-01
1.212927526597673932e+03 9.992933579052181159e-01 9.992933460978793425e-01 9.992933455805873555e-01
1.212947544651705357e+03 9.992875247010596373e-01 9.992875125888914800e-01 9.992875120570605674e-01
1.212967562705737009e+03 9.992815893055979615e-01 9.992815768786171837e-01 9.992815763317294264e-01
1.212987580759768662e+03 9.992755490627399650e-01 9.992755363105318978e-01 9.992755357480458400e-01
1.213007598813800087e+03 9.992694012285230354e-01 9.992693881402171519e-01 9.992693875615675791e-01
1.213027616867831739e+03 9.992631429672698129e-01 9.992631295315140827e-01 9.992631289361090241e-01
1.213047634921863391e+03 9.992567713475265512e-01 9.992567575524605727e-01 9.992567569396823002e-01
1.213067652975895044e+03 9.992502833377719940e-01 9.992502691709975737e-01 9.992502685401987161e-01
1.213087671029926696e+03 9.992436758018808929e-01 9.992436612504317361e-01 9.992436606009362787e-01
1.213107689083957894e+03 9.992369454943310636e-01 9.992369305446401340e-01 9.992369298757387552e-01
1.213127707137989546e+03 9.992300890551349957e-01 9.992300736930000982e-01 9.992300730039499479e-01
1.213147725192021198e+03 9.992231030044791407e-01 9.992230872150260623e-01 9.992230865050498734e-01
1.213167743246052851e+03 9.992159837370582220e-01 9.992159675047023182e-01 9.992159667729847428e-01
1.213187761300084503e+03 9.992087275160795867e-01 9.992087108244849247e-01 9.992087100701704250e-01
1.213207779354115928e+03 9.992013304669227214e-01 9.992013132989584490e-01 9.992013125211504088e-01
1.213227797408147580e+03 9.991937885704313960e-01 9.991937709081245567e-01 9.991937701058815069e-01
1.213247815462179233e+03 9.991860976558147867e-01 9.991860794803032464e-01 9.991860786526370886e-01
1.213267833516210658e+03 9.991782533931404808e-01 9.991782346846193041e-01 9.991782338304916466e-01
1.213287851570242310e+03 9.991702512853820606e-01 9.991702320230503309e-01 9.991702311413701576e-01
1.213307869624273735e+03 9.991620866600133821e-01 9.991620668220142498e-01 9.991620659116358105e-01
1.213327887678305387e+03 9.991537546601030328e-01 9.991537342234630970e-01 9.991537332831800233e-01
1.213347905732337040e+03 9.991452502348935338e-01 9.991452291754573389e-01 9.991452282040007571e-01
1.213367923786368692e+03 9.991365681298244317e-01 9.991365464221844128e-01 9.991365454182208339e-01
1.213387941840400345e+03 9.991277028759744105e-01 9.991276804933980626e-01 9.991276794555213892e-01
1.213407959894431769e+03 9.991186487788785708e-01 9.991186256932302889e-01 9.991186246199600385e-01
1.213427977948463194e+03 9.991093999066895659e-01 9.991093760883469344e-01 9.991093749781237987e-01
1.213447996002494847e+03 9.990999500776379660e-01 9.990999254954051612e-01 9.990999243465851221e-01
1.213468014056526499e+03 9.990902928467549904e-01 9.990902674677686335e-01 9.990902662786170785e-01
1.213488032110558152e+03 9.990804214918006521e-01 9.990803952814307776e-01 9.990803940501186142e-01
1.213508050164589577e+03 9.990703289983630109e-01 9.990703019201075952e-01 9.990703006447041457e-01
1.213528068218621229e+03 9.990600080440620312e-01 9.990599800594354152e-01 9.990599787379024210e-01
1.213548086272652881e+03 9.990494509818144131e-01 9.990494220502270650e-01 9.990494206804105826e-01
1.213568104326684534e+03 9.990386498220830136e-01 9.990386199007162960e-01 9.990386184803400349e-01
1.213588122380716186e+03 9.990275962140665600e-01 9.990275652577355059e-01 9.990275637843930578e-01
1.213608140434747384e+03 9.990162814257422808e-01 9.990162493867534854e-01 9.990162478578992200e-01
1.213628158488779036e+03 9.990046963226922871e-01 9.990046631506882546e-01 9.990046615636283267e-01
1.213648176542810688e+03 9.989928313456364339e-01 9.989927969874327074e-01 9.989927953393147320e-01
1.213668194596842341e+03 9.989806764865765132e-01 9.989806408859863707e-01 9.989806391737887648e-01
1.213688212650873993e+03 9.989682212634646286e-01 9.989681843611101231e-01 9.989681825816308924e-01
1.213708230704905418e+03 9.989554546932829515e-01 9.989554164263954039e-01 9.989554145762390425e-01
1.213728248758937070e+03 9.989423652634327189e-01 9.989423255656361134e-01 9.989423236412005025e-01
1.213748266812968495e+03 9.989289409013031307e-01 9.989288997023839656e-01 9.989288976998447200e-01
1.213768284867000148e+03 9.989151689418916957e-01 9.989151261675501825e-01 9.989151240828458844e-01
1.213788302921031800e+03 9.989010360933269217e-01 9.989009916649096432e-01 9.989009894937254108e-01
1.213808320975063225e+03 9.988865284001420264e-01 9.988864822343541672e-01 9.988864799721004495e-01
1.213828339029094877e+03 9.988716312041097112e-01 9.988715832127046390e-01 9.988715808544988972e-01
1.213848357083126530e+03 9.988563291024677993e-01 9.988562791919115558e-01 9.988562767325569469e-01
1.213868375137158182e+03 9.988406059033092532e-01 9.988405539744171779e-01 9.988405514083772418e-01
1.213888393191189834e+03 9.988244445779075331e-01 9.988243905254511334e-01 9.988243878468237025e-01
1.213908411245221032e+03 9.988078272097262733e-01 9.988077709220058997e-01 9.988077681244956763e-01
1.213928429299252684e+03 9.987907349398222889e-01 9.987906762982035058e-01 9.987906733750899768e-01
1.213948447353284337e+03 9.987731479083347130e-01 9.987730867867411488e-01 9.987730837308461673e-01
1.213968465407315989e+03 9.987550451916998862e-01 9.987549814560625627e-01 9.987549782597119341e-01
1.213988483461347641e+03 9.987364047352181862e-01 9.987363382428713354e-01 9.987363348978552935e-01
1.214008501515379066e+03 9.987172032805237132e-01 9.987171338795446385e-01 9.987171303770723263e-01
1.214028519569410719e+03 9.986974162874843186e-01 9.986973438159689742e-01 9.986973401466207045e-01
1.214048537623442371e+03 9.986770178499920769e-01 9.986769421352587051e-01 9.986769382889304492e-01
1.214068555677473796e+03 9.986559806050331334e-01 9.986559014627471864e-01 9.986558974285923984e-01
1.214088573731505448e+03 9.986342756343687954e-01 9.986341928675759316e-01 9.986341886339409335e-01
1.214108591785536873e+03 9.986118723580700296e-01 9.986117857561300770e-01 9.986117813104804508e-01
1.214128609839568526e+03 9.985887384190510474e-01 9.985886477564597241e-01 9.985886430853008200e-01
1.214148627893600178e+03 9.985648395576589564e-01 9.985647445927404720e-01 9.985647396815298116e-01
1.214168645947631830e+03 9.985401394752436710e-01 9.985400399487037726e-01 9.985400347817521283e-01
1.214188664001663483e+03 9.985145996855089301e-01 9.985144953188259676e-01 9.985144898791892265e-01
1.214208682055694908e+03 9.984881793522981663e-01 9.984880698459365211e-01 9.984880641152947822e-01
1.214228700109726333e+03 9.984608351122974401e-01 9.984607201437168955e-01 9.984607141022399102e-01
1.214248718163757985e+03 9.984325208809562424e-01 9.984324001023954231e-01 9.984323937285919381e-01
1.214268736217789638e+03 9.984031876396992633e-01 9.984030606757041681e-01 9.984030539462555032e-01
1.214288754271821290e+03 9.983727832022893933e-01 9.983726496469542688e-01 9.983726425365265778e-01
1.214308772325852715e+03 9.983412519579107913e-01 9.983411113717948204e-01 9.983411038528301473e-01
1.214328790379884367e+03 9.983085345882436457e-01 9.983083864949251485e-01 9.983083785374065044e-01
1.214348808433916020e+03 9.982745677554624164e-01 9.982744116376819354e-01 9.982744032088710640e-01
1.214368826487947672e+03 9.982392837577036548e-01 9.982391190530466307e-01 9.982391101171860237e-01
1.214388844541979324e+03 9.982026101480937497e-01 9.982024362441489496e-01 9.982024267621287805e-01
1.214408862596010522e+03 9.981644693129425594e-01 9.981642855418724203e-01 9.981642754708571763e-01
1.214428880650042174e+03 9.981247780041310191e-01 9.981245836365754132e-01 9.981245729295772362e-01
1.214448898704073827e+03 9.980834468200577847e-01 9.980832410582813896e-01 9.980832296636790169e-01
1.214468916758105479e+03 9.980403796287722340e-01 9.980401615989499264e-01 9.980401494599471235e-01
1.214488934812137131e+03 9.979954729260311908e-01 9.979952416695584416e-01 9.979952287235641650e-01
1.214508952866168556e+03 9.979486151200370747e-01 9.979483695837173540e-01 9.979483557616414258e-01
1.214528970920200209e+03 9.978996857333939374e-01 9.978994247583489186e-01 9.978994099838008891e-01
1.214548988974231634e+03 9.978485545115030053e-01 9.978482768206039522e-01 9.978482610089755012e-01
1.214569007028263286e+03 9.977950804249237082e-01 9.977947846085261085e-01 9.977947676659414400e-01
1.214589025082294938e+03 9.977391105513823133e-01 9.977387950510866466e-01 9.977387768731937889e-01
1.214609043136326591e+03 9.976804788207782604e-01 9.976801419108988211e-01 9.976801223814816266e-01
1.214629061190358016e+03 9.976190046038517778e-01 9.976186443702061979e-01 9.976186233595792929e-01
1.214649079244389668e+03 9.975544911219123012e-01 9.975541054374705841e-01 9.975540828006204119e-01
1.214669097298421320e+03 9.974867236511315571e-01 9.974863101479626293e-01 9.974862857223897317e-01
1.214689115352452973e+03 9.974154674901659634e-01 9.974150235270073939e-01 9.974149971302106454e-01
1.214709133406484625e+03 9.973404656541846602e-01 9.973399882788139825e-01 9.973399597053513865e-01
1.214729151460515823e+03 9.972614362514525821e-01 9.972609221568583537e-01 9.972608911748983562e-01
1.214749169514547475e+03 9.971780694901615227e-01 9.971775149632972068e-01 9.971774813105592772e-01
1.214769187568579127e+03 9.970900242529312507e-01 9.970894251145520082e-01 9.970893884935116969e-01
1.214789205622610780e+03 9.969969241637657298e-01 9.969962756975151441e-01 9.969962357697198518e-01
1.214809223676642432e+03 9.968983530567767648e-01 9.968976499252646395e-01 9.968976063045619229e-01
1.214829241730673857e+03 9.967938497369200901e-01 9.967930858819932238e-01 9.967930381264452633e-01
1.214849259784705509e+03 9.966829018994225464e-01 9.966820704231783568e-01 9.966820180253496142e-01
1.214869277838737162e+03 9.965649390454227596e-01 9.965640320676475428e-01 9.965639744429015678e-01
1.214889295892768587e+03 9.964393241949702773e-01 9.964383326816361741e-01 9.964382691539646064e-01
1.214909313946800239e+03 9.963053441532389032e-01 9.963042577092998675e-01 9.963041874940777864e-01
1.214929332000831664e+03 9.961621980287819200e-01 9.961610046467311852e-01 9.961609268296319764e-01
1.214949350054863316e+03 9.960089836306691424e-01 9.960076693840134165e-01 9.960075828950929466e-01
1.214969368108894969e+03 9.958446812798522618e-01 9.958432299475588056e-01 9.958431335292167175e-01
1.214989386162926621e+03 9.956681344524692667e-01 9.956665270563646031e-01 9.956664192235054056e-01
1.215009404216958274e+03 9.954780265208482692e-01 9.954762407523748413e-01 9.954761197425457953e-01
1.215029422270989471e+03 9.952728526589132985e-01 9.952708621640492526e-01 9.952707258745999708e-01
1.215049440325021123e+03 9.950508857156297182e-01 9.950486591962236504e-01 9.950485051045105944e-01
1.215069458379052776e+03 9.948101345079903846e-01 9.948076345828592570e-01 9.948074596440696915e-01
1.215089476433084428e+03 9.945482925072786085e-01 9.945454742550760008e-01 9.945452747701780671e-01
1.215109494487116081e+03 9.942626742346074575e-01 9.942594833087792239e-01 9.942592547520278101e-01
1.215129512541147506e+03 9.939501357568440998e-01 9.939465059139982461e-01 9.939462427046986681e-01
1.215149530595179158e+03 9.936069743362666573e-01 9.936028241371840375e-01 9.936025193325409566e-01
1.215169548649210810e+03 9.932288002580272890e-01 9.932240285448100670e-01 9.932236734160452274e-01
1.215189566703242463e+03 9.928103705201530849e-01 9.928048499142479999e-01 9.928044333341655703e-01
1.215209584757273888e+03 9.923453677209477242e-01 9.923389342047614914e-01 9.923384415265603664e-01
1.215229602811305313e+03 9.918260917537891075e-01 9.918184970021941549e-01 9.918178876769891961e-01
1.215249620865336965e+03 9.912428320346600152e-01 9.912304565276495172e-01 9.912285532977374025e-01
1.215269638919368617e+03 9.905592068585155063e-01 9.904015456247377003e-01 9.903774772860908238e-01
1.215289656973400270e+03 9.885864210224887261e-01 9.869072253980315512e-01 9.867585288835950541e-01
1.215309675027431922e+03 9.724411996759169119e-01 9.694342674194086351e-01 9.692233921916186823e-01
1.215329693081463347e+03 9.306277175101169696e-01 9.362661038190253082e-01 9.367090278348875199e-01
1.215349711135494772e+03 9.366996251556268804e-01 9.404780088935271731e-01 9.407856387267937714e-01
1.215369729189526424e+03 9.748106037860512219e-01 9.713446861696632961e-01 9.710984619285718544e-01
1.215389747243558077e+03 9.833945328453129742e-01 9.822102487879715849e-01 9.820928321102161407e-01
1.215409765297589729e+03 9.820235968878044952e-01 9.819076098907947303e-01 9.818886823361797633e-01
1.215429783351621154e+03 9.797043567177114998e-01 9.796363979541939937e-01 9.796294247875287908e-01
1.215449801405652806e+03 9.768137879347799091e-01 9.767216767572343139e-01 9.767125640141952614e-01
1.215469819459684459e+03 9.731465094039143393e-01 9.730151125363745157e-01 9.730016481620776814e-01
1.215489837513716111e+03 9.683713662893765894e-01 9.681755002824320444e-01 9.681545555241266587e-01
1.215509855567747763e+03 9.619452087289116493e-01 9.616327737495050654e-01 9.615964565094295979e-01
1.215529873621778961e+03 9.528899721270051026e-01 9.522142831636958293e-01 9.520799386383415053e-01
1.215549891675810613e+03 9.382452203483216957e-01 9.332971184294374112e-01 9.316737339537213280e-01
1.215569909729842266e+03 8.833617795002900452e-01 8.240168637122080586e-01 8.168864717333585990e-01
1.215589927783873918e+03 3.235473116401686999e-01 3.512788244881104305e-01 3.536228056510085094e-01
1.215609945837905570e+03 1.243258266563414593e-06 3.817820293416968047e-02 4.399991381198342655e-02
1.215629963891936995e+03 6.408857464462824753e-42 1.347190251393377911e-04 9.636841085027542239e-04
1.215649981945968648e+03 1.006020628420559870e-144 1.167599572916497731e-08 2.960295553425136127e-06
1.215670000000000300e+03 1.651171173882420497e-222 1.166667829164215644e-13 5.054189714878452808e-10
1.215690018054031725e+03 5.891844870163935215e-146 1.117884570092655064e-08 2.870514056501166567e-06
1.215710036108063377e+03 1.330405755565988877e-42 1.303638047771039379e-04 9.346896865965414981e-04
1.215730054162094802e+03 9.085634537945038381e-07 3.696438679045268433e-02 4.267046886666416017e-02
1.215750072216126455e+03 3.131681396124255667e-01 3.431526443759398970e-01 3.457593526224237990e-01
1.215770090270158107e+03 8.818100697109081398e-01 8.215886988914118394e-01 8.143747568165802253e-01
1.215790108324189760e+03 9.380103669723965920e-01 9.329168362331923259e-01 9.312578514733557133e-01
1.215810126378221412e+03 9.527630940197817644e-01 9.520784477207093754e-01 9.519408543636278530e-01
1.215830144432252609e+03 9.618545228374639766e-01 9.615403607769061889e-01 9.615037634294951729e-01
1.215850162486284262e+03 9.683024775087395453e-01 9.681057570409686841e-01 9.680847025717176368e-01
1.215870180540315914e+03 9.730922231348422269e-01 9.729603347980898542e-01 9.729468090366811817e-01
1.215890198594347567e+03 9.767699618057588129e-01 9.766775823153879266e-01 9.766684425649233559e-01
1.215910216648379219e+03 9.796687024055956705e-01 9.796017291108631841e-01 9.795953096215644917e-01
1.215930234702410644e+03 9.820026301019879611e-01 9.819526933686635317e-01 9.819480412972206862e-01
1.215950252756442296e+03 9.839153908142161953e-01 9.838772751816748929e-01 9.838738153569284162e-01
1.215970270810473949e+03 9.855066661267051220e-01 9.854769899164378399e-01 9.854743597756073781e-01
1.215990288864505601e+03 9.868476273130937226e-01 9.868241239152962807e-01 9.868220865553549714e-01
1.216010306918537026e+03 9.879903341907342318e-01 9.879714409313296031e-01 9.879698367788913860e-01
1.216030324972568451e+03 9.889736693893778074e-01 9.889582823833457104e-01 9.889570011072847944e-01
1.216050343026600103e+03 9.898272064290869476e-01 9.898145291515503263e-01 9.898134927127578697e-01
1.216070361080631756e+03 9.905738013221786487e-01 9.905632481718538163e-01 9.905624002568254038e-01
1.216090379134663408e+03 9.912313711699629604e-01 9.912225043948351688e-01 9.912218036399174093e-01
1.216110397188695060e+03 9.918141409654677165e-01 9.918066284265161237e-01 9.918060439633594738e-01
1.216130415242726485e+03 9.923335342658504699e-01 9.923271205546206897e-01 9.923266290160895897e-01
1.216150433296757910e+03 9.927988203168855996e-01 9.927933066283745056e-01 9.927928900957743164e-01
1.216170451350789563e+03 9.932175914486081059e-01 9.932128213140769546e-01 9.932124658843627385e-01
1.216190469404821215e+03 9.935961201524038389e-01 9.935919691685596300e-01 9.935916639379337445e-01
1.216210487458852867e+03 9.939396295383680080e-01 9.939359978693368403e-01 9.939357342015109342e-01
1.216230505512884292e+03 9.942525005552772521e-01 9.942493073887830324e-01 9.942490783810292720e-01
1.216250523566915945e+03 9.945384324532704490e-01 9.945356118536754497e-01 9.945354119423487349e-01
1.216270541620947597e+03 9.948005682696228202e-01 9.947980660422337529e-01 9.947978907079862987e-01
1.216290559674979249e+03 9.950415938663771387e-01 9.950393651622709834e-01 9.950392107074129688e-01
1.216310577729010902e+03 9.952638167653260481e-01 9.952618242341944033e-01 9.952616876128816958e-01
1.216330595783042099e+03 9.954692294024671817e-01 9.954674417550827270e-01 9.954673204425875666e-01
1.216350613837073752e+03 9.956595602568072412e-01 9.956579511365972746e-01 9.956578430278001379e-01
1.216370631891105404e+03 9.958363154607032808e-01 9.958348625508131047e-01 9.958347658807380487e-01
1.216390649945137056e+03 9.960008128780093450e-01 9.959994971893922910e-01 9.959994104705331974e-01
1.216410667999168709e+03 9.961542101769799151e-01 9.961530154769127066e-01 9.961529374494417777e-01
1.216430686053200134e+03 9.962975280823991309e-01 9.962964404328400470e-01 9.962963700247943200e-01
1.216450704107231786e+03 9.964316697334767436e-01 9.964306771160127418e-01 9.964306134112569380e-01
1.216470722161263438e+03 9.965574368779149816e-01 9.965565288874668193e-01 9.965564710997661946e-01
1.216490740215294863e+03 9.966755434821454873e-01 9.966747110756107864e-01 9.966746585275292336e-01
1.216510758269326516e+03 9.967866272211571843e-01 9.967858625101948533e-01 9.967858146158322663e-01
1.216530776323357941e+03 9.968912592202832101e-01 9.968905552997586739e-01 9.968905115505614090e-01
1.216550794377389593e+03 9.969899523497539606e-01 9.969893031550993712e-01 9.969892631081392897e-01
1.216570812431421245e+03 9.970831683159516734e-01 9.970825685040936026e-01 9.970825317723418513e-01
1.216590830485452898e+03 9.971713237481543146e-01 9.971707685976957114e-01 9.971707348419198702e-01
1.216610848539484550e+03 9.972547954432229300e-01 9.972542807704405377e-01 9.972542496924244881e-01
1.216630866593515748e+03 9.973339249016194286e-01 9.973334469894746812e-01 9.973334183263204977e-01
1.216650884647547400e+03 9.974090222645544124e-01 9.974085778024636140e-01 9.974085513217888499e-01
1.216670902701579053e+03 9.974803697430263405e-01 9.974799557755554824e-01 9.974799312714240918e-01
1.216690920755610705e+03 9.975482246140352505e-01 9.975478384970224432e-01 9.975478157864912099e-01
1.216710938809642357e+03 9.976128218466344677e-01 9.976124612095181865e-01 9.976124401296893041e-01
1.216730956863673782e+03 9.976743764101678735e-01 9.976740391235218164e-01 9.976740195290227931e-01
1.216750974917705435e+03 9.977330853086252560e-01 9.977327694560751414e-01 9.977327512168961965e-01
1.216770992971737087e+03 9.977891293780720705e-01 9.977888332319212461e-01 9.977888162315526888e-01
1.216791011025768739e+03 9.978426748784524625e-01 9.978423968784521092e-01 9.978423810122751814e-01
1.216811029079800164e+03 9.978938749062757907e-01 9.978936136410764268e-01 9.978935988149721936e-01
1.216831047133831817e+03 9.979428706508346458e-01 9.979426248417354595e-01 9.979426109708761095e-01
1.216851065187863242e+03 9.979897925133169867e-01 9.979895609999881456e-01 9.979895480077831671e-01
1.216871083241894894e+03 9.980347611054644075e-01 9.980345428333716740e-01 9.980345306505468139e-01
1.216891101295926546e+03 9.980778881421318305e-01 9.980776821514376618e-01 9.980776707152332339e-01
1.216911119349958199e+03 9.981192772402163182e-01 9.981190826559617202e-01 9.981190719094276131e-01
1.216931137403989851e+03 9.981590246347548101e-01 9.981588406581630712e-01 9.981588305495383562e-01
1.216951155458021276e+03 9.981972198216537695e-01 9.981970457224124127e-01 9.981970362045803347e-01
1.216971173512052701e+03 9.982339461353012533e-01 9.982337812447026337e-01 9.982337722747073316e-01
1.216991191566084353e+03 9.982692812683119366e-01 9.982691249731538985e-01 9.982691165117780763e-01
1.217011209620116006e+03 9.983032977398115237e-01 9.983031494769610825e-01 9.983031414883476451e-01
1.217031227674147658e+03 9.983360633178609556e-01 9.983359225694109496e-01 9.983359150207280486e-01
1.217051245728179083e+03 9.983676414010108635e-01 9.983675076899561907e-01 9.983675005511019052e-01
1.217071263782210735e+03 9.983980913633856424e-01 9.983979642497621265e-01 9.983979574931010070e-01
1.217091281836242388e+03 9.984274688671905817e-01 9.984273479446249544e-01 9.984273415447511013e-01
1.217111299890274040e+03 9.984558261461091710e-01 9.984557110387318746e-01 9.984557049722594391e-01
1.217131317944305692e+03 9.984832122626549067e-01 9.984831026223359718e-01 9.984830968677124163e-01
1.217151335998336890e+03 9.985096733422096360e-01 9.985095688460836616e-01 9.985095633834214501e-01
1.217171354052368542e+03 9.985352527861707239e-01 9.985351531344153209e-01 9.985351479453422607e-01
1.217191372106400195e+03 9.985599914663629839e-01 9.985598963802053696e-01 9.985598914477284982e-01
1.217211390160431847e+03 9.985839279026319515e-01 9.985838371225578269e-01 9.985838324309428415e-01
1.217231408214463499e+03 9.986070984253213600e-01 9.986070117094638654e-01 9.986070072441256551e-01
1.217251426268494924e+03 9.986295373241623752e-01 9.986294544468498069e-01 9.986294501942548640e-01
1.217271444322526577e+03 9.986512769849071880e-01 9.986511977353539349e-01 9.986511936829313152e-01
1.217291462376558002e+03 9.986723480149242160e-01 9.986722721960495930e-01 9.986722683321117566e-01
1.217311480430589654e+03 9.986927793588252777e-01 9.986927067861833818e-01 9.986927030998523636e-01
1.217331498484621306e+03 9.987125984050631011e-01 9.987125289058763622e-01 9.987125253870182684e-01
1.217351516538652731e+03 9.987318310843708025e-01 9.987317644966502428e-01 9.987317611358176306e-01
1.217371534592684384e+03 9.987505019607890722e-01 9.987504381325366110e-01 9.987504349209134213e-01
1.217391552646716036e+03 9.987686343159584146e-01 9.987685731044411153e-01 9.987685700337922690e-01
1.217411570700747689e+03 9.987862502272867316e-01 9.987861914983748868e-01 9.987861885610037627e-01
1.217431588754779341e+03 9.988033706405328171e-01 9.988033142680948773e-01 9.988033114568012349e-01
1.217451606808810538e+03 9.988200154372866013e-01 9.988199613026363943e-01 9.988199586106804029e-01
1.217471624862842191e+03 9.988362034977849024e-01 9.988361514891740400e-01 9.988361489102404178e-01
1.217491642916873843e+03 9.988519527594480474e-01 9.988519027716016296e-01 9.988519002997704455e-01
1.217511660970905496e+03 9.988672802714929633e-01 9.988672322051818098e-01 9.988672298348989509e-01
1.217531679024937148e+03 9.988822022459393768e-01 9.988821560075842321e-01 9.988821537336367573e-01
1.217551697078968573e+03 9.988967341052835680e-01 9.988966896065942791e-01 9.988966874240838845e-01
1.217571715133000225e+03 9.989108905271160133e-01 9.989108476847528006e-01 9.989108455890765015e-01
1.217591733187031878e+03 9.989246854858927493e-01 9.989246442211576760e-01 9.989246422079850474e-01
1.217611751241063303e+03 9.989381322920931616e-01 9.989380925306402537e-01 9.989380905958978873e-01
1.217631769295094955e+03 9.989512436289421649e-01 9.989512053005112913e-01 9.989512034403621454e-01
1.217651787349126380e+03 9.989640315868785203e-01 9.989639946250461477e-01 9.989639928358756693e-01
1.217671805403158032e+03 9.989765076959257195e-01 9.989764720378736529e-01 9.989764703162747894e-01
1.217691823457189685e+03 9.989886829561113180e-01 9.989886485424118723e-01 9.989886468851713053e-01
1.217711841511221337e+03 9.990005678660699440e-01 9.990005346404843278e-01 9.990005330445704823e-01
1.217731859565252989e+03 9.990121724499502198e-01 9.990121403592411298e-01 9.990121388217910736e-01
1.217751877619284414e+03 9.990235062827389489e-01 9.990234752764957094e-01 9.990234737948058275e-01
1.217771895673315839e+03 9.990345785141065971e-01 9.990345485445806251e-01 9.990345471160962942e-01
1.217791913727347492e+03 9.990453978908664379e-01 9.990453689128173664e-01 9.990453675351229634e-01
1.217811931781379144e+03 9.990559727781394006e-01 9.990559447486909717e-01 9.990559434195021016e-01
1.217831949835410796e+03 9.990663111793014473e-01 9.990662840578076187e-01 9.990662827749628994e-01
1.217851967889442221e+03 9.990764207547974118e-01 9.990763945027146820e-01 9.990763932641666401e-01
1.217871985943473874e+03 9.990863088398775904e-01 9.990862834206457599e-01 9.990862822244566122e-01
1.217892003997505526e+03 9.990959824613336870e-01 9.990959578402647256e-01 9.990959566845979412e-01
1.217912022051537178e+03 9.991054483532942898e-01 9.991054244974658660e-01 9.991054233805800600e-01
1.217932040105568831e+03 9.991147129721225095e-01 9.991146898502804019e-01 9.991146887705251167e-01
1.217952058159600028e+03 9.991237825104901660e-01 9.991237600929544493e-01 9.991237590487637155e-01
1.217972076213631681e+03 9.991326629106573876e-01 9.991326411692345033e-01 9.991326401591209549e-01
1.217992094267663333e+03 9.991413598770141347e-01 9.991413387849140681e-01 9.991413378074675000e-01
1.218012112321694985e+03 9.991498788879256132e-01 9.991498584196848443e-01 9.991498574735639959e-01
1.218032130375726638e+03 9.991582252069187708e-01 9.991582053383258888e-01 9.991582044222571124e-01
1.218052148429758063e+03 9.991664038932502878e-01 9.991663846012772687e-01 9.991663837140491999e-01
1.218072166483789715e+03 9.991744198118878151e-01 9.991744010746249627e-01 9.991744002150860782e-01
1.218092184537821140e+03 9.991822776429449826e-01 9.991822594395382007e-01 9.991822586065930434e-01
1.218112202591852792e+03 9.991899818905911612e-01 9.991899642011848881e-01 9.991899633937906255e-01
1.218132220645884445e+03 9.991975368914747246e-01 9.991975196971573103e-01 9.991975189143207370e-01
1.218152238699915870e+03 9.992049468226812392e-01 9.992049301054318766e-01 9.992049293462079707e-01
1.218172256753947522e+03 9.992122157092596657e-01 9.992121994519007622e-01 9.992121987153872453e-01
1.218192274807979175e+03 9.992193474313285639e-01 9.992193316174793338e-01 9.992193309028175596e-01
1.218212292862010827e+03 9.992263457308011576e-01 9.992263303448338796e-01 9.992263296512048365e-01
1.218232310916042479e+03 9.992332142177408061e-01 9.992331992447401889e-01 9.992331985713622799e-01
1.218252328970073677e+03 9.992399563763698644e-01 9.992399418020943003e-01 9.992399411482212335e-01
1.218272347024105329e+03 9.992465755707519159e-01 9.992465613815965098e-01 9.992465607465166322e-01
1.218292365078136982e+03 9.992530750501688042e-01 9.992530612331316231e-01 9.992530606161642570e-01
1.218312383132168634e+03 9.992594579542014577e-01 9.992594444968503353e-01 9.992594438973458892e-01
1.218332401186200286e+03 9.992657273175429289e-01 9.992657142079851562e-01 9.992657136253221273e-01
1.218352419240231711e+03 9.992718860745473108e-01 9.992718733014014365e-01 9.992718727349856334e-01
1.218372437294263364e+03 9.992779370635396230e-01 9.992779246159069206e-01 9.992779240651702422e-01
1.218392455348295016e+03 9.992838830308926612e-01 9.992838708983314833e-01 9.992838703627295871e-01
1.218412473402326668e+03 9.992897266348857999e-01 9.992897148073888181e-01 9.992897142864010096e-01
1.218432491456358093e+03 9.992954704493650642e-01 9.992954589173352886e-01 9.992954584104634108e-01
1.218452509510389518e+03 9.993011169672053606e-01 9.993011057214344905e-01 9.993011052282002593e-01
1.218472527564421171e+03 9.993066686035932955e-01 9.993066576352426233e-01 9.993066571551881827e-01
1.218492545618452823e+03 9.993121276991387969e-01 9.993121169997186692e-01 9.993121165324045929e-01
1.218512563672484475e+03 9.993174965228264206e-01 9.993174860841789187e-01 9.993174856291840991e-01
1.218532581726516128e+03 9.993227772748132232e-01 9.993227670890958425e-01 9.993227666460157144e-01
1.218552599780547553e+03 9.993279720890853035e-01 9.993279621487536346e-01 9.993279617172009521e-01
1.218572617834578978e+03 9.993330830359803407e-01 9.993330733337744132e-01 9.993330729133759194e-01
1.218592635888610630e+03 9.993381121245813459e-01 9.993381026535106404e-01 9.993381022439081773e-01
1.218612653942642282e+03 9.993430613049908429e-01 9.993430520583213017e-01 9.993430516591718105e-01
1.218632671996673935e+03 9.993479324704988009e-01 9.993479234417401713e-01 9.993479230527124724e-01
1.218652690050705360e+03 9.993527274596348819e-01 9.993527186425292808e-01 9.993527182633055173e-01
1.218672708104737012e+03 9.993574480581304265e-01 9.993574394466407940e-01 9.993574390769147664e-01
1.218692726158768664e+03 9.993620960007806309e-01 9.993620875890800725e-01 9.993620872285580159e-01
1.218712744212800317e+03 9.993666729732219034e-01 9.993666647556846971e-01 9.993666644040829494e-01
1.218732762266831969e+03 9.993711806136255094e-01 9.993711725848172245e-01 9.993711722418622267e-01
1.218752780320863167e+03 9.993756205143090598e-01 9.993756126689778974e-01 9.993756123344077480e-01
1.218772798374894819e+03 9.993799942232839406e-01 9.993799865563522955e-01 9.993799862299138637e-01
1.218792816428926471e+03 9.993843032457218056e-01 9.993842957522796056e-01 9.993842954337283091e-01
1.218812834482958124e+03 9.993885490453641163e-01 9.993885417206598287e-01 9.993885414097597453e-01
1.218832852536989776e+03 9.993927330458650671e-01 9.993927258853003703e-01 9.993927255818254585e-01
1.218852870591021201e+03 9.993968566320825531e-01 9.993968496312045646e-01 9.993968493349359994e-01
1.218872888645052853e+03 9.994009211513060764e-01 9.994009143058022460e-01 9.994009140165280858e-01
1.218892906699084278e+03 9.994049279144390230e-01 9.994049212201310262e-01 9.994049209376476561e-01
1.218912924753115931e+03 9.994088781971334212e-01 9.994088716499716085e-01 9.994088713740818530e-01
1.218932942807147583e+03 9.994127732408714104e-01 9.994127668369295892e-01 9.994127665674434891e-01
1.218952960861179236e+03 9.994166142540117370e-01 9.994166079894823973e-01 9.994166077262163217e-01
1.218972978915210660e+03 9.994204024127897323e-01 9.994203962839799393e-01 9.994203960267560305e-01
1.218992996969242313e+03 9.994241388622805422e-01 9.994241328656066070e-01 9.994241326142534465e-01
1.219013015023273965e+03 9.994278247173259411e-01 9.994278188493104231e-01 9.994278186036620326e-01
1.219033033077305618e+03 9.994314610634252860e-01 9.994314553206919971e-01 9.994314550805878383e-01
1.219053051131337270e+03 9.994350489575944962e-01 9.994350433368656139e-01 9.994350431021510328e-01
1.219073069185368468e+03 9.994385894291940575e-01 9.994385839272862393e-01 9.994385836978109117e-01
1.219093087239400120e+03 9.994420834807273835e-01 9.994420780945486582e-01 9.994420778701671448e-01
1.219113105293431772e+03 9.994455320886095340e-01 9.994455268151556382e-01 9.994455265957273848e-01
1.219133123347463425e+03 9.994489362039110647e-01 9.994489310402636661e-01 9.994489308256527815e-01
1.219153141401495077e+03 9.994522967530774515e-01 9.994522916963998194e-01 9.994522914864751861e-01
1.219173159455526502e+03 9.994556146386219808e-01 9.994556096861573202e-01 9.994556094807904856e-01
1.219193177509558154e+03 9.994588907397966571e-01 9.994588858888648897e-01 9.994588856879326189e-01
1.219213195563589807e+03 9.994621259132421276e-01 9.994621211612377820e-01 9.994621209646205040e-01
1.219233213617621232e+03 9.994653209936162908e-01 9.994653163380056160e-01 9.994653161455873125e-01
1.219253231671652884e+03 9.994684767942008108e-01 9.994684722325202220e-01 9.994684720441889825e-01
1.219273249725684309e+03 9.994715941074931997e-01 9.994715896373469466e-01 9.994715894529929701e-01
1.219293267779715961e+03 9.994746737057768060e-01 9.994746693248347524e-01 9.994746691443533448e-01
1.219313285833747614e+03 9.994777163416745935e-01 9.994777120476703303e-01 9.994777118709581298e-01
1.219333303887779266e+03 9.994807227486861567e-01 9.994807185394148918e-01 9.994807183663735328e-01
1.219353321941810918e+03 9.994836936417094142e-01 9.994836895150259748e-01 9.994836893455595339e-01
1.219373339995842116e+03 9.994866297175467595e-01 9.994866256713648145e-01 9.994866255053791448e-01
1.219393358049873768e+03 9.994895316553945586e-01 9.994895276876838430e-01 9.994895275250887945e-01
1.219413376103905421e+03 9.994924001173216555e-01 9.994923962261069716e-01 9.994923960668146146e-01
1.219433394157937073e+03 9.994952357487307815e-01 9.994952319320904444e-01 9.994952317760155136e-01
1.219453412211968725e+03 9.994980391788109708e-01 9.994980354348744767e-01 9.994980352819347047e-01
1.219473430266000150e+03 9.995008110209723240e-01 9.995008073479204613e-01 9.995008071980349129e-01
1.219493448320031803e+03 9.995035518732728885e-01 9.995035482693346296e-01 9.995035481224258112e-01
1.219513466374063455e+03 9.995062623188308848e-01 9.995062587822833855e-01 9.995062586382760239e-01
1.219533484428095107e+03 9.995089429262278280e-01 9.995089394553946516e-01 9.995089393142143619e-01
1.219553502482126532e+03 9.995115942498979944e-01 9.995115908431466689e-01 9.995115907047229520e-01
1.219573520536157957e+03 9.995142168305088948e-01 9.995142134862523564e-01 9.995142133505157123e-01
1.219593538590189610e+03 9.995168111953317558e-01 9.995168079120245741e-01 9.995168077789078342e-01
1.219613556644221262e+03 9.995193778586015654e-01 9.995193746347400543e-01 9.995193745041780486e-01
1.219633574698252914e+03 9.995219173218656827e-01 9.995219141559864573e-01 9.995219140279160142e-01
1.219653592752284567e+03 9.995244300743261201e-01 9.995244269650053193e-01 9.995244268393644882e-01
1.219673610806315992e+03 9.995269165931706112e-01 9.995269135390223436e-01 9.995269134157510615e-01
1.219693628860347417e+03 9.995293773438949092e-01 9.995293743435706979e-01 9.995293742226112332e-01
1.219713646914379069e+03 9.995318127806179787e-01 9.995318098328057621e-01 9.995318097141011604e-01
1.219733664968410721e+03 9.995342233463865300e-01 9.995342204498092187e-01 9.995342203333054121e-01
1.219753683022442374e+03 9.995366094734744467e-01 9.995366066268897010e-01 9.995366065125328436e-01
1.219773701076473799e+03 9.995389715836715538e-01 9.995389687858697858e-01 9.995389686736082524e-01
1.219793719130505451e+03 9.995413100885650604e-01 9.995413073383699887e-01 9.995413072281527089e-01
1.219813737184537104e+03 9.995436253898144496e-01 9.995436226860808793e-01 9.995436225778602246e-01
1.219833755238568756e+03 9.995459178794220412e-01 9.995459152210361964e-01 9.995459151147633170e-01
1.219853773292600408e+03 9.995481879399883418e-01 9.995481853258660898e-01 9.995481852214946894e-01
1.219873791346631606e+03 9.995504359449687293e-01 9.995504333740550251e-01 9.995504332715406948e-01
1.219893809400663258e+03 9.995526622589193666e-01 9.995526597301882532e-01 9.995526596294871391e-01
1.219913827454694911e+03 9.995548672377380095e-01 9.995548647501910633e-01 9.995548646512600888e-01
1.219933845508726563e+03 9.995570512288970422e-01 9.995570487815623739e-01 9.995570486843602387e-01
1.219953863562758215e+03 9.995592145716716281e-01 9.995592121636041050e-01 9.995592120680901749e-01
1.219973881616789640e+03 9.995613575973603115e-01 9.995613552275682823e-01 9.995613551303791366e-01
1.219993899670821293e+03 9.995634806295046193e-01 9.995634774304931192e-01 9.995634764002805372e-01
1.220013917724852945e+03 9.995655839840928980e-01 9.995653364274231789e-01 9.995653292766556453e-01
