# lambda[A]  T_theo  T_instr  T_rot+instr  (H-alpha 6562.8)
6.560966830601993024e+03 9.999999997832116350e-01 9.999999997809744245e-01 9.999999997809339014e-01
6.560985162295972259e+03 9.999999997788010520e-01 9.999999997780344430e-01 9.999999997780117944e-01
6.561003493989952403e+03 9.999999997742544666e-01 9.999999997740030011e-01 9.999999997739938973e-01
6.561021825683932548e+03 9.999999997695665499e-01 9.999999997694221099e-01 9.999999997694184461e-01
6.561040157377913602e+03 9.999999997647305294e-01 9.999999997645950822e-01 9.999999997645927508e-01
6.561058489071892836e+03 9.999999997597408541e-01 9.999999997596005219e-01 9.999999997595983015e-01
6.561076820765872981e+03 9.999999997545908625e-01 9.999999997544442021e-01 9.999999997544418706e-01
6.561095152459853125e+03 9.999999997492727832e-01 9.999999997491200165e-01 9.999999997491176851e-01
6.561113484153833269e+03 9.999999997437802879e-01 9.999999997436206378e-01 9.999999997436180843e-01
6.561131815847812504e+03 9.999999997381051609e-01 9.999999997379382943e-01 9.999999997379355188e-01
6.561150147541792649e+03 9.999999997322386314e-01 9.999999997320644374e-01 9.999999997320617728e-01
6.561168479235773702e+03 9.999999997261734830e-01 9.999999997259910733e-01 9.999999997259882978e-01
6.561186810929753847e+03 9.999999997198991686e-01 9.999999997197085433e-01 9.999999997197056567e-01
6.561205142623733991e+03 9.999999997134074725e-01 9.999999997132075213e-01 9.999999997132043017e-01
6.561223474317713226e+03 9.999999997066868485e-01 9.999999997064772383e-01 9.999999997064740187e-01
6.561241806011693370e+03 9.999999996997267493e-01 9.999999996995071472e-01 9.999999996995034834e-01
6.561260137705673515e+03 9.999999996925154067e-01 9.999999996922854795e-01 9.999999996922817047e-01
6.561278469399654568e+03 9.999999996850412742e-01 9.999999996847998007e-01 9.999999996847958039e-01
6.561296801093634713e+03 9.999999996772909183e-01 9.999999996770376764e-01 9.999999996770335686e-01
6.561315132787613948e+03 9.999999996692512383e-01 9.999999996689847848e-01 9.999999996689805659e-01
6.561333464481594092e+03 9.999999996609065800e-01 9.999999996606268038e-01 9.999999996606221409e-01
6.561351796175574236e+03 9.999999996522420664e-01 9.999999996519476353e-01 9.999999996519430834e-01
6.561370127869554381e+03 9.999999996432407112e-01 9.999999996429308480e-01 9.999999996429260740e-01
6.561388459563533615e+03 9.999999996338855279e-01 9.999999996335589003e-01 9.999999996335537933e-01
6.561406791257514669e+03 9.999999996241566436e-01 9.999999996238124744e-01 9.999999996238067013e-01
6.561425122951494814e+03 9.999999996140340741e-01 9.999999996136712532e-01 9.999999996136654801e-01
6.561443454645474958e+03 9.999999996034970584e-01 9.999999996031140315e-01 9.999999996031078142e-01
6.561461786339455102e+03 9.999999995925221707e-01 9.999999995921173834e-01 9.999999995921107221e-01
6.561480118033434337e+03 9.999999995810844311e-01 9.999999995806566622e-01 9.999999995806497788e-01
6.561498449727414481e+03 9.999999995691577492e-01 9.999999995687053334e-01 9.999999995686980059e-01
6.561516781421395535e+03 9.999999995567138145e-01 9.999999995562348643e-01 9.999999995562270927e-01
6.561535113115375680e+03 9.999999995437225397e-01 9.999999995432146127e-01 9.999999995432063971e-01
6.561553444809354914e+03 9.999999995301506184e-01 9.999999995296120492e-01 9.999999995296035005e-01
6.561571776503335059e+03 9.999999995159631894e-01 9.999999995153913135e-01 9.999999995153822097e-01
6.561590108197315203e+03 9.999999995011225051e-01 9.999999995005149911e-01 9.999999995005052211e-01
6.561608439891295347e+03 9.999999994855875984e-01 9.999999994849416707e-01 9.999999994849313456e-01
6.561626771585274582e+03 9.999999994693147265e-01 9.999999994686273874e-01 9.999999994686161742e-01
6.561645103279255636e+03 9.999999994522568159e-01 9.999999994515235135e-01 9.999999994515118562e-01
6.561663434973235780e+03 9.999999994343604648e-01 9.999999994335787568e-01 9.999999994335662112e-01
6.561681766667215925e+03 9.999999994155718275e-01 9.999999994147370508e-01 9.999999994147237281e-01
6.561700098361196069e+03 9.999999993958291755e-01 9.999999993949365562e-01 9.999999993949222343e-01
6.561718430055175304e+03 9.999999993750673388e-01 9.999999993741121029e-01 9.999999993740966708e-01
6.561736761749155448e+03 9.999999993532144860e-01 9.999999993521907493e-01 9.999999993521743180e-01
6.561755093443135593e+03 9.999999993301925683e-01 9.999999993290945577e-01 9.999999993290767941e-01
6.561773425137116647e+03 9.999999993059167647e-01 9.999999993047371527e-01 9.999999993047180569e-01
6.561791756831096791e+03 9.999999992802938165e-01 9.999999992790249426e-01 9.999999992790045145e-01
6.561810088525076026e+03 9.999999992532221382e-01 9.999999992518553427e-01 9.999999992518333602e-01
6.561828420219056170e+03 9.999999992245902636e-01 9.999999992231158874e-01 9.999999992230920176e-01
6.561846751913036314e+03 9.999999991942751798e-01 9.999999991926820098e-01 9.999999991926566967e-01
6.561865083607016459e+03 9.999999991621417728e-01 9.999999991604182625e-01 9.999999991603906180e-01
6.561883415300997513e+03 9.999999991280416056e-01 9.999999991261733223e-01 9.999999991261433463e-01
6.561901746994976747e+03 9.999999990918094772e-01 9.999999990897808777e-01 9.999999990897483482e-01
6.561920078688956892e+03 9.999999990532634220e-01 9.999999990510559655e-01 9.999999990510204384e-01
6.561938410382937036e+03 9.999999990121992699e-01 9.999999990097917513e-01 9.999999990097528935e-01
6.561956742076917180e+03 9.999999989683905355e-01 9.999999989657568644e-01 9.999999989657142319e-01
6.561975073770896415e+03 9.999999989215804241e-01 9.999999989186882932e-01 9.999999989186415528e-01
6.561993405464876560e+03 9.999999988714772803e-01 9.999999988682840568e-01 9.999999988682322094e-01
6.562011737158857613e+03 9.999999988177435961e-01 9.999999988141887730e-01 9.999999988141305973e-01
6.562030068852837758e+03 9.999999987599765827e-01 9.999999987559705650e-01 9.999999987559043957e-01
6.562048400546816993e+03 9.999999986976798594e-01 9.999999986930810936e-01 9.999999986930034890e-01
6.562066732240797137e+03 9.999999986302098298e-01 9.999999986247851691e-01 9.999999986246921324e-01
6.562085063934777281e+03 9.999999985566829785e-01 9.999999985500406252e-01 9.999999985499232746e-01
6.562103395628757426e+03 9.999999984758122240e-01 9.999999984672832687e-01 9.999999984671273934e-01
6.562121727322736660e+03 9.999999983856213692e-01 9.999999983740645026e-01 9.999999983738460108e-01
6.562140059016717714e+03 9.999999982829532730e-01 9.999999982664347087e-01 9.999999982661117448e-01
6.562158390710697859e+03 9.999999981626405132e-01 9.999999981379141811e-01 9.999999981374181335e-01
6.562176722404678003e+03 9.999999980161202728e-01 9.999999979778164683e-01 9.999999979770327618e-01
6.562195054098658147e+03 9.999999978291783664e-01 9.999999977685514185e-01 9.999999977672949791e-01
6.562213385792637382e+03 9.999999975783355755e-01 9.999999974813855719e-01 9.999999974793601920e-01
6.562231717486617526e+03 9.999999972251858438e-01 9.999999970699027241e-01 9.999999970666429983e-01
6.562250049180598580e+03 9.999999967077044527e-01 9.999999964601266056e-01 9.999999964549158848e-01
6.562268380874578725e+03 9.999999959271966832e-01 9.999999955359200055e-01 9.999999955276703822e-01
6.562286712568558869e+03 9.999999947291272617e-01 9.999999941178570051e-01 9.999999941049499963e-01
6.562305044262538104e+03 9.999999928755973766e-01 9.999999919333351084e-01 9.999999919134024973e-01
6.562323375956518248e+03 9.999999900067431113e-01 9.999999885752431927e-01 9.999999885448808135e-01
6.562341707650498392e+03 9.999999855878852761e-01 9.999999834461344994e-01 9.999999834005324217e-01
6.562360039344478537e+03 9.999999788389350996e-01 9.999999756846335019e-01 9.999999756171078502e-01
6.562378371038459591e+03 9.999999686425018464e-01 9.999999640708168158e-01 9.999999639722236822e-01
6.562396702732438825e+03 9.999999534274173207e-01 9.999999469076794600e-01 9.999999467656823793e-01
6.562415034426418970e+03 9.999999310251567186e-01 9.999999218765482922e-01 9.999999216746968678e-01
6.562433366120399114e+03 9.999998984978824002e-01 9.999998858654267631e-01 9.999998855819326460e-01
6.562451697814379258e+03 9.999998519384984963e-01 9.999998347704558421e-01 9.999998343764583408e-01
6.562470029508358493e+03 9.999997862447325137e-01 9.999997632714169304e-01 9.999997627282947166e-01
6.562488361202338638e+03 9.999996948698838262e-01 9.999996645813710172e-01 9.999996638363158885e-01
6.562506692896319691e+03 9.999995695507285509e-01 9.999995301667538028e-01 9.999995291454186752e-01
6.562525024590299836e+03 9.999994000057340626e-01 9.999993494262953142e-01 9.999993480212204799e-01
6.562543356284279071e+03 9.999991735827065131e-01 9.999991093029566569e-01 9.999991073571757871e-01
6.562561687978259215e+03 9.999988748175953068e-01 9.999987937635045343e-01 9.999987910499419375e-01
6.562580019672239359e+03 9.999984848542873284e-01 9.999983828733882696e-01 9.999983790654153326e-01
6.562598351366219504e+03 9.999979806424896811e-01 9.999978500464650200e-01 9.999978446309505387e-01
6.562616683060200558e+03 9.999973334116276646e-01 9.999971506469264027e-01 9.999971425558293880e-01
6.562635014754179792e+03 9.999965027618814561e-01 9.999961750595275367e-01 9.999961614047160330e-01
6.562653346448159937e+03 9.999954049085322261e-01 9.999945881549341387e-01 9.999945614348850764e-01
6.562671678142140081e+03 9.999937514361643132e-01 9.999914272843252183e-01 9.999913731979291898e-01
6.562690009836120225e+03 9.999903683047864922e-01 9.999845106419744667e-01 9.999844147376609760e-01
6.562708341530099460e+03 9.999812196913766549e-01 9.999703855501227423e-01 9.999702538198295132e-01
6.562726673224079605e+03 9.999580098303139097e-01 9.999459622669237824e-01 9.999458383841044462e-01
6.562745004918060658e+03 9.999176608257357435e-01 9.999115551486978948e-01 9.999115107534743974e-01
6.562763336612040803e+03 9.998689254102282042e-01 9.998731309341507556e-01 9.998732316752633187e-01
6.562781668306020947e+03 9.998215394072990092e-01 9.998418493885838920e-01 9.998421043180069079e-01
6.562800000000000182e+03 9.998005266511673650e-01 9.998296492841729499e-01 9.998299727159530859e-01
6.562818331693980326e+03 9.998215391889920811e-01 9.998418488250353509e-01 9.998421037529511279e-01
6.562836663387960471e+03 9.998689242772670349e-01 9.998731296972842575e-01 9.998732304381174885e-01
6.562854995081940615e+03 9.999176585143292328e-01 9.999115532908461335e-01 9.999115088981606059e-01
6.562873326775921669e+03 9.999580069134244020e-01 9.999459601700904088e-01 9.999458362903623776e-01
6.562891658469900904e+03 9.999812176491503779e-01 9.999703837170925702e-01 9.999702519869967388e-01
6.562909990163881048e+03 9.999903672577468150e-01 9.999845093353407766e-01 9.999844134281345998e-01
6.562928321857861192e+03 9.999937508398385466e-01 9.999914264399184516e-01 9.999913723500503115e-01
6.562946653551841337e+03 9.999954044465971803e-01 9.999945875772209281e-01 9.999945608548586051e-01
6.562964985245820571e+03 9.999965023352479498e-01 9.999961745988314998e-01 9.999961609428698051e-01
6.562983316939801625e+03 9.999973330035077934e-01 9.999971502352307251e-01 9.999971421435537300e-01
6.563001648633781770e+03 9.999979802569679554e-01 9.999978496648342929e-01 9.999978442489199093e-01
6.563019980327761914e+03 9.999984844980227550e-01 9.999983825212370725e-01 9.999983787129146373e-01
6.563038312021741149e+03 9.999988744957217790e-01 9.999987934442773341e-01 9.999987907304008772e-01
6.563056643715721293e+03 9.999991732982618231e-01 9.999991090195025079e-01 9.999991070734475240e-01
6.563074975409701437e+03 9.999993997597731443e-01 9.999993491798307987e-01 9.999993477745217074e-01
6.563093307103681582e+03 9.999995693425662857e-01 9.999995299568573692e-01 9.999995289353207362e-01
6.563111638797662636e+03 9.999996946974061274e-01 9.999996644062431050e-01 9.999996636610116729e-01
6.563129970491641870e+03 9.999997861047712489e-01 9.999997631282170341e-01 9.999997625849404992e-01
6.563148302185622015e+03 9.999998518272191772e-01 9.999998346556606688e-01 9.999998342615274982e-01
6.563166633879602159e+03 9.999998984111529987e-01 9.999998857751695169e-01 9.999998854915578272e-01
6.563184965573582303e+03 9.999999309588578633e-01 9.999999218069118845e-01 9.999999216049607620e-01
6.563203297267561538e+03 9.999999533776745553e-01 9.999999468549266579e-01 9.999999467128461994e-01
6.563221628961541683e+03 9.999999686058410608e-01 9.999999640315492266e-01 9.999999639328874812e-01
6.563239960655522736e+03 9.999999788123641320e-01 9.999999756558838326e-01 9.999999755883038910e-01
6.563258292349502881e+03 9.999999855689171158e-01 9.999999834254034159e-01 9.999999833797587057e-01
6.563276624043483025e+03 9.999999899933764702e-01 9.999999885604918815e-01 9.999999885300967506e-01
6.563294955737462260e+03 9.999999928662691717e-01 9.999999919229497491e-01 9.999999919029926021e-01
6.563313287431442404e+03 9.999999947226506647e-01 9.999999941105931489e-01 9.999999940976684876e-01
6.563331619125422549e+03 9.999999959226933965e-01 9.999999955308453981e-01 9.999999955225828963e-01
6.563349950819402693e+03 9.999999967045410942e-01 9.999999964565583488e-01 9.999999964513383022e-01
6.563368282513383747e+03 9.999999972229161038e-01 9.999999970673528749e-01 9.999999970640868208e-01
6.563386614207362982e+03 9.999999975766524773e-01 9.999999974795131807e-01 9.999999974774832490e-01
6.563404945901343126e+03 9.999999978278758528e-01 9.999999977671233387e-01 9.999999977658635686e-01
6.563423277595323270e+03 9.999999980150623413e-01 9.999999979766769354e-01 9.999999979758912305e-01
6.563441609289303415e+03 9.999999981617393452e-01 9.999999981369610547e-01 9.999999981364635637e-01
6.563459940983282650e+03 9.999999982821534683e-01 9.999999982656024855e-01 9.999999982652788555e-01
6.563478272677263703e+03 9.999999983848887330e-01 9.999999983733121045e-01 9.999999983730928355e-01
6.563496604371243848e+03 9.999999984751253290e-01 9.999999984665841612e-01 9.999999984664282859e-01
6.563514936065223992e+03 9.999999985560291682e-01 9.999999985493793764e-01 9.999999985492619148e-01
6.563533267759203227e+03 9.999999986295812215e-01 9.999999986241520089e-01 9.999999986240588612e-01
6.563551599453183371e+03 9.999999986970711241e-01 9.999999986924700268e-01 9.999999986923924222e-01
6.563569931147163516e+03 9.999999987593858330e-01 9.999999987553779279e-01 9.999999987553116476e-01
6.563588262841143660e+03 9.999999988171683896e-01 9.999999988136125673e-01 9.999999988135540585e-01
6.563606594535124714e+03 9.999999988709169507e-01 9.999999988677225060e-01 9.999999988676703255e-01
6.563624926229103949e+03 9.999999989210327511e-01 9.999999989181400650e-01 9.999999989180927695e-01
6.563643257923084093e+03 9.999999989678551859e-01 9.999999989652210708e-01 9.999999989651783272e-01
6.563661589617064237e+03 9.999999990116759108e-01 9.999999990092677260e-01 9.999999990092292013e-01
6.563679921311044382e+03 9.999999990527510541e-01 9.999999990505431535e-01 9.999999990505076264e-01
6.563698253005023616e+03 9.999999990913083225e-01 9.999999990892792789e-01 9.999999990892466384e-01
6.563716584699004670e+03 9.999999991275507760e-01 9.999999991256821597e-01 9.999999991256519616e-01
6.563734916392984815e+03 9.999999991616608241e-01 9.999999991599368698e-01 9.999999991599091143e-01
6.563753248086964959e+03 9.999999991938041122e-01 9.999999991922106091e-01 9.999999991921849629e-01
6.563771579780945103e+03 9.999999992241279667e-01 9.999999992226531464e-01 9.999999992226293877e-01
6.563789911474924338e+03 9.999999992527688342e-01 9.999999992514017055e-01 9.999999992513799452e-01
6.563808243168904482e+03 9.999999992798489501e-01 9.999999992785794101e-01 9.999999992785590930e-01
6.563826574862884627e+03 9.999999993054798919e-01 9.999999993043000579e-01 9.999999993042808510e-01
6.563844906556865681e+03 9.999999993297636891e-01 9.999999993286649014e-01 9.999999993286473599e-01
6.563863238250845825e+03 9.999999993527929343e-01 9.999999993517693087e-01 9.999999993517526553e-01
6.563881569944825060e+03 9.999999993746531146e-01 9.999999993736975457e-01 9.999999993736824466e-01
6.563899901638805204e+03 9.999999993954220567e-01 9.999999993945293264e-01 9.999999993945150045e-01
6.563918233332785348e+03 9.999999994151712590e-01 9.999999994143364823e-01 9.999999994143229376e-01
6.563936565026765493e+03 9.999999994339665577e-01 9.999999994331849607e-01 9.999999994331721931e-01
6.563954896720744728e+03 9.999999994518691260e-01 9.999999994511359347e-01 9.999999994511241663e-01
6.563973228414725781e+03 9.999999994689340310e-01 9.999999994682460258e-01 9.999999994682350346e-01
6.563991560108705926e+03 9.999999994852127871e-01 9.999999994845664153e-01 9.999999994845559792e-01
6.564009891802686070e+03 9.999999995007531339e-01 9.999999995001453978e-01 9.999999995001357389e-01
6.564028223496666214e+03 9.999999995155990362e-01 9.999999995150274934e-01 9.999999995150182786e-01
6.564046555190645449e+03 9.999999995297921274e-01 9.999999995292533361e-01 9.999999995292446764e-01
6.564064886884625594e+03 9.999999995433691558e-01 9.999999995428612287e-01 9.999999995428530131e-01
6.564083218578606647e+03 9.999999995563658706e-01 9.999999995558863652e-01 9.999999995558788157e-01
6.564101550272586792e+03 9.999999995688146903e-01 9.999999995683620524e-01 9.999999995683548359e-01
6.564119881966566027e+03 9.999999995807458131e-01 9.999999995803181552e-01 9.999999995803113828e-01
6.564138213660546171e+03 9.999999995921884377e-01 9.999999995917836504e-01 9.999999995917769890e-01
6.564156545354526315e+03 9.999999996031679883e-01 9.999999996027847393e-01 9.999999996027786331e-01
6.564174877048506460e+03 9.999999996137095559e-01 9.999999996133465130e-01 9.999999996133407398e-01
6.564193208742485695e+03 9.999999996238361222e-01 9.999999996234919530e-01 9.999999996234864019e-01
6.564211540436466748e+03 9.999999996335693364e-01 9.999999996332427088e-01 9.999999996332374907e-01
6.564229872130446893e+03 9.999999996429291826e-01 9.999999996426189863e-01 9.999999996426141013e-01
6.564248203824427037e+03 9.999999996519342016e-01 9.999999996516396594e-01 9.999999996516352185e-01
6.564266535518407181e+03 9.999999996606024899e-01 9.999999996603223806e-01 9.999999996603179397e-01
6.564284867212386416e+03 9.999999996689508119e-01 9.999999996686845805e-01 9.999999996686801396e-01
6.564303198906366561e+03 9.999999996769944888e-01 9.999999996767410249e-01 9.999999996767369170e-01
6.564321530600346705e+03 9.999999996847486194e-01 9.999999996845069239e-01 9.999999996845032602e-01
6.564339862294327759e+03 9.999999996922260825e-01 9.999999996919958223e-01 9.999999996919922696e-01
6.564358193988307903e+03 9.999999996994405338e-01 9.999999996992210427e-01 9.999999996992177120e-01
6.564376525682287138e+03 9.999999997064041857e-01 9.999999997061945756e-01 9.999999997061912449e-01
6.564394857376267282e+03 9.999999997131283624e-01 9.999999997129283003e-01 9.999999997129248586e-01
6.564413189070247427e+03 9.999999997196235002e-01 9.999999997194328749e-01 9.999999997194295442e-01
6.564431520764227571e+03 9.999999997259008122e-01 9.999999997257182915e-01 9.999999997257151829e-01
6.564449852458208625e+03 9.999999997319688472e-01 9.999999997317945422e-01 9.999999997317917666e-01
6.564468184152187860e+03 9.999999997378381522e-01 9.999999997376709526e-01 9.999999997376685101e-01
6.564486515846168004e+03 9.999999997435162769e-01 9.999999997433565158e-01 9.999999997433540733e-01
6.564504847540148148e+03 9.999999997490117698e-01 9.999999997488586700e-01 9.999999997488564496e-01
6.564523179234128293e+03 9.999999997543322916e-01 9.999999997541856311e-01 9.999999997541832997e-01
6.564541510928107527e+03 9.999999997594850587e-01 9.999999997593447265e-01 9.999999997593426171e-01
6.564559842622087672e+03 9.999999997644776206e-01 9.999999997643419514e-01 9.999999997643397309e-01
6.564578174316068726e+03 9.999999997693163056e-01 9.999999997691716436e-01 9.999999997691679798e-01
6.564596506010048870e+03 9.999999997740071089e-01 9.999999997737551993e-01 9.999999997737459845e-01
6.564614837704028105e+03 9.999999997785559147e-01 9.999999997777887506e-01 9.999999997777659910e-01
6.564633169398008249e+03 9.999999997829687182e-01 9.999999997807303975e-01 9.999999997806898744e-01
