# lambda[A]  T_theo  T_instr  T_rot+instr  (He I 10830)
1.082820000000000073e+04 9.999999245620447841e-01 9.999999209951997425e-01 9.999999208233512071e-01
1.082821993593265142e+04 9.999999221735756949e-01 9.999999194326506524e-01 9.999999192918304081e-01
1.082823987186530394e+04 9.999999196427036274e-01 9.999999174972326044e-01 9.999999173855903534e-01
1.082825980779795282e+04 9.999999169559079526e-01 9.999999151931147079e-01 9.999999151061542690e-01
1.082827974373060533e+04 9.999999140978513834e-01 9.999999125339226191e-01 9.999999124651061111e-01
1.082829967966325421e+04 9.999999110510483513e-01 9.999999095301429497e-01 9.999999094713477588e-01
1.082831961559590673e+04 9.999999077954320192e-01 9.999999061727138372e-01 9.999999061137976319e-01
1.082833955152855560e+04 9.999999043077452132e-01 9.999999024093874089e-01 9.999999023358253636e-01
1.082835948746120812e+04 9.999999005605453295e-01 9.999998981030276957e-01 9.999998979900569518e-01
1.082837942339385881e+04 9.999998965203046319e-01 9.999998929482591947e-01 9.999998927486860589e-01
1.082839935932650951e+04 9.999998921432438070e-01 9.999998863003808358e-01 9.999998859208247826e-01
1.082841929525916021e+04 9.999998873654323273e-01 9.999998768299284135e-01 9.999998760860483449e-01
1.082843923119181090e+04 9.999998820786196729e-01 9.999998618436196640e-01 9.999998603780199113e-01
1.082845916712446160e+04 9.999998760714640111e-01 9.999998359863488950e-01 9.999998331222176295e-01
1.082847910305711230e+04 9.999998688895261889e-01 9.999997888279057445e-01 9.999997833158322802e-01
1.082849903898976299e+04 9.999998595111265765e-01 9.999997004998226746e-01 9.999996900937453415e-01
1.082851897492241187e+04 9.999998456206883324e-01 9.999995340299043800e-01 9.999995148008951062e-01
1.082853891085506439e+04 9.999998220342010136e-01 9.999992222704047196e-01 9.999991875366321947e-01
1.082855884678771508e+04 9.999997774042637122e-01 9.999986462937145992e-01 9.999985850181417613e-01
1.082857878272036578e+04 9.999996875638256233e-01 9.999976008522918347e-01 9.999974953495596175e-01
1.082859871865301648e+04 9.999995025505048485e-01 9.999957410910219613e-01 9.999955639125286400e-01
1.082861865458566717e+04 9.999991222118573830e-01 9.999925034640537724e-01 9.999922134244295657e-01
1.082863859051831787e+04 9.999983520202004872e-01 9.999869933048369797e-01 9.999865308068829339e-01
1.082865852645097038e+04 9.999968261072403886e-01 9.999778325901216292e-01 9.999771147267469962e-01
1.082867846238361926e+04 9.999938787048907596e-01 9.999629652553432280e-01 9.999618816222564099e-01
1.082869839831627178e+04 9.999883391304467128e-01 9.999394251710270742e-01 9.999378358750202755e-01
1.082871833424892066e+04 9.999782217023645003e-01 9.999030844814107422e-01 9.999008223715544208e-01
1.082873827018157317e+04 9.999602853091827948e-01 9.998484174345880771e-01 9.998452969336372176e-01
1.082875820611422205e+04 9.999294550754987965e-01 9.997683354711086601e-01 9.997641702907124062e-01
1.082877814204687274e+04 9.998781392768328891e-01 9.996541693261360439e-01 9.996488005435832935e-01
1.082879807797952344e+04 9.997955445453102774e-01 9.994958869991592554e-01 9.994892212622858985e-01
1.082881801391217414e+04 9.996671886341716995e-01 9.992826347309615720e-01 9.992746897457155386e-01
1.082883794984482665e+04 9.994749126366790914e-01 9.990036637793173746e-01 9.989946150373298916e-01
1.082885788577747553e+04 9.991977615287677139e-01 9.986496538659540567e-01 9.986398734663599619e-01
1.082887782171012805e+04 9.988140737836987970e-01 9.982143657880225840e-01 9.982044421728974992e-01
1.082889775764277692e+04 9.983049409219123538e-01 9.976964604604690035e-01 9.976871879689310774e-01
1.082891769357542944e+04 9.976588465741142997e-01 9.971012281389273202e-01 9.970935582805373620e-01
1.082893762950807832e+04 9.968768244988227556e-01 9.964419046995369733e-01 9.964368571061112956e-01
1.082895756544073083e+04 9.959770231877881352e-01 9.957402372286771053e-01 9.957387766153399378e-01
1.082897750137337971e+04 9.949973213726860388e-01 9.950260173574804190e-01 9.950289118385221565e-01
1.082899743730603223e+04 9.939947707134262345e-01 9.943354317656257768e-01 9.943431152434220044e-01
1.082901737323868292e+04 9.930412033560723772e-01 9.937082699520574103e-01 9.937207347220852194e-01
1.082903730917133362e+04 9.922152213526448383e-01 9.931842460055962940e-01 9.932009895914580833e-01
1.082905724510398431e+04 9.915917215572459531e-01 9.927988877145398350e-01 9.928189299691544401e-01
1.082907718103663319e+04 9.912309018388768544e-01 9.925795755746308346e-01 9.926015495446876002e-01
1.082909711696928571e+04 9.911692079354973428e-01 9.925423399700330496e-01 9.925646455867154216e-01
1.082911705290193458e+04 9.914130572349081350e-01 9.926899327583728061e-01 9.927109294808730278e-01
1.082913698883458710e+04 9.919374300229851782e-01 9.930114926352985316e-01 9.930296989302600519e-01
1.082915692476723780e+04 9.926907152300994408e-01 9.934838602698130572e-01 9.934981263484613523e-01
1.082917686069988849e+04 9.936026373253661337e-01 9.940743240431761940e-01 9.940839499721558781e-01
1.082919679663253919e+04 9.945947434502275808e-01 9.947443479858579796e-01 9.947491306867208838e-01
1.082921673256518989e+04 9.955913624762736669e-01 9.954536964535505295e-01 9.954539033582426866e-01
1.082923666849784058e+04 9.965287861815897985e-01 9.961643489337785873e-01 9.961606297388125864e-01
1.082925660443049128e+04 9.973611891615993263e-01 9.968436894912997559e-01 9.968369474963600929e-01
1.082927654036314198e+04 9.980626853210157190e-01 9.974666303273085344e-01 9.974578793641757368e-01
1.082929647629579449e+04 9.986258577424808047e-01 9.980165434007566283e-01 9.980067750254568715e-01
1.082931641222844337e+04 9.990578099895339736e-01 9.984850800284684746e-01 9.984751596034788790e-01
1.082933634816109588e+04 9.993750928075808559e-01 9.988711161586950604e-01 9.988617178046154121e-01
1.082935628409374476e+04 9.995987514783892802e-01 9.991791476497515756e-01 9.991707291730206331e-01
1.082937622002639546e+04 9.997503472583569861e-01 9.994174720333082185e-01 9.994102838091813990e-01
1.082939615595904615e+04 9.998493230235532270e-01 9.995964444275068361e-01 9.995905619685487853e-01
1.082941609189169685e+04 9.999116733808888213e-01 9.997270092418077958e-01 9.997223779989563575e-01
1.082943602782434937e+04 9.999496300850454489e-01 9.998196121155739080e-01 9.998160943644814891e-01
1.082945596375699824e+04 9.999719903379558072e-01 9.998835097521305837e-01 9.998809262196993730e-01
1.082947589968965076e+04 9.999847520275166879e-01 9.999264322374692426e-01 9.999245943827201888e-01
1.082949583562229964e+04 9.999918145340909170e-01 9.999545173674971865e-01 9.999532491334988116e-01
1.082951577155495215e+04 9.999956060620734943e-01 9.999724265617597752e-01 9.999715765002831214e-01
1.082953570748760103e+04 9.999975799790034037e-01 9.999835600684252590e-01 9.999830058879765060e-01
1.082955564342025355e+04 9.999985746081480054e-01 9.999903071932466636e-01 9.999899551220193805e-01
1.082957557935290242e+04 9.999990568270118452e-01 9.999942881347494428e-01 9.999940692721582813e-01
1.082959551528555494e+04 9.999992779146668065e-01 9.999965628037386089e-01 9.999964281208796324e-01
1.082961545121820564e+04 9.999993684313047693e-01 9.999977962140905730e-01 9.999977112643130273e-01
1.082963538715085451e+04 9.999993933017843339e-01 9.999983789808688517e-01 9.999983188272446588e-01
1.082965532308350703e+04 9.999993820194801319e-01 9.999985056210826118e-01 9.999984500343881422e-01
1.082967525901615591e+04 9.999993434065690412e-01 9.999982136651913711e-01 9.999981422990706914e-01
1.082969519494880842e+04 9.999992699113219308e-01 9.999973840050552232e-01 9.999972709943247828e-01
1.082971513088145730e+04 9.999991326028605521e-01 9.999956981646951348e-01 9.999955053984224129e-01
1.082973506681410981e+04 9.999988640985809640e-01 9.999925418122931342e-01 9.999922100049631890e-01
1.082975500274675869e+04 9.999983216404281228e-01 9.999868363321711140e-01 9.999862729873441047e-01
1.082977493867941121e+04 9.999972152034448669e-01 9.999767724145839365e-01 9.999758359197375990e-01
1.082979487461206190e+04 9.999949744691475351e-01 9.999594128141828797e-01 9.999578923343669379e-01
1.082981481054471260e+04 9.999905123737367063e-01 9.999301280852618268e-01 9.999277197671712081e-01
1.082983474647736330e+04 9.999818210837445598e-01 9.998818328187802917e-01 9.998781141855747068e-01
1.082985468241001399e+04 9.999653099804239886e-01 9.998040052962148261e-01 9.997984116324435400e-01
1.082987461834266469e+04 9.999347699470313433e-01 9.996815054247805143e-01 9.996733142812058714e-01
1.082989455427531720e+04 9.998798360389219431e-01 9.994932580017827917e-01 9.994815903107964195e-01
1.082991449020796608e+04 9.997838422537377312e-01 9.992109410425619176e-01 9.991947890649185426e-01
1.082993442614061678e+04 9.996210461487818888e-01 9.987979064340919422e-01 9.987761989590073775e-01
1.082995436207326748e+04 9.993533768201003920e-01 9.982086488701528149e-01 9.981803617933069361e-01
1.082997429800591817e+04 9.989271420926908451e-01 9.973892066931575595e-01 9.973535215499628181e-01
1.082999423393856887e+04 9.982704976188834234e-01 9.962788964300622885e-01 9.962354005061956341e-01
1.083001416987121956e+04 9.972928513355995284e-01 9.948137223217784486e-01 9.947626323823482997e-01
1.083003410580387026e+04 9.958876059025292271e-01 9.929316418542092348e-01 9.928740212260135367e-01
1.083005404173652096e+04 9.939395447559129515e-01 9.905796049103825496e-01 9.905175334908563611e-01
1.083007397766917347e+04 9.913375866696783056e-01 9.877219402422139360e-01 9.876585923063538885e-01
1.083009391360182235e+04 9.879925319233423542e-01 9.843492894989308573e-01 9.842888778249787585e-01
1.083011384953447487e+04 9.838579632235824324e-01 9.804869599123628987e-01 9.804345182451669194e-01
1.083013378546712374e+04 9.789510212436709491e-01 9.762013645711161702e-01 9.761623631123432787e-01
1.083015372139977626e+04 9.733688410727943108e-01 9.716032154572226132e-01 9.715830327961307855e-01
1.083017365733242514e+04 9.672964411265276841e-01 9.668463687841587495e-01 9.668496733220823813e-01
1.083019359326507583e+04 9.610029658823787679e-01 9.621216880005022398e-01 9.621518063750686967e-01
1.083021352919772835e+04 9.548251728324393950e-01 9.576459304428079911e-01 9.577042940811149041e-01
1.083023346513037723e+04 9.491395408586593696e-01 9.536463815852550541e-01 9.537321414906371198e-01
1.083025340106302974e+04 9.443271343310837285e-01 9.503426375853269992e-01 9.504525207135062770e-01
1.083027333699567862e+04 9.407339165610765219e-01 9.479274570236581043e-01 9.480559070407248434e-01
1.083029327292833113e+04 9.386324130620989914e-01 9.465488762342052498e-01 9.466884815555430821e-01
1.083031320886098001e+04 9.381931779661945026e-01 9.462957587163034479e-01 9.464379277105045007e-01
1.083033314479363253e+04 9.394645727132576729e-01 9.471886214344358290e-01 9.473244254552037891e-01
1.083035308072628141e+04 9.423655692753907243e-01 9.491769849833739947e-01 9.492980610922685525e-01
1.083037301665893392e+04 9.466889781202381116e-01 9.521437026826157224e-01 9.522430949447351356e-01
1.083039295259158462e+04 9.521229843946413807e-01 9.559158376646847977e-01 9.559886619823583231e-01
1.083041288852423531e+04 9.582860958715406774e-01 9.602808005925299595e-01 9.603246434055849878e-01
1.083043282445688601e+04 9.647679106710154162e-01 9.650057657371853281e-01 9.650207681597747778e-01
1.083045276038953671e+04 9.711742101353791901e-01 9.698579693680456915e-01 9.698465984968273057e-01
1.083047269632218740e+04 9.771682338607465823e-01 9.746234430759462830e-01 9.745900018291577815e-01
1.083049263225483628e+04 9.825009048934173483e-01 9.791220646291872720e-01 9.790720306044166099e-01
1.083051256818748880e+04 9.870252172357595333e-01 9.832174637933553951e-01 9.831567683435710192e-01
1.083053250412013767e+04 9.906936457345379976e-01 9.868211745600879992e-01 9.867555319269964986e-01
1.083055244005279019e+04 9.935414390546076779e-01 9.898913102727047164e-01 9.898256848728930191e-01
1.083057237598544089e+04 9.956615183726159612e-01 9.924267845045261494e-01 9.923650488262675262e-01
1.083059231191809158e+04 9.971775276790583176e-01 9.944585794895799413e-01 9.944033747919045485e-01
1.083061224785074228e+04 9.982204253990578646e-01 9.960397176144152320e-01 9.959924939968938240e-01
1.083063218378339297e+04 9.989116990380820793e-01 9.972354409597576907e-01 9.971966291554832384e-01
1.083065211971604367e+04 9.993538721701334948e-01 9.981147336040455675e-01 9.980839908645273706e-01
1.083067205564869619e+04 9.996272167976236744e-01 9.987438480994060841e-01 9.987203236533951367e-01
1.083069199158134506e+04 9.997907515695325653e-01 9.991820352473157474e-01 9.991646130819716864e-01
1.083071192751399758e+04 9.998855607363296150e-01 9.994793091994724765e-01 9.994668022871018298e-01
1.083073186344664646e+04 9.999388870736037882e-01 9.996758494696100783e-01 9.996671354917640029e-01
1.083075179937929897e+04 9.999680183776630260e-01 9.998025483766972421e-01 9.997966494230298151e-01
1.083077173531194785e+04 9.999834919271555211e-01 9.998822287722030078e-01 9.998783451418513657e-01
1.083079167124459855e+04 9.999914944786041371e-01 9.999311417010319225e-01 9.999286530286047858e-01
1.083081160717724924e+04 9.999955327348313272e-01 9.999604667815077397e-01 9.999589133701807242e-01
1.083083154310989994e+04 9.999975286508731021e-01 9.999776489038487703e-01 9.999767037918879664e-01
1.083085147904255246e+04 9.999985019856003632e-01 9.999874952189788946e-01 9.999869343990767101e-01
1.083087141497520133e+04 9.999989769601296263e-01 9.999930195804407340e-01 9.999926948216655287e-01
1.083089135090785385e+04 9.999992148371180667e-01 9.999960588842784492e-01 9.999958752479567448e-01
1.083091128684050273e+04 9.999993419502637426e-01 9.999977026387522061e-01 9.999976011720347335e-01
1.083093122277315524e+04 9.999994176499096277e-01 9.999985802942843449e-01 9.999985254576361227e-01
1.083095115870580412e+04 9.999994690997521252e-01 9.999990463704292454e-01 9.999990173409000205e-01
1.083097109463845663e+04 9.999995084824208069e-01 9.999992956770282770e-01 9.999992805862792933e-01
1.083099103057110733e+04 9.999995412164260911e-01 9.999994327421581897e-01 9.999994250047162803e-01
1.083101096650375803e+04 9.999995697480995593e-01 9.999995123857768897e-01 9.999995084418088487e-01
1.083103090243640872e+04 9.999995952440674518e-01 9.999995627488137417e-01 9.999995607224062555e-01
1.083105083836905760e+04 9.999996183233555991e-01 9.999995980027384102e-01 9.999995969294408482e-01
1.083107077430171012e+04 9.999996393656305216e-01 9.999996251763805244e-01 9.999996245718891785e-01
1.083109071023435899e+04 9.999996586386891151e-01 9.999996477277907081e-01 9.999996473541379327e-01
1.083111064616701151e+04 9.999996763512333242e-01 9.999996673660511703e-01 9.999996671084552258e-01
1.083113058209966039e+04 9.999996926755273519e-01 9.999996849579285696e-01 9.999996847617175222e-01
1.083115051803231290e+04 9.999997077580431437e-01 9.999997009686724114e-01 9.999997008078500560e-01
1.083117045396496360e+04 9.999997217252419857e-01 9.999997156718266611e-01 9.999997155338136157e-01
1.083119038989761430e+04 9.999997346872647741e-01 9.999997292473422617e-01 9.999997291257579635e-01
1.083121032583026499e+04 9.999997467405947749e-01 9.999997418269731542e-01 9.999997417182904247e-01
1.083123026176291569e+04 9.999997579701312977e-01 9.999997535153092310e-01 9.999997534173469260e-01
1.083125019769556638e+04 9.999997684508723506e-01 9.999997643997597940e-01 9.999997643109945766e-01
1.083127013362821890e+04 9.999997782492995313e-01 9.999997745555556650e-01 9.999997744748263528e-01
1.083129006956086778e+04 9.999997874245359908e-01 9.999997840485223000e-01 9.999997839748848705e-01
1.083131000549352029e+04 9.999997960293230959e-01 9.999997929367953065e-01 9.999997928694572824e-01
1.083132994142616917e+04 9.999998041108426605e-01 9.999998012720290319e-01 9.999998012103086253e-01
1.083134987735881987e+04 9.999998117114176077e-01 9.999998091003106104e-01 9.999998090436187370e-01
1.083136981329147056e+04 9.999998188691088252e-01 9.999998164629010367e-01 9.999998164107247733e-01
1.083138974922412126e+04 9.999998256182297540e-01 9.999998233968531158e-01 9.999998233487418231e-01
1.083140968515677196e+04 9.999998319897845933e-01 9.999998299355263853e-01 9.999998298910828254e-01
1.083142962108942265e+04 9.999998380118518826e-01 9.999998361090296495e-01 9.999998360679038800e-01
1.083144955702207517e+04 9.999998437099111293e-01 9.999998419446044506e-01 9.999998419064870525e-01
1.083146949295472405e+04 9.999998491071309115e-01 9.999998474669503645e-01 9.999998474315666686e-01
1.083148942888737656e+04 9.999998542246216759e-01 9.999998526985123259e-01 9.999998526656168618e-01
1.083150936482002544e+04 9.999998590816486788e-01 9.999998576597241007e-01 9.999998576290983765e-01
1.083152930075267795e+04 9.999998636958298270e-01 9.999998623692271105e-01 9.999998623406756160e-01
1.083154923668532683e+04 9.999998680832993259e-01 9.999998668440572835e-01 9.999998668174041594e-01
1.083156917261797935e+04 9.999998722588585576e-01 9.999998710998104778e-01 9.999998710748988495e-01
1.083158910855062823e+04 9.999998762361081983e-01 9.999998751507892525e-01 9.999998751274775666e-01
1.083160904448328074e+04 9.999998800275632371e-01 9.999998790101325419e-01 9.999998789882915684e-01
1.083162898041593144e+04 9.999998836447557826e-01 9.999998826899250126e-01 9.999998826694386223e-01
1.083164891634858031e+04 9.999998870983296539e-01 9.999998862013012024e-01 9.999998861820650342e-01
1.083166885228123283e+04 9.999998903981179854e-01 9.999998895545352262e-01 9.999998895364543561e-01
1.083168878821388171e+04 9.999998935532211641e-01 9.999998927591187137e-01 9.999998927421066552e-01
1.083170872414653422e+04 9.999998965720688915e-01 9.999998958238327518e-01 9.999998958078103461e-01
1.083172866007918310e+04 9.999998994624806903e-01 9.999998987568118336e-01 9.999998987417075824e-01
1.083174859601183562e+04 9.999999022317177522e-01 9.999999015656010348e-01 9.999999015513493239e-01
1.083176853194448631e+04 9.999999048865302331e-01 9.999999042572060848e-01 9.999999042437467400e-01
1.083178846787713701e+04 9.999999074332021065e-01 9.999999068381393297e-01 9.999999068254176171e-01
1.083180840380978771e+04 9.999999098775869122e-01 9.999999093144636975e-01 9.999999093024287689e-01
1.083182833974243840e+04 9.999999122251448380e-01 9.999999116918265596e-01 9.999999116804327848e-01
1.083184827567508910e+04 9.999999144809728069e-01 9.999999139754958133e-01 9.999999139647004487e-01
1.083186821160773979e+04 9.999999166498354519e-01 9.999999161703889694e-01 9.999999161601521580e-01
1.083188814754039049e+04 9.999999187361879871e-01 9.999999182811011300e-01 9.999999182713859014e-01
1.083190808347303937e+04 9.999999207442027416e-01 9.999999203119257496e-01 9.999999203026974648e-01
1.083192801940569188e+04 9.999999226777895878e-01 9.999999222668702892e-01 9.999999222580898683e-01
1.083194795533834258e+04 9.999999245406148152e-01 9.999999241496450031e-01 9.999999241412621531e-01
1.083196789127099328e+04 9.999999263361213364e-01 9.999999259636135340e-01 9.999999259555464315e-01
1.083198782720364397e+04 9.999999280675426760e-01 9.999999277116453644e-01 9.999999277037353584e-01
1.083200776313629467e+04 9.999999297379195129e-01 9.999999293957938518e-01 9.999999293877355200e-01
1.083202769906894537e+04 9.999999313501130027e-01 9.999999310167138056e-01 9.999999310079326076e-01
1.083204763500159788e+04 9.999999329068175458e-01 9.999999325727496613e-01 9.999999325622527246e-01
1.083206757093424676e+04 9.999999344105716670e-01 9.999999340587705232e-01 9.999999340449969853e-01
1.083208750686689928e+04 9.999999358637711167e-01 9.999999354650560557e-01 9.999999354457969059e-01
1.083210744279954815e+04 9.999999372686741994e-01 9.999999367767995473e-01 9.999999367492776736e-01
1.083212737873220067e+04 9.999999386274160962e-01 9.999999379749218154e-01 9.999999379360868801e-01
1.083214731466484955e+04 9.999999399420128610e-01 9.999999390386440368e-01 9.999999389856691900e-01
1.083216725059750206e+04 9.999999412143717459e-01 9.999999399496251051e-01 9.999999398804844120e-01
1.083218718653015094e+04 9.999999424462973074e-01 9.999999406966315618e-01 9.999999406105691824e-01
