# LHS 1140b p-winds oracle profiles, case matched_gj1132
# r[R_p]  v[km/s]  rho[g/cm3]  f_HII  f_He3  n_He3[cm^-3]
1.000000000000000000e+00 1.089552648844674176e-04 1.217763908642821553e-12 0.000000000000000000e+00 0.000000000000000000e+00 0.000000000000000000e+00
1.015167812177919737e+00 1.343900175020744890e-04 9.580068856363571270e-13 2.200670352356361853e-02 1.944788055936534621e-12 2.784034243838642841e-01
1.030565686882104037e+00 1.651691794151279675e-04 7.563641770042187465e-13 2.558684439558774060e-02 1.779112323476333765e-11 2.010795863615955525e+00
1.046197113657740596e+00 2.022821137372287812e-04 5.992758840391253865e-13 2.840132619113973009e-02 1.183452931925194639e-10 1.059769593729066983e+01
1.062065634978782924e+00 2.468739916932185846e-04 4.764674826774351983e-13 3.130040789321947292e-02 5.640858450590113359e-10 4.016170412702090431e+01
1.078174847050764384e+00 3.002653025564890033e-04 3.801261770046843619e-13 3.428623992537167819e-02 2.020712077213628360e-09 1.147799096837920416e+02
1.094528400625787823e+00 3.639729831146982153e-04 3.042902949468217757e-13 3.735493970909042200e-02 5.750888909069322223e-09 2.614909983528750104e+02
1.111130001829878644e+00 4.397331788757893834e-04 2.443950107111497261e-13 4.045517204562831121e-02 1.359715996454323952e-08 4.965628284324362198e+02
1.127983413002885849e+00 5.295256296555494709e-04 1.969331861386049254e-13 4.356462635694292179e-02 2.767623407015170638e-08 8.144408827393010597e+02
1.145092453551122436e+00 6.355996502671696843e-04 1.592012834836795710e-13 4.664045311136683775e-02 4.987440919284139885e-08 1.186473362973063331e+03
1.162461000812939016e+00 7.605016528737938881e-04 1.291083627083343341e-13 4.967440498937718274e-02 8.138664942948005880e-08 1.570150229061528080e+03
1.180092990937426256e+00 9.071041313331296412e-04 1.050320187071058959e-13 5.257794576474648929e-02 1.223960116638747711e-07 1.920979112635156980e+03
1.197992419776444883e+00 1.078635999782157117e-03 8.570936318491567577e-14 5.531868322697661156e-02 1.721296905301913602e-07 2.204538663513405481e+03
1.216163343790185536e+00 1.278714148059260404e-03 7.015425718101821422e-14 5.790538333078855404e-02 2.290810849413954073e-07 2.401468671965310477e+03
1.234609880966465845e+00 1.511376045677023400e-03 5.759427130750630334e-14 6.032847513725156374e-02 2.912879053846942342e-07 2.506890728468819816e+03
1.253336211753969032e+00 1.781113194330317647e-03 4.742251944822445141e-14 6.258005746785487433e-02 3.566402748032937910e-07 2.527252720726879488e+03
1.272346580009638739e+00 2.092905196791395184e-03 3.916074176986926156e-14 6.465420373525926356e-02 4.231266976679346469e-07 2.476024864796245311e+03
1.291645293960443475e+00 2.452254177990454472e-03 3.243092264718368763e-14 6.654729835705755492e-02 4.889787947814074231e-07 2.369643391556914139e+03
1.311236727179729389e+00 2.865219262630947818e-03 2.693340408547556030e-14 6.826265925336347240e-02 5.527588733285158218e-07 2.224644568073755636e+03
1.331125319578381871e+00 3.338450783399174709e-03 2.242995760361765947e-14 6.981615104754601564e-02 6.133827408522793541e-07 2.055860622138427061e+03
1.351315578411020013e+00 3.879223865276412806e-03 1.873065262148208849e-14 7.121967620816128941e-02 6.700654233390368858e-07 1.875442620067025928e+03
1.371812079297455300e+00 4.495471005243392541e-03 1.568364029517332628e-14 7.248493054054748475e-02 7.222802269927718536e-07 1.692724432233023663e+03
1.392619467259640809e+00 5.195813243378718735e-03 1.316718274806598424e-14 7.362353937097976253e-02 7.696998284686973450e-07 1.514425510299891357e+03
1.413742457774349592e+00 5.989589501588752328e-03 1.108341662120608980e-14 7.464692057004099213e-02 8.121599379162279928e-07 1.345082384314298224e+03
1.435185837841821854e+00 6.886883650542265783e-03 9.353459995703604308e-15 7.556612938587460582e-02 8.496057638901370031e-07 1.187472079061552449e+03
1.456954467070616932e+00 7.898548854368438871e-03 7.913562778819607156e-15 7.639168339223714743e-02 8.820558505664519392e-07 1.043042009989054577e+03
1.479053278778925007e+00 9.036228736824853183e-03 6.712069836882281536e-15 7.713336572114176670e-02 9.095786108194317001e-07 9.122846538410205994e+02
1.501487281112580119e+00 1.031237491241433595e-02 5.707018893857499451e-15 7.780000460486992397e-02 9.322744880419470277e-07 7.950359623412764449e+02
1.524261558180031173e+00 1.174026043173490019e-02 4.864235520247662438e-15 7.840049996768838625e-02 9.502424823368152081e-07 6.906892567871996107e+02
1.547381271204528952e+00 1.333398870252039056e-02 4.155818427585744879e-15 7.894839884551127507e-02 9.636074532103883822e-07 5.983983379817138939e+02
1.570851659693790037e+00 1.510849746663413089e-02 3.558932022818372882e-15 7.944793815199002740e-02 9.725353933862599040e-07 5.172003046935104749e+02
1.594678042627398984e+00 1.707955743888768876e-02 3.054841468914824290e-15 7.990176190703283943e-02 9.771247798527215432e-07 4.460385221729959540e+02
1.618865819662224093e+00 1.926376524605625043e-02 2.628139630193458485e-15 8.031263000837970956e-02 9.775249977831373369e-07 3.838928036099026144e+02
1.643420472356114992e+00 2.167853034383170063e-02 2.266126227627837961e-15 8.068340468134831134e-02 9.738694715575958713e-07 3.297755952260822028e+02
1.668347565410160493e+00 2.434205563557048993e-02 1.958308030587901375e-15 8.101703442588234494e-02 9.662872317666769628e-07 2.827619118905032565e+02
1.693652747929791591e+00 2.727331156932221931e-02 1.695995530205532349e-15 8.131653520521703316e-02 9.549940891773039146e-07 2.420243434066502743e+02
1.719341754705008274e+00 3.049200354840793728e-02 1.471976705579405427e-15 8.158496859921908484e-02 9.403143834159771374e-07 2.068272131584981253e+02
1.745420407510028804e+00 3.401853255529339870e-02 1.280252536160641371e-15 8.182541662260842119e-02 9.223174785942589661e-07 1.764451589977352626e+02
1.771894616422649005e+00 3.787394895806428519e-02 1.115822084112149155e-15 8.204095288371518468e-02 9.014417871090878127e-07 1.503025340098684808e+02
1.798770381163615095e+00 4.207989954275212496e-02 9.745074631665547233e-16 8.223460973304878852e-02 8.779186690091166735e-07 1.278418708633979293e+02
1.826053792456309832e+00 4.665856789223998130e-02 8.528109750425308138e-16 8.240934102262621741e-02 8.522135336649531936e-07 1.086012618044100861e+02
1.853751033407065041e+00 5.163260831253703442e-02 7.477982463655639447e-16 8.256798006659134270e-02 8.244719035363802701e-07 9.212849281347016017e+01
1.881868380906408067e+00 5.702507358878954741e-02 6.570024277858109949e-16 8.271319236100573014e-02 7.952690473133461647e-07 7.807548984222482602e+01
1.910412207051562561e+00 6.285933693531708943e-02 5.783454920966442208e-16 8.284742258565375161e-02 7.647884228056657651e-07 6.609404374767690626e+01
1.939388980590526002e+00 6.915900858497063541e-02 5.100734437288956975e-16 8.297283537310995438e-02 7.334910652188937855e-07 5.590635846661545827e+01
1.968805268388050145e+00 7.594784754186970077e-02 4.507028702295514069e-16 8.309124928999182813e-02 7.017336469388128468e-07 4.726027976698312472e+01
1.998667736913859017e+00 8.324966909669825887e-02 3.989767602282183161e-16 8.320406343207452371e-02 6.698930350110970545e-07 3.993803796688224139e+01
2.028983153753436408e+00 9.108824877381493934e-02 3.538279078101803591e-16 8.331217598857559858e-02 6.380440027784913850e-07 3.373466323440097625e+01
2.059758389141731705e+00 9.948722344304884724e-02 3.143485404628439084e-16 8.341589408121215243e-02 6.066043126686748246e-07 2.849381534546961703e+01
2.091000417520127996e+00 1.084699903848150848e-01 2.797650628314468708e-16 8.351483413036041303e-02 5.757206423274976351e-07 2.406794130029599899e+01
2.122716319117024852e+00 1.180596051438061317e-01 2.494170140228430880e-16 8.360781194356407819e-02 5.456552329187976475e-07 2.033658675827836149e+01
2.154913281552397031e+00 1.282786790427622170e-01 2.227395021046499203e-16 8.369272166048213890e-02 5.164869671038342723e-07 1.719056992843500709e+01
2.187598601466688830e+00 1.391492772526714272e-01 1.992485136607933949e-16 8.376827628740053655e-02 4.883371374538454226e-07 1.453946770528991728e+01
2.220779686174415346e+00 1.506928183282928435e-01 1.785286050554018184e-16 8.383919804964798383e-02 4.612910650997686446e-07 1.230598887051060863e+01
2.254464055342848106e+00 1.629299761175051764e-01 1.602225704145471196e-16 8.390615762612790851e-02 4.354186210737365915e-07 1.042471898063604030e+01
2.288659342696159893e+00 1.758805849392483245e-01 1.440227532370637250e-16 8.396930704431049275e-02 4.107769361658852939e-07 8.840377772392310263e+00
2.323373297745416455e+00 1.895635488976238625e-01 1.296637271687559156e-16 8.402880802388426607e-02 3.873407261541082871e-07 7.504907213920823494e+00
2.358613787544812990e+00 2.039967561592521683e-01 1.169161193616394999e-16 8.408483139750773383e-02 3.651474632816402741e-07 6.379348727675433040e+00
2.394388798474544444e+00 2.191969989676985642e-01 1.055813890307737802e-16 8.413755639491973803e-02 3.441887989178050854e-07 5.430224286166511760e+00
2.430706438050721285e+00 2.351799001035169145e-01 9.548740595422880444e-17 8.418716977571910620e-02 3.244084695455958213e-07 4.628837589151038046e+00
2.467574936762734872e+00 2.519598464222895240e-01 8.648470005597893204e-17 8.423386479487571243e-02 3.057625026278931655e-07 3.951456193034398545e+00
2.505002649938494308e+00 2.695499300173231361e-01 7.844327493092791909e-17 8.427783998369206553e-02 2.882163026117142261e-07 3.378375531288819733e+00
2.542998059637952668e+00 2.879618974600339776e-01 7.124989607562264751e-17 8.431929772749033325e-02 2.717256510261655478e-07 2.893000687450549169e+00
2.581569776575355579e+00 3.072061074713040019e-01 6.480577937352515808e-17 8.435844261974695391e-02 2.562496765589515073e-07 2.481479704276712717e+00
2.620726542070644705e+00 3.272914972731826300e-01 5.902461761449953903e-17 8.439547957072822404e-02 2.417211468337699445e-07 2.131971977065822088e+00
2.660477230030461548e+00 3.482255577642916489e-01 5.383089296308218577e-17 8.443061164688701881e-02 2.280816143123019144e-07 1.834659719116952914e+00
2.700830848959195674e+00 3.700143175562462527e-01 4.915843170248898750e-17 8.446403761535463406e-02 2.153352701845924498e-07 1.581782813259318798e+00
2.741796544000540070e+00 3.926623358043655476e-01 4.494916457556098710e-17 8.449594916579351855e-02 2.033985878895060291e-07 1.366165209564605743e+00
2.783383599010009757e+00 4.161727036658925960e-01 4.115206186860342806e-17 8.452652777965556641e-02 1.922005470970619152e-07 1.181897687895985261e+00
2.825601438658896125e+00 4.405470541246443439e-01 3.772221724277103495e-17 8.455594121450711598e-02 1.817004512560161192e-07 1.024204975828425734e+00
2.868459630570134422e+00 4.657855798341167808e-01 3.462005837701246092e-17 8.458433956852419444e-02 1.718751815124955281e-07 8.891491739502890290e-01
2.911967887486567097e+00 4.918870585529151462e-01 3.181066588349991621e-17 8.461185088751696504e-02 1.626816972402436238e-07 7.732948511960582305e-01
2.956136069472096839e+00 5.188488856780859582e-01 2.926318480348211406e-17 8.463857627389934080e-02 1.540629801874225317e-07 6.736798353978883380e-01
3.000974186146223577e+00 5.466671133242930747e-01 2.695031538132371759e-17 8.466458445386300380e-02 1.459778104532222740e-07 5.878741458989744650e-01
3.046492398952475256e+00 5.753364953503511403e-01 2.484787182360575572e-17 8.468990575563165035e-02 1.383899906520117909e-07 5.138395655015088881e-01
3.092701023461246201e+00 6.048505376995780836e-01 2.293439944176418611e-17 8.471452544804303209e-02 1.312715826037276349e-07 4.498748936544240684e-01
3.139610531707566654e+00 6.352015533967428906e-01 2.119084200313017932e-17 8.473837638482016599e-02 1.245922800049074887e-07 3.945236209915115588e-01
3.187231554564325275e+00 6.663807215317193444e-01 1.960025231976173338e-17 8.476133089572657209e-02 1.183208222065154543e-07 3.465425005058175856e-01
3.235574884151496633e+00 6.983781495577600085e-01 1.814754012310736070e-17 8.478322435345807262e-02 1.124285465850977902e-07 3.048793608618720619e-01
3.284651476281900795e+00 7.311829382398395971e-01 1.681925213523998078e-17 8.480443953583433059e-02 1.068860978154500826e-07 2.686343637686272601e-01
3.334472452944071907e+00 7.647832486048804501e-01 1.560337997905594505e-17 8.482516104579072846e-02 1.016700722736186871e-07 2.370530135430906626e-01
3.385049104822774879e+00 7.991663702698016403e-01 1.448919219122695771e-17 8.484539128922256868e-02 9.675825911056642513e-08 2.094912473699182820e-01
3.436392893857761699e+00 8.343187905541882277e-01 1.346708713016732021e-17 8.486513376147697407e-02 9.212908064771900384e-08 1.853975842766240612e-01
3.488515455841334489e+00 8.702262638207528544e-01 1.252846402134896412e-17 8.488439307748366081e-02 8.776622500796209859e-08 1.643080769539554953e-01
3.541428603055305935e+00 9.068738805275160519e-01 1.166560976611118054e-17 8.490317499859527384e-02 8.365233675995420303e-08 1.458207022076437043e-01
3.595144326947961932e+00 9.442461355196984929e-01 1.087159946786187244e-17 8.492148645557517916e-02 7.977041584536921793e-08 1.295892461353039260e-01
3.649674800851621992e+00 9.823269951354928198e-01 1.014020890981497424e-17 8.493933556711599775e-02 7.610357813997527385e-08 1.153149572941189471e-01
3.705032382741425767e+00 1.021099962747342715e+00 9.465837458347918019e-18 8.495673165321135367e-02 7.263805790421354746e-08 1.027441090580568928e-01
3.761229618035959010e+00 1.060548142407975014e+00 8.843440071761144270e-18 8.497368524263977652e-02 6.936070404910273135e-08 9.165758149341010630e-02
3.818279242440356658e+00 1.100654300317627454e+00 8.268467270785971548e-18 8.499020807374915720e-02 6.625922913414012930e-08 8.186627958049873255e-02
3.876194184832541634e+00 1.141400923874804407e+00 7.736812078937756903e-18 8.500631308765532745e-02 6.332238341091451844e-08 7.320705985170847252e-02
3.934987570193226869e+00 1.182770278116933804e+00 7.244763071397251869e-18 8.502201441288673167e-02 6.053972408113960494e-08 6.553877023570260640e-02
3.994672722580366209e+00 1.224744459399149887e+00 6.788962783612558836e-18 8.503732734041961894e-02 5.790133118693371260e-08 5.873887712608093919e-02
4.055263168148725228e+00 1.267305446198450092e+00 6.366370827870173556e-18 8.505226828795356409e-02 5.539806299717453736e-08 5.270116008824179271e-02
4.116772638215239866e+00 1.310435146966664632e+00 5.974231149906436286e-18 8.506685475217530545e-02 5.302193958615260332e-08 4.733379179729865771e-02
4.179215072370887185e+00 1.354115444988683858e+00 5.610042930111856490e-18 8.508110524764896099e-02 5.076492630228108582e-08 4.255627516719312498e-02
4.242604621639740614e+00 1.398328240232185715e+00 5.271534696627800860e-18 8.509503923085241783e-02 4.861982335928326641e-08 3.829870679329256539e-02
4.306955651685946407e+00 1.443055488201648640e+00 4.956641272017341059e-18 8.510867700775248679e-02 4.658014919272758567e-08 3.450023296211353341e-02
4.372282746069349635e+00 1.488279235832772995e+00 4.663483222379173977e-18 8.512203962317423100e-02 4.463940407000008982e-08 3.110731095584564829e-02
4.438600709550488688e+00 1.533981654483631551e+00 4.390348518763054189e-18 8.513514873007260730e-02 4.279182498902355557e-08 2.807330018489861620e-02
4.505924571445730997e+00 1.580145070096097948e+00 4.135676156390386824e-18 8.514802643665558834e-02 4.103181644768455435e-08 2.535717868459077401e-02
4.574269589033293393e+00 1.626751990615491916e+00 3.898041508215793871e-18 8.516069512913815309e-02 3.935407282843926977e-08 2.292291310179237970e-02
4.643651251010920689e+00 1.673785130768091101e+00 3.676143216410487646e-18 8.517317726772218045e-02 3.775424355433621560e-08 2.073919328964313191e-02
4.714085281006015649e+00 1.721227434305507620e+00 3.468791448943290849e-18 8.518549515320150700e-02 3.622815063012913092e-08 1.877837546771389185e-02
4.785587641139011694e+00 1.769062093831989202e+00 3.274897369042504466e-18 8.519767066137884370e-02 3.477169136680571799e-08 1.701598813919931799e-02
4.858174535640782388e+00 1.817272568335717375e+00 3.093463683338204496e-18 8.520972494225448335e-02 3.338075163968466470e-08 1.543031517975774168e-02
4.931862414524935012e+00 1.865842598548543174e+00 2.923576150251491014e-18 8.522167808070270356e-02 3.205165690281267834e-08 1.400227359519423329e-02
5.006667977315790274e+00 1.914756220260168229e+00 2.764395944010494916e-18 8.523354871508957709e-02 3.078140440992704682e-08 1.271517499208933352e-02
5.082608176832921210e+00 1.963997775713159255e+00 2.615152781785607613e-18 8.524535361000513956e-02 2.956683811610737275e-08 1.155408646669419184e-02
5.159700223033082622e+00 2.013551923204230487e+00 2.475138732069213948e-18 8.525710717898093982e-02 2.840491968069733786e-08 1.050574307189481270e-02
5.237961586910418355e+00 2.063403645015319032e+00 2.343702631767503051e-18 8.526882095274081197e-02 2.729296068013415644e-08 9.558435654221764111e-03
5.317410004455833672e+00 2.113538253795263611e+00 2.220245047688376913e-18 8.528050298818520836e-02 2.622841336978016509e-08 8.701749829244336334e-03
5.398063480676412063e+00 2.163941397509333342e+00 2.104213725342905339e-18 8.529215721293816055e-02 2.520879624613165315e-08 7.926393354361438090e-03
5.479940293675799268e+00 2.214599063069923712e+00 1.995099474351220479e-18 8.530378269988624085e-02 2.423180702635931746e-08 7.224104500357673118e-03
5.563058998796488908e+00 2.265497578757247776e+00 1.892432445365209672e-18 8.531537286571240497e-02 2.329541061090412612e-08 6.587557497431013008e-03
5.647438432824919197e+00 2.316623615534013858e+00 1.795778758382800829e-18 8.532691458696856079e-02 2.239767308772227709e-08 6.010206519987478131e-03
5.733097718260373732e+00 2.367964187353161165e+00 1.704737446713373435e-18 8.533838722674097488e-02 2.153679457483280182e-08 5.486207510952885794e-03
5.820056267648608284e+00 2.419506650552466276e+00 1.618937684731610620e-18 8.534976156443614681e-02 2.071095457478212986e-08 5.010302093972406577e-03
5.908333787981225882e+00 2.471238702424688238e+00 1.538036270989561496e-18 8.536099862065260613e-02 1.991843896136018442e-08 4.577786564330988545e-03
5.997950285161783412e+00 2.523148379046609602e+00 1.461715341297637773e-18 8.537205499692997190e-02 1.915760491459630006e-08 4.184443241201571233e-03
6.088926068539616487e+00 2.575224052445182377e+00 1.389680289081741402e-18 8.538303543004077678e-02 1.842697681616004799e-08 3.826508221111135644e-03
6.181281755512463505e+00 2.627454427173868456e+00 1.321657872716692011e-18 8.539399435537352312e-02 1.772520437396751493e-08 3.500611879838470570e-03
6.275038276198880105e+00 2.679828536367230729e+00 1.257394491661737667e-18 8.540493052930077378e-02 1.705107434421958710e-08 3.203737798074907713e-03
6.370216878181521380e+00 2.732335737337090453e+00 1.196654615113445628e-18 8.541584281104691589e-02 1.640328273427426557e-08 2.933143119426524694e-03
6.466839131322392298e+00 2.784965706768802729e+00 1.139219348572482182e-18 8.542673017033058924e-02 1.578064403504524687e-08 2.686369448269180973e-03
6.564926932651113489e+00 2.837708435571818288e+00 1.084885125217819443e-18 8.543759169513545637e-02 1.518204757626937127e-08 2.461204873526700882e-03
6.664502511327331291e+00 2.890554223434335768e+00 1.033462510316023941e-18 8.544842659958575004e-02 1.460643806058043254e-08 2.255655189136805249e-03
6.765588433678419555e+00 2.943493673127919763e+00 9.847751080831588432e-19 8.545923423190025792e-02 1.405282862777141625e-08 2.067923536781853932e-03
6.868207608313559476e+00 2.996517684603980491e+00 9.386585614790662394e-19 8.547001408239411624e-02 1.352026295648346471e-08 1.896384721375066109e-03
6.972383291315417786e+00 3.049617448920459939e+00 8.949596363625580785e-19 8.548076579149417598e-02 1.300782830397963006e-08 1.739569995024439633e-03
7.078139091510557535e+00 3.102784442033726275e+00 8.535353822844101522e-19 8.549148915772898649e-02 1.251471030655570764e-08 1.596158421228323137e-03
7.185498975819780476e+00 3.156010418487257052e+00 8.142523629540923563e-19 8.550218414564991765e-02 1.204019830169414791e-08 1.464961903729254493e-03
7.294487274689650746e+00 3.209287405025968543e+00 7.769859500957748296e-19 8.551285089363430680e-02 1.158348993411099374e-08 1.344888422568475033e-03
7.405128687606368665e+00 3.262607694162133587e+00 7.416196750182384907e-19 8.552348972151617434e-02 1.114380928048654216e-08 1.234947733761872571e-03
7.517448288693306502e+00 3.315963837716123574e+00 7.080446327695411147e-19 8.553410113798362580e-02 1.072047560503323565e-08 1.134248860410161548e-03
7.631471532393431900e+00 3.369348640353103885e+00 6.761589342374461019e-19 8.554468584767545292e-02 1.031285286496314937e-08 1.041984541932883691e-03
7.747224259237916577e+00 3.422755153134234174e+00 6.458672019969781312e-19 8.555524475790192429e-02 9.920276878329414197e-09 9.574160162404811783e-04
7.864732701702259909e+00 3.476176667099142747e+00 6.170801061021449807e-19 8.556577898490702605e-02 9.542155984408196796e-09 8.798765045455114123e-04
7.984023490151225033e+00 3.529606706894503620e+00 5.897139363748584026e-19 8.557628985958085077e-02 9.177963680932827986e-09 8.087632145773955604e-04
8.105123658873935710e+00 3.583039024461354138e+00 5.636902080645601451e-19 8.558677893252110425e-02 8.827149491420381678e-09 7.435233912479677831e-04
8.228060652210551496e+00 3.636467592793461989e+00 5.389352980404836885e-19 8.559724797833313803e-02 8.489178308243918267e-09 6.836533533523374024e-04
8.352862330771811727e+00 3.689886599775280995e+00 5.153801089390527830e-19 8.560769899904667468e-02 8.163568537996663141e-09 6.286969593294347786e-04
8.479556977752977787e+00 3.743290442109814542e+00 4.929597589230943970e-19 8.561813422651552707e-02 7.849856463794646775e-09 5.782382918003256718e-04
8.608173305343505888e+00 3.796673719342375186e+00 4.716132949219452506e-19 8.562855612365424807e-02 7.547585842368458459e-09 5.318972737326099634e-04
8.738740461233938106e+00 3.850031227987238847e+00 4.512834274125648720e-19 8.563896738435125555e-02 7.256337823324546824e-09 4.893285349440189063e-04
8.871288035221523316e+00 3.903357955762359666e+00 4.319162849749235173e-19 8.564937093188365602e-02 6.975711050099771650e-09 4.502168297293084541e-04
9.005846065915989129e+00 3.956649075936368831e+00 4.134611870114554964e-19 8.565976991564253074e-02 6.705302015981096153e-09 4.142731195315577162e-04
9.142445047547060000e+00 4.009899941791586819e+00 3.958704331619761088e-19 8.567016770596035113e-02 6.444732544699835181e-09 3.812340026766869862e-04
9.281115936875206529e+00 4.063106081205625664e+00 3.790991080738710959e-19 8.568056788681323310e-02 6.193640377949006254e-09 3.508588306166488739e-04
9.421890160207226472e+00 4.116263191353895401e+00 3.631049003036228109e-19 8.569097424615093606e-02 5.951680947023382459e-09 3.229277863413208675e-04
9.564799620518240175e+00 4.169367133534413128e+00 3.478479342312939678e-19 8.570139076358532226e-02 5.718533017016848716e-09 2.972403234040425259e-04
9.709876704681700943e+00 4.222413928115873460e+00 3.332906139653469176e-19 8.571182159514517673e-02 5.493849065553391976e-09 2.736109479515003683e-04
9.857154290809068797e+00 4.275399749609574584e+00 3.193974783021278103e-19 8.572227105477944753e-02 5.277289356658506437e-09 2.518697749343015669e-04
1.000666575570083694e+01 4.328320921865152826e+00 3.061350658834229078e-19 8.573274359226448760e-02 5.068573664097778486e-09 2.318635626114957070e-04
1.015844498241052740e+01 4.381173913389878827e+00 2.934717897673567836e-19 8.574324376714109741e-02 4.867468167915907549e-09 2.134534331630890064e-04
1.031252636792346600e+01 4.433955332790816328e+00 2.813778206933156281e-19 8.575377621827637298e-02 4.673799762353605841e-09 1.965140596242762560e-04
1.046894483095197259e+01 4.486661924338932295e+00 2.698249783811456812e-19 8.576434562861107169e-02 4.487323643993099276e-09 1.809269276187411334e-04
1.062773581984885496e+01 4.539290563653927357e+00 2.587866302591312202e-19 8.577495668461736222e-02 4.307681689522157652e-09 1.665785599728170205e-04
1.078893532064087069e+01 4.591838253508347734e+00 2.482375970647420993e-19 8.578561402995252272e-02 4.134638789955015737e-09 1.533694277153429761e-04
1.095257986518407378e+01 4.644302119749378122e+00 2.381540648072587776e-19 8.579632221275251824e-02 3.967973595925515314e-09 1.412083686282380492e-04
1.111870653944285614e+01 4.696679407336511680e+00 2.285135026225820264e-19 8.580708562596413291e-02 3.807476640931015449e-09 1.300118021984220551e-04
1.128735299189453301e+01 4.748967476493128892e+00 2.192945860881654923e-19 8.581790844006632890e-02 3.652937006379778826e-09 1.197026477119972777e-04
1.145855744206147087e+01 4.801163798970010888e+00 2.104771256003750803e-19 8.582879452747924076e-02 3.504143856420268458e-09 1.102098712056918587e-04
1.163235868917256255e+01 4.853265954418541028e+00 2.020419994480447003e-19 8.583974737790409093e-02 3.360886118327732844e-09 1.014680042214846645e-04
1.180879612095612252e+01 4.905271626871427593e+00 1.939710912447450007e-19 8.585077000377687451e-02 3.222941480688043058e-09 9.341639268092304430e-05
1.198790972256613685e+01 4.957178601328621426e+00 1.862472314086280012e-19 8.586186483495540644e-02 3.090098071769825500e-09 8.599946555576104404e-05
1.216974008564387688e+01 5.008984760446093532e+00 1.788541424028339162e-19 8.587303360168981048e-02 2.962229297872071464e-09 7.916830374649555112e-05
1.235432841751702249e+01 5.060688081325093179e+00 1.717763874715512736e-19 8.588427720485339312e-02 2.839171190000598833e-09 7.287670159600866430e-05
1.254171655053825596e+01 5.112286632399454689e+00 1.649993226271096138e-19 8.589559557233168718e-02 2.720755268703450062e-09 6.708189211352803296e-05
1.273194695156552569e+01 5.163778570418572578e+00 1.585090516620746446e-19 8.590698750038253118e-02 2.606813595958792912e-09 6.174441905181292736e-05
1.292506273158611485e+01 5.215162137523585706e+00 1.522923839774071283e-19 8.591845047868980345e-02 2.497210925709346861e-09 5.682861545061810698e-05
1.312110765548664304e+01 5.266435658414359011e+00 1.463367950334332153e-19 8.592998049773570290e-02 2.391801089178657678e-09 5.230127330860579490e-05
1.332012615197132810e+01 5.317597537604874525e+00 1.406303892447882903e-19 8.594157183701262026e-02 2.290428474744799322e-09 4.813151997236176174e-05
1.352216332363062357e+01 5.368646256764600722e+00 1.351618651537684433e-19 8.595321683248399736e-02 2.192936016683663488e-09 4.429082809610896212e-05
1.372726495716260686e+01 5.419580372143495417e+00 1.299204827287105753e-19 8.596490562158425053e-02 2.099209451199836297e-09 4.075370169609239963e-05
1.393547753374938836e+01 5.470398512078282316e+00 1.248960326452617525e-19 8.597662586391963124e-02 2.009119844143333106e-09 3.749627710155010839e-05
1.414684823959092519e+01 5.521099374577723040e+00 1.200788074187354247e-19 8.598837158528260805e-02 1.922532014858233195e-09 3.449638691305528842e-05
1.436142497659857398e+01 5.571681724984547834e+00 1.154595742652901404e-19 8.600017974373402874e-02 1.839325648692495412e-09 3.173381184605321583e-05
1.457925637325090484e+01 5.622144393711875132e+00 1.110295495784459642e-19 8.601205741051556886e-02 1.759407284568742181e-09 2.919030463805568729e-05
1.480039179561411267e+01 5.672486274051870225e+00 1.067803749155675139e-19 8.602400577941438087e-02 1.682660738095502508e-09 2.684860134351676485e-05
1.502488135852961015e+01 5.722706320054509632e+00 1.027040943964172994e-19 8.603602611997084038e-02 1.608962912536754418e-09 2.469263601434428258e-05
1.525277593697132161e+01 5.772803544474343518e+00 9.879313342279438633e-20 8.604811977616390328e-02 1.538178916247672896e-09 2.270739308533038336e-05
1.548412717757519630e+01 5.822777016783169834e+00 9.504027863465321067e-20 8.606028816439077744e-02 1.470190451262927164e-09 2.087925326380662578e-05
1.571898751034367692e+01 5.872625861246643098e+00 9.143865902399306083e-20 8.607253277065513020e-02 1.404942806625685866e-09 1.919650459104952703e-05
1.595741016052763506e+01 5.922349255062791862e+00 8.798172813326797339e-20 8.608485514687058693e-02 1.342340462953914825e-09 1.764772929594456339e-05
1.619944916068854468e+01 5.971946426560574395e+00 8.466324727010603276e-20 8.609725690617775484e-02 1.282282583950292995e-09 1.622229628965797104e-05
1.644515936294363456e+01 6.021416653456559409e+00 8.147726967480169401e-20 8.610973971716444353e-02 1.224661330778980300e-09 1.491029156301318681e-05
1.669459645139671977e+01 6.070759261167924414e+00 7.841812558136672746e-20 8.612230529686869251e-02 1.169395039134902612e-09 1.370286464962498210e-05
1.694781695475766625e+01 6.119973621180008649e+00 7.548040811693160704e-20 8.613495540243432114e-02 1.116417719702484159e-09 1.259199737071998593e-05
1.720487825915319391e+01 6.169059149466642467e+00 7.265895998800626900e-20 8.614769182127710034e-02 1.065645928611691908e-09 1.157006425792689696e-05
1.746583862113200425e+01 6.218015304961631351e+00 6.994886090554668824e-20 8.616051635960801647e-02 1.016992879491090806e-09 1.062997449300587119e-05
1.773075718086719732e+01 6.266841588079721248e+00 6.734541570397264033e-20 8.617343082914709351e-02 9.703732524830181815e-10 9.765185976427600935e-06
1.799969397555889117e+01 6.315537539285457136e+00 6.484414311224654188e-20 8.618643703184722393e-02 9.257262602339212533e-10 8.969887638782703893e-06
1.827270995304019863e+01 6.364102737708430269e+00 6.244076513787258621e-20 8.619953674243258090e-02 8.829787644315594816e-10 8.238575742746343260e-06
1.854986698558951730e+01 6.412536799803376653e+00 6.013119702723750488e-20 8.621273168854050317e-02 8.420530798678977800e-10 7.566115761856151435e-06
1.883122788395233016e+01 6.460839378053688797e+00 5.791153776808778902e-20 8.622602352823768856e-02 8.028703379979116955e-10 6.947749859776875019e-06
1.911685641157573201e+01 6.509010159716944521e+00 5.577806110214854637e-20 8.623941382466411565e-02 7.653754405467544445e-10 6.379279047226471169e-06
1.940681729905877262e+01 6.557048865611077915e+00 5.372720701794431166e-20 8.625290401753712977e-02 7.295071308492136350e-10 5.856760565417105679e-06
1.970117625882209822e+01 6.604955248939875290e+00 5.175557369579481712e-20 8.626649539122761834e-02 6.952017963389370656e-10 5.376525083263249939e-06
2.000000000000000355e+01 6.652729094156509149e+00 4.985990987873883089e-20 8.628018903909687176e-02 6.624022549212687662e-10 4.935224975335704837e-06
