# LHS 1140b p-winds, H:He = 0.000316228, Mdot = 2.030e+08 g/s, T = 5160 K
# vacuum wavelength [A]  transmission  excess[%]  excess convolved R=68000 [%]
1.082896501340185387e+04 9.944906880620152378e-01 3.392430747428676341e-06 1.905766244488685473e-06
1.082899509682678581e+04 9.944906873508400080e-01 3.463942244152917738e-06 2.514937154009865967e-06
1.082902518025171594e+04 9.944906866228797604e-01 3.537141546328115282e-06 3.012191166360971213e-06
1.082905526367664606e+04 9.944906858775672820e-01 3.612085675008813723e-06 3.360473671514840757e-06
1.082908534710157619e+04 9.944906851143563431e-01 3.688829575132501759e-06 3.581397010525963925e-06
1.082911543052650813e+04 9.944906843326247747e-01 3.767435796664386771e-06 3.722212163700355522e-06
1.082914551395143644e+04 9.944906835317819382e-01 3.847963725434055959e-06 3.824605047549473634e-06
1.082917559737636839e+04 9.944906827111594794e-01 3.930480585445650377e-06 3.913250939422814591e-06
1.082920568080129851e+04 9.944906818700905982e-01 4.015053411965396890e-06 3.999030234447034705e-06
1.082923576422623046e+04 9.944906810078611992e-01 4.101754003116298009e-06 4.085688302033357674e-06
1.082926584765115877e+04 9.944906801237377580e-01 4.190656133218340074e-06 4.174284708472120924e-06
1.082929593107609071e+04 9.944906792169463383e-01 4.281837617803319063e-06 4.265107844822374245e-06
1.082932601450102084e+04 9.944906782866772543e-01 4.375379880627860985e-06 4.358274913551123049e-06
1.082935609792595278e+04 9.944906773320980609e-01 4.471366621405792330e-06 4.453875516174742423e-06
1.082938618135088109e+04 9.944906763523051474e-01 4.569888689687218175e-06 4.551998942593568897e-06
1.082941626477581303e+04 9.944906753463816917e-01 4.671038300596563886e-06 4.652738025979142685e-06
1.082944634820074316e+04 9.944906743133575810e-01 4.774912987226542782e-06 4.756190080766437657e-06
1.082947643162567329e+04 9.944906732522000858e-01 4.881616599838878301e-06 4.862457168054748064e-06
1.082950651505060341e+04 9.944906721618553824e-01 4.991255098119040667e-06 4.971646388156070161e-06
1.082953659847553536e+04 9.944906710411868245e-01 5.103942779527415041e-06 5.083870203349691785e-06
1.082956668190046548e+04 9.944906698890275676e-01 5.219796983535474055e-06 5.199246787947197681e-06
1.082959676532539561e+04 9.944906687041252802e-01 5.338943620536440449e-06 5.317900398923887113e-06
1.082962684875032573e+04 9.944906674851774486e-01 5.461513674642759497e-06 5.439961764511505630e-06
1.082965693217525768e+04 9.944906662308128364e-01 5.587645024451859399e-06 5.565568499271453620e-06
1.082968701560018599e+04 9.944906649395709453e-01 5.717484541367667816e-06 5.694865561842161877e-06
1.082971709902511793e+04 9.944906636099446473e-01 5.851183759730815837e-06 5.828005765294859358e-06
1.082974718245004806e+04 9.944906622403197893e-01 5.988904983045273411e-06 5.965150333631078733e-06
1.082977726587498000e+04 9.944906608289890704e-01 6.130819907301798821e-06 6.106469491586639216e-06
1.082980734929990831e+04 9.944906593741515977e-01 6.277109609875708429e-06 6.252143090366856811e-06
1.082983743272484026e+04 9.944906578739242109e-01 6.427963439303852056e-06 6.402361290144469806e-06
1.082986751614977038e+04 9.944906563262938537e-01 6.583583833652539852e-06 6.557325316381191743e-06
1.082989759957470233e+04 9.944906547291291199e-01 6.744185099272215211e-06 6.717248291178216349e-06
1.082992768299963063e+04 9.944906530801751465e-01 6.909993988113427577e-06 6.882356140157749816e-06
1.082995776642456076e+04 9.944906513770415124e-01 7.081250852358778047e-06 7.052888586937216280e-06
1.082998784984949270e+04 9.944906496171971311e-01 7.258210210636661941e-06 7.229100246240382233e-06
1.083001793327442101e+04 9.944906477979374992e-01 7.441144000974730943e-06 7.411261814387611867e-06
1.083004801669935296e+04 9.944906459163710410e-01 7.630343001885364629e-06 7.599661359174077518e-06
1.083007810012428308e+04 9.944906439694611855e-01 7.826112535802565162e-06 7.794605733781244137e-06
1.083010818354921503e+04 9.944906419539319975e-01 8.028782016999969073e-06 7.996422152136763736e-06
1.083013826697414333e+04 9.944906398663110325e-01 8.238700610618820974e-06 8.205459949883937243e-06
1.083016835039907528e+04 9.944906377028748246e-01 8.456242728271945452e-06 8.422092536306998025e-06
1.083019843382400541e+04 9.944906354596362297e-01 8.681809304800225391e-06 8.646719543438112547e-06
1.083022851724893735e+04 9.944906331323363213e-01 8.915828564326488959e-06 8.879769198938477308e-06
1.083025860067386566e+04 9.944906307163926540e-01 9.158761316019337073e-06 9.121700970582041415e-06
1.083028868409879760e+04 9.944906282068896042e-01 9.411101842271563100e-06 9.373008534688546858e-06
1.083031876752372773e+04 9.944906255985650478e-01 9.673379253172242898e-06 9.634223106865289662e-06
1.083034885094865786e+04 9.944906228857030017e-01 9.946168333385685401e-06 9.905917163106125602e-06
1.083037893437358798e+04 9.944906200621485004e-01 1.023008797673696790e-05 1.018870859872944658e-05
1.083040901779851993e+04 9.944906171212792856e-01 1.052580407279180008e-05 1.048326541080037727e-05
1.083043910122344823e+04 9.944906140559182095e-01 1.083403833312956976e-05 1.079031100648352130e-05
1.083046918464838018e+04 9.944906108582481918e-01 1.115557677344725107e-05 1.111063022922074467e-05
1.083049926807331030e+04 9.944906075198258755e-01 1.149126842570069584e-05 1.144507619701434351e-05
1.083052935149824225e+04 9.944906040314107631e-01 1.184204244664144312e-05 1.179457808328194500e-05
1.083055943492317056e+04 9.944906003829788732e-01 1.220890679665131984e-05 1.216015001343655728e-05
1.083058951834810250e+04 9.944905965635301159e-01 1.259296756872529954e-05 1.254290127560265831e-05
1.083061960177303263e+04 9.944905925610351138e-01 1.299543437305317184e-05 1.294404806783379472e-05
1.083064968519796457e+04 9.944905883622706666e-01 1.341763684603591855e-05 1.336492705310503751e-05
1.083067976862289288e+04 9.944905839526999580e-01 1.386103672951222165e-05 1.380701106734875705e-05
1.083070985204782482e+04 9.944905793162613916e-01 1.432724908712046386e-05 1.427192740934856369e-05
1.083073993547275495e+04 9.944905744351856258e-01 1.481806067848978614e-05 1.476147923207518781e-05
1.083077001889768508e+04 9.944905692897624272e-01 1.533545346266151910e-05 1.527767066782527422e-05
1.083080010232261520e+04 9.944905638580152640e-01 1.588163724974833713e-05 1.582273647166389509e-05
1.083083018574754715e+04 9.944905581154228624e-01 1.645907777847455122e-05 1.639917717117622174e-05
1.083086026917247909e+04 9.944905520344852201e-01 1.707054025912313477e-05 1.700980097434682834e-05
1.083089035259740740e+04 9.944905455842645292e-01 1.771913561432469919e-05 1.765777402699916278e-05
1.083092043602233935e+04 9.944905387297947597e-01 1.840837983158039037e-05 1.834668105726479714e-05
1.083095051944726947e+04 9.944905314314571587e-01 1.914225672416947077e-05 1.908059904169264777e-05
1.083098060287220142e+04 9.944905236440464424e-01 1.992531186711943292e-05 1.986418734020091001e-05
1.083101068629712972e+04 9.944905153158524191e-01 2.076274491225049701e-05 2.070279889574197220e-05
1.083104076972206167e+04 9.944905063873238360e-01 2.166054400287720227e-05 2.160261886860374042e-05
1.083107085314699179e+04 9.944904967895642489e-01 2.262563691957097944e-05 2.257084037590984085e-05
1.083110093657192192e+04 9.944904864423068647e-01 2.366609483939186021e-05 2.361589514115478296e-05
1.083113101999685205e+04 9.944904752515256741e-01 2.479137242161755239e-05 2.474778234072657674e-05
1.083116110342178217e+04 9.944904631061545208e-01 2.601263783263974005e-05 2.597862775284351316e-05
1.083119118684671230e+04 9.944904498740123611e-01 2.734318238495347941e-05 2.732391810374437886e-05
1.083122127027164242e+04 9.944904353962887855e-01 2.879897510466022936e-05 2.880592071759944465e-05
1.083125135369657255e+04 9.944904194793843244e-01 3.039948319738527971e-05 3.046424505645402959e-05
1.083128143712150450e+04 9.944904018805803547e-01 3.216911297343472143e-05 3.238901452472557011e-05
1.083131152054643280e+04 9.944903822723115683e-01 3.414080244068529169e-05 3.482220334477955189e-05
1.083134160397136475e+04 9.944903601251768865e-01 3.636778497240200636e-05 3.845319528118451243e-05
1.083137168739629487e+04 9.944903342789266354e-01 3.896672829961644879e-05 4.523512121781263256e-05
1.083140177082122682e+04 9.944903013768893185e-01 4.227515910670831545e-05 6.051068299976561246e-05
1.083143185424615513e+04 9.944902504351884609e-01 4.739754986271549342e-05 9.821355115431728395e-05
1.083146193767108707e+04 9.944901452506742512e-01 5.797427138354294129e-05 1.927814018704171483e-04
1.083149202109601720e+04 9.944898715827936719e-01 8.549266593549376125e-05 4.245714825670671416e-04
1.083152210452094914e+04 9.944890908577238564e-01 1.639976788703201294e-04 9.700118806135843387e-04
1.083155218794587745e+04 9.944868679790248578e-01 3.875169787836973967e-04 2.192154443416366102e-03
1.083158227137080939e+04 9.944808064408457993e-01 9.970287666916100022e-04 4.787715399164185759e-03
1.083161235479573952e+04 9.944652281301885610e-01 2.563489902607241078e-03 9.995304790715673487e-03
1.083164243822066965e+04 9.944277559466381256e-01 6.331467092235421035e-03 1.983635409243146921e-02
1.083167252164559977e+04 9.943437635416981779e-01 1.477723768604777277e-02 3.730075043002310103e-02
1.083170260507053172e+04 9.941691472782405725e-01 3.233559792310547465e-02 6.631912342557005902e-02
1.083173268849546184e+04 9.938346391968519988e-01 6.597171679842972480e-02 1.113319928927578584e-01
1.083176277192039197e+04 9.932496676619284592e-01 1.247929327334751370e-01 1.763435867295136961e-01
1.083179285534532391e+04 9.923273138618726730e-01 2.175392781580742785e-01 2.635740931342283599e-01
1.083182293877025404e+04 9.910343109102408565e-01 3.475558709013726322e-01 3.721292487205468680e-01
1.083185302219518599e+04 9.894425906772740253e-01 5.076096751326253376e-01 4.972945792357981731e-01
1.083188310562011429e+04 9.877319160211958105e-01 6.796248200283905305e-01 6.309259400601203716e-01
1.083191318904504624e+04 9.861190480025819882e-01 8.418051182714436642e-01 7.629304146132203091e-01
1.083194327246997636e+04 9.847655018460392817e-01 9.779095712213581315e-01 8.832759221462932464e-01
1.083197335589490649e+04 9.837404678208150344e-01 1.080980821938459790e+00 9.837112494239484972e-01
1.083200343931983662e+04 9.830475892904093627e-01 1.150652515722794256e+00 1.058597228648447519e+00
1.083203352274476856e+04 9.826678966131028314e-01 1.188832125545546958e+00 1.104770447943145717e+00
1.083206360616969869e+04 9.825857122973220559e-01 1.197096085578486235e+00 1.120827528058756739e+00
1.083209368959462881e+04 9.827973105372030949e-01 1.175819040429371132e+00 1.106390907399911194e+00
1.083212377301955894e+04 9.833120561792929593e-01 1.124059317507219991e+00 1.061798463451647523e+00
1.083215385644449088e+04 9.841489085666479397e-01 1.039910479412409217e+00 9.883837268277314569e-01
1.083218393986941919e+04 9.853213810979942755e-01 9.220137001217043604e-01 8.891964586809175675e-01
1.083221402329435114e+04 9.868025645376559130e-01 7.730748103770501700e-01 7.697332852954850146e-01
1.083224410671928126e+04 9.884830922698012445e-01 6.040910586629477663e-01 6.381174826808962974e-01
1.083227419014421321e+04 9.901681695556961982e-01 4.346498312127855534e-01 5.043224158514234556e-01
1.083230427356914151e+04 9.916452048653862095e-01 2.861280524457110452e-01 3.784879938542674571e-01
1.083233435699407346e+04 9.927771423800630934e-01 1.723072304043782310e-01 2.689062552894338487e-01
1.083236444041900177e+04 9.935426769003861125e-01 9.532968767398397603e-02 1.804943951437963379e-01
1.083239452384393371e+04 9.940058385218093484e-01 4.875694332647784179e-02 1.143408619678835669e-01
1.083242460726886202e+04 9.942599382423732424e-01 2.320620514522087063e-02 6.836149203285740716e-02
1.083245469069379396e+04 9.943877422561021584e-01 1.035500292407842693e-02 3.861225864555545284e-02
1.083248477411872409e+04 9.944471269679238112e-01 4.383633808224818296e-03 2.064948109015496414e-02
1.083251485754365422e+04 9.944727292486998937e-01 1.809222582971337090e-03 1.050424197656826646e-02
1.083254494096858434e+04 9.944829712130730526e-01 7.793523037702421163e-04 5.143342959016231411e-03
1.083257502439351629e+04 9.944867223855945459e-01 4.021569776413436159e-04 2.524393136710684649e-03
1.083260510781844459e+04 9.944878506253108652e-01 2.887079839419826044e-04 1.442201777311709950e-03
1.083263519124337654e+04 9.944877613524714111e-01 2.976847232383228459e-04 1.343833399644306370e-03
1.083266527466830848e+04 9.944864560942269227e-01 4.289336344553973390e-04 2.231765713433804359e-03
1.083269535809323861e+04 9.944824034437838023e-01 8.364437654395651123e-04 4.725329903253099387e-03
1.083272544151817056e+04 9.944709687301692691e-01 1.986249727825573075e-03 1.031373715657037463e-02
1.083275552494309886e+04 9.944403871129040562e-01 5.061353054058859158e-03 2.177824496276670185e-02
1.083278560836803081e+04 9.943634073682957597e-01 1.280197274219352366e-02 4.364422029936708414e-02
1.083281569179296093e+04 9.941824878533278564e-01 3.099415000460403746e-02 8.234056077654759720e-02
1.083284577521789106e+04 9.937892588148835582e-01 7.053489481243513382e-02 1.455924550663896255e-01
1.083287585864282119e+04 9.930105277171539235e-01 1.488394059214637188e-01 2.406751279753393535e-01
1.083290594206775313e+04 9.916383848774302789e-01 2.868138293772082292e-01 3.717082255291372372e-01
1.083293602549268144e+04 9.895585798176069758e-01 4.959465054528711114e-01 5.370314555770593357e-01
1.083296610891761338e+04 9.869476081846008109e-01 7.584900944249128862e-01 7.282266177417020536e-01
1.083299619234254351e+04 9.842903120077585166e-01 1.025691800644368268e+00 9.318096065531815686e-01
1.083302627576747545e+04 9.820235947028399526e-01 1.253619246846904289e+00 1.133055877762320751e+00
1.083305635919240376e+04 9.802181803272261851e-01 1.435160847591765432e+00 1.319983087576198866e+00
1.083308644261733571e+04 9.787269746856045449e-01 1.585107509630345746e+00 1.485469975862341752e+00
1.083311652604226583e+04 9.774437956149079065e-01 1.714136272048039089e+00 1.626891997097690501e+00
1.083314660946719778e+04 9.763476543611188108e-01 1.824357637593387871e+00 1.744234004041918196e+00
1.083317669289212608e+04 9.754522238875187323e-01 1.914396735392098758e+00 1.838165126742948630e+00
1.083320677631705803e+04 9.747765130125881639e-01 1.982342153093730186e+00 1.908973139614986492e+00
1.083323685974198816e+04 9.743376531354210890e-01 2.026471260338991165e+00 1.956388290352197190e+00
1.083326694316691828e+04 9.741486872565582322e-01 2.045472531514347381e+00 1.979873168319630450e+00
1.083329702659184841e+04 9.742168076707725666e-01 2.038622752756125145e+00 1.978975225617453315e+00
1.083332711001678035e+04 9.745422687841227560e-01 2.005896342522617282e+00 1.953535125737025480e+00
1.083335719344171048e+04 9.751183402875051032e-01 1.947970060179837759e+00 1.903686757890373116e+00
1.083338727686664060e+04 9.759323051768895585e-01 1.866122651094748175e+00 1.829647328056559719e+00
1.083341736029157073e+04 9.769671557997521294e-01 1.762064302416521677e+00 1.731373641796788432e+00
1.083344744371650268e+04 9.782056807129657638e-01 1.637525693250552195e+00 1.608336170945549481e+00
1.083347752714143098e+04 9.796504772302427888e-01 1.492245653366142122e+00 1.459866597818465728e+00
1.083350761056636293e+04 9.813781134374855997e-01 1.318524956996358632e+00 1.286480361236707282e+00
1.083353769399129305e+04 9.835528173922549744e-01 1.099849819350584568e+00 1.091974277401663196e+00
1.083356777741622500e+04 9.862061836364202083e-01 8.330432835023326987e-01 8.851504833112628923e-01
1.083359786084115331e+04 9.889612658403488243e-01 5.560088030857057717e-01 6.795886168771417823e-01
1.083362794426608343e+04 9.912557255498952724e-01 3.252917476872507763e-01 4.907701306372443395e-01
1.083365802769101538e+04 9.928086797152305687e-01 1.691360258394558613e-01 3.316687176870526943e-01
1.083368811111594550e+04 9.936981027893144747e-01 7.970099597064406183e-02 2.091416952463862333e-01
1.083371819454087563e+04 9.941462519373781559e-01 3.463781556682921092e-02 1.229478456014831550e-01
1.083374827796580576e+04 9.943505614670133941e-01 1.409367924088966717e-02 6.745831832353556268e-02
1.083377836139073770e+04 9.944363462984696644e-01 5.467673027270691932e-03 3.464848215204542614e-02
1.083380844481566601e+04 9.944699001379725400e-01 2.093700926042441068e-03 1.674451612452221294e-02
1.083383852824059795e+04 9.944822539523341387e-01 8.514757256605776092e-04 7.677197546592631587e-03
1.083386861166552808e+04 9.944866114693577952e-01 4.133100466763295344e-04 3.389123979055402251e-03
1.083389869509046002e+04 9.944881460089582959e-01 2.590059826057533598e-04 1.482391603505293920e-03
1.083392877851538833e+04 9.944887370431386708e-01 1.995751435446280198e-04 6.781594533980688823e-04
1.083395886194032028e+04 9.944890212984421884e-01 1.709921414794202121e-04 3.518273109759930892e-04
1.083398894536525040e+04 9.944892017251564242e-01 1.528495172875565800e-04 2.209057407205293738e-04
1.083401902879018235e+04 9.944893404938881520e-01 1.388957690418024526e-04 1.660641635284001050e-04
1.083404911221511065e+04 9.944894569502299442e-01 1.271856203910459726e-04 1.398817548581434247e-04
1.083407919564004260e+04 9.944895579940630226e-01 1.170252608373445469e-04 1.244987286310964437e-04
1.083410927906497272e+04 9.944896468904826925e-01 1.080863720415159435e-04 1.134691075028187204e-04
1.083413936248990285e+04 9.944897257053163520e-01 1.001612268458629273e-04 1.045127027938709557e-04
1.083416944591483298e+04 9.944897959805262255e-01 9.309477481123096254e-05 9.679902443443793181e-05
1.083419952933976492e+04 9.944898589458970317e-01 8.676335618851283016e-05 8.998684432683987772e-05
1.083422961276469505e+04 9.944899156077623426e-01 8.106578012201381966e-05 8.390135935341870750e-05
1.083425969618962517e+04 9.944899668001804249e-01 7.591817874352813078e-05 7.842957040697542785e-05
1.083428977961455530e+04 9.944900132205671817e-01 7.125042411626480998e-05 7.348651175213548087e-05
1.083431986303948725e+04 9.944900554563349537e-01 6.700344956644954664e-05 6.900358332621567595e-05
1.083434994646441555e+04 9.944900940055154681e-01 6.312717605316819913e-05 6.492370906120706266e-05
1.083438002988934750e+04 9.944901292929103631e-01 5.957888805641076146e-05 6.119872913798717626e-05
1.083441011331427762e+04 9.944901616828270008e-01 5.632195303473253034e-05 5.778766290812540024e-05
1.083444019673920957e+04 9.944901914892876338e-01 5.332479479092100405e-05 5.465541463882966385e-05
1.083447028016413788e+04 9.944902189843252138e-01 5.056005932813079085e-05 5.177176209207886524e-05
1.083450036358906982e+04 9.944902444045163881e-01 4.800395794202216848e-05 4.911054936658584851e-05
1.083453044701400177e+04 9.944902679565874593e-01 4.563570346061140981e-05 4.664903518756514201e-05
1.083456053043893189e+04 9.944902898217699017e-01 4.343707235010541012e-05 4.436736223319001437e-05
1.083459061386386202e+04 9.944903101596019868e-01 4.139202238739869699e-05 4.224812191130381884e-05
1.083462069728879214e+04 9.944903291109652432e-01 3.948638739315057933e-05 4.027599511101567352e-05
1.083465078071372409e+04 9.944903468006829339e-01 3.770761587418292038e-05 3.843745390459476927e-05
1.083468086413865240e+04 9.944903633396960929e-01 3.604455227623759583e-05 3.672051248937918200e-05
1.083471094756358434e+04 9.944903788268836253e-01 3.448725393040419362e-05 3.511451816092282254e-05
1.083474103098851447e+04 9.944903933506171745e-01 3.302683472261591646e-05 3.360997502192074852e-05
1.083477111441344641e+04 9.944904069900908361e-01 3.165533136728626573e-05 3.219839461714259140e-05
1.083480119783837472e+04 9.944904198164382647e-01 3.036559108604564017e-05 3.087216884692770317e-05
1.083483128126330485e+04 9.944904318937494159e-01 2.915116937840522837e-05 2.962446141298704164e-05
1.083486136468823497e+04 9.944904432798281624e-01 2.800625384935528928e-05 2.844911474300842108e-05
1.083489144811316692e+04 9.944904540269769999e-01 2.692558526140587105e-05 2.734056988592847891e-05
1.083492153153809522e+04 9.944904641826117775e-01 2.590439576177772096e-05 2.629379731944902387e-05
1.083495161496302717e+04 9.944904737897654057e-01 2.493835823402790197e-05 2.530423698749874098e-05
1.083498169838795729e+04 9.944904828876109937e-01 2.402353365127396501e-05 2.436774618709939975e-05
1.083501178181288742e+04 9.944904915118946143e-01 2.315632761096253489e-05 2.348055415143329328e-05
1.083504186523781755e+04 9.944904996951891007e-01 2.233346477753528347e-05 2.263922234943901600e-05
1.083507194866274949e+04 9.944905074673302536e-01 2.155194506192614767e-05 2.184060967504881980e-05
1.083510203208767780e+04 9.944905148556709706e-01 2.080901799761392112e-05 2.108184184148233778e-05
1.083513211551260974e+04 9.944905218852745366e-01 2.010216337833270472e-05 2.036028441193171761e-05
1.083516219893753987e+04 9.944905285791887373e-01 1.942906366902974469e-05 1.967351898404411434e-05
1.083519228236247181e+04 9.944905349586469212e-01 1.878758375539746339e-05 1.901932211558383527e-05
1.083522236578740012e+04 9.944905410431922332e-01 1.817575850937558357e-05 1.839564663524778125e-05
1.083525244921233207e+04 9.944905468508868918e-01 1.759177169491366044e-05 1.780060502548791321e-05
1.083528253263726219e+04 9.944905523983933460e-01 1.703394784113854143e-05 1.723245460802631674e-05
1.083531261606219414e+04 9.944905577011429187e-01 1.650073526704431970e-05 1.668958431272939542e-05
1.083534269948712245e+04 9.944905627734669240e-01 1.599069290314503178e-05 1.617050284722643252e-05
1.083537278291205439e+04 9.944905676285956675e-01 1.550249039139472984e-05 1.567382810006889813e-05
1.083540286633698452e+04 9.944905722788524027e-01 1.503488856746670876e-05 1.519827762578549544e-05
1.083543294976191464e+04 9.944905767357000714e-01 1.458673479781680271e-05 1.474266008702590063e-05
1.083546303318684659e+04 9.944905810097878218e-01 1.415695826123553047e-05 1.430586754928838891e-05
1.083549311661177671e+04 9.944905851110489303e-01 1.374456013447655778e-05 1.388686853019206044e-05
1.083552320003670866e+04 9.944905890487304445e-01 1.334861058355230057e-05 1.348470171518592226e-05
1.083555328346163697e+04 9.944905928314904386e-01 1.296823901597576878e-05 1.309847026959981248e-05
1.083558336688656891e+04 9.944905964674104482e-01 1.260263278179962754e-05 1.272733668755483357e-05
1.083561345031149904e+04 9.944905999640240024e-01 1.225103437585417510e-05 1.237051811947226126e-05
1.083564353373643098e+04 9.944906033284265368e-01 1.191273031331263610e-05 1.202728212509849753e-05
1.083567361716135929e+04 9.944906065672350914e-01 1.158705522641412244e-05 1.169694280887434303e-05
1.083570370058629123e+04 9.944906096866643619e-01 1.127338419282253312e-05 1.137885729947852853e-05
1.083573378401122136e+04 9.944906126925510126e-01 1.097113032644259079e-05 1.107242253646173511e-05
1.083576386743615149e+04 9.944906155903719958e-01 1.067974290114293012e-05 1.077707233146101485e-05
1.083579395086108161e+04 9.944906183852781911e-01 1.039870395347364251e-05 1.049227467885344091e-05
1.083582403428601356e+04 9.944906210821129466e-01 1.012752648410497613e-05 1.021752929486253425e-05
1.083585411771094368e+04 9.944906236854510473e-01 9.865750483228907797e-06 9.952365363397994128e-06
1.083588420113587381e+04 9.944906261995767327e-01 9.612945139902961955e-06 9.696339466375507955e-06
1.083591428456080394e+04 9.944906286285497554e-01 9.368702236223214186e-06 9.449033681028867908e-06
1.083594436798573588e+04 9.944906309761992746e-01 9.132636735742494238e-06 9.210053832569717271e-06
1.083597445141066419e+04 9.944906332461321830e-01 8.904385939700887320e-06 8.979027889379360408e-06
1.083600453483559613e+04 9.944906354417659688e-01 8.683606222970041699e-06 8.755604483082949865e-06
1.083603461826052626e+04 9.944906375663197240e-01 8.469973888924897665e-06 8.539451538379043332e-06
1.083606470168545638e+04 9.944906396228471168e-01 8.263181883183534637e-06 8.330255006664354350e-06
1.083609478511038469e+04 9.944906416142481609e-01 8.062938572361844081e-06 8.127717700750563900e-06
1.083612486853531664e+04 9.944906435432435687e-01 7.868970408608788603e-06 7.931558221244737006e-06
1.083615495196024676e+04 9.944906454124452511e-01 7.681014746463432630e-06 7.741509959319273543e-06
1.083618503538517871e+04 9.944906472242939222e-01 7.498826148921722279e-06 7.557320164956357297e-06
1.083621511881010701e+04 9.944906489811392580e-01 7.322168360524017316e-06 7.378749079728415322e-06
1.083624520223503896e+04 9.944906506851854955e-01 7.150819725243451330e-06 7.205569137333887948e-06
1.083627528565996909e+04 9.944906523385486086e-01 6.984567491041815401e-06 7.037564228785804759e-06
1.083630536908489921e+04 9.944906539432296633e-01 6.823210418893665974e-06 6.874529020220347808e-06
1.083633545250982934e+04 9.944906555011178151e-01 6.666558560741719930e-06 6.716268312098198864e-06
1.083636553593476128e+04 9.944906570140352731e-01 6.514428696480223380e-06 6.562596438974200185e-06
1.083639561935969323e+04 9.944906584837036601e-01 6.366647686828486030e-06 6.413336713928436786e-06
1.083642570278462154e+04 9.944906599117652179e-01 6.223050419418285628e-06 6.268320913966261020e-06
1.083645578620955348e+04 9.944906612997782558e-01 6.083480175167466086e-06 6.127388796031290665e-06
1.083648586963448361e+04 9.944906626492352464e-01 5.947786907434249315e-06 5.990387639927191077e-06
1.083651595305941555e+04 9.944906639615578303e-01 5.815827652799754333e-06 5.857171823877484178e-06
1.083654603648434386e+04 9.944906652381096945e-01 5.687465276515979440e-06 5.727602435136769200e-06
1.083657611990927580e+04 9.944906664801763663e-01 5.562570537520628022e-06 5.601546907105286697e-06
1.083660620333420593e+04 9.944906676889985198e-01 5.441018657847962459e-06 5.478878672694175578e-06
1.083663628675913606e+04 9.944906688657559890e-01 5.322691010167801551e-06 5.359476833853018319e-06
1.083666637018406618e+04 9.944906700115778708e-01 5.207474063073647130e-06 5.243225855226080213e-06
1.083669645360899813e+04 9.944906711275456335e-01 5.095259059118006917e-06 5.130015285549859356e-06
1.083672653703392825e+04 9.944906722146965583e-01 4.985941703949947623e-06 5.019739499208695165e-06
1.083675662045885838e+04 9.944906732740113053e-01 4.879423387560422043e-06 4.912297446289617308e-06
1.083678670388378850e+04 9.944906743064361176e-01 4.775608963836219800e-06 4.807592408336903886e-06
1.083681678730872045e+04 9.944906753128791577e-01 4.674407116933565476e-06 4.705531767996667909e-06
1.083684687073364876e+04 9.944906762942133938e-01 4.575730050415671712e-06 4.606026799632358317e-06
1.083687695415858070e+04 9.944906772512668303e-01 4.479494519760152116e-06 4.508992477767709235e-06
1.083690703758351083e+04 9.944906781848310562e-01 4.385620921976141062e-06 4.414347296100776450e-06
1.083693712100844277e+04 9.944906790956870024e-01 4.294030730989106814e-06 4.322013095064349984e-06
1.083696720443337108e+04 9.944906799845533163e-01 4.204651682382376521e-06 4.231914899643479949e-06
1.083699728785830303e+04 9.944906808521448704e-01 4.117411900317335949e-06 4.143980766718122526e-06
1.083702737128323315e+04 9.944906816991341270e-01 4.032243761109555180e-06 4.058141638797836222e-06
1.083705745470816510e+04 9.944906825261699002e-01 3.949082028054107241e-06 3.974331202748058530e-06
1.083708753813309340e+04 9.944906833338799101e-01 3.867863562767581698e-06 3.892485755637638458e-06
1.083711762155802535e+04 9.944906841228566829e-01 3.788528812886937658e-06 3.812544081375460958e-06
1.083714770498295547e+04 9.944906848936890809e-01 3.711018548013811369e-06 3.734447338821909279e-06
1.083717778840788560e+04 9.944906856469222234e-01 3.635277956437477087e-06 3.658138956400180329e-06
1.083720787183281573e+04 9.944906863830957899e-01 3.561252770456491135e-06 3.583564527135087408e-06
1.083723795525774767e+04 9.944906871027120454e-01 3.488892497127693559e-06 3.510671704365676792e-06
1.083726803868267598e+04 9.944906878062778066e-01 3.418146155009793574e-06 3.439410103410369637e-06
1.083729812210760610e+04 9.944906884942683600e-01 3.348965971206041559e-06 3.369731211149818885e-06
1.083732820553253805e+04 9.944906891671303484e-01 3.281307014990630933e-06 3.301588301687633725e-06
1.083735828895746818e+04 9.944906898253101923e-01 3.215124422251136593e-06 3.234936359655065220e-06
1.083738837238240012e+04 9.944906904692497607e-01 3.150373728555422304e-06 3.169732014113112987e-06
1.083741845580732843e+04 9.944906910993353000e-01 3.087016120506547168e-06 3.105933477516549893e-06
1.083744853923226037e+04 9.944906917159820336e-01 3.025009842616555034e-06 3.043500478656893528e-06
1.083747862265719050e+04 9.944906923195530046e-01 2.964318379650165980e-06 2.982394188089525147e-06
1.083750870608212063e+04 9.944906929104261328e-01 2.904903728673247087e-06 2.922577147369095860e-06
1.083753878950705075e+04 9.944906934889592431e-01 2.846729929562030748e-06 2.864013211328064525e-06
1.083756887293198270e+04 9.944906940554887331e-01 2.789763131616496139e-06 2.806667498673486698e-06
1.083759895635691100e+04 9.944906946103486689e-01 2.733969750590148351e-06 2.750506339093332004e-06
1.083762903978184295e+04 9.944906951538553530e-01 2.679317989695562119e-06 2.695497213708716085e-06
1.083765912320677307e+04 9.944906956863167613e-01 2.625776884812580647e-06 2.641608699050567596e-06
1.083768920663170502e+04 9.944906962080332091e-01 2.573316215670473639e-06 2.588810426223029719e-06
1.083771929005663333e+04 9.944906967193023473e-01 2.521906072860957693e-06 2.537073053915655537e-06
1.083774937348156527e+04 9.944906972203890749e-01 2.471519799929211558e-06 2.486368241207015614e-06
1.083777945690649540e+04 9.944906977115683944e-01 2.422129763424152316e-06 2.436668608518187599e-06
1.083780954033142734e+04 9.944906981931003198e-01 2.373709817593550042e-06 2.387947688742649923e-06
1.083783962375635565e+04 9.944906986652329861e-01 2.326234993521580918e-06 2.340179878979540362e-06
1.083786970718128759e+04 9.944906991282144171e-01 2.279680377803572355e-06 2.293340399906835841e-06
1.083789979060621772e+04 9.944906995822805351e-01 2.234022222769027621e-06 2.247405263223628134e-06
1.083792987403114785e+04 9.944907000276508313e-01 2.189238457184217168e-06 2.202351245512925394e-06
1.083795995745607797e+04 9.944907004645627824e-01 2.145305222356341801e-06 2.158155866863304168e-06
1.083799004088100992e+04 9.944907008932181158e-01 2.102202223408511372e-06 2.114797370346598311e-06
1.083802012430594004e+04 9.944907013138268859e-01 2.059908343898797511e-06 2.072254696881734648e-06
1.083805020773087017e+04 9.944907017265914861e-01 2.018403222336928593e-06 2.030507453374256122e-06
1.083808029115580030e+04 9.944907021317016538e-01 1.977667773989111311e-06 1.989535877483329056e-06
1.083811037458073224e+04 9.944907025293521219e-01 1.937682436725651769e-06 1.949320805193486568e-06
1.083814045800566055e+04 9.944907029197181947e-01 1.898429580204918921e-06 1.909843647504029869e-06
1.083817054143059249e+04 9.944907033029812826e-01 1.859890952360387928e-06 1.871086379545193817e-06
1.083820062485552444e+04 9.944907036793240174e-01 1.822048190103231491e-06 1.833031536873395269e-06
1.083823070828045456e+04 9.944907040488948358e-01 1.784886372035998647e-06 1.795662205155771508e-06
1.083826079170538469e+04 9.944907044118700412e-01 1.748387767896986134e-06 1.758961993330046705e-06
1.083829087513031482e+04 9.944907047683890777e-01 1.712538366671623180e-06 1.722914996660980286e-06
1.083832095855524676e+04 9.944907051186157032e-01 1.677321681547994103e-06 1.687505766780087164e-06
1.083835104198017689e+04 9.944907054627032394e-01 1.642722313732747352e-06 1.652719297385279801e-06
1.083838112540510701e+04 9.944907058007794731e-01 1.608727395741027522e-06 1.618541017543510837e-06
1.083841120883003714e+04 9.944907061330002795e-01 1.575321273428187396e-06 1.584956780200931665e-06
1.083844129225496908e+04 9.944907064594853408e-01 1.542491900874409794e-06 1.551952844610786952e-06
1.083847137567989739e+04 9.944907067803735456e-01 1.510225322576275175e-06 1.519515861417637705e-06
1.083850145910482752e+04 9.944907070958028950e-01 1.478507638541515234e-06 1.487632865837138601e-06
1.083853154252975764e+04 9.944907074058739749e-01 1.447328756842836128e-06 1.456291274064444002e-06
1.083856162595468959e+04 9.944907077107345561e-01 1.416673811593938126e-06 1.425478873878405424e-06
1.083859170937961790e+04 9.944907080104763430e-01 1.386533587943716839e-06 1.395183805569673506e-06
1.083862179280454984e+04 9.944907083052294539e-01 1.356894985260481690e-06 1.365394537500624708e-06
1.083865187622947997e+04 9.944907085950931425e-01 1.327748044843701791e-06 1.336099845499823316e-06
1.083868195965441191e+04 9.944907088801820949e-01 1.299081209271690796e-06 1.307288803442766463e-06
1.083871204307934022e+04 9.944907091606031146e-01 1.270883764892261070e-06 1.278950783899225035e-06
1.083874212650427216e+04 9.944907094364536793e-01 1.243145886231644681e-06 1.251075459273404866e-06
1.083877220992920229e+04 9.944907097078315994e-01 1.215857758918303944e-06 1.223652793867209268e-06
1.083880229335413242e+04 9.944907099748403478e-01 1.189008969060267873e-06 1.196673025974820781e-06
1.083883237677906254e+04 9.944907102375585284e-01 1.162591611869601138e-06 1.170126647973200857e-06
1.083886246020399449e+04 9.944907104960930555e-01 1.136594929285195121e-06 1.144004393336684507e-06
1.083889254362892461e+04 9.944907107505264188e-01 1.111010650145516365e-06 1.118297232411702765e-06
1.083892262705385474e+04 9.944907110009492124e-01 1.085829637315072205e-06 1.092996371901307243e-06
1.083895271047878487e+04 9.944907112474328237e-01 1.061044729855353808e-06 1.068093253672240895e-06
1.083898279390371681e+04 9.944907114900806144e-01 1.036645524976620436e-06 1.043579552539514242e-06
1.083901287732864512e+04 9.944907117289594201e-01 1.012625316931803354e-06 1.019447172349140150e-06
1.083904296075357706e+04 9.944907119641426263e-01 9.889767116355585586e-07 9.956882381722468547e-07
1.083907304417850719e+04 9.944907121957147211e-01 9.656912158817476666e-07 9.722950851599459224e-07
1.083910312760343913e+04 9.944907124237497564e-01 9.427613800738754435e-07 9.492602464240623437e-07
1.083913321102836926e+04 9.944907126483119031e-01 9.201807649183990634e-07 9.265764402151140022e-07
1.083916329445329939e+04 9.944907128694725484e-01 8.979421761701189553e-07 9.042365578327914715e-07
1.083919337787823133e+04 9.944907130873055223e-01 8.760382086414608693e-07 8.822336576783187117e-07
1.083922346130316146e+04 9.944907133018753287e-01 8.544623564255005022e-07 8.605609670231826946e-07
1.083925354472809158e+04 9.944907135132500242e-01 8.332077916506364090e-07 8.392118835905619157e-07
1.083928362815302171e+04 9.944907137214867854e-01 8.122687522593707854e-07 8.181799697270666435e-07
1.083931371157795365e+04 9.944907139266451201e-01 7.916392652518311479e-07 7.974589443888297626e-07
1.083934379500288196e+04 9.944907141288001906e-01 7.713117700092197992e-07 7.770426835330588706e-07
1.083937387842781391e+04 9.944907143279990702e-01 7.512815369814518363e-07 7.569252276341190791e-07
1.083940396185274403e+04 9.944907145243053748e-01 7.315421490794449255e-07 7.371007821080554444e-07
1.083943404527767598e+04 9.944907147177655116e-01 7.120889655709561339e-07 7.175637016007748001e-07
1.083946412870260428e+04 9.944907149084405429e-01 6.929158358204290380e-07 6.983084664775522571e-07
1.083949421212753623e+04 9.944907150963774312e-01 6.740180302777787347e-07 6.793296677300973410e-07
1.083952429555246636e+04 9.944907152816435669e-01 6.553887876847852567e-07 6.606220070735956984e-07
1.083955437897739830e+04 9.944907154642701475e-01 6.370249550080586687e-07 6.421803056299436887e-07
1.083958446240232661e+04 9.944907156443260066e-01 6.189196266603858021e-07 6.239995114871899541e-07
1.083961454582725855e+04 9.944907158218444510e-01 6.010694386660020427e-07 6.060747020691636648e-07
1.083964462925218868e+04 9.944907159968860988e-01 5.834682959005021985e-07 5.884010820602014461e-07
1.083967471267711881e+04 9.944907161694842568e-01 5.661128676948123939e-07 5.709739785340851512e-07
1.083970479610204893e+04 9.944907163396927707e-01 5.489977250583422119e-07 5.537888345806898327e-07
1.083973487952697906e+04 9.944907165075536071e-01 5.321186491435980770e-07 5.368412020121318950e-07
1.083976496295190736e+04 9.944907166731065118e-01 5.154716431476913385e-07 5.201267329965173118e-07
1.083979504637683931e+04 9.944907168363942285e-01 4.990524216097469434e-07 5.036411714679187759e-07
1.083982512980176944e+04 9.944907169974626093e-01 4.828563548997522048e-07 4.873803468637602053e-07
1.083985521322670138e+04 9.944907171563436288e-01 4.668802344731659559e-07 4.713401719019158339e-07
1.083988529665162969e+04 9.944907173130874689e-01 4.511190199174563986e-07 4.555166435609809119e-07
1.083991538007656163e+04 9.944907174677239947e-01 4.355696914259965524e-07 4.399058460564773436e-07
1.083994546350149176e+04 9.944907176202921750e-01 4.202283632182002293e-07 4.245039560120120653e-07
1.083997554692642370e+04 9.944907177708397494e-01 4.050902058239103098e-07 4.093072485749632911e-07
1.084000563035135201e+04 9.944907179193854807e-01 3.901533318639849313e-07 3.943120988294868472e-07
1.084003571377628396e+04 9.944907180659813273e-01 3.754125454946688478e-07 3.795149730218615253e-07
1.084006579720121590e+04 9.944907182106430543e-01 3.608662257903461068e-07 3.649124130309093123e-07
1.084009588062614421e+04 9.944907183534136275e-01 3.465100761879114089e-07 3.505010259848453478e-07
1.084012596405107615e+04 9.944907184943315714e-01 3.323402220090088122e-07 3.362774860983860832e-07
1.084015604747600628e+04 9.944907186334230875e-01 3.183540098206094626e-07 3.222385413781087384e-07
1.084018613090093822e+04 9.944907187707187068e-01 3.045483976116258873e-07 3.083810128979968857e-07
1.084021621432586653e+04 9.944907189062447417e-01 2.909207097445687396e-07 2.947017857994844104e-07
1.084024629775079848e+04 9.944907190400422703e-01 2.774668383942469063e-07 2.811978017114961023e-07
1.084027638117572860e+04 9.944907191721373829e-01 2.641841523320920260e-07 2.678660577677373420e-07
1.084030646460066055e+04 9.944907193025523950e-01 2.510703978053641094e-07 2.547036087817846060e-07
1.084033654802558885e+04 9.944907194313209464e-01 2.381222108382985425e-07 2.417075704710059960e-07
1.084036663145052080e+04 9.944907195584750115e-01 2.253363606818936660e-07 2.288751256263932191e-07
1.084039671487545093e+04 9.944907196840376828e-01 2.127105380722582595e-07 2.162035307761234623e-07
1.084042679830038105e+04 9.944907198080359390e-01 2.002420118607517452e-07 2.036901159806260703e-07
1.084045688172531118e+04 9.944907199304894307e-01 1.879288280548507828e-07 1.913322757981885283e-07
1.084048696515024312e+04 9.944907200514330192e-01 1.757674672475673106e-07 1.791274578530129237e-07
1.084051704857517325e+04 9.944907201708877986e-01 1.637558200151545407e-07 1.670731550183834833e-07
1.084054713200010337e+04 9.944907202888720876e-01 1.518920322851613491e-07 1.551669018930527375e-07
1.084057721542503350e+04 9.944907204054187488e-01 1.401727955929743530e-07 1.434062750846643035e-07
1.084060729884996545e+04 9.944907205205454348e-01 1.285963557862146445e-07 1.317888971842017801e-07
1.084063738227489375e+04 9.944907206342831207e-01 1.171595709337225344e-07 1.203124410830367150e-07
1.084066746569982570e+04 9.944907207466436860e-01 1.058612753013221663e-07 1.089746365019534562e-07
1.084069754912475582e+04 9.944907208576527768e-01 9.469887096713591745e-08 9.777330163221678063e-08
1.084072763254968777e+04 9.944907209673379267e-01 8.366958237360222483e-08 8.670657307772056322e-08
1.084075771597461608e+04 9.944907210757131244e-01 7.277203284417055329e-08 7.577405485997920870e-08
1.084078779939954802e+04 9.944907211828037941e-01 6.200363555919352621e-08 6.498132115167013420e-08
1.084081788282447815e+04 9.944907212886258119e-01 5.136281400197617586e-08 5.435361873618902681e-08
1.084084796624941009e+04 9.944907213932014933e-01 4.084731441977851318e-08 4.396716434797972833e-08
1.084087804967433840e+04 9.944907214965473807e-01 3.045547147806360044e-08 3.399885075508597639e-08
1.084090813309927034e+04 9.944907215986878990e-01 2.018483158394701604e-08 2.476812093207617255e-08
1.084093821652420047e+04 9.944907216996394794e-01 1.003375160735231475e-08 1.671353694388237777e-08
1.084096829994912878e+04 9.944907217994242155e-01 0.000000000000000000e+00 1.026152588458561229e-08
