# EXHALE schema 2
# columns r[Rp] rho[mH/cm3] v[cm/s] p[cgs] T[K] heat[erg/cm3/s] cool[erg/cm3/s]
# rows 504: 2 ghost cells at each end; physical cells are rows 3 to 502
# coupling: sec_ion=T sec_ion_step=0 recon=PLM certified=F cert_reason=no_stationary_claim mode=init
# provenance: git=43bc28cef587 tree=dirty run=2026-09-16T10:52:13
# provenance: ck_input=3308737884381581541 ck_base=2309365526420590325 ck_metals=-1
# provenance: recon=PLM base_bc=characteristic carrier=none restart_schema=3 resid_def=145 N=500
# restart_schema 1
# reservoir He/H 2.0921653328304428E+00 C/H 2.7776136781481594E-04 O/H 4.9690919783303379E-07 N/H 8.1872381626943227E-05
# species_columns 34 r HI HII HeI HeII HeIII HeITR CI CII CIII OI OII OIII NI NII NIII MgI MgII MgIII SiI SiII SiIII CaI CaII CaIII NaI NaII KI KII SI SII FeI FeII FeIII
# grid N 500 R0[cm] 1.1618054700563824E+09 r_min[Rp] 1.0001933187778382E+00 r_max[Rp] 2.9031224061195065E+01 mode Mixed
# constants set IAU2015+CODATA2018 RJ[cm] 7.1492000000000000E+09 kB[erg/K] 1.3806490000000000E-16
# options He23S=T metals=T eos_metals=T mol=F molbase=F oxychem=F carrier=F carrier_newton=F iontrans=F he_diff=T he_metal_diff=F sec_ion=T caloric_mono=F excH=F base_ir=F mol_ir=F mol_heat=T visc=F cond=F jlya=0 wellbal=T
# t_phys[s] 0.0000000000000000E+00
# source git=43bc28cef587 tree=dirty restart_input=provenance_unknown
  0.99980668122216187        123121450143275.19       -8.2810709886606784        1.0750641660998077        190.46655553936645        4.6520575898756958E-008   1.5336972830375637E-010
   1.0000000000000000        117898012358779.33       -8.6446181715533594        1.0001331220119944        185.04159610187560        4.9578410119478418E-008   1.5881042843573541E-010
   1.0001933187778382        101795552217307.42      -0.91585368212322071       0.93193407276373719        199.69829696572674        4.7453387665737551E-008   1.6417683869370405E-010
   1.0003866375556763        85706337576425.125      -0.45454418982750922       0.87371176600228839        222.36665364371564        4.3835466676248412E-008   1.6906018168807383E-010
   1.0005799563335145        73296385270464.797        6.0349062377919878E-002  0.82433331227120132        245.31882019276631        4.0715043349948454E-008   1.7341693803554810E-010
   1.0007732751113527        63877615863506.992        3.2410014993607831E-003  0.78175227627838517        266.94815944392241        3.8226147386452150E-008   1.7734870263596776E-010
   1.0009665938891910        56544779158907.000        5.9830637118591982E-002  0.74438372579635814        287.14845447694529        3.6222346087330734E-008   1.8093316709819915E-010
   1.0011599126670290        50673046239846.820        5.1130187104745387E-002  0.71112606477179763        306.10267049503130        3.4570859688799249E-008   1.8423234021516033E-010
   1.0013532314448672        45857833848880.398        6.3556004496873320E-002  0.68119472512066614        324.00405596293268        3.3179189726260309E-008   1.8729291248841338E-010
   1.0015465502227054        41831947853395.414        6.7136202237467330E-002  0.65401532274627250        341.01029010744816        3.1984625096318083E-008   1.9015039946729239E-010
   1.0017398690005437        38412532441242.367        7.4066940073925641E-002  0.62915316851507108        357.24471287185651        3.0943691357637301E-008   1.9283231816223809E-010
   1.0019331877783817        35470099269321.047        7.9799244623733070E-002  0.60627095547720078        372.80455568644453        3.0025326300253523E-008   1.9536062451506082E-010
   1.0021265065562199        32910180224812.074        8.6108263594921408E-002  0.58510104994879641        387.76779475171514        2.9206680332725509E-008   1.9775316301988877E-010
   1.0023198253340582        30662098761962.562        9.2324780363454748E-002  0.56542725431034535        402.19811353425615        2.8470516093015353E-008   2.0002671833760171E-010
   1.0025131441118964        28671832531466.570        9.8710169364518166E-002  0.54707219010171038        416.14836084736584        2.7803544725996299E-008   2.0219448454672046E-010
   1.0027064628897344        26897323030064.066       0.10516873771330125       0.52988839777650254        429.66301294623094        2.7195328923256541E-008   2.0426401300095021E-010
   1.0028997816675727        25305300026447.324       0.11174041631053792       0.51375187245191545        442.77995034971912        2.6637537714841715E-008   2.0624436223518911E-010
   1.0030931004454109        23869075410035.418       0.11841297624409308       0.49855727962049640        455.53177417590803        2.6123426932749153E-008   2.0814337916698283E-010
   1.0032864192232491        22566975472238.105       0.12519373258970859       0.48421434406810560        467.94679934885994        2.5647468540986303E-008   2.0996791386574742E-010
   1.0034797380010871        21381204583786.703       0.13208230422987483       0.47064508123986842        480.04981778726096        2.5205080838038796E-008   2.1172398666972715E-010
   1.0036730567789254        20297006927739.117       0.13908103410542938       0.45778164314589304        491.86269379575373        2.4792428534844802E-008   2.1341691988444326E-010
   1.0038663755567636        19302038359119.828       0.14619106620917821       0.44556462090499943        503.40483412915466        2.4406272289379672E-008   2.1505144453839111E-010
   1.0040596943346018        18385888955809.852       0.15341386783040800       0.43394169148634731        514.69356524956277        2.4043853754237113E-008   2.1663178322725028E-010
   1.0042530131124399        17539715525241.303       0.16075067569617635       0.42286652754263354        525.74443758554219        2.3702806711662191E-008   2.1816171683294012E-010
   1.0044463318902781        16755955381804.072       0.16820272583502174       0.41229791078442984        536.57147495732806        2.3381087492253400E-008   2.1964464775156584E-010
   1.0046396506681163        16028101116608.764       0.17577118194408786       0.40219900460888391        547.18737891935166        2.3076919999591224E-008   2.2108364509551845E-010
   1.0048329694459543        15350521528627.367       0.18345717497127670       0.39253675261804638        557.60370092259927        2.2788751703944945E-008   2.2248148477010827E-010
   1.0050262882237926        14718318116998.582       0.19126179851144148       0.38328137758312053        567.83098395057448        2.2515218291608271E-008   2.2384068338988343E-010
   1.0052196070016308        14127209000929.855       0.19918611866310185       0.37440596124210418        577.87888380496940        2.2255114865549203E-008   2.2516352720320904E-010
   1.0054129257794691        13573434375560.611       0.20723117726269968       0.36588608968503311        587.75627122670664        2.2007372402415218E-008   2.2645209692393567E-010
   1.0056062445573071        13053678933386.213       0.21539799620495839       0.35769955233855111        597.47131933168828        2.1771038331945302E-008   2.2770828918940039E-010
   1.0057995633351453        12565007796861.090       0.22368758039026562       0.34982608505998680        607.03157839694063        2.1545260430004672E-008   2.2893383521478748E-010
   1.0059928821129835        12104813264735.082       0.23210092051223941       0.34224714976659820        616.44404094153708        2.1329273349515026E-008   2.3013031710256265E-010
   1.0061862008908218        11670770301292.539       0.24063899521372306       0.33494574451000736        625.71519823104506        2.1122387308186512E-008   2.3129918217532765E-010
   1.0063795196686598        11260799175513.064       0.24930277254295133       0.32790623904732252        634.85108704189815        2.0923978619988451E-008   2.3244369431348855E-010
   1.0065728384464980        10873033823122.766       0.25809321168327209       0.32111423189995941        643.85733477726683        2.0733481517109494E-008   2.3356382983479308E-010
   1.0067661572243365        10505795033510.201       0.26701126467528641       0.31455642561562747        652.73919734881383        2.0550381240048573E-008   2.3465996269208161E-010
   1.0069594760021756        10157567607952.953       0.27605787703915741       0.30822051749430457        661.50159145313387        2.0374208155359542E-008   2.3573311592775770E-010
   1.0071527947800178        9826980782787.6719       0.28523398889648438       0.30209510352481639        670.14912422013117        2.0204532661047952E-008   2.3678422858989715E-010
   1.0073461135578718        9512791406071.4961       0.29454053550689707       0.29616959365768297        678.68611915277518        2.0040960799555660E-008   2.3781416298257367E-010
   1.0075394323357734        9213869415823.3750       0.30397844776740612       0.29043413683960290        687.11663946637975        1.9883130448000777E-008   2.3882371121992715E-010
   1.0077327511138647        8929185265357.4336       0.31354865293468215       0.28487955448525609        695.44450873448943        1.9730708010203745E-008   2.3981360116931563E-010
   1.0079260698927159        8657798986736.5703       0.32325207493743152       0.27949728126517759        703.67332997087772        1.9583385512969401E-008   2.4078450186038519E-010
   1.0081193886746063        8398850662318.4395       0.33308963485662135       0.27427931224269603        711.80650213881904        1.9440878083436871E-008   2.4173702843986275E-010
   1.0083127074686531        8151552073063.9131       0.34306225161527998       0.26921815548393752        719.84723621822570        1.9302921707949345E-008   2.4267174680119878E-010
   1.0085060263113255        7915179353871.6914       0.35317084398284776       0.26430678918464762        727.79857052293835        1.9169271268803551E-008   2.4358917823476069E-010
   1.0086993453485009        7689066417030.8281       0.36341633770441933       0.25953862168799136        735.66339183039202        1.9039698745870327E-008   2.4448980534039238E-010
   1.0088926651636878        7472598753815.3535       0.37379969409228947       0.25490744986386021        743.44447967672886        1.8913991478588769E-008   2.4537408404265104E-010
   1.0090859880909211        7265206420101.9414       0.38432202539354532       0.25040739975520249        751.14464719745968        1.8791950049299092E-008   2.4624248097733778E-010
   1.0092793234663395        7066351904500.7695       0.39498506136688449       0.24603278817884416        758.76727232149608        1.8673384130004696E-008   2.4709561330524130E-010
   1.0094727086344986        6875496680611.3936       0.40579304023754015       0.24177766764808165        766.31837917907035        1.8558100218452042E-008   2.4793479939372812E-010
   1.0096662929736202        6691984339796.4717       0.41676036706274622       0.23763412992438721        773.81488237370297        1.8445858010890335E-008   2.4876425324702779E-010
   1.0098606739965927        6514785903819.6377       0.42793057209821250       0.23358571087485566        781.29505041087282        1.8336246726530224E-008   2.4959278857058158E-010
   1.0100574069010908        6342585976789.7480       0.43937740542578252       0.22959825409458487        788.78119071095466        1.8228572080724308E-008   2.5041891773157933E-010
   1.0102575990216738        6174446133342.8125       0.45116369897845804       0.22564964199596901        796.29843959171035        1.8122138721077122E-008   2.5124031292685477E-010
   1.0104613111828178        6010059517545.6357       0.46331725835304310       0.22173990651098530        803.87533214796656        1.8016664043430586E-008   2.5206147586448740E-010
   1.0106686052784950        5849355985150.7979       0.47585129447032537       0.21786914791381934        811.51241881822364        1.7912124352218049E-008   2.5288214469405536E-010
   1.0108795442909790        5692266794985.1152       0.48877954994943890       0.21403746159236145        819.21023364222435        1.7808495904004805E-008   2.5370203847152228E-010
   1.0110941923099799        5538724485449.5615       0.50211631576987836       0.21024493781866854        826.96930373359487        1.7705754667076471E-008   2.5452085611471500E-010
   1.0113126145521172        5388662820426.0762       0.51587645800703885       0.20649166155613005        834.79015086500726        1.7603876271521973E-008   2.5533827579031218E-010
   1.0115348773807351        5242016757814.1016       0.53007544132584072       0.20277771227594935        842.67329018813609        1.7502836027590360E-008   2.5615395405881097E-010
   1.0117610483260642        5098722413845.0107       0.54472935551038715       0.19910316377800291        850.61922972099205        1.7402608931862626E-008   2.5696752470078595E-010
   1.0119911961057415        4958717034854.8643       0.55985494225841193       0.19546808401594332        858.62846879792801        1.7303169699636023E-008   2.5777859719832115E-010
   1.0122253906456866        4821938963145.0537       0.57546962369691013       0.19187253492716197        866.70149760482252        1.7204492779468214E-008   2.5858675491115744E-010
   1.0124637031013488        4688327613711.9160       0.59159153186485836       0.18831657226664844        874.83879497408770        1.7106552407753503E-008   2.5939155307930970E-010
   1.0127062058793259        4557823440068.4492       0.60823953981440604       0.18480024544583692        883.04082818684549        1.7009322627801352E-008   2.6019251685895793E-010
   1.0129529726593638        4430367911375.3525       0.62543329423713212       0.18132359737724729        891.30805089329465        1.6912777351600093E-008   2.6098913967370929E-010
   1.0132040784167418        4305903482662.0396       0.64319324917122234       0.17788666432428862        899.64090242541090        1.6816890399494489E-008   2.6178088217811812E-010
   1.0134595994450530        4184373571490.4756       0.66154070195005266       0.17448947575735121        908.03980601858541        1.6721635566480943E-008   2.6256717211285453E-010
   1.0137196133793853        4065722531441.4482       0.68049783032978206       0.17113205421594355        916.50516780271721        1.6626986679400067E-008   2.6334740524448093E-010
   1.0139841992199077        3949895627904.1118       0.70008773186181672       0.16781441517824250        925.03737551705285        1.6532917665329898E-008   2.6412094746464299E-010
   1.0142534373558743        3836839016098.7729       0.72033446470767648       0.16453656693719546        933.63679688084403        1.6439402631931083E-008   2.6488713797630597E-010
   1.0145274095900483        3726499716358.8574       0.74126309078749975       0.16129851048442873        942.30377879398532        1.6346415938783470E-008   2.6564529334922991E-010
   1.0148061991635569        3618825594169.7681       0.76289972101610071       0.15810023940209569        951.03864563832599        1.6253932290782142E-008   2.6639471212193850E-010
   1.0150898907811812        3513765337335.1592       0.78527156267249498       0.15494173976291761        959.84169850258456        1.6161926821228028E-008   2.6713467955960263E-010
   1.0153785706370937        3411268437450.8237       0.80840696921717847       0.15182299003874619        968.71321356121007        1.6070375195490831E-008   2.6786447218786119E-010
   1.0156723264410457        3311285167890.0669       0.83233549266746110       0.14874396101834286        977.65344166133809        1.5979253700057201E-008   2.6858336177565826E-010
   1.0159712474450167        3213766568768.2881       0.85708793834569852       0.14570461573376542        986.66260624395966        1.5888539365107414E-008   2.6929061856267833E-010
   1.0162754244703309        3118664421362.9697       0.88269642347649513       0.14270490939802277        995.74090471610998        1.5798210036363741E-008   2.6998552499657866E-010
   1.0165849499352533        3025931249149.9131       0.90919443550500867       0.13974478934739473        1004.8885018739431        1.5708244579858267E-008   2.7067037866591214E-010
   1.0168999178830667        2935520281810.8262       0.93661689718450425       0.13682419499403772        1014.1055350783001        1.5618622902921171E-008   2.7134233215905250E-010
   1.0172204240106471        2847385442041.4526       0.96500023730463835       0.13394305779689983        1023.3921132266510        1.5529326082276636E-008   2.7200001911825548E-010
   1.0175465656975389        2761481332723.0664       0.99438245927366786       0.13110130124105757        1032.7483158528380        1.5440336494224398E-008   2.7264270266320268E-010
   1.0178784420355407        2677763223234.6323        1.0248032163876126       0.12829884082640455        1042.1741928641584        1.5351637939133239E-008   2.7326965091801830E-010
   1.0182161538588137        2596187036381.8535        1.0563038908547349       0.12553558406655915        1051.6697644930434        1.5263215766868990E-008   2.7388014056397344E-010
   1.0185598037745174        2516709334698.8677        1.0889276772944527       0.12281143049886083        1061.2350220178735        1.5175056994943591E-008   2.7447346057442761E-010
   1.0189094961939849        2439287308979.2148        1.1227196707060225       0.12012627170540108        1070.8699281794516        1.5087150435108050E-008   2.7504891612538757E-010
   1.0192653373644465        2363878766483.9937        1.1577269596199797       0.11747999134489927        1080.5744183007191        1.4999486813316553E-008   2.7560583266517038E-010
   1.0196274354013106        2290442120319.0859        1.1939987245560695       0.11487246519567983        1090.3484015494175        1.4912058891080507E-008   2.7614356012992110E-010
   1.0199959003210131        2218936379567.1401        1.2315863419046196       0.11230356120942131        1100.1917625141036        1.4824861585566851E-008   2.7666147728868205E-010
   1.0203708440744426        2149321139601.4871        1.2705434942214973       0.10977313957580521        1110.1043633997108        1.4737892084130248E-008   2.7715899619701593E-010
   1.0207523805809555        2081556574220.1306        1.3109262865359947       0.10728105279753750        1120.0860460529111        1.4651149963899143E-008   2.7763556674200600E-010
   1.0211406257629874        2015603425958.4023        1.3527933703697930       0.10482714577632286        1130.1366357147842        1.4564637291281088E-008   2.7809025291854068E-010
   1.0215356975812748        1951423000467.4597        1.3962060745396119       0.10241125590899408        1140.2559434662671        1.4478358741650728E-008   2.7852283661358029E-010
   1.0219377160706946        1888977159793.6399        1.4412285430163088       0.10003321319247438        1150.4437699594428        1.4392321704659309E-008   2.7893299178579513E-010
   1.0223468033767336        1828228315884.5300        1.4879278825685061        9.7692840338420350E-002   1160.6999098969468        1.4306536383303417E-008   2.7932035360146284E-010
   1.0227630837926021        1769139425337.6626        1.5363743191506618        9.5389952896973731E-002   1171.0241566682446        1.4221015894728690E-008   2.7968461701682122E-010
   1.0231866837969956        1711673983950.5864        1.5866413636555403        9.3124359389294073E-002   1181.4163080268718        1.4135776362430838E-008   2.8002554120090950E-010
   1.0236177320925250        1655796022731.0596        1.6388059882646449        9.0895861448223800E-002   1191.8761717677446        1.4050837013567371E-008   2.8034295383860918E-010
   1.0240563596448189        1601470103433.2847        1.6929488139384890        8.8704253966628829E-002   1202.4035726780394        1.3966220267157144E-008   2.8063675527169579E-010
   1.0245026997223152        1548661315479.0974        1.7491543096821383        8.6549325252879505E-002   1212.9983595146864        1.3881951829565180E-008   2.8090692244340793E-010
   1.0249568879367523        1497335272267.0781        1.8075110049572423        8.4430857192960396E-002   1223.6604134376123        1.3798060782141313E-008   2.8115351259815888E-010
   1.0254190622843729        1447458108880.0188        1.8681117154264402        8.2348625418642546E-002   1234.3896564424131        1.3714579680268649E-008   2.8137666670328947E-010
   1.0258893631878496        1398996478936.0779        1.9310537841544537        8.0302399481237463E-002   1245.1860615508178        1.3631544645963716E-008   2.8157661253788056E-010
   1.0263679335389522        1351917553409.9871        1.9964393377314433        7.8291943029964089E-002   1256.0496624519146        1.3548995482709212E-008   2.8175366794444666E-010
   1.0268549187419593        1306189015931.9368        2.0643755624406874        7.6317013995875496E-002   1266.9805675011821        1.3466975761982175E-008   2.8190735836348648E-010
   1.0273504667578401        1261779063302.8188        2.1349749963080038        7.4377364779871669E-002   1277.9789703331901        1.3385532969327453E-008   2.8203861124157510E-010
   1.0278547281492065        1218656404054.9666        2.2083558387907081        7.2472742442071900E-002   1289.0451631953240        1.3304718645908782E-008   2.8214830607506896E-010
   1.0283678561260603        1176790256107.0999        2.2846422869860086        7.0602888894165022E-002   1300.1795525123905        1.3224588535990784E-008   2.8223712040337741E-010
   1.0288900065923423        1136150345045.0266        2.3639648931051420        6.8767541094623089E-002   1311.3826753208748        1.3145202758895038E-008   2.8230582654342534E-010
   1.0294213381933011        1096706902396.8480        2.4464609478793671        6.6966431245886041E-002   1322.6552172124302        1.3066626002083857E-008   2.8235529104475429E-010
   1.0299620123636948        1058430663984.8616        2.5322748911383148        6.5199286993010058E-002   1333.9980317999994        1.2988927738969959E-008   2.8238647346571790E-010
   1.0305121933768382        1021292868142.0801        2.6215587525092690        6.3465831623351676E-002   1345.4121620290964        1.2912182470714089E-008   2.8240042442889756E-010
   1.0310720483945157        985265253876.09497        2.7144726247080970        6.1765784266912274E-002   1356.8988634277932        1.2836469994243009E-008   2.8239828294074869E-010
   1.0316417475177699        950320058843.45618        2.8111851719275345        6.0098860097044030E-002   1368.4596295943586        1.2761875694328910E-008   2.8238127294431065E-010
   1.0322214638385825        916430017304.50562        2.9118741773842740        5.8464770531152822E-002   1380.0962198975690        1.2688490860400697E-008   2.8235069909903351E-010
   1.0328113734924655        883568357835.20508        3.0167271322050815        5.6863223431073619E-002   1391.8106899207180        1.2616413022063246E-008   2.8230794179009795E-010
   1.0334116557119772        851708800954.65771        3.1259418708154576        5.5293923302862369E-002   1403.6054246142405        1.2545746299515685E-008   2.8225445136455690E-010
   1.0340224928811779        820825556781.32666        3.2397272558606773        5.3756571495482700E-002   1415.4831742396179        1.2476601763336814E-008   2.8219120658473363E-010
   1.0346440705910427        790893319987.63696        3.3583039245273758        5.2250866400310680E-002   1427.4470982419512        1.2409097750583966E-008   2.8211854243493157E-010
   1.0352765776958524        761887271608.82874        3.4819050793084219        5.0776503647112829E-002   1439.5008007018009        1.2343360268368397E-008   2.8203960739458110E-010
   1.0359202063705704        733783074796.44263        3.6107773456723633        4.9333176294985154E-002   1451.6483791044691        1.2279523280105924E-008   2.8195604194732695E-010
   1.0365751521692328        706556872018.30786        3.7451817129683400        4.7920575021840134E-002   1463.8944747683331        1.2217728960411068E-008   2.8186951606164490E-010
   1.0372416140843632        680185282560.84119        3.8853945401235861        4.6538388310226976E-002   1476.2443268008512        1.2158127880799826E-008   2.8178171962199929E-010
   1.0379197946074332        654645400312.95544        4.0317086472185037        4.5186302628189068E-002   1488.7038296895482        1.2100879100645212E-008   2.8169435254033585E-010
   1.0386098997903854        629914791784.64587        4.1844344933150284        4.3864002603856797E-002   1501.2795946464662        1.2046150133952701E-008   2.8160911466862236E-010
   1.0393121393082374        605971494495.07361        4.3439014499837540        4.2571171192272335E-002   1513.9790144977458        1.1994116763981582E-008   2.8152769568139776E-010
   1.0400267265227883        582794015713.27722        4.5104591751383492        4.1307489832709786E-002   1526.8103319138804        1.1944962671868039E-008   2.8145176506002384E-010
   1.0407538785474446        560361331741.87183        4.6844790943353045        4.0072638594442017E-002   1539.7827102415740        1.1898878849049013E-008   2.8138296235219485E-010
   1.0414938163131853        538652887647.64398        4.8663559961383056        3.8866296308640656E-002   1552.9063067835020        1.1856062758356800E-008   2.8132288790402423E-010
   1.0422467646356879        517648597539.43488        5.0565097458980564        3.7688140683915509E-002   1566.1923475602282        1.1816717212439394E-008   2.8127309423700854E-010
   1.0430129522836342        497328845571.58740        5.2553871227569910        3.6537848402500191E-002   1579.6532020353450        1.1781048943204580E-008   2.8123536753850675E-010
   1.0437926120482171        477674487738.23193        5.4634637819102627        3.5415095193580166E-002   1593.3024562121120        1.1749266839123255E-008   2.8121094176905768E-010
   1.0445859808138698        458666851439.93518        5.6812463685309877        3.4319555883446852E-002   1607.1549929616665        1.1721579755692869E-008   2.8119953297838399E-010
   1.0453932996302382        440287740716.59460        5.9092747342406344        3.3250904416461280E-002   1621.2270518103508        1.1698194073104271E-008   2.8120367199672785E-010
   1.0462148137854201        422519438158.44385        6.1481242807795713        3.2208813841611596E-002   1635.5362942568956        1.1679310792817104E-008   2.8122454740375162E-010
   1.0470507728804894        405344707572.00146        6.3984084586877090        3.1192956265041087E-002   1650.1018599324507        1.1665122269953182E-008   2.8126326714774451E-010
   1.0479014309053347        388746796749.28662        6.6607813663613804        3.0203002764900563E-002   1664.9444125956195        1.1655808588804865E-008   2.8132085835657361E-010
   1.0487670463158272        372709440001.59131        6.9359404672694218        2.9238623265916270E-002   1680.0861738836752        1.1651533609442772E-008   2.8139826878449741E-010
   1.0496478821123492        357216860102.60254        7.2246294024596827        2.8299486371850882E-002   1695.5509426895057        1.1652440728045885E-008   2.8149636988409708E-010
   1.0505442059197001        342253769426.81873        7.5276408843586839        2.7385259154808307E-002   1711.3640971597893        1.1658648413695792E-008   2.8161596142529718E-010
   1.0514562900684101        327805369771.67810        7.8458196514409693        2.6495606901372266E-002   1727.5525777371279        1.1670245593139927E-008   2.8175777755595013E-010
   1.0523844116774823        313857350878.57416        8.1800654538242092        2.5630192816464916E-002   1744.1448469064192        1.1687286987408827E-008   2.8192249411498772E-010
   1.0533288527385896        300395886285.63751        8.5313360545154833        2.4788677687958963E-002   1761.1708287671242        1.1709788471644456E-008   2.8211073690499565E-010
   1.0542899002017521        287407629049.39014        8.9006501686660986        2.3970719513975506E-002   1778.6618103291353        1.1737722685148794E-008   2.8232299220188737E-010
   1.0552678460625220        274879698473.14270        9.2890904426012479        2.3175973104132601E-002   1796.6503540256283        1.1771014694221349E-008   2.8255518028158530E-010
   1.0562629874507008        262799674702.59375        9.6978061841151693        2.2404089655879360E-002   1815.1701174669331        1.1809538501347108E-008   2.8281200814261535E-010
   1.0572756267206158        251155582307.54178        10.128015918129046        2.1654716310274869E-002   1834.2556884801411        1.1853113849711525E-008   2.8309391657236428E-010
   1.0583060715429848        239935872193.75064        10.581009901970480        2.0927495706135921E-002   1853.9423832009104        1.1901503796855539E-008   2.8340132859309053E-010
   1.0593546349983962        229129400492.32373        11.058152271345811        2.0222065541665592E-002   1874.2660147784472        1.1954413145890760E-008   2.8373465426326948E-010
   1.0604216356724316        218725404317.89746        11.560882931986161        1.9538058155764398E-002   1895.2626351361437        1.2011487845490388E-008   2.8409429360037551E-010
   1.0615073977524627        208713474477.04553        12.090719088033982        1.8875100142501815E-002   1916.9682530910400        1.2072315451080967E-008   2.8448063734149248E-010
   1.0626122511261489        199083525576.66837        12.649256385473738        1.8232812012648626E-002   1939.4185311993053        1.2136426726391213E-008   2.8489406541512617E-010
   1.0637365314816669        189825763632.68564        13.238169634731118        1.7610807916540343E-002   1962.6484684303632        1.2203298404722327E-008   2.8533494302807518E-010
   1.0648805804097041        180930652750.86130        13.859213045474503        1.7008695441025096E-002   1986.6920636496106        1.2272357175234001E-008   2.8580361459274069E-010
   1.0660447455072439        172388878658.96512        14.514220066431733        1.6426075495297284E-002   2011.5819960336544        1.2342984680580982E-008   2.8629752153534415E-010
   1.0672293804831747        164191314947.07507        15.205102654599656        1.5862542295432866E-002   2037.3492754150147        1.2414523763564300E-008   2.8681772765244593E-010
   1.0684348452657599        156328989138.31656        15.933849929486362        1.5317683452922172E-002   2064.0229025244225        1.2486285651825172E-008   2.8736580162427663E-010
   1.0696615061119930        148793049044.23248        16.702526476903422        1.4791080176637668E-002   2091.6295539836060        1.2557557884110483E-008   2.8794180123883753E-010
   1.0709097357188797        141574731817.72601        17.513270152520391        1.4282307593081332E-002   2120.1932809714590        1.2627612898715413E-008   2.8854569515444326E-010
   1.0721799133366723        134665336122.39427        18.368289403417990        1.3790935184614644E-002   2149.7352304355695        1.2695717061953676E-008   2.8917735743991339E-010
   1.0734724248840997        128056197988.30074        19.269860186851840        1.3316527342910792E-002   2180.2733953732040        1.2761139908017087E-008   2.8983656089981879E-010
   1.0747876630656195        121738670977.83794        20.220322517472042        1.2858644031788519E-002   2211.8223975685023        1.2823163365863799E-008   2.9052297404616828E-010
   1.0761260274907352        115704110881.53348        21.222076722114416        1.2416841550820405E-002   2244.3933100171053        1.2881090726339248E-008   2.9123646592672724E-010
   1.0774879247954079        109943865976.40396        22.277579381390964        1.1990673387310863E-002   2277.9935065926620        1.2934255212524347E-008   2.9197780472958996E-010
   1.0788737687656071        104449270924.74120        23.389339223208072        1.1579691144194111E-002   2312.6265789750701        1.2982027745512375E-008   2.9274503126813409E-010
   1.0802839804630291        99211646688.472260        24.559912920596286        1.1183445528821606E-002   2348.2922770895179        1.3023823977962318E-008   2.9353748822909372E-010
   1.0817189883530298        94222304957.837799        25.791900724153372        1.0801487384052840E-002   2384.9864931575812        1.3059110342619624E-008   2.9435447376504313E-010
   1.0831792284348056        89472556556.810577        27.087942284368200        1.0433368744990909E-002   2422.7012933032315        1.3087408985933358E-008   2.9519526876630364E-010
   1.0846651443738622        84953724343.799133        28.450712414162851        1.0078643902935849E-002   2461.4249683483536        1.3108301659423341E-008   2.9605916851120046E-010
   1.0861771876368154        80657157132.570358        29.882917431115732        9.7368704623569599E-003   2501.1421806918852        1.3121432140471358E-008   2.9694552721273442E-010
   1.0877158176285582        76574252376.369446        31.387290464080657        9.4076103663101977E-003   2541.8339537520164        1.3126508438630037E-008   2.9786914126704985E-010
   1.0892815018318442        72696470926.889435        32.966588391945422        9.0904308825945530E-003   2583.4779724066498        1.3123302483884996E-008   2.9881994834644873E-010
   1.0908747159493224        69015358572.441605        34.623589859427845        8.7849055464156202E-003   2626.0487625965625        1.3111649516901102E-008   2.9979458333811816E-010
   1.0924959440480688        65522568390.973877        36.361091631876221        8.4906150365182745E-003   2669.5178699718745        1.3091446637273835E-008   3.0079326285809606E-010
   1.0941456787066632        62209882130.140884        38.181906322691212        8.2071479766605785E-003   2713.8540761935178        1.3062650421474236E-008   3.0181645414948517E-010
   1.0958244211648480        59069231124.213181        40.088860189217229        7.9341016569947631E-003   2759.0236135225227        1.3025273898622017E-008   3.0286490359351705E-010
   1.0975326814758202        56092714996.200516        42.084791766356695        7.6710826726817602E-003   2804.9904335233373        1.2979382750930832E-008   3.0393966066702844E-010
   1.0992709786612012        53272621850.339317        44.172549612018713        7.4177074727461339E-003   2851.7163306698417        1.2925091729884930E-008   3.0505343994298551E-010
   1.1010398408687325        50601442264.411797        46.354991541616108        7.1736028215048280E-003   2899.1612655685940        1.2862559872926534E-008   3.0620337589663574E-010
   1.1028398055327413        48071883052.545624        48.634985379241719        6.9384061795520540E-003   2947.2836205056487        1.2791985836925655E-008   3.0738745216455550E-010
   1.1046714195374312        45676879782.865730        51.015408071109832        6.7117660007620962E-003   2996.0403975489562        1.2713603367216625E-008   3.0860820675788567E-010
   1.1065352393830408        43409606645.119225        53.499145612907320        6.4933419476464159E-003   3045.3874237404061        1.2627676706230394E-008   3.0986846321990445E-010
   1.1084318313549262        41263483794.001793        56.089093562283693        6.2828050313473369E-003   3095.2795648303163        1.2534496019989907E-008   3.1117129984854134E-010
   1.1103617716956165        39232183145.782654        58.788157337038143        6.0798376808004467E-003   3145.6708826141871        1.2434373157560687E-008   3.1252000919951159E-010
   1.1123256467798925        37309630300.534233        61.599254255905507        5.8841337499402901E-003   3196.5149221769802        1.2327637087368096E-008   3.1390797166770288E-010
   1.1143240532929459        35490007023.836853        64.525314653866175        5.6953984674572907E-003   3247.7648064889709        1.2214630280322055E-008   3.1534116688429002E-010
   1.1163575984116705        33767751262.188843        67.569281489752541        5.5133483308439663E-003   3299.3733491536696        1.2095705229774077E-008   3.1682710261814238E-010
   1.1184268999891407        32137554744.604885        70.734112497774220        5.3377109546242276E-003   3351.2932240034079        1.1971221011754021E-008   3.1836877789482746E-010
   1.1205325867423348        30594359523.102200        74.022782161691168        5.1682248801790771E-003   3403.4771002126263        1.1841540239139593E-008   3.1996902528352885E-010
   1.1226752984431581        29133353399.877796        77.438283378901190        5.0046393518884420E-003   3455.8777568646883        1.1707026354697830E-008   3.2163042863712265E-010
   1.1248556861128247        27749964238.003380        80.983629746903077        4.8467140650466645E-003   3508.4481957382318        1.1568041194092583E-008   3.2335523903995423E-010
   1.1270744122196581        26439853697.885731        84.661857480407065        4.6942188900970872E-003   3561.1417084732489        1.1424942953834272E-008   3.2512444144613902E-010
   1.1293321508803693        25198905173.846848        88.476039404990388        4.5469335917736843E-003   3613.9126644194121        1.1278082253158603E-008   3.2688847937793567E-010
   1.1316295880648737        24023224813.207756        92.429274793835660        4.4046475234256078E-003   3666.7154763735521        1.1127804034502308E-008   3.2870608668137697E-010
   1.1339674218047104        22909130126.183468        96.524683016148728        4.2671592956679228E-003   3719.5050163194383        1.0974445076339249E-008   3.3057630613303591E-010
   1.1363463624051242        21853141036.873840        100.76541894988736        4.1342764480417531E-003   3772.2367326918679        1.0818332693756417E-008   3.3249745183810787E-010
   1.1387671326608793        20851970984.119473        105.15467157355289        4.0058151195686981E-003   3824.8667518170228        1.0659783695654406E-008   3.3446705645597255E-010
   1.1412304680758660        19902518869.971165        109.69566661101443        3.8815997171227422E-003   3877.3518125881319        1.0499103963842614E-008   3.3648181588258448E-010
   1.1437371170865689        19001858624.064739        114.39167460432421        3.7614625886981919E-003   3929.6496508556852        1.0336587001041837E-008   3.3853757629796193E-010
   1.1462878412894646        18147235860.196308        119.24599743458953        3.6452436888640273E-003   3981.7179642802125        1.0172516255971675E-008   3.4062850099044355E-010
   1.1488834156724195        17336044148.244316        124.26202749249562        3.5327902812383222E-003   4033.5177677315974        1.0007156621157045E-008   3.4256856961407250E-010
   1.1515246288501526        16565835634.244478        129.44321486350427        3.4239566355118477E-003   4085.0095756350629        9.8407640896487854E-009   3.4451247973895324E-010
   1.1542122833038420        15834306967.075317        134.79301916694791        3.3186036929785021E-003   4136.1544879591329        9.6735828307566982E-009   3.4645214499361289E-010
   1.1569471956249431        15139290364.903057        140.31497188168456        3.2165987603784054E-003   4186.9144271089181        9.5058446559923381E-009   3.4837872969714252E-010
   1.1597301967632936        14478745908.187328        146.01265833039329        3.1178152177701590E-003   4237.2521972669065        9.3377690239372088E-009   3.5028269259907308E-010
   1.1625621322795818        13850754282.489973        151.88973004229459        3.0221322362106217E-003   4287.1315094781849        9.1695631832140901E-009   3.5215383794728143E-010
   1.1654438626022534        13253509919.387302        157.94990475091461        2.9294345053308495E-003   4336.5169801369766        9.0014224275545257E-009   3.5398137348812061E-010
   1.1683762632889361        12685314273.815491        164.19697228031472        2.8396119711324511E-003   4385.3741830700874        8.8335302817662318E-009   3.5575398242910844E-010
   1.1713602252924609        12144569930.319372        170.63479649995179        2.7525595829760896E-003   4433.6695248345268        8.6660590735437881E-009   3.5745988388123572E-010
   1.1743966552315608        11629773511.762255        177.26732985988943        2.6681770532870045E-003   4481.3706574693852        8.4991694919559134E-009   3.5900749305865616E-010
   1.1774864756663284        11139504972.464710        184.09868659198065        2.5863686497812036E-003   4528.4486567803169        8.3330071106389388E-009   3.6027491874743838E-010
   1.1806306253785190        10672434189.535275        191.13304758028323        2.5070429730744324E-003   4574.8735860795587        8.1677112388255564E-009   3.6142581833289017E-010
   1.1838300596567810        10227310921.136337        198.37461978516788        2.4301127199374164E-003   4620.6160588459043        8.0034120940711660E-009   3.6244871589478793E-010
   1.1870857505869004        9802959062.5260925        205.82772799971056        2.3554944750014840E-003   4665.6475572807576        7.8402305651098825E-009   3.6333225301254011E-010
   1.1903986873471515        9398271948.2334805        213.49678843123161        2.2831085167207572E-003   4709.9404961851651        7.6782784888053450E-009   3.6406527871300285E-010
   1.1937698765088389        9012208067.0714264        221.38632606742908        2.2128786327573571E-003   4753.4682313100866        7.5176590314860745E-009   3.6463693112862598E-010
   1.1972003423421254        8643787043.7351570        229.50097456521846        2.1447319444354647E-003   4796.2050637327202        7.3584670799249821E-009   3.6503671594567719E-010
   1.2006911271272349        8292085898.8621731        237.84548252598836        2.0785987395498876E-003   4838.1262229498934        7.2007896620300138E-009   3.6525457869701681E-010
   1.2042432914711307        7956235435.2767410        246.42471904294618        2.0144123135467430E-003   4879.2079069205311        7.0447062750872723E-009   3.6528098034360098E-010
   1.2078579146297592        7635417135.7575254        255.24367493918265        1.9521088179134446E-003   4919.4271440279490        6.8902894669686164E-009   3.6510694557458626E-010
   1.2115360948359608        7328859402.2866592        264.30748040913323        1.8916271178597780E-003   4958.7621978807956        6.7376046341861846E-009   3.6472417766183981E-010
   1.2152789496331473        7035836501.7027445        273.62137630655650        1.8329086519274897E-003   4997.1913092092873        6.5867121139018047E-009   3.6412494880971740E-010
   1.2190876162148445        6755660368.5782223        283.19083864491870        1.7758973138605903E-003   5034.6965267673349        6.4376624154731589E-009   3.6314378456671189E-010
   1.2229632517702078        6487682503.9323940        293.02157723110923        1.7205393444328523E-003   5071.2610028828822        6.2905005322073536E-009   3.6183526159013555E-010
   1.2269070338356107        6231294015.9410086        303.11933601228731        1.6667832024268858E-003   5106.8669292338182        6.1452687833589867E-009   3.6029700055092453E-010
   1.2309201606524165        5985920985.1017113        313.48997475148616        1.6145794400124437E-003   5141.4970032558904        6.0020050166594917E-009   3.5852607749752549E-010
   1.2350038515310395        5751021896.2654152        324.13952500605478        1.5638805950640192E-003   5175.1347199429429        5.8607424976605489E-009   3.5652040206372748E-010
   1.2391593472214111        5526085575.7783842        335.07418076989279        1.5146410913904750E-003   5207.7644218371688        5.7215101194454463E-009   3.5427874062214199E-010
   1.2433879102899557        5310629325.2013073        346.30031122022694        1.4668171443986272E-003   5239.3713022806760        5.5843326659424661E-009   3.5180073006351921E-010
   1.2476908255031967        5104197186.4872036        357.82446412159419        1.4203666717614596E-003   5269.9413992946329        5.4492310757233754E-009   3.4908688681446944E-010
   1.2520694002181090        4906358319.9791651        369.65337290041970        1.3752492087159951E-003   5299.4615873136199        5.3162226956773494E-009   3.4613861186225241E-010
   1.2565249647793331        4716705486.1687937        381.79396235917886        1.3314258277691178E-003   5327.9195682265499        5.1853215227007333E-009   3.4295819180227350E-010
   1.2610588729233749        4534853624.1463070        394.25335503034904        1.2888590625767438E-003   5355.3038619346089        5.0565384331080648E-009   3.3954879570170904E-010
   1.2656725021899122        4360438520.5021868        407.03887737201683        1.2475128357868129E-003   5381.6037965548740        4.9298814000327088E-009   3.3591446754221312E-010
   1.2703672543403324        4193115562.7778745        420.15806610894083        1.2073523906422300E-003   5406.8094982844286        4.8053556990235455E-009   3.3206011395538797E-010
   1.2751445557836316        4032558571.9552250        433.61867458825316        1.1683442261518455E-003   5430.9118807836048        4.6829641020748591E-009   3.2799148693634515E-010
   1.2800058580098004        3878458708.8692398        447.42867918502481        1.1304560356465022E-003   5453.9026342118259        4.5627070605160341E-009   3.2371516130284554E-010
   1.2849526380308309        3730523449.6161871        461.59628573571251        1.0936566485470031E-003   5475.7742139491329        4.4445828769592270E-009   3.1923850667854218E-010
   1.2899863988294786        3588475625.5665727        476.12993598598251        1.0579159751795820E-003   5496.5198288018546        4.3285878668174119E-009   3.1456965382207960E-010
   1.2951086698159142        3452052523.3745360        491.03831407753108        1.0232049544845400E-003   5516.1334293671634        4.2147165093196800E-009   3.0971745532088143E-010
   1.3003210072924043        3321005042.0246501        506.33035296063895        9.8949550446846089E-004   5534.6096949396360        4.1029615896268869E-009   3.0469144048308833E-010
   1.3056249949261645        3195096900.2789240        522.01524104707050        9.5676047526934208E-004   5551.9440238747384        3.9933143287146418E-009   2.9950176514115450E-010
   1.3110222442305255        3074103899.5854058        538.10242816280527        9.2497360467998484E-004   5568.1325130916175        3.8857645123822430E-009   2.9415915500063843E-010
   1.3165143950545604        2957813214.3250790        554.60163356549799        8.9410947607534497E-004   5583.1719703665158        3.7803005872084563E-009   2.8867484773010937E-010
   1.3221031160813197        2846022779.1775446        571.52284792012676        8.6414347842275838E-004   5597.0598269061757        3.6769098202865857E-009   2.8306051995108255E-010
   1.3277901053348302        2738540557.8280182        588.87635353874123        8.3505176886476706E-004   5609.7943549335978        3.5755782375044132E-009   2.7732824249965020E-010
   1.3335770906960043        2635184313.7209654        606.67269261414435        8.0681123600019806E-004   5621.3739573099720        3.4762911869259602E-009   2.7149033746816845E-010
   1.3394658304276241        2535780055.7094207        624.92280228157381        7.7939946895363673E-004   5631.7992929649154        3.3790320218288438E-009   2.6551905693806862E-010
   1.3454581137085557        2440162745.2915597        643.63794020566081        7.5279472661817035E-004   5641.0708355451679        3.2837838322617648E-009   2.5946615558565640E-010
   1.3515557611773557        2348175591.5337095        662.82954353953119        7.2697590423420036E-004   5649.1891885745499        3.1905292313437957E-009   2.5335407957860089E-010
   1.3577606254854362        2259669392.0255809        682.50937642446911        7.0192250320493042E-004   5656.1554784954797        3.0992501353181178E-009   2.4719508618446645E-010
   1.3640745918599584        2174502073.6196532        702.68951366256090        6.7761460409360261E-004   5661.9714290590764        3.0099277684798798E-009   2.4100134186579822E-010
   1.3704995786766205        2092538291.2964656        723.38235936742274        6.5403284126580162E-004   5666.6393721326667        2.9225427077854444E-009   2.3478485810320002E-010
   1.3770375380425204        2013649056.9429195        744.60064984518283        6.3115837902068359E-004   5670.1622469908025        2.8370749317224922E-009   2.2855742857858699E-010
   1.3836904563892638        1937711391.3362331        766.35746253721584        6.0897288905844996E-004   5672.5435976270192        2.7535038666023876E-009   2.2233056928853244E-010
   1.3904603550765042        1864607996.9999259        788.66622269941161        5.8745852922812271E-004   5673.7875704094549        2.6718084293168861E-009   2.1611546246642285E-010
   1.3973492910060930        1794226950.4741642        811.54071123028621        5.6659792348489084E-004   5673.8989131203662        2.5919670667186552E-009   2.0992290500008600E-010
   1.4043593572470283        1726461412.8150709        834.99507232617054        5.4637414299894176E-004   5672.8829751154735        2.5139577919246675E-009   2.0376326179318795E-010
   1.4114926836713946        1661209357.1088319        859.04382156541681        5.2677068835740013E-004   5670.7457089014706        2.4377582176929436E-009   1.9764642447730934E-010
   1.4187514376014818        1598373312.3097527        883.70185410798899        5.0777147280298086E-004   5667.4936719216030        2.3633455877067432E-009   1.9158177568842354E-010
   1.4261378244682847        1537860121.4508018        908.98445350116447        4.8936080645914609E-004   5663.1340318596722        2.2906968045134731E-009   1.8557815929726852E-010
   1.4336540884815800        1479580716.2154450        934.90729995906452        4.7152338148031539E-004   5657.6745650906905        2.2197884589690488E-009   1.7964385609405071E-010
   1.4413025133117852        1423449898.5463767        961.48648149843848        4.5424425810678553E-004   5651.1236794707966        2.1505968479235565E-009   1.7378656662055025E-010
   1.4490854227838079        1369386153.3994887        988.73849809403907        4.3750885149019636E-004   5643.4903660747141        2.0830980204552238E-009   1.6801339611204437E-010
   1.4570051815830944        1317311418.6967945        1016.6802886252801        4.2130291949705632E-004   5634.7843707847223        2.0172677341585687E-009   1.6233085572710433E-010
   1.4650641959740942        1267151026.9818358        1045.3291942840458        4.0561255069610636E-004   5625.0156957759818        1.9530816733508729E-009   1.5674483794843375E-010
   1.4732649145313550        1218833185.1533020        1074.7031298663478        3.9042415468216497E-004   5614.1961455005976        1.8905148869673015E-009   1.5124196202912875E-010
   1.4816098288834760        1172289220.7907126        1104.8205076267184        3.7572445235424144E-004   5602.3376659091246        1.8295424699311437E-009   1.4584275998971691E-010
   1.4901014744701397        1127453363.5534532        1135.7000677998647        3.6150046528023969E-004   5589.4525676292551        1.7701394749519978E-009   1.4055504876933718E-010
   1.4987424313124560        1084262546.7688222        1167.3610529658645        3.4773950601436980E-004   5575.5537547411359        1.7122808370790723E-009   1.3538260030868274E-010
   1.5075353247968519        1042656264.1013417        1199.8231872387355        3.3442916956576526E-004   5560.6547749750898        1.6559413734852400E-009   1.3032861229378266E-010
   1.5164828264727435        1002576442.9470599        1233.1067051863135        3.2155732540311427E-004   5544.7698322906363        1.6010957977337543E-009   1.2539573198293487E-010
   1.5255876548642340        963967326.51537287        1267.2323598894047        3.0911210997989298E-004   5527.9137929665012        1.5477187362268389E-009   1.2058608222609211E-010
   1.5348525762960854        926775364.01613450        1302.2214388784150        2.9708191969994677E-004   5510.1021831701564        1.4957847467887263E-009   1.1590128916985299E-010
   1.5442804057342112        890949104.35191000        1338.0957800363522        2.8545540431738382E-004   5491.3512015976748        1.4452683321478840E-009   1.1134251188808687E-010
   1.5538740076409501        856439104.43841290        1374.8777813931438        2.7422146069019590E-004   5471.6776780567634        1.3961439685340134E-009   1.0691047151343863E-010
   1.5636362968453756        823197817.59245431        1412.5904370397766        2.6336922699587355E-004   5451.0991890177538        1.3483860890826090E-009   1.0260548507998822E-010
   1.5735702394289115        791179562.46908581        1451.2573088085405        2.5288807697780211E-004   5429.6336843292002        1.3019692010214580E-009   9.8423095875792768E-011
   1.5836788536265174        760340140.83956349        1490.9028910661584        2.4276761631145214E-004   5407.3015514586932        1.2568673634302144E-009   9.4345763925982315E-011
   1.5939652107437192        730637250.81115174        1531.5522431430616        2.3299767750484431E-004   5384.1223899590441        1.2130550802436251E-009   9.0397893205212044E-011
   1.6044324360897693        702030218.28883350        1573.2307260862924        2.2356831388881240E-004   5360.1161396423513        1.1705069752865325E-009   8.6578192676212826E-011
   1.6150837099272057        674479889.80042779        1615.9644823976214        2.1446979465100893E-004   5335.3032883813712        1.1291977418453378E-009   8.2885122569506484E-011
   1.6259222684381180        647948560.50885308        1659.7802884666255        2.0569260078267119E-004   5309.7048986996097        1.0891021471447904E-009   7.9316923463885529E-011
   1.6369514047073945        622399911.31998312        1704.7056445836870        1.9722742111307121E-004   5283.3425931811917        1.0501950465472636E-009   7.5871642901537322E-011
   1.6481744697232639        597798950.49432564        1750.7687675560601        1.8906514859651840E-004   5256.2385299851576        1.0124513996481746E-009   7.2547160276370581E-011
   1.6595948733954264        574111958.42956078        1797.9986226346302        1.8119687674141474E-004   5228.4153737206198        9.7584628625902244E-010   6.9341210027608152E-011
   1.6712160855910900        551306435.40868628        1846.4249401337270        1.7361389619809689E-004   5199.8962623353700        9.4035492221898516E-010   6.6251403148181374E-011
   1.6830416371892205        529351051.77103508        1896.0782393737347        1.6630769148017900E-004   5170.7047729467422        9.0595267433221811E-010   6.3275247049284626E-011
   1.6950751211533317        508215601.24638170        1946.9898490412477        1.5926993780761989E-004   5140.8648782791297        8.7261507610834945E-010   6.0410163708321969E-011
   1.7073201936231359        487870954.61777037        1999.1919338677258        1.5249249807004097E-004   5110.4009198958775        8.4031783921332667E-010   5.7653506457743389E-011
   1.7197805750253923        468289021.50447917        2052.7175072433024        1.4596741986449942E-004   5079.3375182707669        8.0903687568948509E-010   5.5002574595225330E-011
   1.7324600512042847        449442696.60345900        2107.6004881266667        1.3968693270249453E-004   5047.6996658950147        7.7874828601642954E-010   5.2454628454679165E-011
   1.7453624745716776        431305860.06082505        2163.8756321528258        1.3364344506514795E-004   5015.5122481556873        7.4942844680693465E-010   5.0006897636415615E-011
   1.7584917652775960        413853224.72222179        2221.5788747684351        1.2782954221106333E-004   4982.8013117851733        7.2105379930100682E-010   4.7649321699074421E-011
   1.7718519124012868        397060446.61437976        2280.7471343380798        1.2223798355436011E-004   4949.5924268350982        6.9360114053456007E-010   4.5386855835979900E-011
   1.7854469751632227        380904051.55527669        2341.4180003268202        1.1686169974460023E-004   4915.9110035780268        6.6704755928481848E-010   4.3217550610190040E-011
   1.7992810841584179        365361385.17672670        2403.6301380436298        1.1169378989125630E-004   4881.7824176605918        6.4137041217351683E-010   4.1138470550553620E-011
   1.8133584426114275        350410579.31035197        2467.4232142574415        1.0672751913287930E-004   4847.2319904693159        6.1654732751648555E-010   3.9146708955178542E-011
   1.8276833276534170        336030522.43006432        2532.8379705726356        1.0195631621248930E-004   4812.2849387248925        5.9255621381381304E-010   3.7239393866523982E-011
   1.8422600916216840        322200831.93383026        2599.9162340824232        9.7373771109261748E-005   4776.9663183937873        5.6937526875486330E-010   3.5413693179193961E-011
   1.8570931633820325        308901827.69224942        2668.7009532880320        9.2973632688571122E-005   4741.3009675684407        5.4698298778786157E-010   3.3666818997835996E-011
   1.8721870496743962        296114506.74720240        2739.2362243148746        8.8749806376987563E-005   4705.3134497431574        5.2535817215048342E-010   3.1996031340156219E-011
   1.8875463364821243        283820519.04896080        2811.5673218032321        8.4696351854276811E-005   4669.0279984741601        5.0447993626605558E-010   3.0398641262526114E-011
   1.9031756904253432        272002144.26046079        2885.7407282244567        8.0807480760468993E-005   4632.4684625849886        4.8432771467820666E-010   2.8872013469816353E-011
   1.9190798601788175        260642269.33142051        2961.8041655055335        7.7077554415749550E-005   4595.6582563517422        4.6488126803851641E-010   2.7413568489621039E-011
   1.9352636779147439        249724367.52357507        3039.8066232829678        7.3501081547191769E-005   4558.6203027270021        4.4612068962429005E-010   2.6020784408106342E-011
   1.9517320607709099        239232476.66976541        3119.7983987646066        7.0072716030945164E-005   4521.3770081090970        4.2802640800594781E-010   2.4691198379878846E-011
   1.9684900123446742        229151183.10867414        3201.8311052155077        6.6787254615318097E-005   4483.9501513029936        4.1057919901839546E-010   2.3422407471954469E-011
   1.9855426242132079        219465591.89402184        3285.9577885349136        6.3639634718192019E-005   4446.3610503344398        3.9376016766827580E-010   2.2211142779470699E-011
   2.0028950774804746        210161317.39074963        3372.2329562967989        6.0624932207747634E-005   4408.6303789113263        3.7755076933195221E-010   2.1055578469603597E-011
   2.0205526443514064        201224472.82725996        3460.7124367687966        5.7738359104002111E-005   4370.7779836652971        3.6193282725066123E-010   1.9954308628351420E-011
   2.0385206897337591        192641646.64240733        3551.4534755183558        5.4975261271999805E-005   4332.8229736436142        3.4688852119149546E-010   1.8905120678528385E-011
   2.0568046728681404        184399885.09505674        3644.5148301348363        5.2331116159491067E-005   4294.7837193211590        3.3240038691974110E-010   1.7905871689237751E-011
   2.0754101489866859        176486676.59499845        3739.9567843020341        4.9801530555284893E-005   4256.6778377382770        3.1845131742062685E-010   1.6954487475651886E-011
   2.0943427710009153        168889936.80724835        3837.8411905971288        4.7382238341252247E-005   4218.5221783386969        3.0502456403679891E-010   1.6048961602169740E-011
   2.1136082912192551        161597994.34130377        3938.2315011030832        4.5069098243739192E-005   4180.3328129622269        2.9210373719950338E-010   1.5187354316074897E-011
   2.1332125630947667        154599576.98088154        4041.1928027982794        4.2858091581359258E-005   4142.1250300411784        2.7967280672807146E-010   1.4367791421833835E-011
   2.1531615430036064        147883798.37425241        4146.7918516612781        4.0745320010832941E-005   4103.9133344704487        2.6771610159200605E-010   1.3588463108678507E-011
   2.1734612920547494        141440145.32253674        4255.0971056408735        3.8727003269973211E-005   4065.7114487549297        2.5621830948303470E-010   1.2847622728209318E-011
   2.1941179779315436        135258465.16473150        4366.1787633986569        3.6799476921255049E-005   4027.5323285473801        2.4516447520349686E-010   1.2143585556729516E-011
   2.2151378767656396        129328954.68490258        4480.1087850696076        3.4959190088480582E-005   3989.3881511208106        2.3454000092610417E-010   1.1474727460878335E-011
   2.2365273750438694        123642146.18515065        4596.9609721942606        3.3202703211029431E-005   3951.2904044832376        2.2433063919275472E-010   1.0839320044038567E-011
   2.2582929715486566        118188899.68857765        4716.8109639779941        3.1526685780555880E-005   3913.2498121269655        2.1452249761060636E-010   1.0236061206207691E-011
   2.2804412793325475        112960391.13012576        4839.7362233475551        2.9927914080653813E-005   3875.2763843841713        2.0510203395395387E-010   9.6635069962517964E-012
   2.3029790277274529        107948101.62738709        4965.8161331996243        2.8403268926288254E-005   3837.3794549238128        1.9605605240223719E-010   9.1202517934752767E-012
   2.3259130643892307        103143807.53271568        5095.1320086028300        2.6949733416947524E-005   3799.5677086831465        1.8737170034490045E-010   8.6049457015919510E-012
   2.3492503573782075        98539570.614871725        5227.7671416552666        2.5564390693735123E-005   3761.8492195274071        1.7903646443382571E-010   8.1162928560644173E-012
   2.3729979972762916        94127729.374409303        5363.8068114495518        2.4244421699190328E-005   3724.2314603327318        1.7103816807944554E-010   7.6531255575789991E-012
   2.3971631993413061        89900890.137165129        5503.3382935847121        2.2987102941195934E-005   3686.7213299406753        1.6336496755399188E-010   7.2142659461386650E-012
   2.4217533056992049        85851916.860939607        5646.4509586464092        2.1789804276254572E-005   3649.3252460680828        1.5600534442356309E-010   6.7984455841646961E-012
   2.4467757875748362        81973923.620064467        5793.2363059703048        2.0649986702066632E-005   3612.0491515538311        1.4894810286386642E-010   6.4045729748766396E-012
   2.4722382475619264        78260266.676563397        5943.7879438579957        1.9565200160338421E-005   3574.8985439444459        1.4218236530392255E-010   6.0316019921994936E-012
   2.4981484219329810        74704536.632094890        6098.2016346679166        1.8533081346769829E-005   3537.8785109669780        1.3569756749104507E-010   5.6785219016914800E-012
   2.5245141829898015        71300550.715057209        6256.5753218380287        1.7551351537762677E-005   3500.9937718445390        1.2948345312274944E-010   5.3443629420514932E-012
   2.5513435414553287        68042345.759199247        6419.0091418904294        1.6617814429521741E-005   3464.2486972118181        1.2353006929750289E-010   5.0282296322651815E-012
   2.5786446489075461        64924170.939629026        6585.6054398716442        1.5730353994583413E-005   3427.6473490478852        1.1782776079856649E-010   4.7292417299248172E-012
   2.6064258002561789        61940480.860211380        6756.4688050733766        1.4886932355830556E-005   3391.1935144774498        1.1236716453084905E-010   4.4465572418999490E-012
   2.6346954362629398        59085928.887661085        6931.7060843900717        1.4085587681110381E-005   3354.8907374084620        1.0713920391977671E-010   4.1793710214864146E-012
   2.6634621461060890        56355360.701245569        7111.4264013796010        1.3324432098021919E-005   3318.7423484440665        1.0213508324118872E-010   3.9269133989727901E-012
   2.6927346699900907        53743808.045432307        7295.7411698559245        1.2601649630724340E-005   3282.7514932767795        9.7346281886725271E-011   3.6884488462034093E-012
   2.7225219018011533        51246482.683905497        7484.7641059006173        1.1915494159702484E-005   3246.9211590425180        9.2764548592840384E-011   3.4632746749651828E-012
   2.7528328918094620        48858770.525901891        7678.6112379605702        1.1264287405918676E-005   3211.2541998943261        8.8381895599027034E-011   3.2507197705586330E-012
   2.7836768494189297        46576225.984469585        7877.4009102969321        1.0646416940019434E-005   3175.7533575736275        8.4190592895008183E-011   3.0501433578349115E-012
   2.8150631459652939        44394566.358304076        8081.2537967396893        1.0060334219009346E-005   3140.4212899936019        8.0183162122944169E-011   2.8609240074711019E-012
   2.8470013175634135        42309666.603029765        8290.2928984691189        9.5045526497122303E-006   3105.2605841338745        7.6352370967371168E-011   2.6824839025152934E-012
   2.8795010680046320        40317554.198813491        8504.6435210289528        8.9776456807216923E-006   3070.2737703454773        7.2691227411982410E-011   2.5142725345844644E-012
   2.9125722717050868        38414404.084449463        8724.4332753506606        8.4782449235493517E-006   3035.4633408070217        6.9192973817688068E-011   2.3557586210904214E-012
   2.9462249767058575        36596533.785269104        8949.7920695115045        8.0050383045821103E-006   3000.8317638169810        6.5851081122530879E-011   2.2064356097913809E-012
   2.9804694077258649        34860398.696886346        9180.8520907119455        7.5567682485005010E-006   2966.3814958564412        6.2659243099730041E-011   2.0658206566096886E-012
   3.0153159692684586        33202587.510967650        9417.7477843171127        7.1322298937043214E-006   2932.1149919935037        5.9611370661828569E-011   1.9334536389462834E-012
   3.0507752487826170        31619817.782606129        9660.6158262432746        6.7302693404959563E-006   2898.0347143481326        5.6701586226976983E-011   1.8088962037920663E-012
   3.0868580198797391        30108931.618237481        9909.5950921816038        6.3497819327676099E-006   2864.1431401343525        5.3924218116148099E-011   1.6917308506861647E-012
   3.1235752456069985        28666891.529186200        10164.826614648237        5.9897105734362217E-006   2830.4427649199815        5.1273795097164151E-011   1.5815600468543499E-012
   3.1609380817782493        27290776.296430007        10426.453554937865        5.6490440752031163E-006   2796.9361152252122        4.8745040742801378E-011   1.4779983456807232E-012
   3.1989578803635026        25977777.126548659        10694.621147162958        5.3268155455455014E-006   2763.6257443829113        4.6332868243514377E-011   1.3806905461997262E-012
   3.2376461929380054        24725193.858233985        10969.476611501905        5.0221008073414650E-006   2730.5142324678222        4.4032375148576446E-011   1.2892981046817705E-012
   3.2770147741919571        23530431.226428624        11251.169104246490        4.7340168548827365E-006   2697.6041904788681        4.1838838062235624E-011   1.2034948856324578E-012
   3.3170755855019443        22390995.266121086        11539.849648512789        4.4617203462488751E-006   2664.8982612126906        3.9747707487644697E-011   1.1229708154677135E-012
   3.3578407985651739        21304489.828332409        11835.671051101959        4.2044061320480180E-006   2632.3991188931363        3.7754602767302306E-011   1.0474311797014426E-012
   3.3993227990976052        20268613.201636564        12138.787812039051        3.9613058205128446E-006   2600.1094678403601        3.5855307114340431E-011   9.7659594800331927E-013
   3.4415341905971086        19281154.831162646        12449.356025192590        3.7316863791230540E-006   2568.0320408818047        3.4045762724821578E-011   9.1019912630997742E-013
   3.4844877981727906        18339992.145221271        12767.533266292921        3.5148487726611682E-006   2536.1695959313506        3.2322066001928095E-011   8.4798813451971979E-013
   3.5281966724416578        17443087.446491964        13093.478481707061        3.3101266379972079E-006   2504.5249160798221        3.0680462801759361E-011   7.8972186662131467E-013
   3.5726740934937888        16588484.954694996        13427.351848439164        3.1168849949091397E-006   2473.1008014950885        2.9117343904492379E-011   7.3517540817836478E-013
   3.6179335749272341        15774307.888106689        13769.314623504159        2.9345189934813381E-006   2441.9000674088838        2.7629240462323332E-011   6.8413281910692646E-013
   3.6639888679538570        14998755.636380300        14119.529010443830        2.7624526973912086E-006   2410.9255414786548        2.6212819549106412E-011   6.3638865703984248E-013
   3.7108539655773720        14260101.033486705        14478.157990568656        2.6001379032571934E-006   2380.1800590741691        2.4864879836448419E-011   5.9174880050520207E-013
   3.7585431068448472        13556687.710645234        14845.365145422040        2.4470529955125817E-006   2349.6664586577617        2.3582347356566506E-011   5.5002934549468128E-013
   3.8070707811729609        12886927.528874431        15221.314468473209        2.3027018365129834E-006   2319.3875771173352        2.2362271355846624E-011   5.1105606582988906E-013
   3.8564517327503305        12249298.089452216        15606.170164297710        2.1666126915346435E-006   2289.3462450802544        2.1201820239728036E-011   4.7466399337937210E-013
   3.9067009650172428        11642340.323144646        16000.096433471792        2.0383371882286886E-006   2259.5452817250994        2.0098277615163867E-011   4.4069706120789537E-013
   3.9578337452241605        11064656.149235051        16403.257247341713        1.9174493101335191E-006   2229.9874903561022        1.9049038414285553E-011   4.0900696553695717E-013
   4.0098656090703795        10514906.203684472        16815.816117529044        1.8035444237862489E-006   2200.6756547787168        1.8051605101465645E-011   3.7945357809867321E-013
   4.0628123654242456        9991807.6679654252        17237.935820335315        1.6962383386714035E-006   2171.6125297484664        1.7103584038723561E-011   3.5190661338507394E-013
   4.1166901011263723        9494132.1320991218        17669.778122453645        1.5951663998458754E-006   2142.8008377763008        1.6202681862175887E-011   3.2624127243313245E-013
   4.1715151858773156        9020703.5343589913        18111.503519786060        1.4999826122871826E-006   2114.2432641107216        1.5346701969018302E-011   3.0233970397711077E-013
   4.2273042772111857        8570396.1691130493        18563.270935691005        1.4103587967528618E-006   2085.9424514275474        1.4533541097832030E-011   2.8009066546593293E-013
   4.2840743255567180        8142132.7590959435        19025.237416698968        1.3259837762669438E-006   2057.9009942481921        1.3761185996998463E-011   2.5938919831197712E-013
   4.3418425793873263        7734882.5892857993        19497.557812516858        1.2465625927084339E-006   2030.1214334864590        1.3027710177044087E-011   2.4013631688108110E-013
   4.4006265904617212        7347659.7044754745        19980.384442501716        1.1718157527694379E-006   2002.6062501431254        1.2331270754024608E-011   2.2223871060088422E-013
   4.4604442191566633        6979521.1572174244        20473.866762960635        1.1014785027373146E-006   1975.3578611792032        1.1670105355975935E-011   2.0560797776380428E-013
   4.5213136398934965        6629565.3283377653        20978.151009540190        1.0353001312119628E-006   1948.3786114948214        1.1042529144403247E-011   1.9016179302709228E-013
   4.5832533466600882        6296930.2950198026        21493.379820959588        9.7304329929208310E-007   1921.6707678997298        1.0446931896258943E-011   1.7582237122661572E-013
   4.6462821586298713        5980792.2522447882        22019.691882829840        9.1448339733060173E-007   1895.2365132322218        9.8817751615929342E-012   1.6251633387403574E-013
   4.7104192258796767        5680363.9896626417        22557.221551714509        8.5940792769804582E-007   1869.0779399597545        9.3455895027760994E-012   1.5017467708278472E-013
   4.7756840352081200        5394893.4209140660        23106.098475966512        8.0761591277582662E-007   1843.1970435165874        8.8369718104240657E-012   1.3873254197834817E-013
   4.8420964160562763        5123662.1636475492        23666.447213434833        7.5891732747501842E-007   1817.5957155118906        8.3545826935550381E-012   1.2812899553384026E-013
   4.9096765465324781        4865984.1693406021        24238.386848105427        7.1313255555414180E-007   1792.2757366633618        7.8971439435810193E-012   1.1830682142980067E-013
   4.9784449595430367        4621204.4000650141        24822.030611396891        6.7009186903638133E-007   1767.2387700193779        7.4634360672888088E-012   1.0921223694522979E-013
   5.0484225490307644        4388697.5534330290        25417.485506326495        6.2963492998911864E-007   1742.4863536550961        7.0522958930501220E-012   1.0079489396899375E-013
   5.1196305763231962        4167866.8339114091        26024.851929995279        5.9161031396865027E-007   1718.0198930015777        6.6626142477918709E-012   9.3007676523180139E-014
   5.1920906765924215        3958142.7662674026        26644.223314024734        5.5587505442877144E-007   1693.8406539360763        6.2933336970762214E-012   8.5806318697865935E-014
   5.2658248654285229        3758982.0528491992        27275.685780518903        5.2229420737818445E-007   1669.9497556947049        5.9434463537355404E-012   7.9149366178283987E-014
   5.3408555455285720        3569866.4730939167        27919.317806751500        4.9074043562074804E-007   1646.3481638499625        5.6119917532287477E-012   7.2998019240342859E-014
   5.4172055135032586        3390301.8234266615        28575.189911537462        4.6109361188155164E-007   1623.0366836418473        5.2980547936331952E-012   6.7315983482345423E-014
   5.4948979668032001        3219816.8977304003        29243.364356764665        4.3324044013883218E-007   1600.0159531615202        5.0007637425468397E-012   6.2069327947290209E-014
   5.5739565107670250        3057962.5030868333        29923.894886808579        4.0707409454713731E-007   1577.2864384239542        4.7192883015475867E-012   5.7226358574257808E-014
   5.6544051657934054        2904310.5226002559        30616.826444239017        3.8249387515912489E-007   1554.8484241483393        4.4528377555122902E-012   5.2757949010814776E-014
   5.7362683746391792        2758452.9969491470        31322.194980879693        3.5940488010281082E-007   1532.7020135948253        4.2006591484792372E-012   4.8635929694541189E-014
   5.8195710098458129        2620001.2539540422        32040.027320180005        3.3771769318471907E-007   1510.8471227029318        3.9620355510470820E-012   4.4834545819549720E-014
   5.9043383812964354        2488585.0700447257        32770.340945935248        3.1734808673249536E-007   1489.2834765887369        3.7362843863739132E-012   4.1329796831267598E-014
   5.9905962439057507        2363851.8633723133        33513.143906100791        2.9821673874401442E-007   1468.0106069683154        3.5227558172439154E-012   3.8099332262790845E-014
   6.0783708054451688        2245465.9187708651        34268.434719396872        2.8024896394818206E-007   1447.0278507416156        3.3208311964321592E-012   3.5122352392993873E-014
   6.1676887345055320        2133107.6432883511        35036.202331460394        2.6337445813791060E-007   1426.3343496223524        3.1299215799004936E-012   3.2379515349990651E-014
   6.2585771685998344        2026472.8513701602        35816.426101125675        2.4752705525425214E-007   1405.9290509410762        2.9494663027493515E-012   2.9852846161311408E-014
   6.3510637224084414        1925272.0786154796        36609.075824907886        2.3264449667528304E-007   1385.8107096405106        2.7789316175099336E-012   2.7525654987788774E-014
   6.4451764961692612        1829229.9232544922        37414.111793491611        2.1866821219405724E-007   1365.9778914057044        2.6178093944987119E-012   2.5382463742678627E-014
   6.5409440842154618        1738084.4140780743        38231.484882509038        2.0554311218319619E-007   1346.4289771082379        2.4656158829999430E-012   2.3408914887303626E-014
   6.6383955836632937        1651586.4040520634        39061.136675635353        1.9321739045544547E-007   1327.1621684132019        2.3218905326587011E-012   2.1591707310953565E-014
   6.7375606032526933        1569498.9886457033        39902.999614684224        1.8164233735176467E-007   1308.1754945447888        2.1861948739231154E-012   1.9918527967113435E-014
   6.8384692723433131        1491596.9479339914        40756.997176001838        1.7077216259844756E-007   1289.4668201487482        2.0581114559819735E-012   1.8377987079180654E-014
   6.9411522500687424        1417666.2115871848        41623.044068891053        1.6056382749333442E-007   1271.0338541770341        1.9372428406148984E-012   1.6959556753725279E-014
   7.0456407346516920        1347503.3458690341        42501.046452894872        1.5097688599535254E-007   1252.8741597068774        1.8232106499928012E-012   1.5653512310399645E-014
   7.1519664728829611        1280915.0618213806        43390.902169681365        1.4197333430685409E-007   1234.9851645744081        1.7156546663243744E-012   1.4450878421637218E-014
   7.2601617697670813        1217717.7438340867        44292.500984876766        1.3351746855301404E-007   1217.3641726969884        1.6142319811033364E-012   1.3343377445354426E-014
   7.3702594983375729        1157736.9977855941        45205.724836299763        1.2557575017731341E-007   1200.0083759868392        1.5186161913653377E-012   1.2323378202933812E-014
   7.4822931096447602        1100807.2180379285        46130.448084012023        1.1811667868551241E-007   1182.9148666955368        1.4284966404764936E-012   1.1383850851556899E-014
   7.5962966429192358        1046771.1725652100        47066.537756882994        1.1111067138554992E-007   1166.0806500631202        1.3435777007868019E-012   1.0518323202382173E-014
   7.7123047359140076        995479.60552541038        48013.853791759619        1.0452994978331984E-007   1149.5026571353856        1.2635780954097854E-012   9.7208396213788173E-015
   7.8303526354285102        946790.85661846946        48972.249260537894        9.8348432308040095E-008   1133.1777576233872        1.1882302564835301E-012   8.9859224183027187E-015
   7.9504762080176601        900570.49660046468        49941.570580942687        9.2541633053597798E-008   1117.1027726812977        1.1172797172428966E-012   8.3085355586367410E-015
   8.0727119508892038        856690.97835304169        50921.657706789134        8.7086566234851179E-008   1101.2744874883797        1.0504845353372113E-012   7.6840508824493939E-015
   8.1970970029926882        815031.30293450470        51912.344293643189        8.1961656070017410E-008   1085.6896635273515        9.8761474497322259E-013   7.1082165507129125E-015
   8.3236691563034082        775476.70005443995        52913.457836315982        7.7146651812230323E-008   1070.3450504728621        9.2845183551346517E-013   6.5771270790582706E-015
   8.4524668673047554        737918.32244432380        53924.819774909811        7.2622547664764387E-008   1055.2373976078477        8.7278825442342573E-013   6.0871960137221920E-015
   8.5835292686724820        702252.95362742490        54946.245565420235        6.8371507325620585E-008   1040.3634646806966        8.2042693254328802E-013   5.6351303332289856E-015
   8.7168961811643904        668382.72856200894        55977.544713662457        6.4376792918673639E-008   1025.7200322016477        7.7118082987265242E-013   5.2179066976359639E-015
   8.8526081257191009        636214.86680054502        57018.520764918860        6.0622698076813450E-008   1011.3039109571857        7.2487250038830965E-013   4.8327494516953966E-015
   8.9907063357675554        605661.41736199346        58068.971261498496        5.7094484960342580E-008   997.11195125470897        6.8133367387694337E-013   4.4771107932783984E-015
   9.1312327697609774        576639.01597523678        59128.687615575589        5.3778324981593618E-008   983.14105010547951        6.4040485537763410E-013   4.1486846785395015E-015
   9.2742301239191445        549068.65201232152        60197.454982686315        5.0661243068837568E-008   969.38816001864791        6.0193493723359752E-013   3.8452862561207573E-015
   9.4197418452027968        522875.44702937116        61275.052123307098        4.7731065218577186E-008   955.85029529196242        5.6578082694835881E-013   3.5649391800260672E-015
   9.5678121445141500        497988.44366424071        62361.251108017961        4.4976369217838207E-008   942.52453798710917        5.3180708832073398E-013   3.3058317264074048E-015
   9.7184860101295154        474340.40424057737        63455.817042925861        4.2386438309369116E-008   929.40804311425529        4.9988559490765167E-013   3.0662993785498542E-015
   9.8718092213681121        451867.61892704043        64558.507718407287        3.9951217658533995E-008   916.49804316087261        4.6989519554989988E-013   2.8448125106713487E-015
   10.027828362501229        430509.72303272132        65669.073216235265        3.7661273453270465E-008   903.79185188218116        4.4172139141721189E-013   2.6399651129951028E-015
   10.186590836905935        410209.52310535486        66787.255459222768        3.5507754489873971E-008   891.28686740117587        4.1525602418534687E-013   2.4504644545078139E-015
   10.348144881467684        390912.83147134096        67912.787709573546        3.3482356099613301E-008   878.98057462618613        3.9039697500096178E-013   2.2751216374082305E-015
   10.512539581236142        372568.30887927435        69045.394013095211        3.1577286280696969E-008   866.87054701964905        3.6704787395377215E-013   2.1128429554299226E-015
   10.679824884338730        355127.31491186511        70184.788590486729        2.9785233906292821E-008   854.95444774457405        3.4511781978396880E-013   1.9626219929651707E-015
   10.850051617156396        338543.76584193605        71330.675175422686        2.8099338886452690E-008   843.23003022607520        3.2452110964123750E-013   1.8235324024758248E-015
   11.023271499766199        322773.99961628951        72482.746299987266        2.6513164168125452E-008   831.69513816446647        3.0517697868081659E-013   1.6947213021721591E-015
   11.199537161655478        307776.64766027557        73640.682527788318        2.5020669463775314E-008   820.34770504165658        2.8700934933172302E-013   1.5754032403129620E-015
   11.378902157712268        293512.51320441091        74804.151635362825        2.3616186605044000E-008   809.18575316663760        2.6994659008165399E-013   1.4648546765804498E-015
   11.561420984496927        279944.45584351436        75972.807742463978        2.2294396423625696E-008   798.20739230546155        2.5392128360210299E-013   1.3624089350694470E-015
   11.747149096799845        267037.28204747185        77146.290391906048        2.1050307066968816E-008   787.41081794880176        2.3887000408139590E-013   1.2674515900385250E-015
   11.936142924490309        254757.64135158452        78324.223579730329        1.9879233661622207E-008   776.79430926787416        2.2473310359224554E-013   1.1794162364880777E-015
   12.128459889661618        243073.92796319717        79506.214736499431        1.8776779242015259E-008   766.35622681388975        2.1145450734368711E-013   1.0977806131319947E-015
   12.324158424077661        231956.18753062881        80691.853660496505        1.7738816867144337E-008   756.09501001632611        1.9898151764363376E-013   1.0220630737174125E-015
   12.523297986926277        221376.02882862557        81880.711403662412        1.6761472852177493E-008   746.00917453699901        1.8726462641093864E-013   9.5181933205964470E-016
   12.725939082884775        211306.54012354286        83072.339111257999        1.5841111046212243E-008   736.09730953592180        1.7625733604761582E-013   8.8663948353146624E-016
   12.932143280503086        201722.20999009474        84266.266816161704        1.4974318091480681E-008   726.35807490443881        1.6591598848992827E-013   8.2614527250337631E-016
   13.141973230910187        192598.85236010569        85462.002188893850        1.4157889603130920E-008   716.79019852039983        1.5619960224015237E-013   7.6998758417585853E-016
   13.355492686849413        183913.53559208909        86659.029244526697        1.3388817212358493E-008   707.39247357701868        1.4706971717985556E-013   7.1784414132621164E-016
   13.572766522048488        175644.51535884800        87856.807007864540        1.2664276419078220E-008   698.16375603485062        1.3849024695182608E-013   6.6941738829119398E-016
   13.793860750930149        167771.17115842059        89054.768138488740        1.1981615203591235E-008   689.10296224222952        1.3042733869406875E-013   6.2443254616925556E-016
   14.018842548669342        160273.94626172484        90252.317517637290        1.1338343349771802E-008   680.20906676546974        1.2284923990634402E-013   5.8263582475075062E-016
   14.247780271603080        153134.29091818063        91448.830799264324        1.0732122435194367E-008   671.48110046553370        1.1572617221484455E-013   5.4379277797492493E-016
   14.480743477999200        146334.60864790264        92643.652928341951        1.0160756446353196E-008   662.91814885275392        1.0903021180845518E-013   5.0768679097896776E-016
   14.717802949190276        139858.20545753645        93836.096629865147        9.6221829796951881E-009   654.51935074185235        1.0273517630697473E-013   4.7411768782682766E-016
   14.959030711079151        133689.24182112436        95025.440873856016        9.1144649916692845E-009   646.28389723785074        9.6816517817483834E-014   4.4290045002425045E-016
   15.204500056022610        127812.68728361049        96210.929319804200        8.6357830630888890E-009   638.21103102878044        9.1251221952653929E-014   4.1386403678713785E-016
   15.454285565099829        122214.27752325575        97391.768754364894        8.1844281458355070E-009   630.30004610788853        8.6017712537064889E-014   3.8685032790329065E-016
   15.708463130772389        116880.47380533531        98567.127506456978        7.7587947603172551E-009   622.55028755388742        8.1095761841238167E-014   3.6171461775898000E-016
   15.967109979942707        111798.42456578325        99736.133886434007        7.3573746179800896E-009   614.96115211573442        7.6466405949280515E-014   3.3832024882198942E-016
   16.230304697417949        106955.92910626599        100897.87468824229        6.9787506367776411E-009   607.53208877702616        7.2111865149515048E-014   3.1654155554307692E-016
   16.498127249786481        102341.40329621969        102051.39365424179        6.6215913313750087E-009   600.26259969001012        6.8015469113367262E-014   2.9626274466150388E-016
   16.770659009714151        97943.847109818336        103195.69003077576        6.2846455496374914E-009   593.15224135839935        6.4161586568692975E-014   2.7737663901894072E-016
   17.047982780667805        93752.813916456595        104329.71719479629        5.9667375353036265E-009   586.20062606654676        6.0535559264909146E-014   2.5978401456979058E-016
   17.330182822073503        89758.381421505997        105452.38138716163        5.6667622957471409E-009   579.40742348828735        5.7123640005502704E-014   2.4339298951037800E-016
   17.617344874917091        85951.124164209890        106562.54057886121        5.3836812556736067E-009   572.77236242891047        5.3912934533281984E-014   2.2811846141155327E-016
   17.909556187794941        82322.087481864495        107659.00350714817        5.1165181785614678E-009   566.29523263902809        5.0891347052999805E-014   2.1388158852653634E-016
   18.206905543422746        78862.762855173569        108740.52892150941        4.8643553388856321E-009   559.97588663343538        4.8047529192777945E-014   2.0060931176685224E-016
   18.509483285610397        75565.064554068653        109805.82508568265        4.6263299292105156E-009   553.81424144176265        4.5370832205340590E-014   1.8823391411780688E-016
   18.817381346711212        72421.307507820093        110853.54958742918        4.4016306872526455E-009   547.81028021027817        4.2851262217834613E-014   1.7669261450658948E-016
   19.130693275553778        69424.186327701071        111882.30951377825        4.1894947289529163E-009   541.96405356550429        4.0479438353452109E-014   1.6592719338866182E-016
   19.449514265864938        66566.755414766085        112890.66205503288        3.9892045745116967E-009   536.27568064841648        3.8246553547291265E-014   1.5588364752765075E-016
   19.773941185192562        63842.410089456636        113877.11560646344        3.8000853551601098E-009   530.74534971653600        3.6144337894289388E-014   1.4651187163869809E-016
   20.104072604336857        61244.868683972978        114840.13144125404        3.6215021892724781E-009   525.37331821259909        3.4165024370339796E-014   1.3776536476583191E-016
   20.440008827299181        58768.155542371394        115778.12603213494        3.4528577171561756E-009   520.15991218994577        3.2301316780409928E-014   1.2960095941922152E-016
   20.781851921757479        56406.584877453090        116689.47410155000        3.2935897846114052E-009   515.10552498808636        3.0546359791544691E-014   1.2197857167300141E-016
   21.129705750077530        54154.745437580197        117572.51248047299        3.1431692660163613E-009   510.21061505057884        2.8893710917239174E-014   1.1486097055277459E-016
   21.483676000869529        52007.485940563376        118425.54485416450        3.0010980183830246E-009   505.47570278079553        2.7337314334806024E-014   1.0821356519738856E-016
   21.843870221099497        49959.901235796278        119246.84746770118        2.8669069584444013E-009   500.90136634247619        2.5871476411606416E-014   1.0200420838772009E-016
   22.210397848765343        48007.319160214429        120034.67585572273        2.7401542554663602E-009   496.48823630612623        2.4490842840043723E-014   9.6203015348804281E-017
   22.583370246147449        46145.288056197714        120787.27264662785        2.6204236330232953E-009   492.23698913992706        2.3190377265418681E-014   9.0782195805248830E-017
   22.962900733643963        44369.564928568994        121502.87647634141        2.5073227736239334E-009   488.14833936699904        2.1965341336340878E-014   8.5715899584286045E-017
   23.349104624200962        42676.104205282187        122179.73201634757        2.4004818203987191E-009   484.22303056394014        2.0811276060555247E-014   8.0980073980296106E-017
   23.742099258348059        41061.047119949173        122816.10111457681        2.2995519710563236E-009   480.46182484945086        1.9723984425269864E-014   7.6552331774398929E-017
   24.142004039850040        39520.711586531703        123410.27495205728        2.2042041585212846E-009   476.86549199498990        1.8699515107060482E-014   7.2411829401475706E-017
   24.548940471985365        38051.582897362059        123960.58724823665        2.1141278163282241E-009   473.43479483542995        1.7734147494150598E-014   6.8539154756842764E-017
   24.963032194462574        36650.304188585171        124465.42807217935        2.0290297189489942E-009   470.17048196447416        1.6824377073733111E-014   6.4916222786062885E-017
   25.384405020985806        35313.669834776767        124923.25885961068        1.9486329081968812E-009   467.07325360294067        1.5966903765507343E-014   6.1526181639886486E-017
   25.813186977480850        34038.612142173522        125332.62661556130        1.8726756670219791E-009   464.14380937694938        1.5158615219040207E-014   5.8353318658880312E-017
   26.249508340993309        32822.210525021081        125692.18087698448        1.8009106180271072E-009   461.38263531947769        1.4396588755332729E-014   5.5382995682382632E-017
   26.693501679270760        31661.634565174827        126000.68675380816        1.7331037735179578E-009   458.79061366000661        1.3678040805481050E-014   5.2601524025419362E-017
   27.145301891040880        30554.289613429115        126257.03821327710        1.6690338258938408E-009   456.36703470613776        1.3000436626075162E-014   4.9996242899625210E-017
   27.605046246997787        29497.349323467148        126460.31026634129        1.6084913535324191E-009   454.11579932614501        1.2361122675224998E-014   4.7555014361505481E-017
   28.072874431509074        28489.146024132711        126609.60931737095        1.5512768929868278E-009   452.02575570351786        1.1758389049127255E-014   4.5267463127985211E-017
   28.548928585056196        27525.946056279059        126704.98538351654        1.4972038841919924E-009   450.11781329909059        1.1188989873031843E-014   4.3122022964424070E-017
   29.031224061195065        26616.309518764654        126745.28065991978        1.4462803250045389E-009   448.28691028029408        1.0658285088021744E-014   4.1123305948094149E-017
   29.515612030597531        25740.562863213327        126745.28065991978        1.3986938947100055E-009   446.89619393512004        1.0150799229395987E-014   3.9252490353623225E-017
   30.000000000000000        24920.539744751975        126745.28065991978        1.3541353768792979E-009   445.55941091939491        9.6818987665866573E-015   3.7521078783758175E-017
