# EXHALE schema 2
# columns r[Rp] rho[mH/cm3] v[cm/s] p[cgs] T[K] heat[erg/cm3/s] cool[erg/cm3/s]
# rows 504: 2 ghost cells at each end; physical cells are rows 3 to 502
# coupling: sec_ion=T sec_ion_step=0 recon=PLM certified=F cert_reason=no_stationary_claim mode=init
# provenance: git=43bc28cef587 tree=dirty run=2026-09-14T10:29:58
# provenance: ck_input=2305791220613575850 ck_base=974744345121358978 ck_metals=-1
# provenance: recon=PLM base_bc=characteristic carrier=none restart_schema=3 resid_def=145 N=500
# restart_schema 1
# reservoir He/H 1.2013713563870798E+01 C/H 2.7779940740580773E-04 O/H 1.0515625292913719E-06 N/H 8.1906725814471010E-05
# species_columns 34 r HI HII HeI HeII HeIII HeITR CI CII CIII OI OII OIII NI NII NIII MgI MgII MgIII SiI SiII SiIII CaI CaII CaIII NaI NaII KI KII SI SII FeI FeII FeIII
# grid N 500 R0[cm] 1.1591568918355787E+09 r_min[Rp] 1.0001933187778382E+00 r_max[Rp] 2.9031224061195065E+01 mode Mixed
# constants set IAU2015+CODATA2018 RJ[cm] 7.1492000000000000E+09 kB[erg/K] 1.3806490000000000E-16
# options He23S=T metals=T eos_metals=T mol=F molbase=F oxychem=F carrier=F carrier_newton=F iontrans=F he_diff=T he_metal_diff=F sec_ion=T caloric_mono=F excH=F base_ir=F mol_ir=F mol_heat=T visc=F cond=F jlya=0 wellbal=T
# t_phys[s] 0.0000000000000000E+00
# source git=43bc28cef587 tree=dirty restart_input=provenance_unknown
  0.99980668122216187        55083793737492.945       -3.0570005372904205        1.0058086080280622        495.08150573506032        2.1988574715373639E-008   1.6698637790387779E-010
   1.0000000000000000        53959564109503.523       -3.1194856697896522       0.97182908416646363        488.32237966923611        2.2733179351473261E-008   1.7021336591673881E-010
   1.0001933187778382        51619647489882.578      -0.11740884491284355       0.93895309604354160        493.18968272189483        2.2938608325106960E-008   1.7344144946100448E-010
   1.0003866375556763        48811536175993.430      -0.13862020058583824       0.90768970369829782        504.19468643900234        2.2846686695355931E-008   1.7660645754201060E-010
   1.0005799563335145        46111633557257.305        8.6943363918339900E-002  0.87814331351316599        516.34138294740706        2.2697045689302385E-008   1.7968591569930322E-010
   1.0007732751113527        43608723986382.750        4.6455889304599346E-002  0.85022865074148213        528.61942263665924        2.2538252279367282E-008   1.8268041004212267E-010
   1.0009665938891910        41300712799311.352        7.4553702006595154E-002  0.82382014639067436        540.82193143586710        2.2379999543458485E-008   1.8559213610303390E-010
   1.0011599126670290        39170904533083.797        7.0449989135417140E-002  0.79880181512036197        552.90880307285443        2.2224264391854517E-008   1.8842470620445276E-010
   1.0013532314448672        37201846587102.766        7.7531976440486289E-002  0.77506687118333883        564.87365582618656        2.2071440843962937E-008   1.9118143789808822E-010
   1.0015465502227054        35377732139070.094        8.0269768898917529E-002  0.75251950566986370        576.71726418677963        2.1921610945434354E-008   1.9386566692709562E-010
   1.0017398690005437        33684566415564.023        8.4747310170648571E-002  0.73107307687184275        588.44177699216948        2.1774782241684418E-008   1.9648055873812074E-010
   1.0019331877783817        32109996307205.004        8.8689147747169322E-002  0.71064929284697220        600.04964632479653        2.1630942300510655E-008   1.9902916540725776E-010
   1.0021265065562199        30643094759474.293        9.2966019255461024E-002  0.69117714969637101        611.54335906576648        2.1490068077451334E-008   2.0151440147719782E-010
   1.0023198253340582        29274170636000.102        9.7249114506830631E-002  0.67259213029737330        622.92539489713079        2.1352129550349668E-008   2.0393905474144226E-010
   1.0025131441118964        27994604778458.980       0.10166377616243781       0.65483546575921170        634.19820332085658        2.1217091085748285E-008   2.0630730052598771E-010
   1.0027064628897344        26796710571189.148       0.10616293197375865       0.63785351005792290        645.36420324362223        2.1084912414859140E-008   2.0862150750276738E-010
   1.0028997816675727        25673615184574.242       0.11076487272848511       0.62159718937642305        656.42577861042241        2.0955549494948891E-008   2.1088274991602043E-010
   1.0030931004454109        24619158191581.172       0.11546313681469458       0.60602152305257806        667.38527428542329        2.0828955346647889E-008   2.1309333393553439E-010
   1.0032864192232491        23627804477152.109       0.12026066646419768       0.59108520292658961        678.24499544647892        2.0705080645549936E-008   2.1525545721165429E-010
   1.0034797380010871        22694569446935.402       0.12515686732960166       0.57675022391007558        689.00720426532746        2.0583874341208023E-008   2.1737121347072358E-010
   1.0036730567789254        21814954401983.426       0.13015250860431513       0.56298155827515595        699.67411919389360        2.0465284124552465E-008   2.1944259700260240E-010
   1.0038663755567636        20984890618463.203       0.13524786670095884       0.54974686788673222        710.24791412426237        2.0349256841091046E-008   2.2147150702190499E-010
   1.0040596943346018        20200690793189.395       0.14044342695992340       0.53701624926460856        720.73071811319278        2.0235738830255781E-008   2.2345975183834092E-010
   1.0042530131124399        19459006787949.809       0.14573961701166888       0.52476200719916521        731.12461484712196        2.0124676220890426E-008   2.2540905282311478E-010
   1.0044463318902781        18756792742672.562       0.15113690697074425       0.51295845324340839        741.43164229711340        2.0016015175624658E-008   2.2732104817763068E-010
   1.0046396506681163        18091272761857.863       0.15663577074404017       0.50158172595746386        751.65379380330319        1.9909702057338319E-008   2.2919729652259799E-010
   1.0048329694459543        17459912612649.432       0.16223669958523271       0.49060963020477860        761.79301734535511        1.9805683613893832E-008   2.3103928034684325E-010
   1.0050262882237926        16860394799808.555       0.16794019643842883       0.48002149317729609        771.85121629970195        1.9703907092618539E-008   2.3284840934330108E-010
   1.0052196070016308        16290596596643.896       0.17374677742585740       0.46979803515811414        781.83025022538379        1.9604320330910131E-008   2.3462602367469352E-010
   1.0054129257794691        15748570649745.926       0.17965697042934292       0.45992125328290262        791.73193504244580        1.9506871842561641E-008   2.3637339740688740E-010
   1.0056062445573071        15232527806223.154       0.18567131491158104       0.45037431679249185        801.55804318125001        1.9411510886712280E-008   2.3809174334448814E-010
   1.0057995633351453        14740821838825.971       0.19179036161787555       0.44114147248079111        811.31030579626417        1.9318187470609029E-008   2.3978220985808413E-010
   1.0059928821129835        14271935927531.590       0.19801467192988426       0.43220795918962202        820.99041167960286        1.9226852423423876E-008   2.4144589039088308E-010
   1.0061862008908218        13824470575106.539       0.20434481746008731       0.42355993034749512        830.60000840965654        1.9137457403052807E-008   2.4308382365748016E-010
   1.0063795196686598        13397132812595.371       0.21078137975661462       0.41518438369595351        840.14070416874756        1.9049954880239210E-008   2.4469699564031141E-010
   1.0065728384464980        12988726585610.318       0.21732494976130887       0.40706909742690978        849.61406722626168        1.8964298172279433E-008   2.4628634104754253E-010
   1.0067661572243365        12598144123153.828       0.22397612757852342       0.39920257205144705        859.02162655445034        1.8880441443326410E-008   2.4785274426058331E-010
   1.0069594760021756        12224358167672.123       0.23073552191546157       0.39157397742002309        868.36487423223480        1.8798339660428319E-008   2.4939703992573881E-010
   1.0071527947800178        11866415057950.287       0.23760374990194891       0.38417310435581464        877.64526314757541        1.8717948653125727E-008   2.5092001348496873E-010
   1.0073461135578718        11523428411746.986       0.24458143658459050       0.37699032044448022        886.86421118988562        1.8639225024262476E-008   2.5242240188483311E-010
   1.0075394323357734        11194573516817.152       0.25166921464227981       0.37001652956881331        896.02309894545158        1.8562126204374265E-008   2.5390489479732096E-010
   1.0077327511138647        10879082198347.809       0.25886772401366898       0.36324313481469711        905.12327252808507        1.8486610391407460E-008   2.5536813646519958E-010
   1.0079260698927159        10576238220178.051       0.26617761145057361       0.35666200442497514        914.16604295076843        1.8412636565858098E-008   2.5681272826007860E-010
   1.0081193886746063        10285373098493.867       0.27359953066281412       0.35026544048161395        923.15268709819657        1.8340164472601348E-008   2.5823923185349329E-010
   1.0083127074686531        10005862288225.941       0.28113414184172020       0.34404614998145522        932.08444997387789        1.8269154585546851E-008   2.5964817289401601E-010
   1.0085060263113255        9737121714438.0273       0.28878211286258088       0.33799721773871427        940.96254635924925        1.8199568119334252E-008   2.6104004535331511E-010
   1.0086993453485009        9478604470289.2988       0.29654412425537813       0.33211207962320438        949.78817234409439        1.8131366977142121E-008   2.6241531789702331E-010
   1.0088926651636878        9229797369329.5020       0.30442089049753723       0.32638449094608685        958.56254395262590        1.8064513698412944E-008   2.6377444881255647E-010
   1.0090859880909211        8990216003557.4180       0.31241324760641642       0.32080847031761506        967.28705376507003        1.7998971216509630E-008   2.6511793665998364E-010
   1.0092793234663395        8759393371811.7510       0.32052250818014955       0.31537814277220050        975.96389018309412        1.7934702069367441E-008   2.6644651773308548E-010
   1.0094727086344986        8536842971577.4473       0.32875190483853423       0.31008718541171770        984.59850629892367        1.7871665552796414E-008   2.6776196196318100E-010
   1.0096662929736202        8321922729825.7510       0.33711244363426668       0.30492671850751496        993.20945998503339        1.7809807553818520E-008   2.6907029625376148E-010
   1.0098606739965927        8113533269953.5791       0.34563742376453321       0.29987706307729695        1001.8405439665579        1.7749019714126740E-008   2.7038708284275094E-010
   1.0100574069010908        7910212612693.5215       0.35438340310210442       0.29489626446133715        1010.5148948238389        1.7689025549608870E-008   2.7171530826503722E-010
   1.0102575990216738        7710919687680.0400       0.36339883392076194       0.28995717642595936        1019.2609634451245        1.7629390432791422E-008   2.7305125186074510E-010
   1.0104613111828178        7515347745861.3379       0.37270552363496917       0.28506024449159306        1028.1139628133890        1.7569885613427869E-008   2.7439819635059086E-010
   1.0106686052784950        7323466272847.9512       0.38231416120319661       0.28020598323815382        1037.0751918211608        1.7510519118069573E-008   2.7575626211587659E-010
   1.0108795442909790        7135243949422.2900       0.39223587575684948       0.27539488993177202        1046.1459591702146        1.7451298392641641E-008   2.7712556055942734E-010
   1.0110941923099799        6950648593896.4697       0.40248224856038883       0.27062744432461477        1055.3275958774652        1.7392230006064215E-008   2.7850619226829652E-010
   1.0113126145521172        6769647192781.6240       0.41306533613769608       0.26590410849847146        1064.6214567836294        1.7333319552444285E-008   2.7989824513887936E-010
   1.0115348773807351        6592205935893.9180       0.42399768942153410       0.26122532672320775        1074.0289215495093        1.7274571562040632E-008   2.8130179239841072E-010
   1.0117610483260642        6418290260483.2676       0.43529237632688184       0.25659152532547169        1083.5513941809049        1.7215989436528140E-008   2.8271689053615390E-010
   1.0119911961057415        6247864895032.4189       0.44696300372708875       0.25200311256417662        1093.1903023125133        1.7157575387118770E-008   2.8414357714289804E-010
   1.0122253906456866        6080893896638.6514       0.45902374105515908       0.24746047851469388        1102.9470973205196        1.7099330358550217E-008   2.8558186865677492E-010
   1.0124637031013488        5917340697405.8379       0.47148934481870636       0.24296399496014334        1112.8232525896642        1.7041253983317036E-008   2.8703175804847659E-010
   1.0127062058793259        5757168138171.7949       0.48437518427348514       0.23851401529060826        1122.8202636924232        1.6983344505216240E-008   2.8849319131056852E-010
   1.0129529726593638        5600338510798.7842       0.49769726808095444       0.23411087441119421        1132.9396467366541        1.6925598733783090E-008   2.8996585740383755E-010
   1.0132040784167418        5446813595937.5693       0.51147227177026844       0.22975488865683041        1143.1829371366794        1.6868011993322760E-008   2.9144987947123513E-010
   1.0134595994450530        5296554700390.5850       0.52571756711963091       0.22544635571498814        1153.5516880761604        1.6810578079187438E-008   2.9294512403844023E-010
   1.0137196133793853        5149522691651.4248       0.54045125222907608       0.22118555455697517        1164.0474691640495        1.6753289214185966E-008   2.9445142076937379E-010
   1.0139841992199077        5005678035254.7637       0.55569218262912223       0.21697274537723218        1174.6718640481599        1.6696136024571665E-008   2.9596855986239221E-010
   1.0142534373558743        4864980825275.7227       0.57146000480181591       0.21280816954157133        1185.4264691047979        1.6639107504312136E-008   2.9749628946267285E-010
   1.0145274095900483        4727390820723.3262       0.58777518996950728       0.20869204954422613        1196.3128903260247        1.6582191011568968E-008   2.9903431314201797E-010
   1.0148061991635569        4592867473445.1582       0.60465906968400929       0.20462458897415037        1207.3327417297123        1.6525372248535345E-008   3.0058228743654885E-010
   1.0150898907811812        4461369962026.5703       0.62213387331861103       0.20060597249110826        1218.4876418311399        1.6468635276382225E-008   3.0213981950427596E-010
   1.0153785706370937        4332857218095.9170       0.64022276653531318       0.19663636581161786        1229.7792115344178        1.6411962516986916E-008   3.0370646489439121E-010
   1.0156723264410457        4207287957458.4443       0.65894989168886875       0.19271591570553231        1241.2090702587084        1.6355334787994606E-008   3.0528172549101367E-010
   1.0159712474450167        4084620705415.3696       0.67834041016735269       0.18884475000308745        1252.7788331181694        1.6298731331720306E-008   3.0686504763270589E-010
   1.0162754244703309        3964813822154.5654       0.69842054615180371       0.18502297761463460        1264.4901076700746        1.6242129859719885E-008   3.0845548032191581E-010
   1.0165849499352533        3847825528520.9854       0.71921763234690339       0.18125068856243937        1276.3444900624822        1.6185506615744693E-008   3.1005222435045541E-010
   1.0168999178830667        3733613930542.4966       0.74076015782629057       0.17752795402454488        1288.3435610343820        1.6128836451088867E-008   3.1165488621354292E-010
   1.0172204240106471        3622137044511.8735       0.76307781732126778       0.17385482639050959        1300.4888811514897        1.6072092920612479E-008   3.1326265896703905E-010
   1.0175465656975389        3513352815599.3301       0.78620156347287939       0.17023133933155146        1312.7819877926474        1.6015248367171473E-008   3.1487467265479667E-010
   1.0178784420355407        3407219140190.4561       0.81016366097815207       0.16665750788619732        1325.2243905242767        1.5958274039294922E-008   3.1648999400501576E-010
   1.0182161538588137        3303693886977.6958       0.83499774303483987       0.16313332855990198        1337.8175664300820        1.5901140220884623E-008   3.1810762650855856E-010
   1.0185598037745174        3202734915014.4165       0.86073887053777987       0.15965877944055387        1350.5629562397958        1.5843816362678389E-008   3.1972651089523060E-010
   1.0189094961939849        3104300093580.0049       0.88742359349902877       0.15623382033027211        1363.4619594488638        1.5786271238680140E-008   3.2134552606000280E-010
   1.0192653373644465        3008347319595.0771       0.91509001564520909       0.15285839289361475        1376.5159301266804        1.5728473105812225E-008   3.2296349043893985E-010
   1.0196274354013106        2914834535576.9927       0.94377786178589373       0.14953242082301221        1389.7261722684623        1.5670389880753007E-008   3.2457916386784863E-010
   1.0199959003210131        2823719745891.7964       0.97352854809352651       0.14625581002188850        1403.0939357284253        1.5611989321159796E-008   3.2619124993172588E-010
   1.0203708440744426        2734961033473.5044        1.0043852559921569       0.14302844880597021        1416.6204118494666        1.5553239221859618E-008   3.2779793272719352E-010
   1.0207523805809555        2648516572043.0435        1.0363930104825281       0.13985020812498217        1430.3067314166669        1.5494107594440745E-008   3.2939704862834896E-010
   1.0211406257629874        2564344648796.6089        1.0695987593472986       0.13672094180114303        1444.1539571964647        1.5434562919091494E-008   3.3098813931656637E-010
   1.0215356975812748        2482403676718.0669        1.1040514575128479       0.13364048678396828        1458.1630816331597        1.5374574344935361E-008   3.3256969100215153E-010
   1.0219377160706946        2402652209613.0874        1.1398021569246133       0.13060866342567237        1472.3350234520842        1.5314111912588496E-008   3.3414015077488837E-010
   1.0223468033767336        2325048956866.8687        1.1769040993455790       0.12762527577550267        1486.6706246226015        1.5253146779298665E-008   3.3569793190999263E-010
   1.0227630837926021        2249552797543.7070        1.2154128145402305       0.12469011189330667        1501.1706480389551        1.5191651442010140E-008   3.3724141966317529E-010
   1.0231866837969956        2176122795707.5203        1.2553862228654475       0.12180294418170812        1515.8357748372396        1.5129599970573187E-008   3.3876897758118525E-010
   1.0236177320925250        2104718214419.2417        1.2968847436944659       0.11896352973647495        1530.6666029724363        1.5066968231138610E-008   3.4027895426484818E-010
   1.0240563596448189        2035298530360.1924        1.3399714090920671       0.11617161071516337        1545.6636459486215        1.5003734111754980E-008   3.4176969059311529E-010
   1.0245026997223152        1967823449296.4392        1.3847119832465604       0.11342691472246884        1560.8273314016080        1.4939877750162971E-008   3.4323952735652403E-010
   1.0249568879367523        1902252917070.7761        1.4311750899950790       0.11072915521418353        1576.1580038762834        1.4875381720382726E-008   3.4468681323075554E-010
   1.0254190622843729        1838547144324.2068        1.4794323415049146       0.10807803191266561        1591.6559171332560        1.4810231324331760E-008   3.4611168042251191E-010
   1.0258893631878496        1776666605382.3301        1.5295584837506218       0.10547323124134396        1607.3212482964220        1.4744414662217102E-008   3.4750942344695769E-010
   1.0263679335389522        1716572062574.5823        1.5816315459405672       0.10291442677801488        1623.1540925122047        1.4677922898033356E-008   3.4887947502689906E-010
   1.0268549187419593        1658224579684.4417        1.6357329911543532       0.10040127971563383        1639.1544668634733        1.4610750428369078E-008   3.5022026951760219E-010
   1.0273504667578401        1601585536548.7888        1.6919478853862799        9.7933439336202466E-002   1655.3223142474740        1.4542895047271060E-008   3.5153029119930521E-010
   1.0278547281492065        1546616643545.3687        1.7503650705996499        9.5510543495935990E-002   1671.6575083311075        1.4474358097437606E-008   3.5280808352170132E-010
   1.0283678561260603        1493279956324.2014        1.8110773505691813        9.3132219120282314E-002   1688.1598591651571        1.4405144609431304E-008   3.5405225836216623E-010
   1.0288900065923423        1441537890402.3052        1.8741816861887202        9.0798082707356148E-002   1704.8291198824102        1.4335263426657232E-008   3.5526150526416572E-010
   1.0294213381933011        1391353235329.6067        1.9397794027558330        8.8507740838692270E-002   1721.6649948068991        1.4264727311865995E-008   3.5643460055621268E-010
   1.0299620123636948        1342689169699.0779        2.0079764095339487        8.6260790695399478E-002   1738.6671475134476        1.4193553050742213E-008   3.5757041635014428E-010
   1.0305121933768382        1295509274088.5906        2.0788834336958684        8.4056820578973943E-002   1755.8352122486449        1.4121761519850039E-008   3.5866792923348941E-010
   1.0310720483945157        1249777547646.5022        2.1526162648934597        8.1895410433618920E-002   1773.1688013788159        1.4049377784553124E-008   3.5972622872353388E-010
   1.0316417475177699        1205458414491.0552        2.2292960243058175        7.9776132373684944E-002   1790.6675279114932        1.3976431071147009E-008   3.6074199006456265E-010
   1.0322214638385825        1162516743615.1484        2.3090494420345498        7.7698551211652311E-002   1808.3310105310172        1.3902954883520247E-008   3.6171572798076788E-010
   1.0328113734924655        1120917862707.0720        2.3920091433599269        7.5662224977979448E-002   1826.1588864992825        1.3828987054651645E-008   3.6264789242908581E-010
   1.0334116557119772        1080627568626.1923        2.4783139680398527        7.3666705438504648E-002   1844.1508303624105        1.3754569755105773E-008   3.6353807421742962E-010
   1.0340224928811779        1041612139071.4224        2.5681093058701396        7.1711538609190537E-002   1862.3065716514595        1.3679749511726612E-008   3.6438601099294557E-010
   1.0346440705910427        1003838343583.0248        2.6615474523087328        6.9796265265569854E-002   1880.6259145755785        1.3604577225400997E-008   3.6519159247421003E-010
   1.0352765776958524        967273454514.36865        2.7587879875323535        6.7920421445201190E-002   1899.1087581678858        1.3529108194734125E-008   3.6595486491072821E-010
   1.0359202063705704        931885256815.93384        2.8599981801332599        6.6083538941916847E-002   1917.7551189999801        1.3453402135099626E-008   3.6667603474690681E-010
   1.0365751521692328        897642057369.55530        2.9653534176728420        6.4285145790990317E-002   1936.5651553922635        1.3377523208681683E-008   3.6735547154727126E-010
   1.0372416140843632        864512693784.34497        3.0750376656347536        6.2524766743773719E-002   1955.5391929377756        1.3301540064463670E-008   3.6799371004724935E-010
   1.0379197946074332        832466541511.80786        3.1892439584314429        6.0801923731556247E-002   1974.6777539167481        1.3225525872059980E-008   3.6859145126087070E-010
   1.0386098997903854        801473522641.23657        3.3081749195181427        5.9116136316217226E-002   1993.9815832094778        1.3149558409857245E-008   3.6914956285231910E-010
   1.0393121393082374        771504106557.37915        3.4320433337673295        5.7466922131885312E-002   2013.4516946014573        1.3073720043372441E-008   3.6966662088701174E-010
   1.0400267265227883        742529321732.28308        3.5610727380236531        5.5853797312344709E-002   2033.0893907271159        1.2998097914482773E-008   3.7014588461811902E-010
   1.0407538785474446        714520758406.91174        3.6954980509037787        5.4276276899543445E-002   2052.8963046134213        1.2922784011887050E-008   3.7058886768582703E-010
   1.0414938163131853        687450571651.23218        3.8355662711629459        5.2733875239969766E-002   2072.8744416799768        1.2847875266857702E-008   3.7099707612439070E-010
   1.0422467646356879        661291483954.60547        3.9815372097452153        5.1226106366969046E-002   2093.0262243178709        1.2773473661785040E-008   3.7137217116286941E-010
   1.0430129522836342        636016787240.08521        4.1336842815463815        4.9752484368048099E-002   2113.3545391725706        1.2699686342688752E-008   3.7171596494535045E-010
   1.0437926120482171        611600343994.29443        4.2922953516582503        4.8312523736729701E-002   2133.8627882403885        1.2626625722088370E-008   3.7203041572031327E-010
   1.0445859808138698        588016587689.16882        4.4576736452657988        4.6905739708746792E-002   2154.5549441458056        1.2554409572385296E-008   3.7231762285037015E-010
   1.0453932996302382        565240522651.57397        4.6301387250253683        4.5531648582093666E-002   2175.4356082337213        1.2483161088486371E-008   3.7257982137794476E-010
   1.0462148137854201        543247723049.77808        4.8100275415189726        4.4189768020728847E-002   2196.5100739022182        1.2413008909910154E-008   3.7281937667366707E-010
   1.0470507728804894        522014331703.43665        4.9976955597454840        4.2879617341379433E-002   2217.7843926367568        1.2344087099807173E-008   3.7303877931369624E-010
   1.0479014309053347        501517057565.38635        5.1935179744629814        4.1600717783503112E-002   2239.2654468004407        1.2276535027155359E-008   3.7324066680337896E-010
   1.0487670463158272        481733175002.97028        5.3978910021352116        4.0352592760108885E-002   2260.9610171178761        1.2210497224374610E-008   3.7342880813152131E-010
   1.0496478821123492        462640518970.35583        5.6112332843908757        3.9134768090572314E-002   2282.8798697948519        1.2146123044970577E-008   3.7360504287579312E-010
   1.0505442059197001        444217482514.50348        5.8339873955871999        3.7946772216145307E-002   2305.0318353397238        1.2083566248742921E-008   3.7377232233677886E-010
   1.0514562900684101        426443013696.53052        6.0666214378671048        3.6788136394375032E-002   2327.4278919058597        1.2022984443849863E-008   3.7393370692786920E-010
   1.0523844116774823        409296611963.07098        6.3096307622230929        3.5658394872228702E-002   2350.0802521814644        1.1964538354117392E-008   3.7409236683556671E-010
   1.0533288527385896        392758324495.08276        6.5635398016381865        3.4557085037065970E-002   2373.0024500290265        1.1908390900510232E-008   3.7425158432869961E-010
   1.0542899002017521        376808742313.20239        6.8289040269283312        3.3483747544203184E-002   2396.2094276699368        1.1854706080156136E-008   3.7441475817802976E-010
   1.0552678460625220        361428996359.48785        7.1063120254442769        3.2437926419806078E-002   2419.7176214348960        1.1803647639822031E-008   3.7458541058944934E-010
   1.0562629874507008        346600753324.12292        7.3963877062974142        3.1419169137861400E-002   2443.5450456517806        1.1755377523754349E-008   3.7476719674752167E-010
   1.0572756267206158        332306211649.28894        7.6997926286072733        3.0427026669678708E-002   2467.7113693000797        1.1710054100659932E-008   3.7496391697758276E-010
   1.0583060715429848        318528096480.76154        8.0172284621555168        2.9461053505528363E-002   2492.2379928015393        1.1667830135606139E-008   3.7517953190387040E-010
   1.0593546349983962        305249657017.21033        8.3494395327949000        2.8520807644767044E-002   2517.1480963215517        1.1628850641170351E-008   3.7542193208836216E-010
   1.0604216356724316        292454662970.80396        8.6972154509675779        2.7605850550307572E-002   2542.4666765465390        1.1593250517587503E-008   3.7569792503609239E-010
   1.0615073977524627        280127392831.04938        9.0613940244461819        2.6715747079451256E-002   2568.2206375896603        1.1561151695910567E-008   3.7600639554268171E-010
   1.0626122511261489        268252631193.58127        9.4428641707397496        2.5850065388853653E-002   2594.4387925229817        1.1532660474928608E-008   3.7635220445260072E-010
   1.0637365314816669        256815663031.50809        9.8425687945714646        2.5008376803070328E-002   2621.1518639430656        1.1507864669943333E-008   3.7674050062057797E-010
   1.0648805804097041        245802266826.73389        10.261507835817973        2.4190255651624762E-002   2648.3924644251420        1.1486830664764620E-008   3.7717675462272463E-010
   1.0660447455072439        235198706781.79205        10.700741309486414        2.3395279076772971E-002   2676.1950547864108        1.1469600454193460E-008   3.7766679535029485E-010
   1.0672293804831747        224991724057.62018        11.161392368382449        2.2623026814190220E-002   2704.5958764343773        1.1456188733473102E-008   3.7821684883420824E-010
   1.0684348452657599        215168526988.61652        11.644650334047592        2.1873080949336529E-002   2733.6328533564924        1.1446580095574177E-008   3.7883357835665418E-010
   1.0696615061119930        205716780044.03360        12.151773670240255        2.1145025653144450E-002   2763.3454654764396        1.1440726417099283E-008   3.7952412594838984E-010
   1.0709097357188797        196624591730.81546        12.684092848653528        2.0438446901181184E-002   2793.7745865050429        1.1438544511309319E-008   3.8029615401950348E-010
   1.0721799133366723        187880500705.65152        13.243013087567098        1.9752932181908399E-002   2824.9622953219950        1.1439914095003451E-008   3.8115919607905182E-010
   1.0734724248840997        179473463498.95770        13.830016764172925        1.9088070195425574E-002   2856.9516085050768        1.1444676357400435E-008   3.8212612252888271E-010
   1.0747876630656195        171392833983.90427        14.446665846569189        1.8443450556145480E-002   2889.7862798806141        1.1452632598498241E-008   3.8320174570067347E-010
   1.0761260274907352        163628347452.92206        15.094604011945615        1.7818663508583223E-002   2923.5104870951554        1.1463543753260912E-008   3.8439627391763385E-010
   1.0774879247954079        156170102209.05365        15.775558189135968        1.7213299655508826E-002   2958.1685028065672        1.1477130467312857E-008   3.8572062555111470E-010
   1.0788737687656071        149008539856.11020        16.491339912412620        1.6626949708729431E-002   2993.8043393227504        1.1493073817843385E-008   3.8718645368114366E-010
   1.0802839804630291        142134424646.36377        17.243846177329242        1.6059204270779864E-002   3030.4613683546536        1.1511016725717737E-008   3.8880616405460499E-010
   1.0817189883530298        135538822254.73413        18.035059848090047        1.5509653654992956E-002   3068.1819169316286        1.1530566086998339E-008   3.9059292507911770E-010
   1.0831792284348056        129213077883.81941        18.867049568462523        1.4977887751443741E-002   3107.0068540620550        1.1551295604224415E-008   3.9256066950670394E-010
   1.0846651443738622        123148795108.93718        19.741969075812428        1.4463495944078208E-002   3146.9751435863591        1.1572749374345716E-008   3.9472408473736758E-010
   1.0861771876368154        117337812520.92569        20.662056163822605        1.3966067087785512E-002   3188.1234523516587        1.1594445921308708E-008   3.9709394748742895E-010
   1.0877158176285582        111772184038.90144        21.629630935185457        1.3485189548563765E-002   3230.4856889076486        1.1615883096625812E-008   3.9968702582503855E-010
   1.0892815018318442        106444159716.72975        22.647093179001395        1.3020451304215979E-002   3274.0925474924211        1.1636543498556304E-008   4.0252235036875406E-010
   1.0908747159493224        101346166104.38371        23.716919541659436        1.2571440111218239E-002   3318.9711099941378        1.1655900172268429E-008   4.0561694879459467E-010
   1.0924959440480688        96470788842.921600        24.841660123511133        1.2137743739852542E-002   3365.1444526431133        1.1673422697613667E-008   4.0898769429034797E-010
   1.0941456787066632        91810756248.980209        26.023934627333954        1.1718950276370000E-002   3412.6313092833834        1.1688583378206700E-008   4.1265015361935820E-010
   1.0958244211648480        87358926855.005707        27.266427817058599        1.1314648486543013E-002   3461.4457036621543        1.1700863732678536E-008   4.1662457043672277E-010
   1.0975326814758202        83108277694.892502        28.571884566519195        1.0924428234665834E-002   3511.5966654656372        1.1709760783693387E-008   4.2092896194267025E-010
   1.0992709786612012        79051894437.014954        29.943104976728538        1.0547880955987136E-002   3563.0880126389225        1.1714793078196227E-008   4.2556758661350430E-010
   1.1010398408687325        75182957843.817505        31.382940987279174        1.0184600190615437E-002   3615.9184873215891        1.1715505424120908E-008   4.3053244602902715E-010
   1.1028398055327413        71494752360.042068        32.894288400109772        9.8341821388019408E-003   3670.0810559160923        1.1711476037563929E-008   4.3587050214345494E-010
   1.1046714195374312        67980658636.025925        34.480079683977813        9.4962262237982473E-003   3725.5630053461123        1.1702320725975090E-008   4.4159679268719763E-010
   1.1065352393830408        64634151945.794540        36.143280736990938        9.1703356861334677E-003   3782.3459693375871        1.1687696849700291E-008   4.4772527790863794E-010
   1.1084318313549262        61448804076.116966        37.886884272574108        8.8561181876807369E-003   3840.4059616368545        1.1667306834991281E-008   4.5426861318928991E-010
   1.1103617716956165        58418284629.321312        39.713905482670292        8.5531864175060965E-003   3899.7135323646471        1.1640900334613174E-008   4.6123789891857225E-010
   1.1123256467798925        55536370724.396317        41.627375007415999        8.2611586782077810E-003   3960.2335287060046        1.1608276958308520E-008   4.6864240406837895E-010
   1.1143240532929459        52796937415.364052        43.630340758508446        7.9796594783482760E-003   4021.9264523889469        1.1569284289024232E-008   4.7641269736653191E-010
   1.1163575984116705        50193976163.926659        45.725864056537844        7.7083201065505456E-003   4084.7480094866992        1.1523820019888006E-008   4.8457069637687988E-010
   1.1184268999891407        47721607765.175385        47.917005693769958        7.4467791252284272E-003   4148.6488336529601        1.1471832654996643E-008   4.9315526598212972E-010
   1.1205325867423348        45374084071.201195        50.206826239364922        7.1946828209633234E-003   4213.5751513596879        1.1413319161853605E-008   5.0216366958294904E-010
   1.1226752984431581        43145794075.740906        52.598385803098189        6.9516856261584818E-003   4279.4692100147295        1.1348322678291826E-008   5.1159033035580327E-010
   1.1248556861128247        41031270936.744835        55.094741252096952        6.7174504944230015E-003   4346.2696409797754        1.1276929861027294E-008   5.2142678424541584E-010
   1.1270744122196581        39025197845.046677        57.698946160541183        6.4916492260247401E-003   4413.9119196162819        1.1199267533117512E-008   5.3166169731385010E-010
   1.1293321508803693        37122415926.560860        60.414048880665732        6.2739627365465608E-003   4482.3285452401933        1.1115499670840895E-008   5.4222893478541571E-010
   1.1316295880648737        35317907864.294228        63.243118082852753        6.0640813290732077E-003   4551.4522032179193        1.1025816820678614E-008   5.5296480199439791E-010
   1.1339674218047104        33606839221.683960        66.189217734827508        5.8617048708277299E-003   4621.2119761298363        1.0930442604271976E-008   5.6401342305474753E-010
   1.1363463624051242        31984548339.323589        69.255388377585120        5.6665428508083952E-003   4691.5350208471828        1.0829626208798876E-008   5.7535038742973225E-010
   1.1387671326608793        30446546030.217976        72.444677475368437        5.4783144318205834E-003   4762.3472418897572        1.0723637483854803E-008   5.8694934711964339E-010
   1.1412304680758660        28988517361.521435        75.760130271700987        5.2967484635555798E-003   4833.5735952183113        1.0612762984808746E-008   5.9878239166824728E-010
   1.1437371170865689        27606320236.995949        79.204799485890078        5.1215834569236602E-003   4905.1387566455323        1.0497301313666554E-008   6.1082051170515049E-010
   1.1462878412894646        26295990937.606426        82.781738107392272        4.9525675061107355E-003   4976.9664061938756        1.0377561631951632E-008   6.2303391168327131E-010
   1.1488834156724195        25053726023.200157        86.494033545402615        4.7894582091330493E-003   5048.9826855050369        1.0253853505439634E-008   6.3519807597502503E-010
   1.1515246288501526        23875887575.778660        90.344828675347372        4.6320225877573050E-003   5121.1157786185486        1.0126485708320655E-008   6.4726447699513263E-010
   1.1542122833038420        22759020209.782230        94.337254623818751        4.4800368951008283E-003   5193.2920914222232        9.9957717047563901E-009   6.5937682532809144E-010
   1.1569471956249431        21699836127.005112        98.474438294563427        4.3332863701051362E-003   5265.4383014498135        9.8620230336206335E-009   6.7150626139524936E-010
   1.1597301967632936        20695209271.231602        102.75953662512543        4.1915650116565008E-003   5337.4818347120845        9.7255464360147406E-009   6.8362563159062677E-010
   1.1625621322795818        19742169907.664536        107.19573108112854        4.0546753451563685E-003   5409.3512360107770        9.5866415442666068E-009   6.9570983053765906E-010
   1.1654438626022534        18837901753.079697        111.78622831214999        3.9224281714014949E-003   5480.9757502618331        9.4456002829523029E-009   7.0773593572987374E-010
   1.1683762632889361        17979731195.813274        116.53428171533805        3.7946423177093397E-003   5552.2870351259971        9.3027027411419273E-009   7.1968358944131757E-010
   1.1713602252924609        17165138647.012455        121.44313724841190        3.6711443416601866E-003   5623.2141142430792        9.1582249389425967E-009   7.3153413998112146E-010
   1.1743966552315608        16391704213.668798        126.51622841759645        3.5517683446528651E-003   5693.6992372345612        9.0124117201134165E-009   7.4274303813889786E-010
   1.1774864756663284        15657163049.732023        131.75705057998425        3.4363557382565309E-003   5763.6792950196432        8.8655081121267111E-009   7.5379412845910597E-010
   1.1806306253785190        14959379642.910734        137.16898605052836        3.3247548700071215E-003   5833.0910702760884        8.7177494685092277E-009   7.6467863454900780E-010
   1.1838300596567810        14296338177.204035        142.75551345989916        3.2168207261972295E-003   5901.8723242609640        8.5693593545494719E-009   7.7538783793224300E-010
   1.1870857505869004        13666136061.092999        148.52013543841289        3.1124146570935462E-003   5969.9620312221159        8.4205490906211962E-009   7.8591399700673132E-010
   1.1903986873471515        13066978311.836618        154.46641053536732        3.0114041078757384E-003   6037.3003598617861        8.2715178229444464E-009   7.9624968385750812E-010
   1.1937698765088389        12497171633.257391        160.59794689603828        2.9136623571441055E-003   6103.8288579462815        8.1224524083243935E-009   8.0638709711072238E-010
   1.1972003423421254        11955120181.110323        166.91840064504780        2.8190682588655281E-003   6169.4899040862047        7.9735283876261434E-009   8.1631717515955710E-010
   1.2006911271272349        11439316978.823139        173.43150552553314        2.7275060006453403E-003   6234.2284449620192        7.8249079777264690E-009   8.2602921091780485E-010
   1.2042432914711307        10948348710.100143        180.14099977792324        2.6388648436897642E-003   6297.9867249734316        7.6767472261925983E-009   8.3550963652929552E-010
   1.2078579146297592        10480862080.964006        187.05089484989540        2.5530389486438767E-003   6360.7207118046790        7.5291758353941656E-009   8.4427721759023234E-010
   1.2115360948359608        10035591652.447918        194.16535014365331        2.4699271934986102E-003   6422.3830628310161        7.3823198700590882E-009   8.5266889448627850E-010
   1.2152789496331473        9611350791.4544773        201.48837279423626        2.3894328945713171E-003   6482.9244970623231        7.2362997383142977E-009   8.6076766262523545E-010
   1.2190876162148445        9207021956.1123886        209.02407835267371        2.3114635698327805E-003   6542.2966152693762        7.0912269232041003E-009   8.6854699299003209E-010
   1.2229632517702078        8821551632.7987156        216.77666111338337        2.2359307387982692E-003   6600.4525792632103        6.9472036398285377E-009   8.7597530177540976E-010
   1.2269070338356107        8453946341.6242151        224.75042422425707        2.1627497357043003E-003   6657.3473667398994        6.8043230749842729E-009   8.8301592577168978E-010
   1.2309201606524165        8103269017.6231852        232.94978448495306        2.0918395325104761E-003   6712.9379529834605        6.6626697447176035E-009   8.8962727188420183E-010
   1.2350038515310395        7768635638.3854446        241.37928826340797        2.0231225703735947E-003   6767.1834799481658        6.5223198846083772E-009   8.9576315951747725E-010
   1.2391593472214111        7449212044.4361038        250.04362515409395        1.9565245992613370E-003   6820.0454426086417        6.3833418357749103E-009   9.0137336266335390E-010
   1.2433879102899557        7144211009.8173914        258.94764328844985        1.8919745250940633E-003   6871.4878298908970        6.2457964831200634E-009   9.0640432044495204E-010
   1.2476908255031967        6852889351.7726612        268.09636878220795        1.8294042644766738E-003   6921.4774042180143        6.1097375672304845E-009   9.1080006418739305E-010
   1.2520694002181090        6574545666.9000740        277.49501594357338        1.7687486051889477E-003   6969.9835335865337        5.9752124056961109E-009   9.1450312172212638E-010
   1.2565249647793331        6308516928.5614004        287.14903033500730        1.7099450761179831E-003   7016.9793638286455        5.8422614157211773E-009   9.1745604650031043E-010
   1.2610588729233749        6054179108.9969196        297.06404163929477        1.6529338139149191E-003   7062.4387779884019        5.7109212671745264E-009   9.1960136660288618E-010
   1.2656725021899122        5810936560.8246117        307.24611778111512        1.5976574623558064E-003   7106.3463080853289        5.5812171522247811E-009   9.2065684864446980E-010
   1.2703672543403324        5578227506.1055069        317.70175132838199        1.5440610803769063E-003   7148.6896704276833        5.4531700516213266E-009   9.2067871516682861E-010
   1.2751445557836316        5355525513.8490667        328.43747971675953        1.4920920071899520E-003   7189.4550902824067        5.3268006902565706E-009   9.1976896726856750E-010
   1.2800058580098004        5142334024.8028374        339.46007166807254        1.4416997315140655E-003   7228.6311335216033        5.2021265440719918E-009   9.1788742224328870E-010
   1.2849526380308309        4938184027.1061220        350.77663724448956        1.3928357851089488E-003   7266.2094639055103        5.0791615921131461E-009   9.1500010210882136E-010
   1.2899863988294786        4742632419.3694086        362.39461833622164        1.3454536445040152E-003   7302.1849447616469        4.9579166035025171E-009   9.1108011578067581E-010
   1.2951086698159142        4555260575.6910305        374.32181717247227        1.2995086368349619E-003   7336.5555787022950        4.8383995179919592E-009   9.0610832605976371E-010
   1.3003210072924043        4375673013.0083046        386.56640642715507        1.2549578492605878E-003   7369.3223903348890        4.7206158305219758E-009   9.0007382715274081E-010
   1.3056249949261645        4203496135.2073636        399.13694426974433        1.2117600416029254E-003   7400.4892729605381        4.6045689591399020E-009   8.9297423264348198E-010
   1.3110222442305255        4038377043.9032388        412.04238519045009        1.1698755621273413E-003   7430.0628065462479        4.4902605896798891E-009   8.8481577517730714E-010
   1.3165143950545604        3879982409.2710195        425.29209017837280        1.1292662663760385E-003   7458.0520521674607        4.3776909935359776E-009   8.7561322449238452E-010
   1.3221031160813197        3727997395.7190785        438.89583479854952        1.0898954390193194E-003   7484.4683272668808        4.2668593160566958E-009   8.6538963575150752E-010
   1.3277901053348302        3582124638.0560174        452.86381575594299        1.0517277187033259E-003   7509.3249671125013        4.1577638336891157E-009   8.5417594510382385E-010
   1.3335770906960043        3442083264.5882254        467.20665577642518        1.0147290258923282E-003   7532.6370761061298        4.0504021788623059E-009   8.4201043246443742E-010
   1.3394658304276241        3307607964.1983566        481.93540697854570        9.7886649371331643E-004   7554.4212735321062        3.9447715320940683E-009   8.2893807426615415E-010
   1.3454581137085557        3178448095.0921745        497.06155281258384        9.4410840181715055E-004   7574.6954399308161        3.8408687813693910E-009   8.1500981068321938E-010
   1.3515557611773557        3054366833.3477478        512.59700871385212        9.1042411327146248E-004   7593.4784660985706        3.7386906497006353E-009   8.0028175090539125E-010
   1.3577606254854362        2935140359.8442569        528.55412160908986        8.7778401449784709E-004   7610.7900101219775        3.6382337920499416E-009   7.8481434037750848E-010
   1.3640745918599584        2820557084.4425664        544.94566843404789        8.4615945825951278E-004   7626.6502655556060        3.5394948634001920E-009   7.6867151185476300E-010
   1.3704995786766205        2710416906.5389471        561.78485382051679        8.1552270969654670E-004   7641.0797419536157        3.4424705602385589E-009   7.5191983966536185E-010
   1.3770375380425204        2604530511.2501478        579.08530711450896        7.8584689539483313E-004   7654.0990613912982        3.3471576377912049E-009   7.3462771486821310E-010
   1.3836904563892638        2502718700.6144495        596.86107888095557        7.5710595546223331E-004   7665.7287725245742        3.2535529057193942E-009   7.1686455579970133E-010
   1.3904603550765042        2404811759.2173314        615.12663704020872        7.2927459857216842E-004   7675.9891841649323        3.1616532050531615E-009   6.9870006591810850E-010
   1.3973492910060930        2310648853.6492815        633.89686278005581        7.0232825992133175E-004   7684.9002180908356        3.0714553693020911E-009   6.8020354764842921E-010
   1.4043593572470283        2220077465.1574273        653.18704637431938        6.7624306203498586E-004   7692.4812798900966        2.9829561726618100E-009   6.6144327826934519E-010
   1.4114926836713946        2132952854.7939746        673.01288302301225        6.5099577834082779E-004   7698.7511516216719        2.8961522679050689E-009   6.4248595273788126E-010
   1.4187514376014818        2049137560.3092132        693.39046882662058        6.2656379942079780E-004   7703.7279031037024        2.8110401168010150E-009   6.2339619466714484E-010
   1.4261378244682847        1968500923.9000168        714.33629698996310        6.0292510183998667E-004   7707.4288214617100        2.7276159155023615E-009   6.0423613566888701E-010
   1.4336540884815800        1890918649.8965290        735.86725434457833        5.8005821944297415E-004   7709.8703600332301        2.6458755171608137E-009   5.8506506208711714E-010
   1.4413025133117852        1816272391.3404160        758.00061826733190        5.5794221700059259E-004   7711.0681025991335        2.5658143539631443E-009   5.6593912595573352E-010
   1.4490854227838079        1744449364.3663490        780.75405406731750        5.3655666608435715E-004   7711.0367442473917        2.4874273603584511E-009   5.4691111725544735E-010
   1.4570051815830944        1675341989.2003789        804.14561290738698        5.1588162304166128E-004   7709.7900870244339        2.4107088991029320E-009   5.2803029325295531E-010
   1.4650641959740942        1608847556.5784690        828.19373031616658        4.9589760894208049E-004   7707.3410483361595        2.3356526915580299E-009   5.0934226028167129E-010
   1.4732649145313550        1544867918.3019032        852.91722534852397        4.7658559136390437E-004   7703.7016823090862        2.2622517533069033E-009   4.9088890351797599E-010
   1.4816098288834760        1483309200.6712067        878.33530044726547        4.5792696788996945E-004   7698.8832118740011        2.1904983360832736E-009   4.7270835975751102E-010
   1.4901014744701397        1424081539.4797933        904.46754205249624        4.3990355118311001E-004   7692.8960698880719        2.1203838767043888E-009   4.5483502838576457E-010
   1.4987424313124560        1367098835.2887330        931.33392201336562        4.2249755551379591E-004   7685.7499495207257        2.0518989535065836E-009   4.3729961616106992E-010
   1.5075353247968519        1312278527.6865942        958.95479984612177        4.0569158461567316E-004   7677.4538619994364        1.9850332506300117E-009   4.2012921127276479E-010
   1.5164828264727435        1259541387.2844191        987.35092588758164        3.8946862074866289E-004   7668.0162003749865        1.9197755303499490E-009   4.0334738249242037E-010
   1.5255876548642340        1208811324.2059176        1016.5434453891829        3.7381201485383740E-004   7657.4448084360356        1.8561136134684188E-009   3.8697429958790207E-010
   1.5348525762960854        1160015211.8752251        1046.5539036107448        3.5870547768948694E-004   7645.7470542513583        1.7940343676550479E-009   3.7102687149256793E-010
   1.5442804057342112        1113082724.9926462        1077.4042519225457        3.4413307184304371E-004   7632.9299070769703        1.7335237036009556E-009   3.5551889890326613E-010
   1.5538740076409501        1067946190.4665959        1109.1168550715561        3.3007920452007172E-004   7619.0000169194482        1.6745665784921544E-009   3.4046123835752926E-010
   1.5636362968453756        1024540450.6536953        1141.7144993288607        3.1652862101537216E-004   7603.9637935469982        1.6171470070688059E-009   3.2586197480905498E-010
   1.5735702394289115        982802736.70804501        1175.2204025376766        3.0346639878388803E-004   7587.8274935806976        1.5612480778515029E-009   3.1172660133852761E-010
   1.5836788536265174        942672554.71308744        1209.6582231799746        2.9087794201596934E-004   7570.5972872659504        1.5068519800134623E-009   2.9805820085039605E-010
   1.5939652107437192        904091572.93829417        1245.0520772852778        2.7874897668499655E-004   7552.2793869397983        1.4539400225113490E-009   2.8485763593006849E-010
   1.6044324360897693        867003541.52865493        1281.4265369793447        2.6706554587113880E-004   7532.8799804660530        1.4024926985616156E-009   2.7212372187645975E-010
   1.6150837099272057        831354148.05960166        1318.8066910143962        2.5581400567685936E-004   7512.4057634680476        1.3524896338864878E-009   2.5985344771078267E-010
   1.6259222684381180        797091093.84314585        1357.2180309115543        2.4498102054629076E-004   7490.8626088385354        1.3039099013871952E-009   2.4804205475865486E-010
   1.6369514047073945        764163538.79419625        1396.6869171518422        2.3455356128026714E-004   7468.2600010996857        1.2567312514698088E-009   2.3665984577850354E-010
   1.6481744697232639        732522589.82078159        1437.2403415323333        2.2451890195034869E-004   7444.6062794288518        1.2109311105931111E-009   2.2572053287425075E-010
   1.6595948733954264        702121142.18901598        1478.9054136400812        2.1486461468005270E-004   7419.9092412944301        1.1664864860474931E-009   2.1522106150939128E-010
   1.6712160855910900        672913718.56559563        1521.7098622421342        2.0557856507863513E-004   7394.1770033802013        1.1233738531443491E-009   2.0515151232980152E-010
   1.6830416371892205        644856392.81782365        1565.6819803530007        1.9664890880055909E-004   7367.4182203929968        1.0815691786907930E-009   1.9550114181699319E-010
   1.6950751211533317        617906732.75605106        1610.8506884328560        1.8806408817140021E-004   7339.6421673958212        1.0410479711527745E-009   1.8625852823317561E-010
   1.7073201936231359        592023749.04787159        1657.2455446017480        1.7981282885948295E-004   7310.8587909406015        1.0017853362121510E-009   1.7741170732911670E-010
   1.7197805750253923        567167847.62243962        1704.8967760157807        1.7188413650629343E-004   7281.0787479117535        9.6375603335000340E-010   1.6894829875156359E-010
   1.7324600512042847        543300784.25219333        1753.8353036553490        1.6426729331689267E-004   7250.3134422332723        9.2693453132047591E-010   1.6085562330220032E-010
   1.7453624745716776        520385622.62603974        1804.0927686245200        1.5695185458379501E-004   7218.5750388248080        8.9129506502197411E-010   1.5312081026018723E-010
   1.7584917652775960        498386690.60298395        1855.7015662284336        1.4992764516109342E-004   7185.8765218094677        8.5681168431342254E-010   1.4573089647159009E-010
   1.7718519124012868        477269549.50637424        1908.6948564158799        1.4318475581449292E-004   7152.2315903021890        8.2345832182334205E-010   1.3867291220443776E-010
   1.7854469751632227        457000931.25230622        1963.1066515904338        1.3671353964396399E-004   7117.6550312829877        7.9120879753383104E-010   1.3193396765744328E-010
   1.7992810841584179        437548777.50172710        2018.9716807611078        1.3050460798119152E-004   7082.1615885504825        7.6003700574449687E-010   1.2550130199586737E-010
   1.8133584426114275        418881979.54851526        2076.3259900374701        1.2454882751870738E-004   7045.7694693096892        7.2991654695591045E-010   1.1935048375305916E-010
   1.8276833276534170        400970630.58125162        2135.2065694972171        1.1883731641933971E-004   7008.4960700636975        7.0082129678982481E-010   1.1348193182937736E-010
   1.8422600916216840        383785906.86529148        2195.6507989489301        1.1336143963002439E-004   6970.3590713295189        6.7272529308503464E-010   1.0788454284057586E-010
   1.8570931633820325        367300006.28964096        2257.6971583252039        1.0811280437410966E-004   6931.3768192432153        6.4560272151832253E-010   1.0254651398503457E-010
   1.8721870496743962        351486112.19033551        2321.3850501513070        1.0308325611405174E-004   6891.5683830553899        6.1942794300638496E-010   9.7456413511091231E-011
   1.8875463364821243        336318362.32073313        2386.7549213794800        9.8264874385876996E-005   6850.9535393616370        5.9417552657803379E-010   9.2603202144254517E-011
   1.9031756904253432        321771819.47764689        2453.8482581897592        9.3649968628644643E-005   6809.5527399214734        5.6982028141830612E-010   8.7976248046029184E-011
   1.9190798601788175        307822442.90124846        2522.7076305881565        8.9231073950926058E-005   6767.3870725192464        5.4633728656713886E-010   8.3565335998175380E-011
   1.9352636779147439        294447060.32258105        2593.3767160860216        8.5000946863384119E-005   6724.4782180486472        5.2370191812485231E-010   7.9360671480905054E-011
   1.9517320607709099        281623340.59849399        2665.9003311279257        8.0952560976287890E-005   6680.8484044212246        5.0188987394669382E-010   7.5352880253033889E-011
   1.9684900123446742        269329766.90744406        2740.3244587235945        7.7079102673197999E-005   6636.5203584000028        4.8087719586986470E-010   7.1533004048860305E-011
   1.9855426242132079        257545610.53794274        2816.6962766090019        7.3373966766955963E-005   6591.5172547553702        4.6064028963315163E-010   6.7892492973271102E-011
   2.0028950774804746        246250905.13708225        2895.0641850228640        6.9830752146636166E-005   6545.8626664164422        4.4115594233401269E-010   6.4423195175425154E-011
   2.0205526443514064        235426421.80795592        2975.4778317793402        6.6443257420342706E-005   6499.5805061632745        4.2240133827768804E-010   6.1117344295942640E-011
   2.0385206897337591        225053643.89132562        3057.9881436560163        6.3205476566858867E-005   6452.6949907366361        4.0435407106492513E-010   5.7967545288170124E-011
   2.0568046728681404        215114744.93522975        3142.6473361004510        6.0111594584308615E-005   6405.2305337570460        3.8699215883440137E-010   5.4966758803904152E-011
   2.0754101489866859        205592559.36436307        3229.5089881313866        5.7155983195558176E-005   6357.2118603545987        3.7029404231897073E-010   5.2108285283583499E-011
   2.0943427710009153        196470577.32824206        3318.6279246844679        5.4333196455068572E-005   6308.6634328032787        3.5423862737243112E-010   4.9385678549918049E-011
   2.1136082912192551        187732867.26817271        3410.0607555126862        5.1637966750746256E-005   6259.6110892931929        3.3880518291789432E-010   4.6789736528092217E-011
   2.1332125630947667        179364130.08902568        3503.8654632016883        4.9065200480767992E-005   6210.0797599279895        3.2397349428691228E-010   4.4318578505863824E-011
   2.1531615430036064        171349648.83458737        3600.1009499733204        4.6609973720142169E-005   6160.0942005112456        3.0972380986347416E-010   4.1966555380096270E-011
   2.1734612920547494        163675263.00516888        3698.8277397418433        4.4267527925724398E-005   6109.6790809406029        2.9603683314913893E-010   3.9728336205167175E-011
   2.1941179779315436        156327347.96115267        3800.1077410625740        4.2033265864168689E-005   6058.8589706964003        2.8289372237253868E-010   3.7598839682178216E-011
   2.2151378767656396        149292795.59125662        3904.0043779058383        3.9902747533217610E-005   6007.6583009081178        2.7027609038554669E-010   3.5573219147156352E-011
   2.2365273750438694        142558995.76101288        4010.5825663200594        3.7871686151928424E-005   5956.1013253584952        2.5816600397673931E-010   3.3646848445466097E-011
   2.2582929715486566        136113818.32659081        4119.9087526514031        3.5935944190699341E-005   5904.2120831690063        2.4654598228686340E-010   3.1815308709150779E-011
   2.2804412793325475        129945595.76955615        4232.0509250676523        3.4091529454558567E-005   5852.0143623481463        2.3539899452706130E-010   3.0074376065325224E-011
   2.3029790277274529        124043106.26044865        4347.0786374840618        3.2334591217954597E-005   5799.5316715289055        2.2470845670729958E-010   2.8420010272541950E-011
   2.3259130643892307        118395557.66875300        4465.0630207797067        3.0661416411423243E-005   5746.7871974746013        2.1445822850200383E-010   2.6848344252010145E-011
   2.3492503573782075        112992570.94173317        4586.0768202123654        2.9068425869642733E-005   5693.8038191760143        2.0463260716424080E-010   2.5355674510952153E-011
   2.3729979972762916        107824167.56974401        4710.1943582700251        2.7552170615723060E-005   5640.6039576119902        1.9521632808214110E-010   2.3938452319260689E-011
   2.3971631993413061        102880746.87404069        4837.4917445355923        2.6109328260217314E-005   5587.2099530595324        1.8619454324570997E-010   2.2592722530951251E-011
   2.4217533056992049        98153080.584453762        4968.0468102612358        2.4736699414533507E-005   5533.6436507092158        1.7755283314659788E-010   2.1315675757707149E-011
   2.4467757875748362        93632299.776961952        5101.9388255036592        2.3431204142569473E-005   5479.9263392134690        1.6927720198774585E-010   2.0104447943898335E-011
   2.4722382475619264        89309878.431206614        5239.2487256069944        2.2189878463064302E-005   5426.0789047416347        1.6135406471028470E-010   1.8955990302677122E-011
   2.4981484219329810        85177620.675577953        5380.0591393887835        2.1009870940515459E-005   5372.1218830161934        1.5377024012517053E-010   1.7867425882133308E-011
   2.5245141829898015        81227648.459006727        5524.4543844527043        1.9888439339903972E-005   5318.0754412450679        1.4651294390637813E-010   1.6835977931736744E-011
   2.5513435414553287        77452389.629518390        5672.5204968649432        1.8822947341055869E-005   5263.9593175706850        1.3956978139617447E-010   1.5858968875279394E-011
   2.5786446489075461        73844566.671088815        5824.3452398204399        1.7810861314342362E-005   5209.7924444116315        1.3292874130725103E-010   1.4933829938238751E-011
   2.6064258002561789        70397185.605793670        5980.0181236797380        1.6849747157983145E-005   5155.5903972616597        1.2657819308365983E-010   1.4058083196964895E-011
   2.6346954362629398        67103525.607862301        6139.6304189162211        1.5937267195368516E-005   5101.3713427598013        1.2050686763780525E-010   1.3229371742640993E-011
   2.6634621461060890        63957129.303332187        6303.2751317407256        1.5071177129580152E-005   5047.1552048679441        1.1470385264958282E-010   1.2445447514852863E-011
   2.6927346699900907        60951792.394832321        6471.0470409441241        1.4249323061567425E-005   4992.9587379578034        1.0915859350636369E-010   1.1704080875168199E-011
   2.7225219018011533        58081554.054552481        6643.0427575223748        1.3469638572487617E-005   4938.7986640031904        1.0386087895260446E-010   1.1003176393705176E-011
   2.7528328918094620        55340689.586520270        6819.3605883905229        1.2730141855614247E-005   4884.6911927598212        9.8800837619398461E-011   1.0340867541864157E-011
   2.7836768494189297        52723700.739019983        7000.1005221730020        1.2028932911083023E-005   4830.6520737171895        9.3968928354289548E-011   9.7152419319513177E-012
   2.8150631459652939        50225307.134032860        7185.3643274090364        1.1364190800593851E-005   4776.6966155990294        8.9355932135830339E-011   9.1244700357056262E-012
   2.8470013175634135        47840438.172126830        7375.2555095673370        1.0734170969547265E-005   4722.8396967343660        8.4952944336152418E-011   8.5668020382811624E-012
   2.8795010680046320        45564225.251358569        7569.8793181881829        1.0137202627342059E-005   4669.0957737121789        8.0751367042895971E-011   8.0405648337058718E-012
   2.9125722717050868        43391994.272225231        7769.3427290418458        9.5716861887990804E-006   4615.4788904309689        7.6742901416107493E-011   7.5441591485324741E-012
   2.9462249767058575        41319258.411194459        7973.7544324862674        9.0360907752999978E-006   4562.0026874944915        7.2919540078166472E-011   7.0760567794305819E-012
   2.9804694077258649        39341711.150515601        8183.2248159432365        8.5289517759949436E-006   4508.6804122600797        6.9273559542459491E-011   6.6347979340765951E-012
   3.0153159692684586        37455219.562364630        8397.8659445967278        8.0488684685583325E-006   4455.5249284073016        6.5797512707058019E-011   6.2189811708728757E-012
   3.0507752487826170        35655817.606950775        8617.7915737460044        7.5945017014040720E-006   4402.5487518659684        6.2484220941162178E-011   5.8272619103530509E-012
   3.0868580198797391        33939700.355400234        8843.1170683876244        7.1645716314648721E-006   4349.7640100087665        5.9326767684110735E-011   5.4584005532358350E-012
   3.1235752456069985        32303217.734451402        9073.9593462512858        6.7578555226069012E-006   4297.1824740754782        5.6318490671257435E-011   5.1111842175981165E-012
   3.1609380817782493        30742868.666604169        9310.4369044903051        6.3731856009034111E-006   4244.8155732224050        5.3452974621876050E-011   4.7844567991083213E-012
   3.1989578803635026        29255295.458316240        9552.6697594761499        6.0094469701891293E-006   4192.6744053235470        5.0724044103880458E-011   4.4771167166505689E-012
   3.2376461929380054        27837278.389807474        9800.7794147626919        5.6655755843080370E-006   4140.7697466681711        4.8125756503251791E-011   4.1881147346202764E-012
   3.2770147741919571        26485730.499519855        10054.888810816010        5.3405562766318319E-006   4089.1120609849568        4.5652395102975926E-011   3.9164518586594580E-012
   3.3170755855019443        25197692.545638997        10315.122277322709        5.0334208459083099E-006   4037.7115089349454        4.3298462254265128E-011   3.6611773009772990E-012
   3.3578407985651739        23970328.164250258        10581.605474416998        4.7432461978286984E-006   3986.5779543477161        4.1058672698812315E-011   3.4213865125458934E-012
   3.3993227990976052        22800919.139054455        10854.465343644695        4.4691525421768185E-006   3935.7209790304664        3.8927946881270946E-011   3.1962178778390562E-012
   3.4415341905971086        21686860.977845602        11133.830021814030        4.2103016435907710E-006   3885.1498751679046        3.6901404675703072E-011   2.9848597350253136E-012
   3.4844877981727906        20625658.457801200        11419.828776196629        3.9658951270901948E-006   3834.8736662760803        3.4974358835376039E-011   2.7865308619842629E-012
   3.5281966724416578        19614921.438134428        11712.591956171320        3.7351728359142129E-006   3784.9011106921948        3.3142308803211409E-011   2.6004930002241935E-012
   3.5726740934937888        18652360.806513801        12012.250889879782        3.5174112423397478E-006   3735.2407071709231        3.1400934616532031E-011   2.4260452773342599E-012
   3.6179335749272341        17735784.563481122        12318.937807262060        3.3119219094309824E-006   3685.9007003632519        2.9746090928597414E-011   2.2625225831757964E-012
   3.6639888679538570        16863094.045810103        12632.785744105724        3.1180500035491627E-006   3636.8890859020971        2.8173801159819235E-011   2.1092940033111564E-012
   3.7108539655773720        16032280.280610412        12953.928446593849        2.9351728565180543E-006   3588.2136155880789        2.6680251772742707E-011   1.9657613077148715E-012
   3.7585431068448472        15241420.476101203        13282.500264356451        2.7626985765582775E-006   3539.8818006977494        2.5261786693388590E-011   1.8313568113958942E-012
   3.8070707811729609        14488674.594889386        13618.636060195066        2.6000647074508421E-006   3491.9009241942217        2.3914901775110181E-011   1.7055412492653595E-012
   3.8564517327503305        13772282.155055106        13962.471063618663        2.4467369339705344E-006   3444.2780298974903        2.2636239618351147E-011   1.5878105205405921E-012
   3.9067009650172428        13090559.048903134        14314.140725026784        2.3022078338018053E-006   3397.0199314602032        2.1422584314917460E-011   1.4776828183818881E-012
   3.9578337452241605        12441894.475903427        14673.780633136885        2.1659956741050188E-006   3350.1332216773367        2.0270856327097185E-011   1.3747007016115215E-012
   4.0098656090703795        11824748.026003579        15041.526362889041        2.0376432523857803E-006   3303.6242733140734        1.9178107583667618E-011   1.2784333094787417E-012
   4.0628123654242456        11237646.857916731        15417.513318383086        1.9167167802731212E-006   3257.4992418491897        1.8141516684640644E-011   1.1884732914773707E-012
   4.1166901011263723        10679182.972793967        15801.876582116938        1.8028048091849019E-006   3211.7640697359366        1.7158384222150979E-011   1.1044356930943679E-012
   4.1715151858773156        10148010.598750252        16194.750742068358        1.6955171968417377E-006   3166.4244874644210        1.6226128255849024E-011   1.0259568844907485E-012
   4.2273042772111857        9642843.6325675659        16596.269743236960        1.5944841139581078E-006   3121.4860256501984        1.5342279836002393E-011   9.5269177360668541E-013
   4.2840743255567180        9162453.2402708158        17006.566686451693        1.4993550893167073E-006   3076.9540087260489        1.4504478792915397E-011   8.8431835482069317E-013
   4.3418425793873263        8705665.4981837682        17425.773605772505        1.4097980930527149E-006   3032.8335622902123        1.3710469549389062E-011   8.2053107775222332E-013
   4.4006265904617212        8271359.1266611936        17854.021298822248        1.3254986563077002E-006   2989.1296187637108        1.2958097071154091E-011   7.6104164887915048E-013
   4.4604442191566633        7858463.3117892193        18291.439101226126        1.2461590268724268E-006   2945.8469228563390        1.2245302948756605E-011   7.0557836039306493E-013
   4.5213136398934965        7465955.6089858459        18738.154663515030        1.1714973593960874E-006   2902.9900369854258        1.1570121603073080E-011   6.5388525283605602E-013
   4.5832533466600882        7092859.9229496578        19194.293711718772        1.1012469392834321E-006   2860.5633479332819        1.0930676606600220E-011   6.0572131371497072E-013
   4.6462821586298713        6738244.5696502812        19659.979788474877        1.0351554391191584E-006   2818.5710716136573        1.0325177136290337E-011   5.6085971100820342E-013
   4.7104192258796767        6401220.3915836308        20135.334008775160        9.7298420685617617E-007   2777.0172659709274        9.7519145011344204E-012   5.1908619751962360E-013
   4.7756840352081200        6080938.9792325953        20620.474758944383        9.1450758429285388E-007   2735.9058309567549        9.2092588588573418E-012   4.8020122848175790E-013
   4.8420964160562763        5776590.9328606464        21115.517371934271        8.5951225541804768E-007   2695.2405194973708        8.6956559867332810E-012   4.4401620624888867E-013
   4.9096765465324781        5487404.1957710106        21620.573846906751        8.0779662308084363E-007   2655.0249464994590        8.2096241755122416E-012   4.1035397942078473E-013
   4.9784449595430367        5212642.4537132597        22135.752500962612        7.5917021346797609E-007   2615.2625979068580        7.7497512372943451E-012   3.7904823870000080E-013
   5.0484225490307644        4951603.5951746646        22661.157622398514        7.1345310717683684E-007   2575.9568401618376        7.3146916197590611E-012   3.4994293712919494E-013
   5.1196305763231962        4703618.2337373244        23196.889089241820        6.7047539601420388E-007   2537.1109286358537        6.9031636316243603E-012   3.2289173820929101E-013
   5.1920906765924215        4468048.2807694115        23743.041986974138        6.3007666465328492E-007   2498.7280194597424        6.5139467574114477E-012   2.9775745332947146E-013
   5.2658248654285229        4244285.5946176043        24299.706145689168        5.9210549598813989E-007   2460.8111701748362        6.1458791184973938E-012   2.7441251721184046E-013
   5.3408555455285720        4031750.6486987048        24866.965722508739        5.5641899980520654E-007   2423.3633572483932        5.7978549623720568E-012   2.5273574271986656E-013
   5.4172055135032586        3829891.2762538870        25444.898785414385        5.2288236324789783E-007   2386.3874796004102        5.4688223030571782E-012   2.3261463186882541E-013
   5.4948979668032001        3638181.4610878988        26033.576761627603        4.9136842287659999E-007   2349.8863632208968        5.1577806492107241E-012   2.1394401933878338E-013
   5.5739565107670250        3456120.1745938342        26633.063942805329        4.6175725697848777E-007   2313.8627634886593        4.8637788232452303E-012   1.9662566322721673E-013
   5.6544051657934054        3283230.2590106335        27243.416934478570        4.3393579760610483E-007   2278.3193648998285        4.5859128715817858E-012   1.8056785529896692E-013
   5.7362683746391792        3119057.3559170547        27864.684093769127        4.0779746143417669E-007   2243.2587765382864        4.3233240647444069E-012   1.6568504912689165E-013
   5.8195710098458129        2963168.8754219445        28496.904952072644        3.8324179874448621E-007   2208.6835246326082        4.0751969777028402E-012   1.5189740555916323E-013
   5.9043383812964354        2815153.0108704618        29140.109609459152        3.6017415971048406E-007   2174.5960370611510        3.8407576596370679E-012   1.3913076811959618E-013
   5.9905962439057507        2674617.7904594475        29794.318111655237        3.3850537735182990E-007   2140.9986237647158        3.6192718737051195E-012   1.2731600735531716E-013
   6.0783708054451688        2541190.1674766042        30459.539847255222        3.1815146636424899E-007   2107.8934500624532        3.4100434080742600E-012   1.1638879741471047E-013
   6.1676887345055320        2414515.1479119323        31135.772932485033        2.9903333721235077E-007   2075.2825025550169        3.2124124520675806E-012   1.0628932207144610E-013
   6.2585771685998344        2294254.9537049849        31823.003616544196        2.8107652478807153E-007   2043.1675473555488        3.0257540296495778E-012   9.6961978366082498E-014
   6.3510637224084414        2180088.2206287035        32521.205710065435        2.6421093100386400E-007   2011.5500805152178        2.8494764830539879E-012   8.8355087193348618E-014
   6.4451764961692612        2071709.2289027576        33230.340059662587        2.4837058070169594E-007   1980.4312716605712        2.6830199969059487E-012   8.0420571728758821E-014
   6.5409440842154618        1968827.1663759169        33950.354079798046        2.3349339026790704E-007   1949.8119010655662        2.5258551563525297E-012   7.3113720501203587E-014
   6.6383955836632937        1871165.4229363976        34681.181353629589        2.1952094838194139E-007   1919.6922919661158        2.3774815305160189E-012   6.6392893269662115E-014
   6.7375606032526933        1778460.9147032590        35422.741334337450        2.0639830833117943E-007   1890.0722407456856        2.2374262729859456E-012   6.0219213773862051E-014
   6.8384692723433131        1690463.4378141009        36174.939158517234        1.9407379134591937E-007   1860.9509472623263        2.1052427348308016E-012   5.4556325118585006E-014
   6.9411522500687424        1606935.0509727814        36937.665583199443        1.8249880043385947E-007   1832.3269487023033        1.9805090863172661E-012   4.9370133882392290E-014
   7.0456407346516920        1527649.4860225345        37710.797064954240        1.7162764420087096E-007   1804.1980606299119        1.8628269462488877E-012   4.4628568945204251E-014
   7.1519664728829611        1452391.5859919549        38494.195987803352        1.6141737016815225E-007   1776.5613289602620        1.7518200212199229E-012   4.0301358689347659E-014
   7.2601617697670813        1380956.7697853467        39287.711047804427        1.5182760711403102E-007   1749.4129967065035        1.6471327597974352E-012   3.6359826942008344E-014
   7.3702594983375729        1313150.5233951563        40091.177785676009        1.4282041597876677E-007   1722.7484880750255        1.5484290311179580E-012   3.2776743519093176E-014
   7.4822931096447602        1248787.9163354177        40904.419261935589        1.3436014890316474E-007   1696.5624130151616        1.4553908378331389E-012   2.9526156236807927E-014
   7.5962966429192358        1187693.1428638089        41727.246864742971        1.2641331597003136E-007   1670.8485930863594        1.3677170768900714E-012   2.6583293058883127E-014
   7.7123047359140076        1129699.0870953125        42559.461216640586        1.1894845925527097E-007   1645.6001088430776        1.2851223614840163E-012   2.3924485543579148E-014
   7.8303526354285102        1074646.9109783550        43400.853158609512        1.1193603379991187E-007   1620.8093674822640        1.2073359168663396E-012   2.1527122691830040E-014
   7.9504762080176601        1022385.6639822467        44251.204775980972        1.0534829514071260E-007   1596.4681883678006        1.1341005607767062E-012   1.9369631476669430E-014
   8.0727119508892038        972771.91335744306        45110.290429849774        9.9159193052322767E-008   1572.5679027433798        1.0651717764954802E-012   1.7431505674936275E-014
   8.1970970029926882        925669.39430866041        45977.877734138849        9.3344271165771808E-008   1549.0994622806495        1.0003168838832194E-012   1.5693311585770408E-014
   8.3236691563034082        880948.67536101805        46853.728540951728        8.7880572187896604E-008   1526.0535569192416        9.3931430277551672E-013   1.4136570872576586E-014
   8.4524668673047554        838486.84255290194        47737.599825137360        8.2746548362902870E-008   1503.4207294877085        8.8195291405981541E-013   1.2744001276390884E-014
   8.5835292686724820        798167.19828652346        48629.244368569467        7.7921976992567865E-008   1481.1914876573580        8.2803150626451577E-013   1.1499453467414556E-014
   8.7168961811643904        759878.97360288515        49528.411383945495        7.3387880675186158E-008   1459.3564082743430        7.7735829835944150E-013   1.0387925863160984E-014
   8.8526081257191009        723517.05308304529        50434.846961999399        6.9126452066953923E-008   1437.9062310773927        7.2975052838900360E-013   9.3955677400141468E-015
   8.9907063357675554        688981.71124726348        51348.294378687111        6.5120982916948733E-008   1416.8319395995829        6.8503409564383415E-013   8.5096689084953656E-015
   9.1312327697609774        656178.35959946783        52268.494244542075        6.1355797165749804E-008   1396.1248280461416        6.4304324478670379E-013   7.7186353509101834E-015
   9.2742301239191445        625017.30357876862        53195.184508278020        5.7816187898040626E-008   1375.7765536241700        6.0362028093035434E-013   7.0119529204147974E-015
   9.4197418452027968        595413.50880855066        54128.100320688558        5.4488357954409331E-008   1355.7791747030572        5.6661530602563683E-013   6.3801380279821119E-015
   9.5678121445141500        567286.37618222949        55066.973773323327        5.1359364014017807E-008   1336.1251756489175        5.3188596851948819E-013   5.8146801615195134E-015
   9.7184860101295154        540559.52543783595        56011.533524168030        4.8417063969592209E-008   1316.8074795898426        4.9929721995274041E-013   5.3079775260149954E-015
   9.8718092213681121        515160.58695611963        56961.504326169132        4.5650067422872643E-008   1297.8194507060698        4.6872107388260982E-013   4.8532682850092813E-015
   10.027828362501229        491021.00158943428        57916.606473508429        4.3047689136073970E-008   1279.1548876880934        4.4003636400532703E-013   4.4445598152950827E-015
   10.186590836905935        468075.82837655337        58876.555180271476        4.0599905281336414E-008   1260.8080100498848        4.1312849968345162E-013   4.0765579539750832E-015
   10.348144881467684        446263.56002430123        59841.059905309558        3.8297312336641885E-008   1242.7734389765878        3.8788921821526856E-013   3.7445978192274769E-015
   10.512539581236142        425525.94605722622        60809.823635519919        3.6131088482513525E-008   1225.0461741341414        3.6421633393318376E-013   3.4445777945504069E-015
   10.679824884338730        405807.82352983643        61782.542138398116        3.4092957360745121E-008   1207.6215678425867        3.4201348487836966E-013   3.1728971316453422E-015
   10.850051617156396        387056.95519394305        62758.903193507474        3.2175154059686221E-008   1190.4952977042678        3.2118987818827381E-013   2.9263982741417413E-015
   11.023271499766199        369223.87499775493        63738.585810275574        3.0370393201324369E-008   1173.6633386992987        3.0166003550292379E-013   2.7023139615064139E-015
   11.199537161655478        352261.74077573995        64721.259438765970        2.8671839005190994E-008   1157.1219354899283        2.8334353987265647E-013   2.4982193021043160E-015
   11.378902157712268        336126.19396941515        65706.583178388260        2.7073077214562050E-008   1140.8675755567249        2.6616478555084909E-013   2.3119887516286055E-015
   11.561420984496927        320775.22620072257        66694.204988549798        2.5568088773632172E-008   1124.8969636256882        2.5005273202370013E-013   2.1417578069723052E-015
   11.747149096799845        306169.05250195443        67683.760904161827        2.4151225150603647E-008   1109.2069977186720        2.3494066346918788E-013   1.9858891320120719E-015
   11.936142924490309        292269.99099163536        68674.874258122611        2.2817185206883044E-008   1093.7947470270437        2.2076595466880371E-013   1.8429428080312621E-015
   12.128459889661618        279042.34877203987        69667.154912273807        2.1560993517922555E-008   1078.6574317494376        2.0746984423980215E-013   1.7116502899809753E-015
   12.324158424077661        266452.31381484575        70660.198497968202        2.0377980056336455E-008   1063.7924049355854        1.9499721586136086E-013   1.5908917545920660E-015
   12.523297986926277        254467.85259481875        71653.585666818835        1.9263761152905156E-008   1049.1971363352518        1.8329638800890967E-013   1.4796764488236609E-015
   12.725939082884775        243058.61322670709        72646.881352142445        1.8214221655886729E-008   1034.8691981978029        1.7231891254795219E-013   1.3771256927766460E-015
   12.932143280503086        232195.83385887818        73639.634041627578        1.7225498213657738E-008   1020.8062529437560        1.6201938240789306E-013   1.2824582136449768E-015
   13.141973230910187        221852.25607900732        74631.375061264771        1.6293963610101482E-008   1007.0060425963036        1.5235524842163203E-013   1.1949775129431286E-015
   13.355492686849413        212002.04308686347        75621.617871086419        1.5416212086582965E-008   993.46637984461063        1.4328664533892345E-013   1.1140625166893722E-015
   13.572766522048488        202620.70248229444        76609.857353853557        1.4589045587055838E-008   980.18514031349468        1.3477622695504489E-013   1.0391581743165481E-015
   13.793860750930149        193685.01310197118        77595.569164474509        1.3809460871670653E-008   967.16025731618026        1.2678900985371224E-013   9.6975752695414420E-016
   14.018842548669342        185172.95612858605        78578.209102431196        1.3074637434654290E-008   954.38971664532630        1.1929222610684822E-013   9.0540880821419608E-016
   14.247780271603080        177063.65005653596        79557.212424746947        1.2381926189406719E-008   941.87155303487407        1.1225518428507358E-013   8.4570391566886580E-016
   14.480743477999200        169337.28924138649        80531.993245580627        1.1728838859013330E-008   929.60384748335889        1.0564913852092822E-013   7.9027329076027044E-016
   14.717802949190276        161975.08590432742        81501.943934489056        1.1113038034734113E-008   917.58472553772253        9.9447165334326630E-014   7.3878150091338030E-016
   14.959030711079151        154959.21537419685        82466.434555884131        1.0532327856937214E-008   905.81235632884386        9.3624047862447283E-014   6.9092341998215268E-016
   15.204500056022610        148272.76439413376        83424.812338680087        9.9846452801036601E-009   894.28495228517443        8.8156167151078099E-014   6.4642091865056782E-016
   15.454285565099829        141899.68231338944        84376.401189431592        9.4680518842561266E-009   883.00076941550890        8.3021400150367424E-014   6.0501998933434666E-016
   15.708463130772389        135824.73500019935        85320.501253392504        8.9807261982636502E-009   871.95810806667816        7.8199024064866426E-014   5.6648824156054898E-016
   15.967109979942707        130033.46131750190        86256.388533257588        8.5209565024229642E-009   861.15531407214633        7.3669626709729240E-014   5.3061271348491272E-016
   16.230304697417949        124512.13201306071        87183.314574901829        8.0871340798955982E-009   850.59078020547406        6.9415022536724813E-014   4.9719795356024537E-016
   16.498127249786481        119247.71088329126        88100.506231312829        7.6777468885136225E-009   840.26294786339554        6.5418174001740960E-014   4.6606433345620447E-016
   16.770659009714151        114227.81807832731        89007.165517061876        7.2913736262901984E-009   830.17030890259184        6.1663117957772597E-014   4.3704655932783775E-016
   17.047982780667805        109440.69542328278        89902.469567101565        6.9266781657054960E-009   820.31140756136188        5.8134896771919255E-014   4.0999235364917594E-016
   17.330182822073503        104875.17363819497        90785.570715097376        6.5824043334149697E-009   810.68484239890722        5.4819493874456444E-014   3.8476128411369809E-016
   17.617344874917091        100520.64134602669        91655.596707770572        6.2573710135572191E-009   801.28926818644902        5.1703773467315740E-014   3.6122371971771826E-016
   17.909556187794941        96367.015764728436        92511.651073266257        5.9504675542147421E-009   792.12339769029393        4.8775424130899393E-014   3.3925989718637620E-016
   18.206905543422746        92404.714985850020        93352.813662627232        5.6606494579285974E-009   783.18600328485127        4.6022906078784785E-014   3.1875908429098157E-016
   18.509483285610397        88624.631747974243        94178.141384739807        5.3869343383703016E-009   774.47591834007096        4.3435401832398571E-014   2.9961882379399555E-016
   18.817381346711212        85018.108619235063        94986.669155983182        5.1283981264485393E-009   765.99203832454043        4.1002770091777380E-014   2.8174425587184354E-016
   19.130693275553778        81576.914508445145        95777.411086370907        4.8841715102037784E-009   757.73332157408731        3.8715502595905231E-014   2.6504750234933989E-016
   19.449514265864938        78293.222429505535        96549.361924569806        4.6534365938548808E-009   749.69878967046986        3.6564683783327185E-014   2.4944710862794376E-016
   19.773941185192562        75159.588448690803        97301.498783866846        4.4354237623098776E-009   741.88752738548192        3.4541953063879128E-014   2.3486753650286183E-016
   20.104072604336857        72168.931749071460        98032.783170663839        4.2294087383553085E-009   734.29868214201304        3.2639469536929063E-014   2.2123870215729568E-016
   20.440008827299181        69314.515750630744        98742.163335818623        4.0347098205566852E-009   726.93146295233498        3.0849878994616730E-014   2.0849555449877533E-016
   20.781851921757479        66589.930228802841        99428.576967436471        3.8506852907039423E-009   719.78513879715410        2.9166283059200569E-014   1.9657768964702123E-016
   21.129705750077530        63989.074378206424        100090.95424068763        3.6767309803499361E-009   712.85903641201060        2.7582210318073561E-014   1.8542899792309181E-016
   21.483676000869529        61506.140771910555        100728.22123713007        3.5122779867066736E-009   706.15253746045823        2.6091589325117303E-014   1.7499734014274514E-016
   21.843870221099497        59135.600169959798        101339.30374079441        3.3567905287655310E-009   699.66507507353492        2.4688723345043121E-014   1.6523425040824917E-016
   22.210397848765343        56872.187135008666        101923.13141472382        3.2097639351911943E-009   693.39612975003615        2.3368266730533479E-014   1.5609466292798575E-016
   22.583370246147449        54710.886413059437        102478.64234920175        3.0707227559250624E-009   687.34522461863651        2.2125202823785717E-014   1.4753666066664388E-016
   22.962900733643963        52646.920049066073        103004.78798356913        2.9392189904189173E-009   681.51192006366716        2.0954823285599140E-014   1.3952124390023227E-016
   23.349104624200962        50675.735182996512        103500.53834068916        2.8148304246519754E-009   675.89580777392655        1.9852708749754221E-014   1.3201211688182827E-016
   23.742099258348059        48792.992554625976        103964.88766405986        2.6971590730725430E-009   670.49650407998843        1.8814710750981154E-014   1.2497549124225761E-016
   24.142004039850040        46994.555507266225        104396.86006255281        2.5858297121411191E-009   665.31364317590442        1.7836934730602766E-014   1.1837990423286803E-016
   24.548940471985365        45276.480009321895        104795.51612815850        2.4804885207527716E-009   660.34686816039425        1.6915724376940913E-014   1.1219605204276897E-016
   24.963032194462574        43635.004048837764        105159.95734579273        2.3808017656660402E-009   655.59582706628248        1.6047646203402114E-014   1.0639663296205990E-016
   25.384405020985806        42066.541404971656        105489.33650266187        2.2864546989942856E-009   651.06014880063890        1.5229477246910984E-014   1.0095621218017551E-016
   25.813186977480850        40567.665440705030        105782.84513108977        2.1971502503617092E-009   646.73949025171339        1.4457850463826197E-014   9.5851074347871725E-017
   26.249508340993309        39135.161260213223        106039.70247925184        2.1126084913890649E-009   642.63295915104300        1.3729851847224833E-014   9.1059179188161802E-017
   26.693501679270760        37765.823561111545        106259.19622890266        2.0325648725491947E-009   638.74143533881693        1.3043286466435056E-014   8.6559790615008259E-017
   27.145301891040880        36456.949195692032        106440.78723487273        1.9567698939844610E-009   635.06049718431007        1.2395808672387344E-014   8.2334056059952458E-017
   27.605046246997787        35204.847947610440        106583.90542630118        1.8849863089901477E-009   631.60213950274306        1.1784538626761294E-014   7.8362873717041557E-017
   28.072874431509074        34009.365701234594        106688.22338701713        1.8169931066894778E-009   628.32627856052932        1.1208800491714318E-014   7.4632959657066142E-017
   28.548928585056196        32861.349272284198        106753.69383380661        1.7525753630170104E-009   625.33651103717102        1.0662602249111776E-014   7.1120046641419693E-017
   29.031224061195065        31786.061828477224        106779.49064864947        1.6917703111858304E-009   622.25213884854861        1.0159700590431827E-014   6.7852564679553412E-017
   29.515612030597531        30716.291860631260        106779.49064864947        1.6348332460921420E-009   620.32259022923199        9.6599592435440612E-015   6.4745406529410298E-017
   30.000000000000000        29715.358255779396        106779.49064864947        1.5815599036663267E-009   618.46313391651279        9.1994643912905968E-015   6.1869977614864384E-017
