# lambda[A]  T_theo  T_instr  T_rot+instr  (H-alpha 6562.8)
6.561000000000000909e+03 9.999851350774870973e-01 9.999849780766905116e-01 9.999846280570513501e-01
6.561018000000000029e+03 9.999848319044166711e-01 9.999847766937377536e-01 9.999844626111643597e-01
6.561036000000000968e+03 9.999845193481932126e-01 9.999845008460374052e-01 9.999842554833714425e-01
6.561054000000000997e+03 9.999841970169415228e-01 9.999841865334873070e-01 9.999840085397052603e-01
6.561072000000000116e+03 9.999838644980758584e-01 9.999838547658957966e-01 9.999837259804891243e-01
6.561090000000001055e+03 9.999835213569701065e-01 9.999835113015188570e-01 9.999834131521315728e-01
6.561108000000000175e+03 9.999831671355265961e-01 9.999831566460148924e-01 9.999830753485514645e-01
6.561126000000000204e+03 9.999828013506349977e-01 9.999827903986034938e-01 9.999827169568458185e-01
6.561144000000001142e+03 9.999824234925123179e-01 9.999824120519981152e-01 9.999823410804192791e-01
6.561162000000000262e+03 9.999820330229116649e-01 9.999820210663109554e-01 9.999819495655267731e-01
6.561180000000000291e+03 9.999816293731893513e-01 9.999816168710016218e-01 9.999815432549327143e-01
6.561198000000001230e+03 9.999812119422157863e-01 9.999811988628893866e-01 9.999811222992394111e-01
6.561216000000000349e+03 9.999807800941182823e-01 9.999807664038802280e-01 9.999806864214155766e-01
6.561234000000000378e+03 9.999803331558370090e-01 9.999803188185081293e-01 9.999802350984399180e-01
6.561252000000001317e+03 9.999798704144763350e-01 9.999798553912684351e-01 9.999797676672250724e-01
6.561270000000000437e+03 9.999793911144353453e-01 9.999793753637273852e-01 9.999792833778635703e-01
6.561288000000000466e+03 9.999788944542911118e-01 9.999788779313855125e-01 9.999787814162576227e-01
6.561306000000001404e+03 9.999783795834137345e-01 9.999783622402650396e-01 9.999782609112751741e-01
6.561324000000000524e+03 9.999778455982847314e-01 9.999778273832035103e-01 9.999777209348745810e-01
6.561342000000000553e+03 9.999772915384881333e-01 9.999772723958123555e-01 9.999771604992387930e-01
6.561360000000000582e+03 9.999767163823418681e-01 9.999766962520737490e-01 9.999765785525753792e-01
6.561378000000000611e+03 9.999761190421294632e-01 9.999760978595331196e-01 9.999759739741779230e-01
6.561396000000000640e+03 9.999754983588914348e-01 9.999754760540475740e-01 9.999753455689261994e-01
6.561414000000000669e+03 9.999748530967257354e-01 9.999748295940334986e-01 9.999746920612060386e-01
6.561432000000000698e+03 9.999741819365434159e-01 9.999741571541655993e-01 9.999740120882025796e-01
6.561450000000000728e+03 9.999734834692151075e-01 9.999734573184509978e-01 9.999733041924909749e-01
6.561468000000000757e+03 9.999727561880328297e-01 9.999727285726137671e-01 9.999725668137869894e-01
6.561486000000000786e+03 9.999719984804001927e-01 9.999719692956769990e-01 9.999717982797162730e-01
6.561503999999999905e+03 9.999712086186379745e-01 9.999711777506437027e-01 9.999709967953775980e-01
6.561522000000000844e+03 9.999703847497717346e-01 9.999703520741103357e-01 9.999701604314182868e-01
6.561540000000000873e+03 9.999695248841174999e-01 9.999694902646208972e-01 9.999692871101560909e-01
6.561557999999999993e+03 9.999686268824248270e-01 9.999685901694816970e-01 9.999683745891464470e-01
6.561576000000000931e+03 9.999676884412319611e-01 9.999676494696357887e-01 9.999674204412416501e-01
6.561594000000000960e+03 9.999667070759412635e-01 9.999666656620327387e-01 9.999664220297284078e-01
6.561612000000000080e+03 9.999656801008804941e-01 9.999656360386199871e-01 9.999653764764898645e-01
6.561630000000001019e+03 9.999646046052511617e-01 9.999645576606718267e-01 9.999642806200460532e-01
6.561648000000001048e+03 9.999634774232915024e-01 9.999634273264814688e-01 9.999631309588713490e-01
6.561666000000000167e+03 9.999622950961044587e-01 9.999622415294373567e-01 9.999619235731718181e-01
6.561684000000001106e+03 9.999610538212677646e-01 9.999609964019390285e-01 9.999606540151032563e-01
6.561702000000001135e+03 9.999597493843219720e-01 9.999596876383211042e-01 9.999593171529188584e-01
6.561720000000000255e+03 9.999583770632253232e-01 9.999583103865122835e-01 9.999579069480698523e-01
6.561738000000001193e+03 9.999569314924259267e-01 9.999568590931753320e-01 9.999564161353602376e-01
6.561756000000000313e+03 9.999554064667313114e-01 9.999553272798440418e-01 9.999548357638063933e-01
6.561774000000000342e+03 9.999537946558447743e-01 9.999537072172687280e-01 9.999531545389881426e-01
6.561792000000001281e+03 9.999520871872228378e-01 9.999519894506849749e-01 9.999513578847376571e-01
6.561810000000000400e+03 9.999502730363658554e-01 9.999501621085318259e-01 9.999494266114913321e-01
6.561828000000000429e+03 9.999483381380299685e-01 9.999482098994859625e-01 9.999473350382693804e-01
6.561846000000001368e+03 9.999462640968893590e-01 9.999461126652041676e-01 9.999450483625600405e-01
6.561864000000000487e+03 9.999440263291388131e-01 9.999438433061392795e-01 9.999425190042512401e-01
6.561882000000000517e+03 9.999415914041213105e-01 9.999413648318441483e-01 9.999396815626820922e-01
6.561900000000001455e+03 9.999389132733892405e-01 9.999386262014199334e-01 9.999364459155382079e-01
6.561918000000000575e+03 9.999359279691629743e-01 9.999355565096631482e-01 9.999326878497046822e-01
6.561936000000000604e+03 9.999325462198066505e-01 9.999320569348705279e-01 9.999282364414978641e-01
6.561953999999999724e+03 9.999286432609313380e-01 9.999279896893504826e-01 9.999228571896319195e-01
6.561972000000000662e+03 9.999240449105949446e-01 9.999231629968131640e-01 9.999162296402712702e-01
6.561990000000000691e+03 9.999185087184949694e-01 9.999173108544465727e-01 9.999079179184456878e-01
6.562007999999999811e+03 9.999116986836357190e-01 9.999100660125974649e-01 9.998973321798958480e-01
6.562026000000000749e+03 9.999031516526256658e-01 9.999009242106802198e-01 9.998836785034319607e-01
6.562044000000000779e+03 9.998922330488384524e-01 9.998891972300898434e-01 9.998658941315535786e-01
6.562061999999999898e+03 9.998780790244420347e-01 9.998739517447949865e-01 9.998425642045835060e-01
6.562080000000000837e+03 9.998595214498254835e-01 9.998539302418811836e-01 9.998118151821234756e-01
6.562097999999999956e+03 9.998349913257542632e-01 9.998274494111702992e-01 9.997711789672660831e-01
6.562115999999999985e+03 9.998023951764162254e-01 9.997922703132358091e-01 9.997174203319210140e-01
6.562134000000000924e+03 9.997589576902425890e-01 9.997454332553212808e-01 9.996463186720984107e-01
6.562152000000000044e+03 9.997010222260890311e-01 9.996830485315491011e-01 9.995523937498110856e-01
6.562170000000000073e+03 9.996237986631688610e-01 9.996000318740440038e-01 9.994285648477290174e-01
6.562188000000001011e+03 9.995210452614275987e-01 9.994897704196827881e-01 9.992657357653077499e-01
6.562206000000000131e+03 9.993846674657644868e-01 9.993437009663077575e-01 9.990523082520068598e-01
6.562224000000000160e+03 9.992042116000855456e-01 9.991507769667291594e-01 9.987736499640511578e-01
6.562242000000001099e+03 9.989662247369837100e-01 9.988967938467794294e-01 9.984115872546061032e-01
6.562260000000000218e+03 9.986534432536188222e-01 9.985635341513041663e-01 9.979440627747951931e-01
6.562278000000000247e+03 9.982437616128847502e-01 9.981276874254273457e-01 9.973451869447598206e-01
6.562296000000001186e+03 9.977089216016721274e-01 9.975595058816357774e-01 9.965859935600023256e-01
6.562314000000000306e+03 9.970128602505595738e-01 9.968212145163943827e-01 9.956362285133069090e-01
6.562332000000000335e+03 9.961096991442222048e-01 9.958654206873837067e-01 9.944673851484889804e-01
6.562350000000000364e+03 9.949415761322855101e-01 9.946344634380608341e-01 9.930568975409469479e-01
6.562368000000000393e+03 9.934373116788169922e-01 9.930633534374878613e-01 9.913929364146201184e-01
6.562386000000000422e+03 9.915153805829785005e-01 9.910918512754005594e-01 9.894787621336964545e-01
6.562404000000000451e+03 9.891012097834066541e-01 9.886923739088759877e-01 9.873353167077443260e-01
6.562422000000000480e+03 9.861803364868918509e-01 9.859105380308368360e-01 9.850009184711162602e-01
6.562440000000000509e+03 9.829017754237812099e-01 9.828888121898118335e-01 9.825276320930153018e-01
6.562458000000000538e+03 9.796267037941571720e-01 9.798300619673446787e-01 9.799749234007095744e-01
6.562476000000000568e+03 9.766677795580293031e-01 9.769063623270412000e-01 9.774021461716995152e-01
6.562493999999999687e+03 9.740111758532632447e-01 9.741914414183608928e-01 9.748618037916576551e-01
6.562512000000000626e+03 9.715424701681183439e-01 9.716743086803293350e-01 9.723951830951387265e-01
6.562530000000000655e+03 9.692063682679533665e-01 9.693165745753863360e-01 9.700310427634082355e-01
6.562547999999999774e+03 9.669854485043803960e-01 9.670904088081931915e-01 9.677869968465254713e-01
6.562566000000000713e+03 9.648776602156976523e-01 9.649848263757210276e-01 9.656725174251002963e-01
6.562584000000000742e+03 9.628870222305843107e-01 9.629994828683853259e-01 9.636923114282557323e-01
6.562601999999999862e+03 9.610200518004455850e-01 9.611389884327481425e-01 9.618491288915215209e-01
6.562620000000000800e+03 9.592842123686029510e-01 9.594099302475731506e-01 9.601455709918198522e-01
6.562638000000000829e+03 9.576871515810266855e-01 9.578195126471553689e-01 9.585849200699853023e-01
6.562655999999999949e+03 9.562362926311112066e-01 9.563749135069836704e-01 9.571712674745098681e-01
6.562674000000000888e+03 9.549385990338477015e-01 9.550829493833348227e-01 9.559092659585703977e-01
6.562692000000000917e+03 9.538004295689229695e-01 9.539498839421411969e-01 9.548037603846510901e-01
6.562710000000000036e+03 9.528274419685874852e-01 9.529813085776227544e-01 9.538594416530628006e-01
6.562728000000000975e+03 9.520245240890895522e-01 9.521820619876535385e-01 9.530805795384639234e-01
6.562746000000000095e+03 9.513957417711157438e-01 9.515561724205554572e-01 9.524708380636338623e-01
6.562764000000000124e+03 9.509442982564605407e-01 9.511068146366888909e-01 9.520331562514326995e-01
6.562782000000001062e+03 9.506725030564112666e-01 9.508362779087086158e-01 9.517696744267696296e-01
6.562800000000000182e+03 9.505817496569010094e-01 9.507459435590573937e-01 9.516816907821930016e-01
6.562818000000000211e+03 9.506725020611989097e-01 9.508362715540505938e-01 9.517696386118823515e-01
6.562836000000001150e+03 9.509442903152190985e-01 9.511067960682464406e-01 9.520330792515040441e-01
6.562854000000000269e+03 9.513957150841375610e-01 9.515561300201388351e-01 9.524707092196934566e-01
6.562872000000000298e+03 9.520244612095742909e-01 9.521819785760587962e-01 9.530803830578151725e-01
6.562890000000001237e+03 9.528273201001953296e-01 9.529811617064531948e-01 9.538591568208726335e-01
6.562908000000000357e+03 9.538002209529620190e-01 9.539496462727523607e-01 9.548033618016263935e-01
6.562926000000000386e+03 9.549382714173468845e-01 9.550825891430029246e-01 9.559087237588369534e-01
6.562944000000001324e+03 9.562358098040016907e-01 9.563743950070210387e-01 9.571705474674946368e-01
6.562962000000000444e+03 9.576864739639202595e-01 9.578187968373873540e-01 9.585839837633568505e-01
6.562980000000000473e+03 9.592832976202215756e-01 9.594089752600741816e-01 9.601443755204630559e-01
6.562998000000000502e+03 9.610188553874953188e-01 9.611377500197288981e-01 9.618476270340495793e-01
6.563016000000000531e+03 9.628854978469458814e-01 9.629979145221776449e-01 9.636904521456909345e-01
6.563034000000000560e+03 9.648757598115909051e-01 9.649828786082718102e-01 9.656702476438718818e-01
6.563052000000000589e+03 9.669831213782867918e-01 9.670880262553810391e-01 9.677842653655154281e-01
6.563070000000000618e+03 9.692035578070082869e-01 9.693136880697864610e-01 9.700278069552130678e-01
6.563088000000000648e+03 9.715391039881028368e-01 9.716708198121968287e-01 9.723914183107763565e-01
6.563106000000000677e+03 9.740071362203194250e-01 9.741872102741728767e-01 9.748575141236689445e-01
6.563124000000000706e+03 9.766628298551973675e-01 9.769012410325520479e-01 9.773973739096238900e-01
6.563141999999999825e+03 9.796204830955163034e-01 9.798240147489378771e-01 9.799697538274467767e-01
6.563160000000000764e+03 9.828944295873759396e-01 9.828820527505786053e-01 9.825221908424377482e-01
6.563178000000000793e+03 9.861727305979788305e-01 9.859035195308103461e-01 9.849953605925233502e-01
6.563195999999999913e+03 9.890941077391418590e-01 9.886856005453630303e-01 9.873298092196363118e-01
6.563214000000000851e+03 9.915091172106765827e-01 9.910856848517655138e-01 9.894734640651374757e-01
6.563232000000000880e+03 9.934319417306491928e-01 9.930579563579954305e-01 9.913879811134357345e-01
6.563250000000000000e+03 9.949370381782469686e-01 9.946298509275427469e-01 9.930523810592017941e-01
6.563268000000000939e+03 9.961058973636481850e-01 9.958615336592846479e-01 9.944633623350256357e-01
6.563286000000000968e+03 9.970096957931525727e-01 9.968179681788224000e-01 9.956327160814562038e-01
6.563304000000000087e+03 9.977063027656567495e-01 9.975568128929134248e-01 9.965829777861634486e-01
6.563322000000001026e+03 9.982416064065207095e-01 9.981254666098819950e-01 9.973426331886828811e-01
6.563340000000000146e+03 9.986516794769466632e-01 9.985617129753705523e-01 9.979419245135598970e-01
6.563358000000000175e+03 9.989647893423666547e-01 9.988953086093776967e-01 9.984098132877173848e-01
6.563376000000001113e+03 9.992030498885737799e-01 9.991495722586237749e-01 9.987721893854512034e-01
6.563394000000000233e+03 9.993837322810597001e-01 9.993427289392105006e-01 9.990511134163092555e-01
6.563412000000000262e+03 9.995202962216935827e-01 9.994889900359685830e-01 9.992647637533841332e-01
6.563430000000001201e+03 9.996232014372188335e-01 9.995994081854454594e-01 9.994277779561248076e-01
6.563448000000000320e+03 9.997005478528894207e-01 9.996825519982539543e-01 9.995517594197110833e-01
6.563466000000000349e+03 9.997585819404153362e-01 9.997450391073179343e-01 9.996458091364619492e-01
6.563484000000001288e+03 9.998020979554640419e-01 9.997919579541555413e-01 9.997170121452569891e-01
6.563502000000000407e+03 9.998347561198422939e-01 9.998272018651696014e-01 9.997708525054876949e-01
6.563520000000000437e+03 9.998593348155431215e-01 9.998537336445373347e-01 9.998115541548545648e-01
6.563538000000001375e+03 9.998779301239416606e-01 9.998737948790318297e-01 9.998423551987427604e-01
6.563556000000000495e+03 9.998921132313506321e-01 9.998890711078359805e-01 9.998657261937158314e-01
6.563574000000000524e+03 9.999030540825649682e-01 9.999008217003245713e-01 9.998835427633595563e-01
6.563592000000000553e+03 9.999116180145917188e-01 9.999099815115060075e-01 9.998972215152530651e-01
6.563610000000000582e+03 9.999184408114524247e-01 9.999172400049454179e-01 9.999078266595557984e-01
6.563628000000000611e+03 9.999239865938589489e-01 9.999231024432594372e-01 9.999161533130368484e-01
6.563646000000000640e+03 9.999285921285323564e-01 9.999279368732317819e-01 9.999227922942351965e-01
6.563664000000000669e+03 9.999325004646615334e-01 9.999320099244027871e-01 9.999281802641082351e-01
6.563682000000000698e+03 9.999358862469847065e-01 9.999355138600595216e-01 9.999326383041566846e-01
6.563699999999999818e+03 9.999388745932639155e-01 9.999385868419090606e-01 9.999364014117928523e-01
6.563718000000000757e+03 9.999415550417753984e-01 9.999413279755738904e-01 9.999396408988485696e-01
6.563735999999999876e+03 9.999439917591498306e-01 9.999438083793217302e-01 9.999424812790039807e-01
6.563753999999999905e+03 9.999462309404354432e-01 9.999460792521420727e-01 9.999450129049581859e-01
6.563772000000000844e+03 9.999483061231654313e-01 9.999481777004910477e-01 9.999473013521793519e-01
6.563789999999999964e+03 9.999502419682214649e-01 9.999501309081358924e-01 9.999493943321007272e-01
6.563807999999999993e+03 9.999520569259476854e-01 9.999519590939384139e-01 9.999513267449259279e-01
6.563826000000000931e+03 9.999537651004867245e-01 9.999536775922908127e-01 9.999531243436163841e-01
6.563844000000000051e+03 9.999553775436066383e-01 9.999552983051369637e-01 9.999548063702986544e-01
6.563862000000000080e+03 9.999569031468305003e-01 9.999568307085138219e-01 9.999563874391859120e-01
6.563880000000001019e+03 9.999583492535962792e-01 9.999582825464757851e-01 9.999578788720269173e-01
6.563898000000000138e+03 9.999597220781728524e-01 9.999596603077571810e-01 9.999592896392918151e-01
6.563916000000000167e+03 9.999610269923874251e-01 9.999609695528119957e-01 9.999606270200038782e-01
6.563934000000001106e+03 9.999622687226462636e-01 9.999622151386620139e-01 9.999618970624780667e-01
6.563952000000000226e+03 9.999634514864801371e-01 9.999634013744486127e-01 9.999631049053550047e-01
6.563970000000000255e+03 9.999645790885141050e-01 9.999645321302491618e-01 9.999642550013525533e-01
6.563988000000000284e+03 9.999656549892664836e-01 9.999656109144819949e-01 9.999653512737359806e-01
6.564006000000000313e+03 9.999666823557316064e-01 9.999666409302083725e-01 9.999663972265240286e-01
6.564024000000000342e+03 9.999676640996796317e-01 9.999676251172080477e-01 9.999673960230246461e-01
6.564042000000000371e+03 9.999686029075768312e-01 9.999685661843801254e-01 9.999683505427242602e-01
6.564060000000000400e+03 9.999695012646939718e-01 9.999694666354839168e-01 9.999692634233908750e-01
6.564078000000000429e+03 9.999703614750786729e-01 9.999703287901828830e-01 9.999701370930140776e-01
6.564096000000000458e+03 9.999711856785050701e-01 9.999711548017099494e-01 9.999709737947272137e-01
6.564114000000000487e+03 9.999719758651313128e-01 9.999719466720058403e-01 9.999717756067978414e-01
6.564131999999999607e+03 9.999727338883691585e-01 9.999727062649171883e-01 9.999725444590920054e-01
6.564150000000000546e+03 9.999734614763035045e-01 9.999734353178507673e-01 9.999732821469622390e-01
6.564168000000000575e+03 9.999741602419093267e-01 9.999741354521652914e-01 9.999739903431970056e-01
6.564185999999999694e+03 9.999748316922498770e-01 9.999748081824952894e-01 9.999746706084610137e-01
6.564204000000000633e+03 9.999754772367888123e-01 9.999754549251692604e-01 9.999753244005310515e-01
6.564222000000000662e+03 9.999760981949304961e-01 9.999760770058286896e-01 9.999759530825464982e-01
6.564239999999999782e+03 9.999766958028747377e-01 9.999766756663568401e-01 9.999765579304333851e-01
6.564258000000000720e+03 9.999772712198631286e-01 9.999772520711798229e-01 9.999771401396020387e-01
6.564276000000000749e+03 9.999778255338784838e-01 9.999778073130195510e-01 9.999777008310305471e-01
6.564293999999999869e+03 9.999783597668563395e-01 9.999783424181477587e-01 9.999782410567723545e-01
6.564312000000000808e+03 9.999788748794522508e-01 9.999788583511932671e-01 9.999787618048902038e-01
6.564330000000000837e+03 9.999793717754127398e-01 9.999793560195482378e-01 9.999792640036574420e-01
6.564347999999999956e+03 9.999798513055843108e-01 9.999798362774064975e-01 9.999797485244260598e-01
6.564366000000000895e+03 9.999803142715957271e-01 9.999802999294747918e-01 9.999802161814991264e-01
6.564384000000000015e+03 9.999807614292441915e-01 9.999807477343831685e-01 9.999806677249697406e-01
6.564402000000000044e+03 9.999811934916112977e-01 9.999811804078234667e-01 9.999811038180766998e-01
6.564420000000000982e+03 9.999816111319351775e-01 9.999815986254398936e-01 9.999815249839277831e-01
6.564438000000000102e+03 9.999820149862582719e-01 9.999820030254962244e-01 9.999819314995186392e-01
6.564456000000000131e+03 9.999824056558710428e-01 9.999823942113361674e-01 9.999823232139775087e-01
6.564474000000001070e+03 9.999827837095720540e-01 9.999827727536536592e-01 9.999826992838957151e-01
6.564492000000000189e+03 9.999831496857555235e-01 9.999831391924846047e-01 9.999830578618149612e-01
6.564510000000000218e+03 9.999835040943455544e-01 9.999834940352547719e-01 9.999833958424229063e-01
6.564528000000001157e+03 9.999838474185869241e-01 9.999838376828322772e-01 9.999837088359913029e-01
6.564546000000000276e+03 9.999841801167063116e-01 9.999841696291467130e-01 9.999839915454491468e-01
6.564564000000000306e+03 9.999845026234531753e-01 9.999844841125871131e-01 9.999842386211889034e-01
6.564582000000000335e+03 9.999848153515312754e-01 9.999847601114164597e-01 9.999844458603075470e-01
6.564600000000000364e+03 9.999851186929291647e-01 9.999849616052993717e-01 9.999846113954820037e-01
