# lambda[A]  T_theo  T_instr  T_rot+instr  (He I 10830)
1.082820000000000073e+04 9.999999514538425727e-01 9.999999491924705941e-01 9.999999491111662975e-01
1.082822014473023773e+04 9.999999499197813613e-01 9.999999481905349485e-01 9.999999481241490518e-01
1.082824028946047110e+04 9.999999482952085517e-01 9.999999469470257640e-01 9.999999468946988435e-01
1.082826043419070629e+04 9.999999465716533642e-01 9.999999454637011898e-01 9.999999454233376994e-01
1.082828057892094148e+04 9.999999447394788410e-01 9.999999437468166663e-01 9.999999437154740711e-01
1.082830072365117485e+04 9.999999427875925218e-01 9.999999417972835758e-01 9.999999417716000094e-01
1.082832086838141004e+04 9.999999407029569465e-01 9.999999395975467387e-01 9.999999395739891384e-01
1.082834101311164341e+04 9.999999384696829363e-01 9.999999370929479880e-01 9.999999370676712074e-01
1.082836115784187859e+04 9.999999360671844029e-01 9.999999341612427761e-01 9.999999341294061317e-01
1.082838130257211378e+04 9.999999334662855732e-01 9.999999305578983755e-01 9.999999305122003745e-01
1.082840144730234715e+04 9.999999306208987582e-01 9.999999258155737314e-01 9.999999257436338329e-01
1.082842159203258234e+04 9.999999274503388325e-01 9.999999190615326272e-01 9.999999189413252276e-01
1.082844173676281753e+04 9.999999238023334902e-01 9.999999086928742509e-01 9.999999084848473219e-01
1.082846188149305090e+04 9.999999193773490003e-01 9.999998918111134838e-01 9.999998914445381581e-01
1.082848202622328608e+04 9.999999135775862191e-01 9.999998632569985224e-01 9.999998626062903684e-01
1.082850217095352127e+04 9.999999052135559729e-01 9.999998139920479590e-01 9.999998128355939153e-01
1.082852231568375464e+04 9.999998919494119676e-01 9.999997284275933263e-01 9.999997263758206856e-01
1.082854246041398983e+04 9.999998692833508285e-01 9.999995800780490107e-01 9.999995764471022452e-01
1.082856260514422320e+04 9.999998287251617990e-01 9.999993245708156397e-01 9.999993181599138303e-01
1.082858274987445839e+04 9.999997546279564276e-01 9.999988885171570141e-01 9.999988772167810458e-01
1.082860289460469357e+04 9.999996188272111119e-01 9.999981519468225111e-01 9.999981320554416353e-01
1.082862303933492694e+04 9.999993717999995368e-01 9.999969208212111660e-01 9.999968858761897339e-01
1.082864318406516213e+04 9.999989284242177812e-01 9.999948844594253039e-01 9.999948232959073868e-01
1.082866332879539914e+04 9.999981454924955493e-01 9.999915505188375908e-01 9.999914441800917819e-01
1.082868347352563251e+04 9.999967867218798601e-01 9.999861476963874951e-01 9.999859647846506272e-01
1.082870361825586770e+04 9.999944686949424622e-01 9.999774843000832636e-01 9.999771744805716622e-01
1.082872376298610106e+04 9.999905771771669949e-01 9.999637508635319527e-01 9.999632366665506256e-01
1.082874390771633625e+04 9.999841361765186010e-01 9.999422597137068713e-01 9.999414276860881801e-01
1.082876405244657144e+04 9.999735999262071573e-01 9.999091275072243823e-01 9.999078212351868444e-01
1.082878419717680481e+04 9.999565189820591726e-01 9.998589319664280550e-01 9.998569513924571162e-01
1.082880434190704000e+04 9.999290077624977124e-01 9.997844131732201989e-01 9.997815264242513322e-01
1.082882448663727519e+04 9.998849249981300868e-01 9.996763395156060827e-01 9.996723141139196578e-01
1.082884463136750855e+04 9.998147051451382605e-01 9.995237068978094497e-01 9.995183653361873199e-01
1.082886477609774374e+04 9.997039096386380885e-01 9.993144649949556868e-01 9.993077639578135107e-01
1.082888492082797893e+04 9.995318720757339070e-01 9.990369364021660648e-01 9.990290591644707119e-01
1.082890506555821230e+04 9.992713015870487991e-01 9.986819855237636379e-01 9.986734250398143775e-01
1.082892521028844749e+04 9.988902211199075509e-01 9.982457937572520867e-01 9.982373939495613469e-01
1.082894535501868086e+04 9.983577400399763491e-01 9.977328312273762156e-01 9.977257520253499656e-01
1.082896549974891605e+04 9.976543816741471060e-01 9.971583535952320831e-01 9.971539367031043710e-01
1.082898564447915123e+04 9.967859130722412919e-01 9.965496018395274547e-01 9.965491402593398274e-01
1.082900578920938460e+04 9.957974426950630953e-01 9.959449516874253616e-01 9.959494010666198882e-01
1.082902593393961979e+04 9.947816642046748425e-01 9.953906059340414947e-01 9.954003075778472542e-01
1.082904607866985498e+04 9.938710231814350538e-01 9.949350085921618847e-01 9.949495077638201845e-01
1.082906622340008835e+04 9.932076416846228328e-01 9.946218350741935499e-01 9.946398637730706760e-01
1.082908636813032354e+04 9.929041358773360582e-01 9.944829544177967717e-01 9.945026056008672288e-01
1.082910651286055690e+04 9.930140806761955652e-01 9.945329536393920922e-01 9.945520165722170347e-01
1.082912665759079391e+04 9.935179029099515668e-01 9.947665483168662837e-01 9.947829230588302041e-01
1.082914680232102910e+04 9.943281474188601088e-01 9.951595264952969311e-01 9.951716093390265971e-01
1.082916694705126247e+04 9.953121090058706377e-01 9.956729885839611383e-01 9.956799299340697296e-01
1.082918709178149766e+04 9.963279165135203730e-01 9.962598380076070903e-01 9.962616158597255023e-01
1.082920723651173284e+04 9.972616792859907431e-01 9.968720001371021988e-01 9.968693097001823933e-01
1.082922738124196621e+04 9.980460687927308339e-01 9.974668280456275848e-01 9.974608396451226655e-01
1.082924752597220140e+04 9.986582693989334292e-01 9.980115532044190330e-01 9.980036190379621974e-01
1.082926767070243659e+04 9.991076374340694954e-01 9.984852807847962586e-01 9.984766699542803048e-01
1.082928781543266996e+04 9.994212031866656076e-01 9.988786819603135969e-01 9.988703982225221045e-01
1.082930796016290515e+04 9.996314231096896652e-01 9.991920072461444313e-01 9.991847086112155552e-01
1.082932810489313852e+04 9.997682502577206476e-01 9.994322430693203252e-01 9.994262509118774229e-01
1.082934824962337370e+04 9.998555447281318731e-01 9.996101753345919549e-01 9.996055421033983590e-01
1.082936839435360889e+04 9.999105582754670429e-01 9.997379002052575458e-01 9.997345009321062514e-01
1.082938853908384226e+04 9.999449768231963853e-01 9.998270467074928947e-01 9.998246664913942316e-01
1.082940868381407745e+04 9.999663973898652580e-01 9.998877383625497384e-01 9.998861397453671085e-01
1.082942882854431264e+04 9.999796517365066029e-01 9.999281682947062100e-01 9.999271336435874291e-01
1.082944897327454601e+04 9.999877881772499810e-01 9.999545987562554750e-01 9.999539504587724448e-01
1.082946911800478119e+04 9.999927290527190760e-01 9.999715999240473829e-01 9.999712047774487189e-01
1.082948926273501638e+04 9.999956882291280991e-01 9.999823836234925656e-01 9.999821481675167378e-01
1.082950940746524975e+04 9.999974312641194407e-01 9.999891388802091274e-01 9.999890010103524851e-01
1.082952955219548494e+04 9.999984381544664291e-01 9.999933211950359224e-01 9.999932414460375174e-01
1.082954969692571831e+04 9.999990065991326560e-01 9.999958792233802907e-01 9.999958334004664939e-01
1.082956984165595350e+04 9.999993184051607642e-01 9.999974209336666142e-01 9.999973945960954902e-01
1.082958998638619050e+04 9.999994824269408111e-01 9.999983294637049269e-01 9.999983141256172381e-01
1.082961013111642387e+04 9.999995621712590710e-01 9.999988406431268295e-01 9.999988313052058375e-01
1.082963027584665906e+04 9.999995931868513876e-01 9.999990926703796745e-01 9.999990862666565672e-01
1.082965042057689425e+04 9.999995935155581162e-01 9.999991557706434664e-01 9.999991501799911919e-01
1.082967056530712762e+04 9.999995692287139137e-01 9.999990468618630279e-01 9.999990402146984314e-01
1.082969071003736281e+04 9.999995160954688878e-01 9.999987316733203180e-01 9.999987217409440632e-01
1.082971085476759799e+04 9.999994175419600895e-01 9.999981143442411291e-01 9.999980978125159181e-01
1.082973099949783136e+04 9.999992381167269739e-01 9.999970120134035190e-01 9.999969834024258208e-01
1.082975114422806655e+04 9.999989105340167939e-01 9.999951089057900200e-01 9.999950587892749709e-01
1.082977128895829992e+04 9.999983128552871747e-01 9.999918804518860282e-01 9.999917924377442757e-01
1.082979143368853511e+04 9.999972302751828357e-01 9.999864725135045873e-01 9.999863181596601036e-01
1.082981157841877030e+04 9.999952929915608690e-01 9.999775133868646915e-01 9.999772438609514369e-01
1.082983172314900366e+04 9.999918772479379214e-01 9.999628268443994106e-01 9.999623597763627192e-01
1.082985186787923885e+04 9.999859499000293139e-01 9.999390039753724979e-01 9.999382037987906147e-01
1.082987201260947404e+04 9.999758259774534919e-01 9.999007827890196154e-01 9.998994332793058604e-01
1.082989215733970741e+04 9.999587903751993023e-01 9.998401831803171991e-01 9.998379523824156845e-01
1.082991230206994260e+04 9.999305035943683029e-01 9.997453602613033397e-01 9.997417610857717296e-01
1.082993244680017597e+04 9.998840604985662628e-01 9.995991835433668538e-01 9.995935382608356345e-01
1.082995259153041115e+04 9.998084970258395154e-01 9.993776352197992763e-01 9.993690584525677378e-01
1.082997273626064634e+04 9.996864570495871405e-01 9.990482535777835960e-01 9.990356745576929320e-01
1.082999288099087971e+04 9.994906987470992821e-01 9.985690175589083672e-01 9.985512654295880530e-01
1.083001302572111490e+04 9.991792696103575233e-01 9.978882414487827424e-01 9.978642134160164989e-01
1.083003317045135191e+04 9.986897140601427303e-01 9.969461626923591391e-01 9.969150806068377557e-01
1.083005331518158528e+04 9.979337647937567279e-01 9.956788802152535256e-01 9.956406161730827487e-01
1.083007345991182046e+04 9.967954902875915124e-01 9.940250608347157568e-01 9.939804808221321952e-01
1.083009360464205565e+04 9.951371261735479923e-01 9.919353462068050131e-01 9.918865920903566780e-01
1.083011374937228902e+04 9.928165579165780796e-01 9.893837100617903779e-01 9.893343264653337021e-01
1.083013389410252421e+04 9.897177635511652527e-01 9.863792747058720556e-01 9.863340982988469952e-01
1.083015403883275758e+04 9.857914009335445593e-01 9.829765011851847589e-01 9.829412676872366639e-01
1.083017418356299277e+04 9.810980100613296839e-01 9.792814236066481604e-01 9.792621046427235632e-01
1.083019432829322795e+04 9.758363111141373780e-01 9.754518342974912715e-01 9.754537777874615623e-01
1.083021447302346132e+04 9.703302661018267106e-01 9.716900503037472214e-01 9.717170500490416307e-01
1.083023461775369651e+04 9.649780264188911882e-01 9.682279945835992052e-01 9.682814478576480255e-01
1.083025476248393170e+04 9.602099361584898185e-01 9.653056286148830045e-01 9.653839503015665402e-01
1.083027490721416507e+04 9.564716543482721933e-01 9.631450756298054472e-01 9.632435198200405280e-01
1.083029505194440026e+04 9.541889555993681160e-01 9.619238674751445783e-01 9.620348570837360391e-01
1.083031519667463363e+04 9.536779262991242900e-01 9.617514118800725154e-01 9.618653913256788313e-01
1.083033534140486881e+04 9.550542956926404425e-01 9.626527859689951727e-01 9.627594998652869718e-01
1.083035548613510400e+04 9.582145343396433201e-01 9.645631486503492003e-01 9.646531352708759277e-01
1.083037563086533737e+04 9.628545014768644661e-01 9.673344197791207133e-01 9.674004278634760201e-01
1.083039577559557256e+04 9.684909938028675169e-01 9.707536332958589531e-01 9.707916590864806849e-01
1.083041592032580775e+04 9.745184403319285815e-01 9.745700210934420404e-01 9.745797360344358173e-01
1.083043606505604112e+04 9.803331121175744567e-01 9.785260500180491539e-01 9.785105355880656663e-01
1.083045620978627630e+04 9.854750086106817131e-01 9.823868745113017997e-01 9.823517568111080900e-01
1.083047635451651331e+04 9.896967759804240483e-01 9.859632480115426700e-01 9.859154728080179453e-01
1.083049649924674668e+04 9.929477563405592067e-01 9.891246967278428670e-01 9.890712555441451004e-01
1.083051664397698187e+04 9.953161058283725993e-01 9.918021497766073002e-01 9.917490396846377898e-01
1.083053678870721524e+04 9.969626535996766181e-01 9.939815087523051762e-01 9.939331019449403337e-01
1.083055693343745043e+04 9.980652767856087459e-01 9.956911989545562669e-01 9.956500599293772735e-01
1.083057707816768561e+04 9.987832515208293627e-01 9.969872683412069891e-01 9.969543378628520358e-01
1.083059722289791898e+04 9.992418337618187429e-01 9.979391663241311550e-01 9.979141656630593493e-01
1.083061736762815417e+04 9.995311586138133642e-01 9.986182980592108738e-01 9.986002004418390587e-01
1.083063751235838936e+04 9.997122694774364104e-01 9.990902535922422389e-01 9.990777061680480298e-01
1.083065765708862273e+04 9.998249474799340009e-01 9.994106121217770644e-01 9.994022456753283157e-01
1.083067780181885792e+04 9.998945839483571740e-01 9.996236019302650044e-01 9.996182149665074901e-01
1.083069794654909310e+04 9.999372515273114992e-01 9.997626667401769973e-01 9.997593032995598650e-01
1.083071809127932647e+04 9.999631069984389331e-01 9.998520494922437107e-01 9.998500040813841361e-01
1.083073823600956166e+04 9.999785657053640309e-01 9.999087187606707783e-01 9.999075015831234703e-01
1.083075838073979503e+04 9.999876676872969661e-01 9.999442140966754433e-01 9.999435019508338129e-01
1.083077852547003022e+04 9.999929388258215202e-01 9.999662013170614872e-01 9.999657897619940172e-01
1.083079867020026541e+04 9.999959400518161345e-01 9.999796777590447272e-01 9.999794418626831716e-01
1.083081881493049877e+04 9.999976212046035595e-01 9.999878519717331216e-01 9.999877174254458989e-01
1.083083895966073396e+04 9.999985497515395672e-01 9.999927581626333328e-01 9.999926816338530200e-01
1.083085910439096915e+04 9.999990578478927805e-01 9.999956717736152578e-01 9.999956283195372553e-01
1.083087924912120252e+04 9.999993357052345822e-01 9.999973841061927660e-01 9.999973594719534509e-01
1.083089939385143771e+04 9.999994898035826640e-01 9.999983808251345918e-01 9.999983668872073350e-01
1.083091953858167471e+04 9.999995783952080330e-01 9.999989565855301743e-01 9.999989487164624435e-01
1.083093968331190626e+04 9.999996326345858000e-01 9.999992879218156938e-01 9.999992834854948276e-01
1.083095982804214327e+04 9.999996688304054748e-01 9.999994791672250916e-01 9.999994766635311727e-01
1.083097997277237664e+04 9.999996953608392136e-01 9.999995910925083553e-01 9.999995896704753084e-01
1.083100011750261183e+04 9.999997164711724729e-01 9.999996585609794986e-01 9.999996577405867448e-01
1.083102026223284702e+04 9.999997343028479424e-01 9.999997012673931263e-01 9.999997007799813487e-01
1.083104040696308039e+04 9.999997499485219210e-01 9.999997301716797571e-01 9.999997298682954394e-01
1.083106055169331557e+04 9.999997639863750232e-01 9.999997512897229601e-01 9.999997510886037277e-01
1.083108069642355076e+04 9.999997767440421681e-01 9.999997678874027462e-01 9.999997677440762844e-01
1.083110084115378413e+04 9.999997884261270231e-01 9.999997817269896672e-01 9.999997816174228671e-01
1.083112098588401932e+04 9.999997991747682224e-01 9.999997937617752797e-01 9.999997936729849712e-01
1.083114113061425269e+04 9.999998090981827570e-01 9.999998045158242643e-01 9.999998044407344411e-01
1.083116127534448788e+04 9.999998182842397831e-01 9.999998142877064566e-01 9.999998142223653907e-01
1.083118142007472306e+04 9.999998268071518259e-01 9.999998232578599655e-01 9.999998231999618348e-01
1.083120156480495643e+04 9.999998347310135038e-01 9.999998315442789609e-01 9.999998314923900233e-01
1.083122170953519162e+04 9.999998421118936331e-01 9.999998392310477380e-01 9.999998391842028767e-01
1.083124185426542681e+04 9.999998489992151240e-01 9.999998463828787543e-01 9.999998463403778626e-01
1.083126199899566018e+04 9.999998554367658388e-01 9.999998530525586737e-01 9.999998530138581865e-01
1.083128214372589537e+04 9.999998614634929561e-01 9.999998592848450274e-01 9.999998592495026317e-01
1.083130228845613055e+04 9.999998671141531181e-01 9.999998651186062792e-01 9.999998650862513827e-01
1.083132243318636392e+04 9.999998724198501110e-01 9.999998705880885908e-01 9.999998705584022263e-01
1.083134257791659911e+04 9.999998774084943864e-01 9.999998757237241742e-01 9.999998756964308955e-01
1.083136272264683248e+04 9.999998821051950815e-01 9.999998805527156032e-01 9.999998805275742697e-01
1.083138286737706767e+04 9.999998865325949726e-01 9.999998850994742394e-01 9.999998850762737979e-01
1.083140301210730468e+04 9.999998907111573576e-01 9.999998893859793903e-01 9.999998893645339892e-01
1.083142315683753804e+04 9.999998946594171878e-01 9.999998934320712962e-01 9.999998934122151795e-01
1.083144330156777323e+04 9.999998983941964514e-01 9.999998972557019306e-01 9.999998972372891037e-01
1.083146344629800842e+04 9.999999019307933557e-01 9.999999008731547123e-01 9.999999008560536140e-01
1.083148359102824179e+04 9.999999052831461954e-01 9.999999042992251397e-01 9.999999042833200846e-01
1.083150373575847698e+04 9.999999084639764613e-01 9.999999075473868793e-01 9.999999075325746167e-01
1.083152388048871035e+04 9.999999114849177362e-01 9.999999106299333196e-01 9.999999106161191476e-01
1.083154402521894554e+04 9.999999143566231652e-01 9.999999135580975862e-01 9.999999135451984600e-01
1.083156416994918072e+04 9.999999170888660416e-01 9.999999163421660064e-01 9.999999163301063199e-01
1.083158431467941409e+04 9.999999196906257382e-01 9.999999189915711462e-01 9.999999189802833977e-01
1.083160445940964928e+04 9.999999221701636465e-01 9.999999215149762977e-01 9.999999215043988698e-01
1.083162460413988447e+04 9.999999245350932320e-01 9.999999239203515300e-01 9.999999239104285786e-01
1.083164474887011784e+04 9.999999267924377655e-01 9.999999262150403023e-01 9.999999262057216454e-01
1.083166489360035303e+04 9.999999289486881660e-01 9.999999284058146420e-01 9.999999283970549824e-01
1.083168503833058821e+04 9.999999310098488525e-01 9.999999304989333204e-01 9.999999304906905806e-01
1.083170518306082158e+04 9.999999329814809323e-01 9.999999325001871497e-01 9.999999324924229160e-01
1.083172532779105677e+04 9.999999348687427236e-01 9.999999344149346214e-01 9.999999344076151431e-01
1.083174547252129014e+04 9.999999366764232844e-01 9.999999362481499787e-01 9.999999362412432813e-01
1.083176561725152533e+04 9.999999384089737209e-01 9.999999380044505282e-01 9.999999379979271907e-01
1.083178576198176052e+04 9.999999400705368302e-01 9.999999396881259495e-01 9.999999396819606590e-01
1.083180590671199388e+04 9.999999416649717476e-01 9.999999413031709361e-01 9.999999412973378243e-01
1.083182605144222907e+04 9.999999431958762619e-01 9.999999428533046242e-01 9.999999428477830410e-01
1.083184619617246608e+04 9.999999446666103520e-01 9.999999443419979039e-01 9.999999443367655338e-01
1.083186634090269945e+04 9.999999460803113971e-01 9.999999457724869645e-01 9.999999457675258219e-01
1.083188648563293464e+04 9.999999474399150490e-01 9.999999471477990509e-01 9.999999471430924824e-01
1.083190663036316982e+04 9.999999487481683325e-01 9.999999484707647879e-01 9.999999484662948079e-01
1.083192677509340319e+04 9.999999500076457437e-01 9.999999497440333895e-01 9.999999497397863424e-01
1.083194691982363838e+04 9.999999512207612407e-01 9.999999509700872036e-01 9.999999509660488783e-01
1.083196706455387175e+04 9.999999523897799003e-01 9.999999521512547007e-01 9.999999521474122188e-01
1.083198720928410694e+04 9.999999535168300202e-01 9.999999532897209109e-01 9.999999532860628371e-01
1.083200735401434213e+04 9.999999546039116671e-01 9.999999543875396357e-01 9.999999543840549787e-01
1.083202749874457550e+04 9.999999556529066691e-01 9.999999554466408869e-01 9.999999554433194326e-01
1.083204764347481068e+04 9.999999566655870531e-01 9.999999564688402121e-01 9.999999564656715245e-01
1.083206778820504587e+04 9.999999576436221504e-01 9.999999574558472437e-01 9.999999574528239954e-01
1.083208793293527924e+04 9.999999585885857023e-01 9.999999584092743588e-01 9.999999584063876679e-01
1.083210807766551443e+04 9.999999595019635201e-01 9.999999593306404533e-01 9.999999593278823262e-01
1.083212822239574962e+04 9.999999603851567054e-01 9.999999602213793803e-01 9.999999602187423786e-01
1.083214836712598299e+04 9.999999612394906423e-01 9.999999610828421703e-01 9.999999610803190775e-01
1.083216851185621817e+04 9.999999620662177735e-01 9.999999619163006948e-01 9.999999619138837392e-01
1.083218865658645154e+04 9.999999628665232621e-01 9.999999627229416710e-01 9.999999627206173081e-01
1.083220880131668673e+04 9.999999636415290993e-01 9.999999635038367973e-01 9.999999635015832666e-01
1.083222894604692192e+04 9.999999643922966586e-01 9.999999642598824678e-01 9.999999642576518077e-01
1.083224909077715529e+04 9.999999651198340223e-01 9.999999649916517797e-01 9.999999649893493991e-01
1.083226923550739048e+04 9.999999658250959822e-01 9.999999656991321872e-01 9.999999656965730122e-01
1.083228938023762748e+04 9.999999665089885914e-01 9.999999663813055051e-01 9.999999663781644621e-01
1.083230952496785903e+04 9.999999671723718286e-01 9.999999670355971260e-01 9.999999670313550748e-01
1.083232966969809604e+04 9.999999678160635952e-01 9.999999676573343432e-01 9.999999676512471014e-01
1.083234981442832941e+04 9.999999684408400480e-01 9.999999682394717926e-01 9.999999682305950044e-01
1.083236995915856460e+04 9.999999690474399294e-01 9.999999687729232978e-01 9.999999687602123544e-01
1.083239010388879979e+04 9.999999696365666768e-01 9.999999692477302693e-01 9.999999692302117271e-01
1.083241024861903315e+04 9.999999702088878673e-01 9.999999696549894956e-01 9.999999696319642473e-01
1.083243039334926834e+04 9.999999707650419900e-01 9.999999699890651517e-01 9.999999699602737380e-01
