# lambda[A]  T_theo  T_instr  T_rot+instr  (H-alpha 6562.8)
6.560976026493976860e+03 9.999999998548746438e-01 9.999999998533676271e-01 9.999999998533386503e-01
6.560994266229036839e+03 9.999999998519205624e-01 9.999999998514003119e-01 9.999999998513839916e-01
6.561012505964096817e+03 9.999999998488749986e-01 9.999999998487035802e-01 9.999999998486969188e-01
6.561030745699157706e+03 9.999999998457351769e-01 9.999999998456370331e-01 9.999999998456343686e-01
6.561048985434217684e+03 9.999999998424959902e-01 9.999999998424039527e-01 9.999999998424021763e-01
6.561067225169277663e+03 9.999999998391535527e-01 9.999999998390584066e-01 9.999999998390568523e-01
6.561085464904337641e+03 9.999999998357037567e-01 9.999999998356046138e-01 9.999999998356027264e-01
6.561103704639398529e+03 9.999999998321417172e-01 9.999999998320380223e-01 9.999999998320361350e-01
6.561121944374458508e+03 9.999999998284622160e-01 9.999999998283539693e-01 9.999999998283521929e-01
6.561140184109518486e+03 9.999999998246607014e-01 9.999999998245476807e-01 9.999999998245454602e-01
6.561158423844579374e+03 9.999999998207308449e-01 9.999999998206127172e-01 9.999999998206107188e-01
6.561176663579639353e+03 9.999999998166675397e-01 9.999999998165439719e-01 9.999999998165417514e-01
6.561194903314699332e+03 9.999999998124644573e-01 9.999999998123347833e-01 9.999999998123330069e-01
6.561213143049760220e+03 9.999999998081149366e-01 9.999999998079794894e-01 9.999999998079770469e-01
6.561231382784820198e+03 9.999999998036120941e-01 9.999999998034699855e-01 9.999999998034676540e-01
6.561249622519880177e+03 9.999999997989488243e-01 9.999999997988000544e-01 9.999999997987975009e-01
6.561267862254941065e+03 9.999999997941169116e-01 9.999999997939610363e-01 9.999999997939584828e-01
6.561286101990001043e+03 9.999999997891089176e-01 9.999999997889451597e-01 9.999999997889424952e-01
6.561304341725061022e+03 9.999999997839157384e-01 9.999999997837437649e-01 9.999999997837409893e-01
6.561322581460121910e+03 9.999999997785281591e-01 9.999999997783476369e-01 9.999999997783446393e-01
6.561340821195181888e+03 9.999999997729362988e-01 9.999999997727464507e-01 9.999999997727433421e-01
6.561359060930241867e+03 9.999999997671297214e-01 9.999999997669302143e-01 9.999999997669267726e-01
6.561377300665301846e+03 9.999999997610972136e-01 9.999999997608871594e-01 9.999999997608836066e-01
6.561395540400362734e+03 9.999999997548271180e-01 9.999999997546057395e-01 9.999999997546018538e-01
6.561413780135422712e+03 9.999999997483064451e-01 9.999999997480731873e-01 9.999999997480690794e-01
6.561432019870481781e+03 9.999999997415217612e-01 9.999999997412757358e-01 9.999999997412712949e-01
6.561450259605542669e+03 9.999999997344585223e-01 9.999999997341987301e-01 9.999999997341945113e-01
6.561468499340602648e+03 9.999999997271016294e-01 9.999999997268271823e-01 9.999999997268226304e-01
6.561486739075662626e+03 9.999999997194342072e-01 9.999999997191439949e-01 9.999999997191393319e-01
6.561504978810722605e+03 9.999999997114386030e-01 9.999999997111316263e-01 9.999999997111264083e-01
6.561523218545783493e+03 9.999999997030951659e-01 9.999999997027702037e-01 9.999999997027647636e-01
6.561541458280843472e+03 9.999999996943843561e-01 9.999999996940399649e-01 9.999999996940344138e-01
6.561559698015903450e+03 9.999999996852841910e-01 9.999999996849187056e-01 9.999999996849127104e-01
6.561577937750964338e+03 9.999999996757702458e-01 9.999999996753823339e-01 9.999999996753757836e-01
6.561596177486024317e+03 9.999999996658177626e-01 9.999999996654056478e-01 9.999999996653985423e-01
6.561614417221084295e+03 9.999999996553988746e-01 9.999999996549604475e-01 9.999999996549531200e-01
6.561632656956145183e+03 9.999999996444842720e-01 9.999999996440175343e-01 9.999999996440096517e-01
6.561650896691205162e+03 9.999999996330417584e-01 9.999999996325438234e-01 9.999999996325357188e-01
6.561669136426265140e+03 9.999999996210360287e-01 9.999999996205054531e-01 9.999999996204963493e-01
6.561687376161326029e+03 9.999999996084306675e-01 9.999999996078637876e-01 9.999999996078541287e-01
6.561705615896386007e+03 9.999999995951839304e-01 9.999999995945776377e-01 9.999999995945672016e-01
6.561723855631445986e+03 9.999999995812518527e-01 9.999999995806031494e-01 9.999999995805919362e-01
6.561742095366505964e+03 9.999999995665861396e-01 9.999999995658904739e-01 9.999999995658785945e-01
6.561760335101566852e+03 9.999999995511338335e-01 9.999999995503876526e-01 9.999999995503748851e-01
6.561778574836626831e+03 9.999999995348385351e-01 9.999999995340363990e-01 9.999999995340226322e-01
6.561796814571686809e+03 9.999999995176362955e-01 9.999999995167733191e-01 9.999999995167585531e-01
6.561815054306747697e+03 9.999999994994592800e-01 9.999999994985295793e-01 9.999999994985134810e-01
6.561833294041807676e+03 9.999999994802314385e-01 9.999999994792281299e-01 9.999999994792110325e-01
6.561851533776867655e+03 9.999999994598701702e-01 9.999999994587859264e-01 9.999999994587674967e-01
6.561869773511928543e+03 9.999999994382838819e-01 9.999999994371104872e-01 9.999999994370906142e-01
6.561888013246988521e+03 9.999999994153724314e-01 9.999999994141001158e-01 9.999999994140784665e-01
6.561906252982048500e+03 9.999999993910236862e-01 9.999999993896414585e-01 9.999999993896178108e-01
6.561924492717109388e+03 9.999999993651140784e-01 9.999999993636091711e-01 9.999999993635835249e-01
6.561942732452169366e+03 9.999999993375058294e-01 9.999999993358626993e-01 9.999999993358346106e-01
6.561960972187229345e+03 9.999999993080433969e-01 9.999999993062436143e-01 9.999999993062130832e-01
6.561979211922290233e+03 9.999999992765515877e-01 9.999999992745709498e-01 9.999999992745371991e-01
6.561997451657350211e+03 9.999999992428294515e-01 9.999999992406340965e-01 9.999999992405966820e-01
6.562015691392410190e+03 9.999999992066394006e-01 9.999999992041808117e-01 9.999999992041381791e-01
6.562033931127470169e+03 9.999999991676942201e-01 9.999999991648951259e-01 9.999999991648459430e-01
6.562052170862531057e+03 9.999999991256265375e-01 9.999999991223604834e-01 9.999999991223020857e-01
6.562070410597591035e+03 9.999999990799411931e-01 9.999999990759927959e-01 9.999999990759207424e-01
6.562088650332651014e+03 9.999999990299256458e-01 9.999999990249230919e-01 9.999999990248293891e-01
6.562106890067711902e+03 9.999999989744912110e-01 9.999999989677891277e-01 9.999999989676595646e-01
6.562125129802771880e+03 9.999999989118942834e-01 9.999999989023773406e-01 9.999999989021882696e-01
6.562143369537831859e+03 9.999999988392545003e-01 9.999999988250127814e-01 9.999999988247235683e-01
6.562161609272892747e+03 9.999999987517329547e-01 9.999999987295384862e-01 9.999999987290806303e-01
6.562179849007952726e+03 9.999999986411592934e-01 9.999999986056397061e-01 9.999999986048990763e-01
6.562198088743012704e+03 9.999999984937789632e-01 9.999999984361435112e-01 9.999999984349350335e-01
6.562216328478073592e+03 9.999999982866405457e-01 9.999999981927581993e-01 9.999999981907851110e-01
6.562234568213133571e+03 9.999999979819071960e-01 9.999999978294817904e-01 9.999999978262756883e-01
6.562252807948193549e+03 9.999999975180997591e-01 9.999999972726153485e-01 9.999999972674518123e-01
6.562271047683254437e+03 9.999999967969036563e-01 9.999999964059556046e-01 9.999999963977346251e-01
6.562289287418314416e+03 9.999999956637318776e-01 9.999999950493171363e-01 9.999999950363954726e-01
6.562307527153374394e+03 9.999999938797327070e-01 9.999999929280547484e-01 9.999999929080224392e-01
6.562325766888434373e+03 9.999999910824161065e-01 9.999999896308080505e-01 9.999999896001936506e-01
6.562344006623495261e+03 9.999999867315807478e-01 9.999999845522777875e-01 9.999999845061645631e-01
6.562362246358554330e+03 9.999999800368888359e-01 9.999999768175873438e-01 9.999999767491296598e-01
6.562380486093614309e+03 9.999999698633099676e-01 9.999999651847901738e-01 9.999999650846047583e-01
6.562398725828675197e+03 9.999999546109407111e-01 9.999999479224286336e-01 9.999999477778391821e-01
6.562416965563735175e+03 9.999999320664511027e-01 9.999999226598329516e-01 9.999999224539155573e-01
6.562435205298795154e+03 9.999998992247257634e-01 9.999998862089979346e-01 9.999998859193298673e-01
6.562453445033855132e+03 9.999998520809909586e-01 9.999998343581918414e-01 9.999998339550815185e-01
6.562471684768916020e+03 9.999997853955213678e-01 9.999997616382303445e-01 9.999997610819877369e-01
6.562489924503975999e+03 9.999996924337891668e-01 9.999996610615295989e-01 9.999996602979436267e-01
6.562508164239035978e+03 9.999995646828142570e-01 9.999995238297598732e-01 9.999995227824914901e-01
6.562526403974096866e+03 9.999993915367142439e-01 9.999993389957508860e-01 9.999993375540441320e-01
6.562544643709156844e+03 9.999991599285354971e-01 9.999990930425164404e-01 9.999990910430144320e-01
6.562562883444216823e+03 9.999988538614427158e-01 9.999987692737037914e-01 9.999987664758572814e-01
6.562581123179277711e+03 9.999984537544045482e-01 9.999983466321276104e-01 9.999983426824370358e-01
6.562599362914337689e+03 9.999979353765942047e-01 9.999977963963225802e-01 9.999977907453420078e-01
6.562617602649397668e+03 9.999972673649705213e-01 9.999970707546047555e-01 9.999970623749681042e-01
6.562635842384458556e+03 9.999964026101231251e-01 9.999960629354727182e-01 9.999960494392945431e-01
6.562654082119518534e+03 9.999952436969898883e-01 9.999944846429880130e-01 9.999944603416998090e-01
6.562672321854578513e+03 9.999935070331745779e-01 9.999915708346966969e-01 9.999915248696861214e-01
6.562690561589638492e+03 9.999902430705700507e-01 9.999856189673543838e-01 9.999855389944249939e-01
6.562708801324699380e+03 9.999825647570187437e-01 9.999738220828744417e-01 9.999737099227389292e-01
6.562727041059759358e+03 9.999643539834254247e-01 9.999533771642356017e-01 9.999532683877617734e-01
6.562745280794819337e+03 9.999305103209409351e-01 9.999241926000349556e-01 9.999241538424246123e-01
6.562763520529880225e+03 9.998865648181344268e-01 9.998913998095785294e-01 9.998914905032240119e-01
6.562781760264940203e+03 9.998471092699093843e-01 9.998648341367566417e-01 9.998650559618086353e-01
6.562800000000000182e+03 9.998306677026496114e-01 9.998545476065999749e-01 9.998548252975163475e-01
6.562818239735061070e+03 9.998471090976825959e-01 9.998648336509314838e-01 9.998650554747994246e-01
6.562836479470121049e+03 9.998865638268384926e-01 9.998913987550980265e-01 9.998914894487130889e-01
6.562854719205181027e+03 9.999305082776459574e-01 9.999241910454548243e-01 9.999241522899285917e-01
6.562872958940241915e+03 9.999643516866545401e-01 9.999533754373732819e-01 9.999532666629964428e-01
6.562891198675301894e+03 9.999825631320199415e-01 9.999738205677384251e-01 9.999737084074198368e-01
6.562909438410361872e+03 9.999902421233148875e-01 9.999856178449707533e-01 9.999855378698421227e-01
6.562927678145422760e+03 9.999935064230283110e-01 9.999915700547715725e-01 9.999915240872927491e-01
6.562945917880482739e+03 9.999952432093408561e-01 9.999944840690849768e-01 9.999944597661020174e-01
6.562964157615542717e+03 9.999964021654247359e-01 9.999960624615888971e-01 9.999960489644611483e-01
6.562982397350602696e+03 9.999972669445734708e-01 9.999970703295747443e-01 9.999970619493667723e-01
6.563000637085663584e+03 9.999979349816869867e-01 9.999977960042257807e-01 9.999977903528117773e-01
6.563018876820723563e+03 9.999984533904074935e-01 9.999983462717927374e-01 9.999983423217261302e-01
6.563037116555783541e+03 9.999988535331246764e-01 9.999987689478813113e-01 9.999987661497053981e-01
6.563055356290844429e+03 9.999991596388251303e-01 9.999990927537149021e-01 9.999990907539305640e-01
6.563073596025904408e+03 9.999993912865894341e-01 9.999993387450267779e-01 9.999993373030794386e-01
6.563091835760964386e+03 9.999995644714900767e-01 9.999995236165762913e-01 9.999995225691014067e-01
6.563110075496025274e+03 9.999996922590246307e-01 9.999996608839666346e-01 9.999996601202010282e-01
6.563128315231085253e+03 9.999997852540051246e-01 9.999997614933181511e-01 9.999997609369177809e-01
6.563146554966145231e+03 9.999998519687411935e-01 9.999998342422734554e-01 9.999998338390250208e-01
6.563164794701206119e+03 9.999998991374747792e-01 9.999998861180787735e-01 9.999998858282906911e-01
6.563183034436266098e+03 9.999999319999578473e-01 9.999999225898809074e-01 9.999999223838609286e-01
6.563201274171326077e+03 9.999999545612303642e-01 9.999999478696085520e-01 9.999999477249332802e-01
6.563219513906386965e+03 9.999999698268293713e-01 9.999999651456235039e-01 9.999999650453681443e-01
6.563237753641446943e+03 9.999999800105865422e-01 9.999999767890466185e-01 9.999999767205327572e-01
6.563255993376506012e+03 9.999999867129278908e-01 9.999999845318182645e-01 9.999999844856615194e-01
6.563274233111565991e+03 9.999999910693835314e-01 9.999999896163604962e-01 9.999999895857125676e-01
6.563292472846626879e+03 9.999999938707403446e-01 9.999999929179841374e-01 9.999999928979267372e-01
6.563310712581686857e+03 9.999999956575822413e-01 9.999999950423672512e-01 9.999999950294271578e-01
6.563328952316746836e+03 9.999999967927134525e-01 9.999999964011867526e-01 9.999999963929525615e-01
6.563347192051807724e+03 9.999999975152342735e-01 9.999999972693407457e-01 9.999999972641683277e-01
6.563365431786867703e+03 9.999999979799205629e-01 9.999999978272131607e-01 9.999999978240007303e-01
6.563383671521927681e+03 9.999999982852276759e-01 9.999999981911545932e-01 9.999999981891773970e-01
6.563401911256987660e+03 9.999999984927342433e-01 9.999999984349728921e-01 9.999999984337614167e-01
6.563420150992048548e+03 9.999999986403484975e-01 9.999999986047475309e-01 9.999999986040050137e-01
6.563438390727108526e+03 9.999999987510698185e-01 9.999999987288235026e-01 9.999999987283646474e-01
6.563456630462168505e+03 9.999999988386846228e-01 9.999999988244107074e-01 9.999999988241210502e-01
6.563474870197229393e+03 9.999999989113839138e-01 9.999999989018473201e-01 9.999999989016581381e-01
6.563493109932289371e+03 9.999999989740203654e-01 9.999999989673064027e-01 9.999999989671763956e-01
6.563511349667349350e+03 9.999999990294817787e-01 9.999999990244721193e-01 9.999999990243779724e-01
6.563529589402410238e+03 9.999999990795169769e-01 9.999999990755641388e-01 9.999999990754918633e-01
6.563547829137470217e+03 9.999999991252171982e-01 9.999999991219484796e-01 9.999999991218900819e-01
6.563566068872530195e+03 9.999999991672974264e-01 9.999999991644968889e-01 9.999999991644477060e-01
6.563584308607591083e+03 9.999999992062540422e-01 9.999999992037945651e-01 9.999999992037514884e-01
6.563602548342651062e+03 9.999999992424538631e-01 9.999999992402580640e-01 9.999999992402199833e-01
6.563620788077711040e+03 9.999999992761851031e-01 9.999999992742041321e-01 9.999999992741700483e-01
6.563639027812771019e+03 9.999999993076852389e-01 9.999999993058851233e-01 9.999999993058542591e-01
6.563657267547831907e+03 9.999999993371555540e-01 9.999999993355124239e-01 9.999999993354841132e-01
6.563675507282891886e+03 9.999999993647716856e-01 9.999999993632664452e-01 9.999999993632407991e-01
6.563693747017951864e+03 9.999999993906888429e-01 9.999999993893059491e-01 9.999999993892824124e-01
6.563711986753012752e+03 9.999999994150441385e-01 9.999999994137716008e-01 9.999999994137501735e-01
6.563730226488072731e+03 9.999999994379624724e-01 9.999999994367887446e-01 9.999999994367688716e-01
6.563748466223132709e+03 9.999999994595547559e-01 9.999999994584707341e-01 9.999999994584523044e-01
6.563766705958193597e+03 9.999999994799223524e-01 9.999999994789190438e-01 9.999999994789018354e-01
6.563784945693253576e+03 9.999999994991559671e-01 9.999999994982259333e-01 9.999999994982103901e-01
6.563803185428313554e+03 9.999999995173389777e-01 9.999999995164761124e-01 9.999999995164614575e-01
6.563821425163374442e+03 9.999999995345465464e-01 9.999999995337446324e-01 9.999999995337308656e-01
6.563839664898434421e+03 9.999999995508476180e-01 9.999999995501009931e-01 9.999999995500882255e-01
6.563857904633494400e+03 9.999999995663044761e-01 9.999999995656086993e-01 9.999999995655971530e-01
6.563876144368555288e+03 9.999999995809748521e-01 9.999999995803260378e-01 9.999999995803152686e-01
6.563894384103615266e+03 9.999999995949119258e-01 9.999999995943055220e-01 9.999999995942955300e-01
6.563912623838675245e+03 9.999999996081631037e-01 9.999999996075961128e-01 9.999999996075864539e-01
6.563930863573735223e+03 9.999999996207735720e-01 9.999999996202423302e-01 9.999999996202335595e-01
6.563949103308796111e+03 9.999999996327830765e-01 9.999999996322851414e-01 9.999999996322769258e-01
6.563967343043856090e+03 9.999999996442298089e-01 9.999999996437628491e-01 9.999999996437549665e-01
6.563985582778916068e+03 9.999999996551485193e-01 9.999999996547099812e-01 9.999999996547025427e-01
6.564003822513976957e+03 9.999999996655711820e-01 9.999999996651589562e-01 9.999999996651520728e-01
6.564022062249036935e+03 9.999999996755276621e-01 9.999999996751394171e-01 9.999999996751329778e-01
6.564040301984096914e+03 9.999999996850449380e-01 9.999999996846793415e-01 9.999999996846733463e-01
6.564058541719157802e+03 9.999999996941489888e-01 9.999999996938043756e-01 9.999999996937983804e-01
6.564076781454217780e+03 9.999999997028630183e-01 9.999999997025376119e-01 9.999999997025323939e-01
6.564095021189277759e+03 9.999999997112088979e-01 9.999999997109021432e-01 9.999999997108969252e-01
6.564113260924338647e+03 9.999999997192083878e-01 9.999999997189180645e-01 9.999999997189131795e-01
6.564131500659398625e+03 9.999999997268789187e-01 9.999999997266043605e-01 9.999999997265996976e-01
6.564149740394458604e+03 9.999999997342393643e-01 9.999999997339791280e-01 9.999999997339746871e-01
6.564167980129519492e+03 9.999999997413050457e-01 9.999999997410589092e-01 9.999999997410549124e-01
6.564186219864578561e+03 9.999999997480929492e-01 9.999999997478592473e-01 9.999999997478554725e-01
6.564204459599638540e+03 9.999999997546163977e-01 9.999999997543950192e-01 9.999999997543910224e-01
6.564222699334698518e+03 9.999999997608892688e-01 9.999999997606791036e-01 9.999999997606753288e-01
6.564240939069759406e+03 9.999999997669244411e-01 9.999999997667247120e-01 9.999999997667213814e-01
6.564259178804819385e+03 9.999999997727337941e-01 9.999999997725438350e-01 9.999999997725406153e-01
6.564277418539879363e+03 9.999999997783276529e-01 9.999999997781472416e-01 9.999999997781442440e-01
6.564295658274940251e+03 9.999999997837181187e-01 9.999999997835461452e-01 9.999999997835433696e-01
6.564313898010000230e+03 9.999999997889135184e-01 9.999999997887498715e-01 9.999999997887470959e-01
6.564332137745060209e+03 9.999999997939241769e-01 9.999999997937680796e-01 9.999999997937653040e-01
6.564350377480120187e+03 9.999999997987579770e-01 9.999999997986092071e-01 9.999999997986067646e-01
6.564368617215181075e+03 9.999999998034239113e-01 9.999999998032816917e-01 9.999999998032792492e-01
6.564386856950241054e+03 9.999999998079287522e-01 9.999999998077931940e-01 9.999999998077909735e-01
6.564405096685301032e+03 9.999999998122804934e-01 9.999999998121510414e-01 9.999999998121488209e-01
6.564423336420361920e+03 9.999999998164856851e-01 9.999999998163620063e-01 9.999999998163598969e-01
6.564441576155421899e+03 9.999999998205508778e-01 9.999999998204326390e-01 9.999999998204307516e-01
6.564459815890481877e+03 9.999999998244828436e-01 9.999999998243697119e-01 9.999999998243678245e-01
6.564478055625542765e+03 9.999999998282865787e-01 9.999999998281782210e-01 9.999999998281763336e-01
6.564496295360602744e+03 9.999999998319675232e-01 9.999999998318639394e-01 9.999999998318622740e-01
6.564514535095662723e+03 9.999999998355315611e-01 9.999999998354324182e-01 9.999999998354306419e-01
6.564532774830723611e+03 9.999999998389831335e-01 9.999999998388882094e-01 9.999999998388865441e-01
6.564551014565783589e+03 9.999999998423272363e-01 9.999999998422353098e-01 9.999999998422339775e-01
6.564569254300843568e+03 9.999999998455685324e-01 9.999999998454699446e-01 9.999999998454675021e-01
6.564587494035903546e+03 9.999999998487102415e-01 9.999999998485383790e-01 9.999999998485318287e-01
6.564605733770964434e+03 9.999999998517571376e-01 9.999999998512366650e-01 9.999999998512205668e-01
6.564623973506024413e+03 9.999999998547124402e-01 9.999999998532047574e-01 9.999999998531758916e-01
