# lambda[A]  T_theo  T_instr  T_rot+instr  (H-beta 4861.35)
4.860000000000000000e+03 9.999999999967446040e-01 9.999999999967106312e-01 9.999999999967100761e-01
4.860013500000000022e+03 9.999999999966784348e-01 9.999999999966667774e-01 9.999999999966663333e-01
4.860026999999999134e+03 9.999999999966099340e-01 9.999999999966062703e-01 9.999999999966059372e-01
4.860040499999999156e+03 9.999999999965396569e-01 9.999999999965375475e-01 9.999999999965374364e-01
4.860054000000000087e+03 9.999999999964671593e-01 9.999999999964651609e-01 9.999999999964650499e-01
4.860067500000000109e+03 9.999999999963919972e-01 9.999999999963898878e-01 9.999999999963898878e-01
4.860081000000000131e+03 9.999999999963145036e-01 9.999999999963123942e-01 9.999999999963125052e-01
4.860094499999999243e+03 9.999999999962347896e-01 9.999999999962323471e-01 9.999999999962323471e-01
4.860108000000000175e+03 9.999999999961521890e-01 9.999999999961498576e-01 9.999999999961497466e-01
4.860121500000000196e+03 9.999999999960667019e-01 9.999999999960643704e-01 9.999999999960643704e-01
4.860134999999999309e+03 9.999999999959786612e-01 9.999999999959761077e-01 9.999999999959759966e-01
4.860148499999999331e+03 9.999999999958875119e-01 9.999999999958847363e-01 9.999999999958847363e-01
4.860162000000000262e+03 9.999999999957932539e-01 9.999999999957902563e-01 9.999999999957902563e-01
4.860175500000000284e+03 9.999999999956957764e-01 9.999999999956925567e-01 9.999999999956926677e-01
4.860189000000000306e+03 9.999999999955945240e-01 9.999999999955915264e-01 9.999999999955915264e-01
4.860202499999999418e+03 9.999999999954900520e-01 9.999999999954866103e-01 9.999999999954866103e-01
4.860215999999999440e+03 9.999999999953818053e-01 9.999999999953782526e-01 9.999999999953781415e-01
4.860229500000000371e+03 9.999999999952692287e-01 9.999999999952656760e-01 9.999999999952656760e-01
4.860242999999999483e+03 9.999999999951529883e-01 9.999999999951491025e-01 9.999999999951489915e-01
4.860256499999999505e+03 9.999999999950320850e-01 9.999999999950279772e-01 9.999999999950277552e-01
4.860269999999999527e+03 9.999999999949066298e-01 9.999999999949024110e-01 9.999999999949020779e-01
4.860283500000000458e+03 9.999999999947762896e-01 9.999999999947717377e-01 9.999999999947715157e-01
4.860297000000000480e+03 9.999999999946409535e-01 9.999999999946360685e-01 9.999999999946357354e-01
4.860310499999999593e+03 9.999999999945005102e-01 9.999999999944950702e-01 9.999999999944950702e-01
4.860323999999999614e+03 9.999999999943540718e-01 9.999999999943486317e-01 9.999999999943486317e-01
4.860337500000000546e+03 9.999999999942017492e-01 9.999999999941961981e-01 9.999999999941961981e-01
4.860350999999999658e+03 9.999999999940434314e-01 9.999999999940374362e-01 9.999999999940374362e-01
4.860364499999999680e+03 9.999999999938782302e-01 9.999999999938719020e-01 9.999999999938719020e-01
4.860377999999999702e+03 9.999999999937062567e-01 9.999999999936994843e-01 9.999999999936997064e-01
4.860391499999999724e+03 9.999999999935268447e-01 9.999999999935199613e-01 9.999999999935199613e-01
4.860405000000000655e+03 9.999999999933399941e-01 9.999999999933325556e-01 9.999999999933325556e-01
4.860418499999999767e+03 9.999999999931448169e-01 9.999999999931367123e-01 9.999999999931367123e-01
4.860431999999999789e+03 9.999999999929402028e-01 9.999999999929319872e-01 9.999999999929319872e-01
4.860445499999999811e+03 9.999999999927267069e-01 9.999999999927180472e-01 9.999999999927181582e-01
4.860458999999999833e+03 9.999999999925035521e-01 9.999999999924941152e-01 9.999999999924940042e-01
4.860472499999999854e+03 9.999999999922697391e-01 9.999999999922598581e-01 9.999999999922598581e-01
4.860485999999999876e+03 9.999999999920250460e-01 9.999999999920143878e-01 9.999999999920144989e-01
4.860499499999999898e+03 9.999999999917680293e-01 9.999999999917571492e-01 9.999999999917571492e-01
4.860513000000000829e+03 9.999999999914991333e-01 9.999999999914869209e-01 9.999999999914868098e-01
4.860526499999999942e+03 9.999999999912162485e-01 9.999999999912033699e-01 9.999999999912032589e-01
4.860539999999999964e+03 9.999999999909190418e-01 9.999999999909053860e-01 9.999999999909050530e-01
4.860553499999999985e+03 9.999999999906065140e-01 9.999999999905919701e-01 9.999999999905917480e-01
4.860566999999999098e+03 9.999999999902776660e-01 9.999999999902621228e-01 9.999999999902619008e-01
4.860580500000000029e+03 9.999999999899311653e-01 9.999999999899142900e-01 9.999999999899139569e-01
4.860594000000000051e+03 9.999999999895654579e-01 9.999999999895474723e-01 9.999999999895469172e-01
4.860607500000000073e+03 9.999999999891796554e-01 9.999999999891602265e-01 9.999999999891598934e-01
4.860621000000000095e+03 9.999999999887720925e-01 9.999999999887511093e-01 9.999999999887505542e-01
4.860634500000000116e+03 9.999999999883406598e-01 9.999999999883181223e-01 9.999999999883173452e-01
4.860648000000000138e+03 9.999999999878840251e-01 9.999999999878596002e-01 9.999999999878589341e-01
4.860661500000000160e+03 9.999999999873995238e-01 9.999999999873732115e-01 9.999999999873725454e-01
4.860674999999999272e+03 9.999999999868857126e-01 9.999999999868570688e-01 9.999999999868565137e-01
4.860688499999999294e+03 9.999999999863394828e-01 9.999999999863083966e-01 9.999999999863077305e-01
4.860702000000000226e+03 9.999999999857581701e-01 9.999999999857240862e-01 9.999999999857234201e-01
4.860715500000000247e+03 9.999999999851384436e-01 9.999999999851009180e-01 9.999999999851001409e-01
4.860729000000000269e+03 9.999999999844767506e-01 9.999999999844350063e-01 9.999999999844342291e-01
4.860742499999999382e+03 9.999999999837686504e-01 9.999999999837214659e-01 9.999999999837205777e-01
4.860756000000000313e+03 9.999999999830080366e-01 9.999999999829533026e-01 9.999999999829523034e-01
4.860769500000000335e+03 9.999999999821871377e-01 9.999999999821210794e-01 9.999999999821198582e-01
4.860782999999999447e+03 9.999999999812946294e-01 9.999999999812093643e-01 9.999999999812076990e-01
4.860796499999999469e+03 9.999999999803108608e-01 9.999999999801929551e-01 9.999999999801906236e-01
4.860810000000000400e+03 9.999999999792039684e-01 9.999999999790276650e-01 9.999999999790240013e-01
4.860823500000000422e+03 9.999999999779156656e-01 9.999999999776345572e-01 9.999999999776286730e-01
4.860837000000000444e+03 9.999999999763421465e-01 9.999999999758711899e-01 9.999999999758610869e-01
4.860850499999999556e+03 9.999999999742940071e-01 9.999999999734822120e-01 9.999999999734647815e-01
4.860863999999999578e+03 9.999999999714296317e-01 9.999999999700134312e-01 9.999999999699829001e-01
4.860877500000000509e+03 9.999999999671391748e-01 9.999999999646651538e-01 9.999999999646116411e-01
4.860890999999999622e+03 9.999999999603476075e-01 9.999999999560519326e-01 9.999999999559593400e-01
4.860904499999999643e+03 9.999999999491900882e-01 9.999999999418093255e-01 9.999999999416508967e-01
4.860917999999999665e+03 9.999999999304862719e-01 9.999999999179730592e-01 9.999999999177057175e-01
4.860931500000000597e+03 9.999999998989087535e-01 9.999999998780061405e-01 9.999999998775612742e-01
4.860945000000000618e+03 9.999999998456893247e-01 9.999999998113212607e-01 9.999999998105919552e-01
4.860958499999999731e+03 9.999999997566625387e-01 9.999999997010747821e-01 9.999999996998979457e-01
4.860971999999999753e+03 9.999999996093636989e-01 9.999999995209487569e-01 9.999999995190789193e-01
4.860985500000000684e+03 9.999999993688286626e-01 9.999999992305647067e-01 9.999999992276411565e-01
4.860998999999999796e+03 9.999999989816515944e-01 9.999999987690932901e-01 9.999999987645934452e-01
4.861012499999999818e+03 9.999999983677927418e-01 9.999999980465661409e-01 9.999999980397479282e-01
4.861025999999999840e+03 9.999999974095558075e-01 9.999999969323519755e-01 9.999999969221777807e-01
4.861039499999999862e+03 9.999999959371455027e-01 9.999999952402589543e-01 9.999999952253046942e-01
4.861053000000000793e+03 9.999999937102682646e-01 9.999999927097946717e-01 9.999999926881326662e-01
4.861066499999999905e+03 9.999999903953467051e-01 9.999999889832352773e-01 9.999999889522924734e-01
4.861079999999999927e+03 9.999999855381614955e-01 9.999999835783839330e-01 9.999999835347562760e-01
4.861093499999999949e+03 9.999999785320500267e-01 9.999999758571269659e-01 9.999999757963276004e-01
4.861106999999999061e+03 9.999999685821198137e-01 9.999999649900935816e-01 9.999999649061707130e-01
4.861120499999999993e+03 9.999999546661708649e-01 9.999999499176102091e-01 9.999999498025287092e-01
4.861134000000000015e+03 9.999999354927457951e-01 9.999999293063956962e-01 9.999999291490132558e-01
4.861147500000000036e+03 9.999999094554353762e-01 9.999999014993905533e-01 9.999999012838148849e-01
4.861161000000000968e+03 9.999998745794577149e-01 9.999998644511957080e-01 9.999998641543326183e-01
4.861174500000000080e+03 9.999998284509513669e-01 9.999998156271453498e-01 9.999998152151998720e-01
4.861188000000000102e+03 9.999997681093212298e-01 9.999997517892836862e-01 9.999997512117739795e-01
4.861201500000000124e+03 9.999996898517043986e-01 9.999996683706563472e-01 9.999996675440441241e-01
4.861214999999999236e+03 9.999995887492975077e-01 9.999995573032621765e-01 9.999995560536054651e-01
4.861228500000000167e+03 9.999994569788481780e-01 9.999993994402650577e-01 9.999993973202495612e-01
4.861242000000000189e+03 9.999992772304259203e-01 9.999991407151992417e-01 9.999991365565062962e-01
4.861255500000000211e+03 9.999989972458002141e-01 9.999986301396180943e-01 9.999986213820915015e-01
4.861269000000000233e+03 9.999984413518822057e-01 9.999975018392532888e-01 9.999974845719814542e-01
4.861282499999999345e+03 9.999970635126499419e-01 9.999950599334637147e-01 9.999950318626620316e-01
4.861296000000000276e+03 9.999935298539719408e-01 9.999904043798443221e-01 9.999903715320513919e-01
4.861309500000000298e+03 9.999858482510403102e-01 9.999831003202460655e-01 9.999830813728552981e-01
4.861322999999999411e+03 9.999736585961730428e-01 9.999742002356427628e-01 9.999742177341476301e-01
4.861336499999999432e+03 9.999613367399011743e-01 9.999665649309806836e-01 9.999666245147057486e-01
4.861350000000000364e+03 9.999560584586896228e-01 9.999635216339102239e-01 9.999636000819074333e-01
4.861363500000000386e+03 9.999613366848787432e-01 9.999665647997625362e-01 9.999666243833585932e-01
4.861377000000000407e+03 9.999736582983059785e-01 9.999741999677644877e-01 9.999742174664585370e-01
4.861390499999999520e+03 9.999858477407361779e-01 9.999830999553432909e-01 9.999830810084456845e-01
4.861404000000000451e+03 9.999935293840704897e-01 9.999904040072573608e-01 9.999903711596940248e-01
4.861417500000000473e+03 9.999970632141201854e-01 9.999950596319743257e-01 9.999950315608356899e-01
4.861430999999999585e+03 9.999984411869591305e-01 9.999975016317775856e-01 9.999974843638633759e-01
4.861444499999999607e+03 9.999989971451511694e-01 9.999986300047980503e-01 9.999986212467034674e-01
4.861457999999999629e+03 9.999992771537872249e-01 9.999991406216283130e-01 9.999991364625859802e-01
4.861471500000000560e+03 9.999994569107460984e-01 9.999993993661372427e-01 9.999993972459430003e-01
4.861485000000000582e+03 9.999995886855834737e-01 9.999995572382318620e-01 9.999995559884797824e-01
4.861498499999999694e+03 9.999996897920866434e-01 9.999996683112400975e-01 9.999996674845634814e-01
4.861511999999999716e+03 9.999997680544501222e-01 9.999997517348915288e-01 9.999997511573290865e-01
4.861525500000000648e+03 9.999998284014937067e-01 9.999998155780462916e-01 9.999998151660549617e-01
4.861538999999999760e+03 9.999998745358469332e-01 9.999998644077222609e-01 9.999998641108193143e-01
4.861552499999999782e+03 9.999999094178251280e-01 9.999999014616922643e-01 9.999999012460818459e-01
4.861565999999999804e+03 9.999999354610223934e-01 9.999999292743905199e-01 9.999999291169781035e-01
4.861579500000000735e+03 9.999999546399955808e-01 9.999999498910069340e-01 9.999999497758985667e-01
4.861593000000000757e+03 9.999999685609866074e-01 9.999999649684391256e-01 9.999999648844923872e-01
4.861606499999999869e+03 9.999999785153484977e-01 9.999999758398617766e-01 9.999999757790416499e-01
4.861619999999999891e+03 9.999999855252365011e-01 9.999999835648962776e-01 9.999999835212505239e-01
4.861633499999999913e+03 9.999999903855487648e-01 9.999999889729086489e-01 9.999999889419499688e-01
4.861646999999999935e+03 9.999999937029904196e-01 9.999999927020424284e-01 9.999999926803675443e-01
4.861660499999999956e+03 9.999999959318466303e-01 9.999999952345517418e-01 9.999999952195868236e-01
4.861673999999999978e+03 9.999999974057726115e-01 9.999999969282298284e-01 9.999999969180475290e-01
4.861687500000000000e+03 9.999999983651439717e-01 9.999999980436447000e-01 9.999999980368198260e-01
4.861701000000000931e+03 9.999999989798310507e-01 9.999999987670605828e-01 9.999999987625560749e-01
4.861714500000000044e+03 9.999999993676005339e-01 9.999999992291758177e-01 9.999999992262484927e-01
4.861728000000000065e+03 9.999999996085496834e-01 9.999999995200159475e-01 9.999999995181434453e-01
4.861741500000000087e+03 9.999999997561314080e-01 9.999999997004582752e-01 9.999999996992791074e-01
4.861754999999999200e+03 9.999999998453481531e-01 9.999999998109201371e-01 9.999999998101894993e-01
4.861768500000000131e+03 9.999999998986919270e-01 9.999999998777482357e-01 9.999999998773023702e-01
4.861782000000000153e+03 9.999999999303497145e-01 9.999999999178087462e-01 9.999999999175407384e-01
4.861795500000000175e+03 9.999999999491034908e-01 9.999999999417048535e-01 9.999999999415463137e-01
4.861809000000000196e+03 9.999999999602922074e-01 9.999999999559848751e-01 9.999999999558921715e-01
4.861822500000000218e+03 9.999999999671033146e-01 9.999999999646216331e-01 9.999999999645678983e-01
4.861836000000000240e+03 9.999999999714047627e-01 9.999999999699840103e-01 9.999999999699532571e-01
4.861849500000000262e+03 9.999999999742757995e-01 9.999999999734614509e-01 9.999999999734439093e-01
4.861862999999999374e+03 9.999999999763278247e-01 9.999999999758553137e-01 9.999999999758454328e-01
4.861876500000000306e+03 9.999999999779036752e-01 9.999999999776219006e-01 9.999999999776161275e-01
4.861890000000000327e+03 9.999999999791933103e-01 9.999999999790167848e-01 9.999999999790130101e-01
4.861903500000000349e+03 9.999999999803010908e-01 9.999999999801829631e-01 9.999999999801807427e-01
4.861917000000000371e+03 9.999999999812853035e-01 9.999999999812002605e-01 9.999999999811987061e-01
4.861930499999999483e+03 9.999999999821784780e-01 9.999999999821119756e-01 9.999999999821110874e-01
4.861944000000000415e+03 9.999999999829994879e-01 9.999999999829446429e-01 9.999999999829438657e-01
4.861957500000000437e+03 9.999999999837601017e-01 9.999999999837131393e-01 9.999999999837124731e-01
4.861970999999999549e+03 9.999999999844687570e-01 9.999999999844270127e-01 9.999999999844263465e-01
4.861984499999999571e+03 9.999999999851306720e-01 9.999999999850930354e-01 9.999999999850927024e-01
4.861998000000000502e+03 9.999999999857503985e-01 9.999999999857163147e-01 9.999999999857157595e-01
4.862011500000000524e+03 9.999999999863317113e-01 9.999999999863007361e-01 9.999999999863002920e-01
4.862025000000000546e+03 9.999999999868781630e-01 9.999999999868495193e-01 9.999999999868490752e-01
4.862038499999999658e+03 9.999999999873923073e-01 9.999999999873659950e-01 9.999999999873654399e-01
4.862052000000000589e+03 9.999999999878768087e-01 9.999999999878522727e-01 9.999999999878519397e-01
4.862065500000000611e+03 9.999999999883335544e-01 9.999999999883111279e-01 9.999999999883106838e-01
4.862078999999999724e+03 9.999999999887650981e-01 9.999999999887440039e-01 9.999999999887437818e-01
4.862092499999999745e+03 9.999999999891729940e-01 9.999999999891535651e-01 9.999999999891531210e-01
4.862105999999999767e+03 9.999999999895589076e-01 9.999999999895409220e-01 9.999999999895403668e-01
4.862119500000000698e+03 9.999999999899247261e-01 9.999999999899078507e-01 9.999999999899072956e-01
4.862133000000000720e+03 9.999999999902713377e-01 9.999999999902555725e-01 9.999999999902553505e-01
4.862146499999999833e+03 9.999999999906005188e-01 9.999999999905858639e-01 9.999999999905856418e-01
4.862159999999999854e+03 9.999999999909130466e-01 9.999999999908992798e-01 9.999999999908989468e-01
4.862173500000000786e+03 9.999999999912103643e-01 9.999999999911975967e-01 9.999999999911972637e-01
4.862186999999999898e+03 9.999999999914931381e-01 9.999999999914811477e-01 9.999999999914809257e-01
4.862200499999999920e+03 9.999999999917623672e-01 9.999999999917512650e-01 9.999999999917511539e-01
4.862213999999999942e+03 9.999999999920194949e-01 9.999999999920085036e-01 9.999999999920085036e-01
4.862227500000000873e+03 9.999999999922641880e-01 9.999999999922543070e-01 9.999999999922539740e-01
4.862241000000000895e+03 9.999999999924980010e-01 9.999999999924886751e-01 9.999999999924885641e-01
4.862254500000000007e+03 9.999999999927213779e-01 9.999999999927124961e-01 9.999999999927123850e-01
4.862268000000000029e+03 9.999999999929349848e-01 9.999999999929263250e-01 9.999999999929263250e-01
4.862281500000000051e+03 9.999999999931392658e-01 9.999999999931313832e-01 9.999999999931312722e-01
4.862295000000000073e+03 9.999999999933345540e-01 9.999999999933272266e-01 9.999999999933272266e-01
4.862308500000000095e+03 9.999999999935217376e-01 9.999999999935148542e-01 9.999999999935147432e-01
4.862322000000000116e+03 9.999999999937011497e-01 9.999999999936945994e-01 9.999999999936948214e-01
4.862335500000000138e+03 9.999999999938734563e-01 9.999999999938671280e-01 9.999999999938669060e-01
4.862349000000001070e+03 9.999999999940385464e-01 9.999999999940327733e-01 9.999999999940324402e-01
4.862362500000000182e+03 9.999999999941969753e-01 9.999999999941914242e-01 9.999999999941913131e-01
4.862376000000000204e+03 9.999999999943494089e-01 9.999999999943439688e-01 9.999999999943439688e-01
4.862389500000000226e+03 9.999999999944955142e-01 9.999999999944906293e-01 9.999999999944905182e-01
4.862402999999999338e+03 9.999999999946362905e-01 9.999999999946315166e-01 9.999999999946315166e-01
4.862416500000000269e+03 9.999999999947716267e-01 9.999999999947670748e-01 9.999999999947670748e-01
4.862430000000000291e+03 9.999999999949019669e-01 9.999999999948977480e-01 9.999999999948977480e-01
4.862443500000000313e+03 9.999999999950275331e-01 9.999999999950234253e-01 9.999999999950234253e-01
4.862457000000000335e+03 9.999999999951484364e-01 9.999999999951445506e-01 9.999999999951444396e-01
4.862470500000000357e+03 9.999999999952651208e-01 9.999999999952614571e-01 9.999999999952613461e-01
4.862484000000000378e+03 9.999999999953776975e-01 9.999999999953741447e-01 9.999999999953739227e-01
4.862497500000000400e+03 9.999999999954857222e-01 9.999999999954822805e-01 9.999999999954822805e-01
4.862510999999999513e+03 9.999999999955904162e-01 9.999999999955874186e-01 9.999999999955874186e-01
4.862524499999999534e+03 9.999999999956914465e-01 9.999999999956883379e-01 9.999999999956885599e-01
4.862538000000000466e+03 9.999999999957889241e-01 9.999999999957862595e-01 9.999999999957862595e-01
4.862551500000000487e+03 9.999999999958834040e-01 9.999999999958807395e-01 9.999999999958805175e-01
4.862565000000000509e+03 9.999999999959747754e-01 9.999999999959721109e-01 9.999999999959719998e-01
4.862578499999999622e+03 9.999999999960629271e-01 9.999999999960602626e-01 9.999999999960601516e-01
4.862592000000000553e+03 9.999999999961483033e-01 9.999999999961459718e-01 9.999999999961458608e-01
4.862605500000000575e+03 9.999999999962307928e-01 9.999999999962285724e-01 9.999999999962284614e-01
4.862618999999999687e+03 9.999999999963108399e-01 9.999999999963086195e-01 9.999999999963087305e-01
4.862632499999999709e+03 9.999999999963883335e-01 9.999999999963862241e-01 9.999999999963860020e-01
4.862646000000000640e+03 9.999999999964632735e-01 9.999999999964610531e-01 9.999999999964610531e-01
4.862659500000000662e+03 9.999999999965359931e-01 9.999999999965337727e-01 9.999999999965335507e-01
4.862673000000000684e+03 9.999999999966064923e-01 9.999999999966026065e-01 9.999999999966023845e-01
4.862686499999999796e+03 9.999999999966747710e-01 9.999999999966630027e-01 9.999999999966626696e-01
4.862699999999999818e+03 9.999999999967410513e-01 9.999999999967073006e-01 9.999999999967063014e-01
