# face flux of the helium element carried by binary_element_diffusion (EXHALE_DIFFUSION_CHECK=1)
# columns: j  r_face[R_p]  X_face  J_diff[g/cm2/s]  F_adv[g/cm2/s]  F_He=4pi r^2 (F_adv+J)[g/s]  Mdot_face=4pi r^2 rho v[g/s]  dmeff_face  D_eff[cm2/s]  D_neutral[cm2/s]  D_eff/D_neutral  dominant_pair
     1   1.0002852E+00   9.4699200E-01  -1.3145562E-12  -4.2247349E-08  -6.4562582E+11  -6.8201468E+11   2.9999029E+00   1.2734812E+06   1.2734977E+06   9.9998701E-01  HeI-HI
     2   1.0004754E+00   9.4633884E-01  -1.3109857E-12   7.6812728E-09   1.1740648E+11   1.2404879E+11   2.9999410E+00   1.6210468E+06   1.6210698E+06   9.9998580E-01  HeI-HI
     3   1.0006655E+00   9.4578298E-01  -1.3082306E-12   7.8460169E-10   1.1979055E+10   1.2683166E+10   2.9999910E+00   1.7184975E+06   1.7185231E+06   9.9998510E-01  HeI-HI
     4   1.0008556E+00   9.4520818E-01  -1.3054581E-12  -1.0607197E-09  -1.6247925E+10  -1.7174027E+10   2.9999748E+00   1.7837494E+06   1.7837773E+06   9.9998440E-01  HeI-HI
     5   1.0010458E+00   9.4463265E-01  -1.3025528E-12  -1.5630256E-10  -2.4121173E+09  -2.5331444E+09   2.9999337E+00   2.0083544E+06   2.0083878E+06   9.9998336E-01  HeI-HI
     6   1.0012359E+00   9.4410709E-01  -1.2997785E-12   1.2717337E-10   1.9272040E+09   2.0618401E+09   2.9999030E+00   2.3456896E+06   2.3457315E+06   9.9998217E-01  HeI-HI
     7   1.0014261E+00   9.4365290E-01  -1.2972842E-12   7.5470534E-10   1.1539534E+10   1.2246929E+10   2.9999028E+00   2.7603879E+06   2.7604406E+06   9.9998089E-01  HeI-HI
     8   1.0016162E+00   9.4325916E-01  -1.2950947E-12   6.8574284E-10   1.0487288E+10   1.1136991E+10   2.9999458E+00   3.0779827E+06   3.0780447E+06   9.9997986E-01  HeI-HI
     9   1.0018064E+00   9.4288752E-01  -1.2930958E-12   9.6583433E-11   1.4606180E+09   1.5698013E+09   2.9999795E+00   3.2296432E+06   3.2297108E+06   9.9997905E-01  HeI-HI
    10   1.0019965E+00   9.4251114E-01  -1.2910891E-12  -3.4563013E-10  -5.3196554E+09  -5.6242588E+09   2.9999523E+00   3.3684524E+06   3.3685257E+06   9.9997824E-01  HeI-HI
    11   1.0021867E+00   9.4214250E-01  -1.2890545E-12  -5.5633034E-11  -8.7316893E+08  -9.0597447E+08   2.9999055E+00   3.7077301E+06   3.7078150E+06   9.9997710E-01  HeI-HI
    12   1.0023768E+00   9.4180581E-01  -1.2871136E-12   6.0391833E-10   9.2477026E+09   9.8384392E+09   2.9999363E+00   4.1159068E+06   4.1160058E+06   9.9997594E-01  HeI-HI
    13   1.0025669E+00   9.4148701E-01  -1.2853415E-12   1.1339603E-10   1.7210521E+09   1.8486571E+09   2.9999951E+00   4.2616628E+06   4.2617688E+06   9.9997513E-01  HeI-HI
    14   1.0027571E+00   9.4115693E-01  -1.2835484E-12  -1.7538683E-10  -2.7131601E+09  -2.8623633E+09   2.9999850E+00   4.3499293E+06   4.3500409E+06   9.9997436E-01  HeI-HI
    15   1.0029472E+00   9.4081872E-01  -1.2816873E-12   1.6650538E-11   2.3611185E+08   2.7184463E+08   2.9999584E+00   4.5693753E+06   4.5694969E+06   9.9997340E-01  HeI-HI
    16   1.0031374E+00   9.4048327E-01  -1.2798308E-12   4.0535715E-11   6.0331733E+08   6.6229413E+08   2.9999558E+00   4.8201753E+06   4.8203084E+06   9.9997240E-01  HeI-HI
    17   1.0033275E+00   9.4015124E-01  -1.2779948E-12   1.3062987E-11   1.8119031E+08   2.1358660E+08   2.9999554E+00   5.0622661E+06   5.0624110E+06   9.9997139E-01  HeI-HI
    18   1.0035177E+00   9.3982202E-01  -1.2761687E-12   2.8092250E-11   4.1244455E+08   4.5965872E+08   2.9999519E+00   5.3270567E+06   5.3272146E+06   9.9997035E-01  HeI-HI
    19   1.0037078E+00   9.3949633E-01  -1.2743579E-12   4.3773391E-11   6.5390382E+08   7.1676216E+08   2.9999545E+00   5.5987389E+06   5.5989108E+06   9.9996930E-01  HeI-HI
    20   1.0038980E+00   9.3917289E-01  -1.2725629E-12   1.4690288E-11   2.0652767E+08   2.4071849E+08   2.9999562E+00   5.8582977E+06   5.8584837E+06   9.9996825E-01  HeI-HI
    21   1.0040881E+00   9.3885064E-01  -1.2707731E-12   1.9549663E-11   2.8145805E+08   3.2057693E+08   2.9999534E+00   6.1327010E+06   6.1329023E+06   9.9996717E-01  HeI-HI
    22   1.0042782E+00   9.3852998E-01  -1.2689902E-12   1.9203164E-11   2.7625472E+08   3.1512220E+08   2.9999514E+00   6.4193313E+06   6.4195491E+06   9.9996607E-01  HeI-HI
    23   1.0044684E+00   9.3821107E-01  -1.2672158E-12   1.9945943E-11   2.8783264E+08   3.2754666E+08   2.9999510E+00   6.7163318E+06   6.7165673E+06   9.9996494E-01  HeI-HI
    24   1.0046585E+00   9.3789363E-01  -1.2654495E-12   2.9985588E-11   4.4273483E+08   4.9276834E+08   2.9999547E+00   7.0167432E+06   7.0169972E+06   9.9996380E-01  HeI-HI
    25   1.0048487E+00   9.3757645E-01  -1.2636896E-12   5.4554477E-12   6.4642442E+07   8.9716373E+07   2.9999551E+00   7.3042897E+06   7.3045624E+06   9.9996267E-01  HeI-HI
    26   1.0050388E+00   9.3725900E-01  -1.2619279E-12   1.1756281E-11   1.6189803E+08   1.9347405E+08   2.9999491E+00   7.6160176E+06   7.6163109E+06   9.9996149E-01  HeI-HI
    27   1.0052290E+00   9.3694233E-01  -1.2601682E-12   6.4970884E-12   8.0821359E+07   1.0699978E+08   2.9999428E+00   7.9494829E+06   7.9497986E+06   9.9996028E-01  HeI-HI
    28   1.0054191E+00   9.3662744E-01  -1.2584153E-12   2.6893889E-11   3.9578181E+08   4.4322931E+08   2.9999444E+00   8.3101478E+06   8.3104883E+06   9.9995903E-01  HeI-HI
    29   1.0056092E+00   9.3631380E-01  -1.2566725E-12   1.5317105E-11   2.1715879E+08   2.5261626E+08   2.9999498E+00   8.6463922E+06   8.6467571E+06   9.9995780E-01  HeI-HI
    30   1.0057994E+00   9.3599996E-01  -1.2549321E-12  -6.2935939E-12  -1.1662861E+08  -1.0390555E+08   2.9999403E+00   8.9908192E+06   8.9912100E+06   9.9995654E-01  HeI-HI
    31   1.0059895E+00   9.3568727E-01  -1.2531902E-12   2.6997357E-11   3.9791103E+08   4.4588766E+08   2.9999368E+00   9.3956459E+06   9.3960668E+06   9.9995520E-01  HeI-HI
    32   1.0061797E+00   9.3537626E-01  -1.2514615E-12   1.1402552E-11   1.5695819E+08   1.8845812E+08   2.9999438E+00   9.7712290E+06   9.7716795E+06   9.9995389E-01  HeI-HI
    33   1.0063698E+00   9.3506538E-01  -1.2497357E-12   2.4608992E-12   1.8734333E+07   4.0701937E+07   2.9999375E+00   1.0152858E+07   1.0153340E+07   9.9995256E-01  HeI-HI
    34   1.0065600E+00   9.3475528E-01  -1.2480103E-12   1.5906848E-11   2.2682925E+08   2.6327760E+08   2.9999335E+00   1.0579887E+07   1.0580403E+07   9.9995117E-01  HeI-HI
    35   1.0067501E+00   9.3444642E-01  -1.2462933E-12   1.4420815E-11   2.0393813E+08   2.3885113E+08   2.9999392E+00   1.0996887E+07   1.0997439E+07   9.9994978E-01  HeI-HI
    36   1.0069403E+00   9.3413768E-01  -1.2445803E-12   1.5692140E-12   5.0271422E+06   2.6009205E+07   2.9999350E+00   1.1407797E+07   1.1408386E+07   9.9994838E-01  HeI-HI
    37   1.0071304E+00   9.3382932E-01  -1.2428667E-12   1.4828720E-11   2.1046436E+08   2.4595533E+08   2.9999316E+00   1.1865827E+07   1.1866457E+07   9.9994692E-01  HeI-HI
    38   1.0073205E+00   9.3352168E-01  -1.2411592E-12   1.0549763E-11   1.4425808E+08   1.7510654E+08   2.9999368E+00   1.2310487E+07   1.2311159E+07   9.9994547E-01  HeI-HI
    39   1.0075107E+00   9.3321382E-01  -1.2394537E-12   2.1962050E-12   1.4832645E+07   3.6478716E+07   2.9999308E+00   1.2756634E+07   1.2757348E+07   9.9994399E-01  HeI-HI
    40   1.0077008E+00   9.3290622E-01  -1.2377469E-12   8.7330926E-12   1.1624522E+08   1.4515836E+08   2.9999215E+00   1.3253373E+07   1.3254136E+07   9.9994246E-01  HeI-HI
    41   1.0078910E+00   9.3259981E-01  -1.2360458E-12   1.0151058E-11   1.3831499E+08   1.6884652E+08   2.9999222E+00   1.3767217E+07   1.3768031E+07   9.9994090E-01  HeI-HI
    42   1.0080811E+00   9.3229431E-01  -1.2343510E-12   8.9515990E-12   1.1977706E+08   1.4900048E+08   2.9999247E+00   1.4277484E+07   1.4278351E+07   9.9993932E-01  HeI-HI
    43   1.0082713E+00   9.3198919E-01  -1.2326596E-12   4.4642212E-12   5.0175007E+07   7.4359896E+07   2.9999196E+00   1.4796668E+07   1.4797589E+07   9.9993773E-01  HeI-HI
    44   1.0084614E+00   9.3168477E-01  -1.2309703E-12   8.7184611E-12   1.1629876E+08   1.4532449E+08   2.9999145E+00   1.5355109E+07   1.5356091E+07   9.9993609E-01  HeI-HI
    45   1.0086516E+00   9.3138139E-01  -1.2292868E-12   7.4964379E-12   9.7380660E+07   1.2504298E+08   2.9999147E+00   1.5920923E+07   1.5921967E+07   9.9993442E-01  HeI-HI
    46   1.0088417E+00   9.3107879E-01  -1.2276082E-12   5.9246368E-12   7.3011200E+07   9.8894260E+07   2.9999125E+00   1.6497689E+07   1.6498799E+07   9.9993274E-01  HeI-HI
    47   1.0090319E+00   9.3077693E-01  -1.2259330E-12   6.0788261E-12   7.5462423E+07   1.0153922E+08   2.9999092E+00   1.7096418E+07   1.7097597E+07   9.9993102E-01  HeI-HI
    48   1.0092223E+00   9.3047572E-01  -1.2242614E-12   7.4216362E-12   9.6405457E+07   1.2405613E+08   2.9999080E+00   1.7711943E+07   1.7713195E+07   9.9992927E-01  HeI-HI
    49   1.0094132E+00   9.3017433E-01  -1.2225891E-12   8.4759220E-12   1.1287449E+08   1.4177849E+08   2.9999076E+00   1.8338874E+07   1.8340204E+07   9.9992749E-01  HeI-HI
    50   1.0096058E+00   9.2987099E-01  -1.2209066E-12   4.2194897E-12   4.6680983E+07   7.0630120E+07   2.9999020E+00   1.8983648E+07   1.8985059E+07   9.9992566E-01  HeI-HI
    51   1.0098011E+00   9.2956420E-01  -1.2192036E-12   4.2006655E-12   4.6432405E+07   7.0365294E+07   2.9998973E+00   1.9678255E+07   1.9679756E+07   9.9992376E-01  HeI-HI
    52   1.0099998E+00   9.2925327E-01  -1.2174776E-12   6.6635028E-12   8.4848155E+07   1.1170126E+08   2.9999047E+00   2.0392499E+07   2.0394094E+07   9.9992180E-01  HeI-HI
    53   1.0102019E+00   9.2893718E-01  -1.2157264E-12   2.0827548E-12   1.3513563E+07   3.4939268E+07   2.9999056E+00   2.1092165E+07   2.1093856E+07   9.9991982E-01  HeI-HI
    54   1.0104076E+00   9.2861554E-01  -1.2139445E-12   2.7440379E-12   2.3857851E+07   4.6067190E+07   2.9998931E+00   2.1855988E+07   2.1857786E+07   9.9991773E-01  HeI-HI
    55   1.0106169E+00   9.2828912E-01  -1.2121341E-12   6.1143294E-12   7.6468735E+07   1.0272639E+08   2.9998894E+00   2.2684400E+07   2.2686316E+07   9.9991555E-01  HeI-HI
    56   1.0108298E+00   9.2795798E-01  -1.2102987E-12   3.7089322E-12   3.8992303E+07   6.2361827E+07   2.9998888E+00   2.3526820E+07   2.3528860E+07   9.9991332E-01  HeI-HI
    57   1.0110466E+00   9.2762186E-01  -1.2084353E-12   4.9312665E-12   5.8121374E+07   8.2979496E+07   2.9998843E+00   2.4421520E+07   2.4423694E+07   9.9991099E-01  HeI-HI
    58   1.0112671E+00   9.2728085E-01  -1.2065448E-12   5.6878440E-12   6.9993211E+07   9.5787300E+07   2.9998856E+00   2.5355586E+07   2.5357904E+07   9.9990858E-01  HeI-HI
    59   1.0114915E+00   9.2693459E-01  -1.2046267E-12   4.8669658E-12   5.7227300E+07   8.2029893E+07   2.9998877E+00   2.6309176E+07   2.6311646E+07   9.9990611E-01  HeI-HI
    60   1.0117199E+00   9.2658260E-01  -1.2026784E-12   3.5947596E-12   3.7395273E+07   6.0637784E+07   2.9998816E+00   2.7301383E+07   2.7304016E+07   9.9990355E-01  HeI-HI
    61   1.0119522E+00   9.2622505E-01  -1.2006985E-12   3.6990635E-12   3.9074744E+07   6.2449805E+07   2.9998699E+00   2.8371806E+07   2.8374619E+07   9.9990087E-01  HeI-HI
    62   1.0121887E+00   9.2586256E-01  -1.1986896E-12   6.4307592E-12   8.1868476E+07   1.0866092E+08   2.9998682E+00   2.9522341E+07   2.9525350E+07   9.9989808E-01  HeI-HI
    63   1.0124293E+00   9.2549500E-01  -1.1966539E-12   5.6058519E-12   6.9025449E+07   9.4804796E+07   2.9998749E+00   3.0686436E+07   3.0689651E+07   9.9989522E-01  HeI-HI
    64   1.0126742E+00   9.2512154E-01  -1.1945880E-12   4.3846993E-12   4.9964957E+07   7.4218525E+07   2.9998740E+00   3.1879523E+07   3.1882958E+07   9.9989227E-01  HeI-HI
    65   1.0129233E+00   9.2474191E-01  -1.1924885E-12   4.0811107E-12   4.5265164E+07   6.9141905E+07   2.9998650E+00   3.3144283E+07   3.3147956E+07   9.9988920E-01  HeI-HI
    66   1.0131769E+00   9.2435646E-01  -1.1903564E-12   4.6369841E-12   5.4036238E+07   7.8631338E+07   2.9998562E+00   3.4501336E+07   3.4505270E+07   9.9988599E-01  HeI-HI
    67   1.0134349E+00   9.2396556E-01  -1.1881934E-12   5.8252247E-12   7.2736418E+07   9.8872677E+07   2.9998552E+00   3.5935286E+07   3.5939503E+07   9.9988265E-01  HeI-HI
    68   1.0136974E+00   9.2356898E-01  -1.1860005E-12   5.2211594E-12   6.3328253E+07   8.8703455E+07   2.9998577E+00   3.7408750E+07   3.7413269E+07   9.9987922E-01  HeI-HI
    69   1.0139645E+00   9.2316618E-01  -1.1837747E-12   4.7455719E-12   5.5928726E+07   8.0701002E+07   2.9998546E+00   3.8940689E+07   3.8945532E+07   9.9987566E-01  HeI-HI
    70   1.0142364E+00   9.2275705E-01  -1.1815146E-12   4.5527289E-12   5.2964507E+07   7.7497196E+07   2.9998470E+00   4.0561739E+07   4.0566933E+07   9.9987195E-01  HeI-HI
    71   1.0145130E+00   9.2234179E-01  -1.1792205E-12   5.4330047E-12   6.6866854E+07   9.2573178E+07   2.9998429E+00   4.2283403E+07   4.2288981E+07   9.9986809E-01  HeI-HI
    72   1.0147945E+00   9.2192037E-01  -1.1768936E-12   5.1236218E-12   6.2074556E+07   8.7389662E+07   2.9998422E+00   4.4073556E+07   4.4079547E+07   9.9986410E-01  HeI-HI
    73   1.0150809E+00   9.2149249E-01  -1.1745322E-12   5.0071987E-12   6.0314615E+07   8.5491505E+07   2.9998391E+00   4.5945706E+07   4.5952141E+07   9.9985995E-01  HeI-HI
    74   1.0153724E+00   9.2105798E-01  -1.1721353E-12   4.9013975E-12   5.8721051E+07   8.3772341E+07   2.9998337E+00   4.7915004E+07   4.7921923E+07   9.9985563E-01  HeI-HI
    75   1.0156690E+00   9.2061687E-01  -1.1697027E-12   5.0755119E-12   6.1536899E+07   8.6840177E+07   2.9998286E+00   4.9994242E+07   5.0001685E+07   9.9985114E-01  HeI-HI
    76   1.0159708E+00   9.2016914E-01  -1.1672345E-12   5.3375643E-12   6.5743537E+07   9.1422205E+07   2.9998266E+00   5.2178480E+07   5.2186493E+07   9.9984646E-01  HeI-HI
    77   1.0162779E+00   9.1971455E-01  -1.1647303E-12   5.2187675E-12   6.3948875E+07   8.9485347E+07   2.9998261E+00   5.4454196E+07   5.4462823E+07   9.9984161E-01  HeI-HI
    78   1.0165904E+00   9.1925274E-01  -1.1621884E-12   4.9468674E-12   5.9736710E+07   8.4917587E+07   2.9998225E+00   5.6832487E+07   5.6841777E+07   9.9983657E-01  HeI-HI
    79   1.0169084E+00   9.1878355E-01  -1.1596076E-12   5.0783667E-12   6.1891712E+07   8.7273626E+07   2.9998179E+00   5.9341262E+07   5.9351274E+07   9.9983131E-01  HeI-HI
    80   1.0172320E+00   9.1830689E-01  -1.1569875E-12   5.2669820E-12   6.4953345E+07   9.0619297E+07   2.9998161E+00   6.1973119E+07   6.1983914E+07   9.9982584E-01  HeI-HI
    81   1.0175613E+00   9.1782246E-01  -1.1543276E-12   4.7217455E-12   5.6415104E+07   8.1333557E+07   2.9998109E+00   6.4720869E+07   6.4732511E+07   9.9982015E-01  HeI-HI
    82   1.0178964E+00   9.1733015E-01  -1.1516261E-12   4.9846201E-12   6.0654849E+07   8.5963947E+07   2.9998024E+00   6.7638878E+07   6.7651448E+07   9.9981419E-01  HeI-HI
    83   1.0182374E+00   9.1683009E-01  -1.1488837E-12   5.1121193E-12   6.2757871E+07   8.8269588E+07   2.9997972E+00   7.0718345E+07   7.0731927E+07   9.9980798E-01  HeI-HI
    84   1.0185844E+00   9.1632215E-01  -1.1461005E-12   5.1181796E-12   6.2940780E+07   8.8483089E+07   2.9997940E+00   7.3950845E+07   7.3965528E+07   9.9980149E-01  HeI-HI
    85   1.0189375E+00   9.1580609E-01  -1.1432755E-12   5.2296281E-12   6.4796435E+07   9.0523059E+07   2.9997927E+00   7.7339117E+07   7.7354996E+07   9.9979473E-01  HeI-HI
    86   1.0192967E+00   9.1528152E-01  -1.1404074E-12   5.0045538E-12   6.1316176E+07   8.6737456E+07   2.9997907E+00   8.0875204E+07   8.0892379E+07   9.9978768E-01  HeI-HI
    87   1.0196623E+00   9.1474808E-01  -1.1374943E-12   4.8887628E-12   5.9567740E+07   8.4840409E+07   2.9997844E+00   8.4593048E+07   8.4611637E+07   9.9978030E-01  HeI-HI
    88   1.0200344E+00   9.1420564E-01  -1.1345352E-12   4.9960292E-12   6.1362804E+07   8.6816247E+07   2.9997779E+00   8.8521232E+07   8.8541368E+07   9.9977258E-01  HeI-HI
    89   1.0204129E+00   9.1365408E-01  -1.1315299E-12   5.0203874E-12   6.1843514E+07   8.7356535E+07   2.9997736E+00   9.2651553E+07   9.2673378E+07   9.9976450E-01  HeI-HI
    90   1.0207982E+00   9.1309314E-01  -1.1284776E-12   4.8899904E-12   5.9863556E+07   8.5203686E+07   2.9997680E+00   9.6988934E+07   9.7012601E+07   9.9975605E-01  HeI-HI
    91   1.0211902E+00   9.1252259E-01  -1.1253770E-12   4.9781028E-12   6.1362291E+07   8.6859395E+07   2.9997619E+00   1.0156442E+08   1.0159011E+08   9.9974718E-01  HeI-HI
    92   1.0215891E+00   9.1194224E-01  -1.1222275E-12   4.9315294E-12   6.0718086E+07   8.6168319E+07   2.9997569E+00   1.0637371E+08   1.0640160E+08   9.9973789E-01  HeI-HI
    93   1.0219950E+00   9.1135179E-01  -1.1190280E-12   4.8933721E-12   6.0208695E+07   8.5624497E+07   2.9997511E+00   1.1143189E+08   1.1146219E+08   9.9972814E-01  HeI-HI
    94   1.0224080E+00   9.1075098E-01  -1.1157773E-12   4.8258263E-12   5.9230902E+07   8.4566092E+07   2.9997433E+00   1.1675889E+08   1.1679183E+08   9.9971790E-01  HeI-HI
    95   1.0228283E+00   9.1013964E-01  -1.1124744E-12   4.7838733E-12   5.8662056E+07   8.3955711E+07   2.9997332E+00   1.2238673E+08   1.2242258E+08   9.9970714E-01  HeI-HI
    96   1.0232560E+00   9.0951768E-01  -1.1091188E-12   4.8626252E-12   6.0024145E+07   8.5467055E+07   2.9997240E+00   1.2834139E+08   1.2838044E+08   9.9969581E-01  HeI-HI
    97   1.0236912E+00   9.0888498E-01  -1.1057105E-12   4.8681261E-12   6.0217808E+07   8.5695623E+07   2.9997174E+00   1.3461581E+08   1.3465837E+08   9.9968390E-01  HeI-HI
    98   1.0241341E+00   9.0824122E-01  -1.1022484E-12   4.8305420E-12   5.9723325E+07   8.5167382E+07   2.9997112E+00   1.4121339E+08   1.4125982E+08   9.9967136E-01  HeI-HI
    99   1.0245848E+00   9.0758607E-01  -1.0987311E-12   4.7144186E-12   5.7970479E+07   8.3252678E+07   2.9997016E+00   1.4816026E+08   1.4821092E+08   9.9965816E-01  HeI-HI
   100   1.0250433E+00   9.0691931E-01  -1.0951573E-12   4.6967112E-12   5.7795576E+07   8.3074717E+07   2.9996884E+00   1.5551286E+08   1.5556820E+08   9.9964422E-01  HeI-HI
   101   1.0255100E+00   9.0624091E-01  -1.0915266E-12   4.6644754E-12   5.7388752E+07   8.2640935E+07   2.9996734E+00   1.6330457E+08   1.6336509E+08   9.9962951E-01  HeI-HI
   102   1.0259848E+00   9.0555089E-01  -1.0878392E-12   4.7072045E-12   5.8188144E+07   8.3538269E+07   2.9996591E+00   1.7157138E+08   1.7163764E+08   9.9961396E-01  HeI-HI
   103   1.0264680E+00   9.0484923E-01  -1.0840952E-12   4.7268584E-12   5.8619487E+07   8.4030643E+07   2.9996473E+00   1.8031307E+08   1.8038567E+08   9.9959753E-01  HeI-HI
   104   1.0269597E+00   9.0413574E-01  -1.0802942E-12   4.6412159E-12   5.7357402E+07   8.2651819E+07   2.9996343E+00   1.8953722E+08   1.8961683E+08   9.9958017E-01  HeI-HI
   105   1.0274601E+00   9.0341026E-01  -1.0764351E-12   4.6250340E-12   5.7214621E+07   8.2509553E+07   2.9996180E+00   1.9930855E+08   1.9939593E+08   9.9956179E-01  HeI-HI
   106   1.0279692E+00   9.0267277E-01  -1.0725179E-12   4.6026031E-12   5.6972544E+07   8.2257365E+07   2.9996007E+00   2.0966507E+08   2.0976107E+08   9.9954232E-01  HeI-HI
   107   1.0284873E+00   9.0192325E-01  -1.0685425E-12   4.5802510E-12   5.6733103E+07   8.2007941E+07   2.9995824E+00   2.2064359E+08   2.2074918E+08   9.9952170E-01  HeI-HI
   108   1.0290145E+00   9.0116171E-01  -1.0645089E-12   4.5423985E-12   5.6244361E+07   8.1481833E+07   2.9995617E+00   2.3228744E+08   2.3240368E+08   9.9949983E-01  HeI-HI
   109   1.0295510E+00   9.0038822E-01  -1.0604173E-12   4.5113015E-12   5.5865837E+07   8.1077441E+07   2.9995381E+00   2.4465886E+08   2.4478698E+08   9.9947663E-01  HeI-HI
   110   1.0300969E+00   8.9960298E-01  -1.0562681E-12   4.5046381E-12   5.5884350E+07   8.1113747E+07   2.9995127E+00   2.5781963E+08   2.5796099E+08   9.9945200E-01  HeI-HI
   111   1.0306524E+00   8.9880619E-01  -1.0520624E-12   4.4786315E-12   5.5590954E+07   8.0803481E+07   2.9994858E+00   2.7181553E+08   2.7197169E+08   9.9942584E-01  HeI-HI
   112   1.0312176E+00   8.9799811E-01  -1.0478010E-12   4.4654887E-12   5.5507704E+07   8.0726802E+07   2.9994573E+00   2.8670944E+08   2.8688213E+08   9.9939804E-01  HeI-HI
   113   1.0317929E+00   8.9717899E-01  -1.0434850E-12   4.4411679E-12   5.5244379E+07   8.0449587E+07   2.9994270E+00   3.0255747E+08   3.0274865E+08   9.9936849E-01  HeI-HI
   114   1.0323782E+00   8.9634914E-01  -1.0391154E-12   4.4152859E-12   5.4956897E+07   8.0145140E+07   2.9993942E+00   3.1942970E+08   3.1964159E+08   9.9933708E-01  HeI-HI
   115   1.0329738E+00   8.9550892E-01  -1.0346937E-12   4.3936115E-12   5.4739167E+07   7.9918187E+07   2.9993587E+00   3.3740515E+08   3.3764026E+08   9.9930366E-01  HeI-HI
   116   1.0335799E+00   8.9465872E-01  -1.0302214E-12   4.3699661E-12   5.4490598E+07   7.9656548E+07   2.9993207E+00   3.5656325E+08   3.5682441E+08   9.9926810E-01  HeI-HI
   117   1.0341966E+00   8.9379902E-01  -1.0257001E-12   4.3531079E-12   5.4354121E+07   7.9519944E+07   2.9992806E+00   3.7698907E+08   3.7727948E+08   9.9923026E-01  HeI-HI
   118   1.0348242E+00   8.9293028E-01  -1.0211318E-12   4.3301712E-12   5.4119691E+07   7.9273606E+07   2.9992387E+00   3.9875889E+08   3.9908215E+08   9.9918998E-01  HeI-HI
   119   1.0354628E+00   8.9205298E-01  -1.0165184E-12   4.2994923E-12   5.3759680E+07   7.8886240E+07   2.9991936E+00   4.2196282E+08   4.2232301E+08   9.9914711E-01  HeI-HI
   120   1.0361127E+00   8.9116766E-01  -1.0118617E-12   4.2725814E-12   5.3462304E+07   7.8568510E+07   2.9991444E+00   4.4671659E+08   4.4711835E+08   9.9910145E-01  HeI-HI
   121   1.0367740E+00   8.9027493E-01  -1.0071641E-12   4.2500824E-12   5.3238326E+07   7.8332688E+07   2.9990919E+00   4.7313741E+08   4.7358597E+08   9.9905284E-01  HeI-HI
   122   1.0374469E+00   8.8937544E-01  -1.0024280E-12   4.2284971E-12   5.3030487E+07   7.8114653E+07   2.9990370E+00   5.0133505E+08   5.0183635E+08   9.9900107E-01  HeI-HI
   123   1.0381316E+00   8.8846985E-01  -9.9765600E-13   4.2048162E-12   5.2789276E+07   7.7858744E+07   2.9989798E+00   5.3141800E+08   5.3197874E+08   9.9894595E-01  HeI-HI
   124   1.0388284E+00   8.8755880E-01  -9.9285064E-13   4.1785813E-12   5.2506963E+07   7.7556125E+07   2.9989197E+00   5.6350340E+08   5.6413113E+08   9.9888726E-01  HeI-HI
   125   1.0395374E+00   8.8664295E-01  -9.8801443E-13   4.1518739E-12   5.2217690E+07   7.7245124E+07   2.9988566E+00   5.9772113E+08   5.9842441E+08   9.9882478E-01  HeI-HI
   126   1.0402589E+00   8.8572297E-01  -9.8314991E-13   4.1252023E-12   5.1929787E+07   7.6935098E+07   2.9987903E+00   6.3420818E+08   6.3499667E+08   9.9875828E-01  HeI-HI
   127   1.0409931E+00   8.8479953E-01  -9.7825966E-13   4.0987005E-12   5.1645427E+07   7.6628491E+07   2.9987212E+00   6.7310531E+08   6.7398992E+08   9.9868750E-01  HeI-HI
   128   1.0417402E+00   8.8387331E-01  -9.7334625E-13   4.0716762E-12   5.1353108E+07   7.6312291E+07   2.9986495E+00   7.1455545E+08   7.1554849E+08   9.9861219E-01  HeI-HI
   129   1.0425004E+00   8.8294495E-01  -9.6841219E-13   4.0435958E-12   5.1043889E+07   7.5976334E+07   2.9985750E+00   7.5870718E+08   7.5982254E+08   9.9853208E-01  HeI-HI
   130   1.0432740E+00   8.8201510E-01  -9.6345995E-13   4.0152252E-12   5.0730383E+07   7.5634841E+07   2.9984975E+00   8.0571979E+08   8.0697311E+08   9.9844689E-01  HeI-HI
   131   1.0440612E+00   8.8108439E-01  -9.5849190E-13   3.9871255E-12   5.0421864E+07   7.5298301E+07   2.9984173E+00   8.5576001E+08   8.5716892E+08   9.9835632E-01  HeI-HI
   132   1.0448623E+00   8.8015344E-01  -9.5351040E-13   3.9592270E-12   5.0117147E+07   7.4965374E+07   2.9983346E+00   9.0899743E+08   9.1058178E+08   9.9826006E-01  HeI-HI
   133   1.0456774E+00   8.7922283E-01  -9.4851769E-13   3.9314484E-12   4.9814850E+07   7.4634493E+07   2.9982499E+00   9.6560321E+08   9.6738532E+08   9.9815780E-01  HeI-HI
   134   1.0465069E+00   8.7829312E-01  -9.4351590E-13   3.9032987E-12   4.9506728E+07   7.4296274E+07   2.9981634E+00   1.0257501E+09   1.0277550E+09   9.9804921E-01  HeI-HI
   135   1.0473509E+00   8.7736483E-01  -9.3850701E-13   3.8747528E-12   4.9192291E+07   7.3950130E+07   2.9980748E+00   1.0896186E+09   1.0918745E+09   9.9793393E-01  HeI-HI
   136   1.0482098E+00   8.7643844E-01  -9.3349285E-13   3.8464716E-12   4.8882561E+07   7.3608599E+07   2.9979844E+00   1.1574004E+09   1.1599388E+09   9.9781161E-01  HeI-HI
   137   1.0490838E+00   8.7551442E-01  -9.2847513E-13   3.8185665E-12   4.8579399E+07   7.3273818E+07   2.9978924E+00   1.2292923E+09   1.2321485E+09   9.9768188E-01  HeI-HI
   138   1.0499731E+00   8.7459319E-01  -9.2345546E-13   3.7909053E-12   4.8280573E+07   7.2943254E+07   2.9977990E+00   1.3054937E+09   1.3087074E+09   9.9754435E-01  HeI-HI
   139   1.0508781E+00   8.7367515E-01  -9.1843528E-13   3.7636341E-12   4.7988540E+07   7.2619731E+07   2.9977045E+00   1.3862094E+09   1.3898249E+09   9.9739863E-01  HeI-HI
   140   1.0517990E+00   8.7276064E-01  -9.1341591E-13   3.7366623E-12   4.7701774E+07   7.2301521E+07   2.9976094E+00   1.4716479E+09   1.4757145E+09   9.9724431E-01  HeI-HI
   141   1.0527361E+00   8.7185000E-01  -9.0839854E-13   3.7099914E-12   4.7420300E+07   7.1988671E+07   2.9975136E+00   1.5620229E+09   1.5665958E+09   9.9708096E-01  HeI-HI
   142   1.0536897E+00   8.7094350E-01  -9.0338418E-13   3.6837019E-12   4.7145485E+07   7.1682767E+07   2.9974174E+00   1.6575562E+09   1.6626970E+09   9.9690814E-01  HeI-HI
   143   1.0546600E+00   8.7004140E-01  -8.9837375E-13   3.6578797E-12   4.6878805E+07   7.1385528E+07   2.9973210E+00   1.7584771E+09   1.7642544E+09   9.9672540E-01  HeI-HI
   144   1.0556475E+00   8.6914393E-01  -8.9336805E-13   3.6326171E-12   4.6621854E+07   7.1098816E+07   2.9972246E+00   1.8650216E+09   1.8715115E+09   9.9653229E-01  HeI-HI
   145   1.0566522E+00   8.6825128E-01  -8.8836774E-13   3.6078876E-12   4.6374217E+07   7.0822189E+07   2.9971287E+00   1.9774289E+09   1.9847162E+09   9.9632831E-01  HeI-HI
   146   1.0576747E+00   8.6736363E-01  -8.8337341E-13   3.5836307E-12   4.6134897E+07   7.0554531E+07   2.9970337E+00   2.0959420E+09   2.1041207E+09   9.9611299E-01  HeI-HI
   147   1.0587151E+00   8.6648111E-01  -8.7838550E-13   3.5598543E-12   4.5904066E+07   7.0296074E+07   2.9969397E+00   2.2208099E+09   2.2299845E+09   9.9588581E-01  HeI-HI
   148   1.0597738E+00   8.6560383E-01  -8.7340436E-13   3.5365724E-12   4.5682002E+07   7.0047168E+07   2.9968470E+00   2.3522881E+09   2.3625741E+09   9.9564626E-01  HeI-HI
   149   1.0608511E+00   8.6473188E-01  -8.6843024E-13   3.5137788E-12   4.5468641E+07   6.9807773E+07   2.9967560E+00   2.4906377E+09   2.5021631E+09   9.9539382E-01  HeI-HI
   150   1.0619474E+00   8.6386533E-01  -8.6346330E-13   3.4914809E-12   4.5264159E+07   6.9578126E+07   2.9966670E+00   2.6361257E+09   2.6490320E+09   9.9512792E-01  HeI-HI
   151   1.0630629E+00   8.6300421E-01  -8.5850362E-13   3.4696398E-12   4.5067935E+07   6.9357540E+07   2.9965803E+00   2.7890241E+09   2.8034675E+09   9.9484802E-01  HeI-HI
   152   1.0641980E+00   8.6214855E-01  -8.5355117E-13   3.4482497E-12   4.4879916E+07   6.9145984E+07   2.9964962E+00   2.9496118E+09   2.9657647E+09   9.9455355E-01  HeI-HI
   153   1.0653532E+00   8.6129834E-01  -8.4860589E-13   3.4272981E-12   4.4699937E+07   6.8943299E+07   2.9964148E+00   3.1181745E+09   3.1362269E+09   9.9424391E-01  HeI-HI
   154   1.0665286E+00   8.6045356E-01  -8.4366760E-13   3.4067812E-12   4.4527987E+07   6.8749502E+07   2.9963365E+00   3.2950053E+09   3.3151664E+09   9.9391850E-01  HeI-HI
   155   1.0677247E+00   8.5961418E-01  -8.3873611E-13   3.3866822E-12   4.4363827E+07   6.8564346E+07   2.9962615E+00   3.4804033E+09   3.5029035E+09   9.9357671E-01  HeI-HI
   156   1.0689418E+00   8.5878015E-01  -8.3381113E-13   3.3669784E-12   4.4207118E+07   6.8387465E+07   2.9961902E+00   3.6746737E+09   3.6997658E+09   9.9321791E-01  HeI-HI
   157   1.0701803E+00   8.5795141E-01  -8.2889235E-13   3.3476298E-12   4.4057215E+07   6.8218133E+07   2.9961228E+00   3.8781276E+09   3.9060896E+09   9.9284144E-01  HeI-HI
   158   1.0714406E+00   8.5712786E-01  -8.2397941E-13   3.3286507E-12   4.3914422E+07   6.8056735E+07   2.9960594E+00   4.0910855E+09   4.1222221E+09   9.9244666E-01  HeI-HI
   159   1.0727231E+00   8.5630943E-01  -8.1907188E-13   3.3100096E-12   4.3778244E+07   6.7902715E+07   2.9960005E+00   4.3138725E+09   4.3485177E+09   9.9203287E-01  HeI-HI
   160   1.0740281E+00   8.5549601E-01  -8.1416932E-13   3.2916687E-12   4.3648071E+07   6.7755389E+07   2.9959463E+00   4.5468195E+09   4.5853392E+09   9.9159939E-01  HeI-HI
   161   1.0753561E+00   8.5468748E-01  -8.0927125E-13   3.2736245E-12   4.3523895E+07   6.7614767E+07   2.9958968E+00   4.7902661E+09   4.8330604E+09   9.9114551E-01  HeI-HI
   162   1.0767074E+00   8.5388373E-01  -8.0437715E-13   3.2558478E-12   4.3405253E+07   6.7480329E+07   2.9958524E+00   5.0445592E+09   5.0920656E+09   9.9067050E-01  HeI-HI
   163   1.0780824E+00   8.5308462E-01  -7.9948648E-13   3.2383393E-12   4.3292209E+07   6.7352173E+07   2.9958132E+00   5.3100537E+09   5.3627502E+09   9.9017361E-01  HeI-HI
   164   1.0794817E+00   8.5229001E-01  -7.9459867E-13   3.2210556E-12   4.3184050E+07   6.7229481E+07   2.9957795E+00   5.5871105E+09   5.6455185E+09   9.8965409E-01  HeI-HI
   165   1.0809055E+00   8.5149975E-01  -7.8971313E-13   3.2040062E-12   4.3080991E+07   6.7112525E+07   2.9957513E+00   5.8760993E+09   5.9407877E+09   9.8911114E-01  HeI-HI
   166   1.0823544E+00   8.5071369E-01  -7.8482927E-13   3.1871368E-12   4.2982118E+07   6.7000249E+07   2.9957288E+00   6.1773964E+09   6.2489849E+09   9.8854398E-01  HeI-HI
   167   1.0838288E+00   8.4993167E-01  -7.7994646E-13   3.1705151E-12   4.2888692E+07   6.6894152E+07   2.9957124E+00   6.4913853E+09   6.5705486E+09   9.8795179E-01  HeI-HI
   168   1.0853291E+00   8.4915352E-01  -7.7506407E-13   3.1539060E-12   4.2796542E+07   6.6789341E+07   2.9957018E+00   6.8184502E+09   6.9059225E+09   9.8733372E-01  HeI-HI
   169   1.0868557E+00   8.4837906E-01  -7.7018145E-13   3.1377637E-12   4.2713887E+07   6.6695509E+07   2.9956981E+00   7.1590158E+09   7.2555955E+09   9.8668892E-01  HeI-HI
   170   1.0884093E+00   8.4760812E-01  -7.6529795E-13   3.1212695E-12   4.2626012E+07   6.6595333E+07   2.9957001E+00   7.5134037E+09   7.6199572E+09   9.8601652E-01  HeI-HI
   171   1.0899901E+00   8.4684051E-01  -7.6041289E-13   3.1047404E-12   4.2538639E+07   6.6495553E+07   2.9957032E+00   7.8821710E+09   7.9996410E+09   9.8531560E-01  HeI-HI
   172   1.0915987E+00   8.4607609E-01  -7.5552565E-13   3.0891077E-12   4.2468734E+07   6.6416215E+07   2.9957111E+00   8.2660021E+09   8.3954151E+09   9.8458528E-01  HeI-HI
   173   1.0932356E+00   8.4531471E-01  -7.5063578E-13   3.0735940E-12   4.2402274E+07   6.6340793E+07   2.9957309E+00   8.6651917E+09   8.8076588E+09   9.8382463E-01  HeI-HI
   174   1.0949013E+00   8.4455617E-01  -7.4574271E-13   3.0576898E-12   4.2329979E+07   6.6258319E+07   2.9957612E+00   9.0799066E+09   9.2366274E+09   9.8303268E-01  HeI-HI
   175   1.0965963E+00   8.4380028E-01  -7.4084570E-13   3.0417520E-12   4.2258364E+07   6.6176490E+07   2.9957973E+00   9.5105754E+09   9.6828486E+09   9.8220842E-01  HeI-HI
   176   1.0983211E+00   8.4304679E-01  -7.3594402E-13   3.0260929E-12   4.2193209E+07   6.6102164E+07   2.9958397E+00   9.9577329E+09   1.0146965E+10   9.8135085E-01  HeI-HI
   177   1.1000762E+00   8.4229552E-01  -7.3103698E-13   3.0104864E-12   4.2130411E+07   6.6030493E+07   2.9958902E+00   1.0421780E+10   1.0629491E+10   9.8045892E-01  HeI-HI
   178   1.1018621E+00   8.4154622E-01  -7.2612387E-13   2.9947129E-12   4.2065937E+07   6.5956697E+07   2.9959464E+00   1.0903122E+10   1.1130955E+10   9.7953157E-01  HeI-HI
   179   1.1036795E+00   8.4079867E-01  -7.2120396E-13   2.9790955E-12   4.2005799E+07   6.5887917E+07   2.9960066E+00   1.1402395E+10   1.1652127E+10   9.7856770E-01  HeI-HI
   180   1.1055288E+00   8.4005267E-01  -7.1627660E-13   2.9637582E-12   4.1952371E+07   6.5826993E+07   2.9960745E+00   1.1920162E+10   1.2193713E+10   9.7756623E-01  HeI-HI
   181   1.1074107E+00   8.3930801E-01  -7.1134118E-13   2.9481821E-12   4.1896017E+07   6.5762470E+07   2.9961500E+00   1.2456738E+10   1.2756177E+10   9.7652599E-01  HeI-HI
   182   1.1093256E+00   8.3856454E-01  -7.0639703E-13   2.9325112E-12   4.1839427E+07   6.5697548E+07   2.9960910E+00   1.3012713E+10   1.3340273E+10   9.7544580E-01  HeI-HI
   183   1.1112742E+00   8.3782218E-01  -7.0144412E-13   2.9172231E-12   4.1791613E+07   6.5642976E+07   2.9960216E+00   1.3588592E+10   1.3946912E+10   9.7430829E-01  HeI-HI
   184   1.1132571E+00   8.3708059E-01  -6.9648216E-13   2.9019540E-12   4.1745789E+07   6.5590681E+07   2.9962336E+00   1.4184900E+10   1.4576608E+10   9.7312757E-01  HeI-HI
   185   1.1152748E+00   8.3633933E-01  -6.9150938E-13   2.8864940E-12   4.1698027E+07   6.5535975E+07   2.9964668E+00   1.4802289E+10   1.5229992E+10   9.7191710E-01  HeI-HI
   186   1.1173280E+00   8.3559823E-01  -6.8652492E-13   2.8711849E-12   4.1654841E+07   6.5486645E+07   2.9965695E+00   1.5441331E+10   1.5908048E+10   9.7066155E-01  HeI-HI
   187   1.1194174E+00   8.3485716E-01  -6.8152884E-13   2.8558824E-12   4.1613521E+07   6.5439462E+07   2.9966795E+00   1.6102590E+10   1.6611575E+10   9.6935959E-01  HeI-HI
   188   1.1215434E+00   8.3411589E-01  -6.7652061E-13   2.8405358E-12   4.1573127E+07   6.5393305E+07   2.9967981E+00   1.6786493E+10   1.7341241E+10   9.6800989E-01  HeI-HI
   189   1.1237068E+00   8.3337420E-01  -6.7149969E-13   2.8251174E-12   4.1533152E+07   6.5347569E+07   2.9969249E+00   1.7493453E+10   1.8097717E+10   9.6661105E-01  HeI-HI
   190   1.1259083E+00   8.3263182E-01  -6.6646549E-13   2.8096447E-12   4.1493949E+07   6.5302680E+07   2.9970589E+00   1.8223930E+10   1.8881738E+10   9.6516164E-01  HeI-HI
   191   1.1281485E+00   8.3188850E-01  -6.6141741E-13   2.7941261E-12   4.1455705E+07   6.5258866E+07   2.9971992E+00   1.8978432E+10   1.9694112E+10   9.6366021E-01  HeI-HI
   192   1.1304281E+00   8.3114397E-01  -6.5635488E-13   2.7785699E-12   4.1418606E+07   6.5216354E+07   2.9973452E+00   1.9757510E+10   2.0535705E+10   9.6210526E-01  HeI-HI
   193   1.1327477E+00   8.3039798E-01  -6.5127731E-13   2.7629777E-12   4.1382710E+07   6.5175216E+07   2.9974966E+00   2.0561739E+10   2.1407433E+10   9.6049527E-01  HeI-HI
   194   1.1351082E+00   8.2965025E-01  -6.4618417E-13   2.7473416E-12   4.1347887E+07   6.5135303E+07   2.9976531E+00   2.1391701E+10   2.2310242E+10   9.5882870E-01  HeI-HI
   195   1.1375101E+00   8.2890052E-01  -6.4107492E-13   2.7316587E-12   4.1314105E+07   6.5096577E+07   2.9978147E+00   2.2247989E+10   2.3245112E+10   9.5710397E-01  HeI-HI
   196   1.1399543E+00   8.2814853E-01  -6.3594907E-13   2.7159223E-12   4.1281251E+07   6.5058907E+07   2.9979813E+00   2.3131192E+10   2.4213044E+10   9.5531945E-01  HeI-HI
   197   1.1424415E+00   8.2739400E-01  -6.3080613E-13   2.7001261E-12   4.1249225E+07   6.5022175E+07   2.9981527E+00   2.4041895E+10   2.5215064E+10   9.5347350E-01  HeI-HI
   198   1.1449724E+00   8.2663666E-01  -6.2564565E-13   2.6842650E-12   4.1217940E+07   6.4986279E+07   2.9983291E+00   2.4980673E+10   2.6252213E+10   9.5156444E-01  HeI-HI
   199   1.1475478E+00   8.2587625E-01  -6.2046718E-13   2.6683343E-12   4.1187321E+07   6.4951131E+07   2.9985101E+00   2.5948092E+10   2.7325558E+10   9.4959055E-01  HeI-HI
   200   1.1501684E+00   8.2511248E-01  -6.1527030E-13   2.6523323E-12   4.1157345E+07   6.4916705E+07   2.9986958E+00   2.6944712E+10   2.8436188E+10   9.4755009E-01  HeI-HI
   201   1.1528352E+00   8.2434507E-01  -6.1005460E-13   2.6362545E-12   4.1127941E+07   6.4882917E+07   2.9988859E+00   2.7971080E+10   2.9585212E+10   9.4544125E-01  HeI-HI
   202   1.1555489E+00   8.2357375E-01  -6.0481970E-13   2.6200996E-12   4.1099091E+07   6.4849747E+07   2.9990803E+00   2.9027735E+10   3.0773771E+10   9.4326222E-01  HeI-HI
   203   1.1583102E+00   8.2279820E-01  -5.9956521E-13   2.6038670E-12   4.1070795E+07   6.4817198E+07   2.9992787E+00   3.0115213E+10   3.2003036E+10   9.4101114E-01  HeI-HI
   204   1.1611201E+00   8.2201815E-01  -5.9429078E-13   2.5875549E-12   4.1043027E+07   6.4785240E+07   2.9994809E+00   3.1234035E+10   3.3274205E+10   9.3868612E-01  HeI-HI
   205   1.1639795E+00   8.2123329E-01  -5.8899608E-13   2.5711629E-12   4.1015787E+07   6.4753874E+07   2.9996867E+00   3.2384712E+10   3.4588511E+10   9.3628522E-01  HeI-HI
   206   1.1668891E+00   8.2044332E-01  -5.8368076E-13   2.5546903E-12   4.0989071E+07   6.4723099E+07   2.9998957E+00   3.3567744E+10   3.5947216E+10   9.3380650E-01  HeI-HI
   207   1.1698498E+00   8.1964792E-01  -5.7834454E-13   2.5381354E-12   4.0962849E+07   6.4692877E+07   3.0001078E+00   3.4783613E+10   3.7351613E+10   9.3124795E-01  HeI-HI
   208   1.1728626E+00   8.1884679E-01  -5.7298711E-13   2.5214962E-12   4.0937088E+07   6.4663172E+07   3.0003225E+00   3.6032794E+10   3.8803039E+10   9.2860754E-01  HeI-HI
   209   1.1759284E+00   8.1803960E-01  -5.6760822E-13   2.5047718E-12   4.0911772E+07   6.4633965E+07   3.0005393E+00   3.7315769E+10   4.0302889E+10   9.2588321E-01  HeI-HI
   210   1.1790481E+00   8.1722603E-01  -5.6220762E-13   2.4879631E-12   4.0886924E+07   6.4605286E+07   3.0007577E+00   3.8633026E+10   4.1852628E+10   9.2307288E-01  HeI-HI
   211   1.1822227E+00   8.1640576E-01  -5.5678510E-13   2.4710701E-12   4.0862543E+07   6.4577135E+07   3.0009776E+00   3.9985042E+10   4.3453763E+10   9.2017444E-01  HeI-HI
   212   1.1854531E+00   8.1557845E-01  -5.5134046E-13   2.4540904E-12   4.0838584E+07   6.4549458E+07   3.0011987E+00   4.1372255E+10   4.5107826E+10   9.1718574E-01  HeI-HI
   213   1.1887403E+00   8.1474377E-01  -5.4587354E-13   2.4370231E-12   4.0815022E+07   6.4522228E+07   3.0014210E+00   4.2795068E+10   4.6816378E+10   9.1410463E-01  HeI-HI
   214   1.1920852E+00   8.1390140E-01  -5.4038422E-13   2.4198681E-12   4.0791854E+07   6.4495439E+07   3.0016440E+00   4.4253842E+10   4.8581006E+10   9.1092890E-01  HeI-HI
   215   1.1954890E+00   8.1305097E-01  -5.3487238E-13   2.4026250E-12   4.0769066E+07   6.4469078E+07   3.0018677E+00   4.5748897E+10   5.0403324E+10   9.0765634E-01  HeI-HI
   216   1.1989527E+00   8.1219215E-01  -5.2933792E-13   2.3852938E-12   4.0746653E+07   6.4443139E+07   3.0020915E+00   4.7280514E+10   5.2284987E+10   9.0428470E-01  HeI-HI
   217   1.2024772E+00   8.1132459E-01  -5.2378080E-13   2.3678755E-12   4.0724631E+07   6.4417643E+07   3.0023152E+00   4.8848955E+10   5.4227708E+10   9.0081172E-01  HeI-HI
   218   1.2060637E+00   8.1044791E-01  -5.1820095E-13   2.3503711E-12   4.0703012E+07   6.4392606E+07   3.0025381E+00   5.0454455E+10   5.6233258E+10   8.9723514E-01  HeI-HI
   219   1.2097133E+00   8.0956176E-01  -5.1259838E-13   2.3327809E-12   4.0681792E+07   6.4368025E+07   3.0027599E+00   5.2097221E+10   5.8303471E+10   8.9355265E-01  HeI-HI
   220   1.2134271E+00   8.0866578E-01  -5.0697310E-13   2.3151057E-12   4.0660981E+07   6.4343913E+07   3.0029801E+00   5.3777432E+10   6.0440246E+10   8.8976196E-01  HeI-HI
   221   1.2172061E+00   8.0775958E-01  -5.0132517E-13   2.2973453E-12   4.0640559E+07   6.4320245E+07   3.0031983E+00   5.5495230E+10   6.2645544E+10   8.8586077E-01  HeI-HI
   222   1.2210516E+00   8.0684280E-01  -4.9565466E-13   2.2794996E-12   4.0620510E+07   6.4297007E+07   3.0034140E+00   5.7250727E+10   6.4921400E+10   8.8184677E-01  HeI-HI
   223   1.2249648E+00   8.0591506E-01  -4.8996170E-13   2.2615694E-12   4.0600835E+07   6.4274196E+07   3.0036269E+00   5.9044001E+10   6.7269923E+10   8.7771768E-01  HeI-HI
   224   1.2289467E+00   8.0497598E-01  -4.8424645E-13   2.2435541E-12   4.0581499E+07   6.4251773E+07   3.0038364E+00   6.0875080E+10   6.9693288E+10   8.7347120E-01  HeI-HI
   225   1.2329986E+00   8.0402517E-01  -4.7850909E-13   2.2254535E-12   4.0562478E+07   6.4229709E+07   3.0040421E+00   6.2743952E+10   7.2193749E+10   8.6910506E-01  HeI-HI
   226   1.2371218E+00   8.0306227E-01  -4.7274988E-13   2.2072681E-12   4.0543759E+07   6.4207988E+07   3.0042436E+00   6.4650561E+10   7.4773641E+10   8.6461701E-01  HeI-HI
   227   1.2413175E+00   8.0208688E-01  -4.6696908E-13   2.1889975E-12   4.0525304E+07   6.4186564E+07   3.0044405E+00   6.6594794E+10   7.7435374E+10   8.6000481E-01  HeI-HI
   228   1.2455870E+00   8.0109862E-01  -4.6116703E-13   2.1706419E-12   4.0507091E+07   6.4165408E+07   3.0046323E+00   6.8576483E+10   8.0181442E+10   8.5526627E-01  HeI-HI
   229   1.2499315E+00   8.0009710E-01  -4.5534408E-13   2.1522018E-12   4.0489095E+07   6.4144493E+07   3.0048187E+00   7.0595408E+10   8.3014430E+10   8.5039924E-01  HeI-HI
   230   1.2543524E+00   7.9908196E-01  -4.4950065E-13   2.1336776E-12   4.0471292E+07   6.4123788E+07   3.0049991E+00   7.2651289E+10   8.5937013E+10   8.4540161E-01  HeI-HI
   231   1.2588511E+00   7.9805280E-01  -4.4363721E-13   2.1150694E-12   4.0453648E+07   6.4103251E+07   3.0051732E+00   7.4743774E+10   8.8951954E+10   8.4027130E-01  HeI-HI
   232   1.2634288E+00   7.9700926E-01  -4.3775427E-13   2.0963783E-12   4.0436144E+07   6.4082856E+07   3.0053406E+00   7.6872449E+10   9.2062114E+10   8.3500634E-01  HeI-HI
   233   1.2680871E+00   7.9595094E-01  -4.3185238E-13   2.0776048E-12   4.0418748E+07   6.4062566E+07   3.0055008E+00   7.9036824E+10   9.5270454E+10   8.2960478E-01  HeI-HI
   234   1.2728272E+00   7.9487749E-01  -4.2593217E-13   2.0587497E-12   4.0401436E+07   6.4042349E+07   3.0056534E+00   8.1236341E+10   9.8580043E+10   8.2406477E-01  HeI-HI
   235   1.2776507E+00   7.9378853E-01  -4.1999430E-13   2.0398147E-12   4.0384190E+07   6.4022183E+07   3.0057980E+00   8.3470362E+10   1.0199406E+11   8.1838456E-01  HeI-HI
   236   1.2825591E+00   7.9268371E-01  -4.1403949E-13   2.0208005E-12   4.0366979E+07   6.4002027E+07   3.0059342E+00   8.5738160E+10   1.0551578E+11   8.1256245E-01  HeI-HI
   237   1.2875537E+00   7.9156266E-01  -4.0806853E-13   2.0017089E-12   4.0349786E+07   6.3981860E+07   3.0060616E+00   8.8038929E+10   1.0914861E+11   8.0659690E-01  HeI-HI
   238   1.2926361E+00   7.9042504E-01  -4.0208224E-13   1.9825415E-12   4.0332590E+07   6.3961654E+07   3.0061799E+00   9.0371766E+10   1.1289606E+11   8.0048645E-01  HeI-HI
   239   1.2978079E+00   7.8927051E-01  -3.9608151E-13   1.9633002E-12   4.0315372E+07   6.3941385E+07   3.0062885E+00   9.2735672E+10   1.1676177E+11   7.9422976E-01  HeI-HI
   240   1.3030707E+00   7.8809873E-01  -3.9006731E-13   1.9439871E-12   4.0298118E+07   6.3921032E+07   3.0063872E+00   9.5129557E+10   1.2074951E+11   7.8782564E-01  HeI-HI
   241   1.3084260E+00   7.8690937E-01  -3.8404064E-13   1.9246043E-12   4.0280808E+07   6.3900571E+07   3.0064756E+00   9.7552222E+10   1.2486316E+11   7.8127304E-01  HeI-HI
   242   1.3138754E+00   7.8570214E-01  -3.7800256E-13   1.9051543E-12   4.0263431E+07   6.3879985E+07   3.0065532E+00   1.0000237E+11   1.2910677E+11   7.7457106E-01  HeI-HI
   243   1.3194207E+00   7.8447671E-01  -3.7195423E-13   1.8856401E-12   4.0245984E+07   6.3859268E+07   3.0066198E+00   1.0247858E+11   1.3348450E+11   7.6771898E-01  HeI-HI
   244   1.3250635E+00   7.8323281E-01  -3.6589682E-13   1.8660642E-12   4.0228451E+07   6.3838400E+07   3.0066749E+00   1.0497933E+11   1.3800065E+11   7.6071623E-01  HeI-HI
   245   1.3308055E+00   7.8197016E-01  -3.5983159E-13   1.8464300E-12   4.0210830E+07   6.3817375E+07   3.0067183E+00   1.0750298E+11   1.4265968E+11   7.5356246E-01  HeI-HI
   246   1.3366484E+00   7.8068849E-01  -3.5375987E-13   1.8267408E-12   4.0193119E+07   6.3796189E+07   3.0067496E+00   1.1004776E+11   1.4746620E+11   7.4625749E-01  HeI-HI
   247   1.3425941E+00   7.7938757E-01  -3.4768303E-13   1.8069999E-12   4.0175316E+07   6.3774836E+07   3.0067685E+00   1.1261179E+11   1.5242499E+11   7.3880137E-01  HeI-HI
   248   1.3486444E+00   7.7806716E-01  -3.4160251E-13   1.7872112E-12   4.0157423E+07   6.3753319E+07   3.0067746E+00   1.1519306E+11   1.5754096E+11   7.3119436E-01  HeI-HI
   249   1.3548010E+00   7.7672705E-01  -3.3551983E-13   1.7673784E-12   4.0139444E+07   6.3731638E+07   3.0067676E+00   1.1778945E+11   1.6281923E+11   7.2343694E-01  HeI-HI
   250   1.3610658E+00   7.7536706E-01  -3.2943656E-13   1.7475059E-12   4.0121389E+07   6.3709808E+07   3.0067472E+00   1.2039869E+11   1.6826508E+11   7.1552986E-01  HeI-HI
   251   1.3674409E+00   7.7398701E-01  -3.2335431E-13   1.7275977E-12   4.0103263E+07   6.3687828E+07   3.0067132E+00   1.2301839E+11   1.7388395E+11   7.0747411E-01  HeI-HI
   252   1.3739280E+00   7.7258676E-01  -3.1727480E-13   1.7076582E-12   4.0085080E+07   6.3665718E+07   3.0066652E+00   1.2564605E+11   1.7968151E+11   6.9927092E-01  HeI-HI
   253   1.3805292E+00   7.7116618E-01  -3.1119976E-13   1.6876922E-12   4.0066854E+07   6.3643490E+07   3.0066030E+00   1.2827903E+11   1.8566360E+11   6.9092182E-01  HeI-HI
   254   1.3872465E+00   7.6972517E-01  -3.0513102E-13   1.6677042E-12   4.0048597E+07   6.3621160E+07   3.0065263E+00   1.3091456E+11   1.9183628E+11   6.8242861E-01  HeI-HI
   255   1.3940818E+00   7.6826367E-01  -2.9907045E-13   1.6476991E-12   4.0030327E+07   6.3598749E+07   3.0064349E+00   1.3354977E+11   1.9820582E+11   6.7379339E-01  HeI-HI
   256   1.4010374E+00   7.6678162E-01  -2.9301998E-13   1.6276819E-12   4.0012062E+07   6.3576278E+07   3.0063285E+00   1.3618165E+11   2.0477873E+11   6.6501854E-01  HeI-HI
   257   1.4081153E+00   7.6527902E-01  -2.8698161E-13   1.6076577E-12   3.9993824E+07   6.3553772E+07   3.0062070E+00   1.3880710E+11   2.1156175E+11   6.5610677E-01  HeI-HI
   258   1.4153176E+00   7.6375587E-01  -2.8095738E-13   1.5876315E-12   3.9975630E+07   6.3531252E+07   3.0060700E+00   1.4142288E+11   2.1856187E+11   6.4706108E-01  HeI-HI
   259   1.4226465E+00   7.6221223E-01  -2.7494940E-13   1.5676087E-12   3.9957500E+07   6.3508745E+07   3.0059175E+00   1.4402567E+11   2.2578633E+11   6.3788481E-01  HeI-HI
   260   1.4301044E+00   7.6064817E-01  -2.6895981E-13   1.5475947E-12   3.9939463E+07   6.3486283E+07   3.0057493E+00   1.4661206E+11   2.3324269E+11   6.2858160E-01  HeI-HI
   261   1.4376933E+00   7.5906383E-01  -2.6299082E-13   1.5275946E-12   3.9921534E+07   6.3463887E+07   3.0055652E+00   1.4917853E+11   2.4093874E+11   6.1915544E-01  HeI-HI
   262   1.4454157E+00   7.5745933E-01  -2.5704469E-13   1.5076141E-12   3.9903737E+07   6.3441587E+07   3.0053650E+00   1.5172148E+11   2.4888260E+11   6.0961064E-01  HeI-HI
   263   1.4532739E+00   7.5583490E-01  -2.5112372E-13   1.4876586E-12   3.9886097E+07   6.3419413E+07   3.0051488E+00   1.5423727E+11   2.5708275E+11   5.9995185E-01  HeI-HI
   264   1.4612703E+00   7.5419074E-01  -2.4523024E-13   1.4677336E-12   3.9868635E+07   6.3397393E+07   3.0049163E+00   1.5672217E+11   2.6554797E+11   5.9018404E-01  HeI-HI
   265   1.4694072E+00   7.5252715E-01  -2.3936665E-13   1.4478445E-12   3.9851369E+07   6.3375551E+07   3.0046675E+00   1.5917243E+11   2.7428741E+11   5.8031254E-01  HeI-HI
   266   1.4776873E+00   7.5084443E-01  -2.3353536E-13   1.4279969E-12   3.9834323E+07   6.3353915E+07   3.0044025E+00   1.6158423E+11   2.8331063E+11   5.7034297E-01  HeI-HI
   267   1.4861129E+00   7.4914295E-01  -2.2773883E-13   1.4081963E-12   3.9817516E+07   6.3332513E+07   3.0041210E+00   1.6395375E+11   2.9262755E+11   5.6028132E-01  HeI-HI
   268   1.4946867E+00   7.4742312E-01  -2.2197956E-13   1.3884482E-12   3.9800965E+07   6.3311366E+07   3.0038233E+00   1.6627716E+11   3.0224854E+11   5.5013387E-01  HeI-HI
   269   1.5034112E+00   7.4568539E-01  -2.1626005E-13   1.3687581E-12   3.9784688E+07   6.3290499E+07   3.0035092E+00   1.6855063E+11   3.1218443E+11   5.3990721E-01  HeI-HI
   270   1.5122891E+00   7.4393027E-01  -2.1058284E-13   1.3491314E-12   3.9768702E+07   6.3269934E+07   3.0031789E+00   1.7077036E+11   3.2244654E+11   5.2960828E-01  HeI-HI
   271   1.5213232E+00   7.4215831E-01  -2.0495049E-13   1.3295735E-12   3.9753020E+07   6.3249688E+07   3.0028323E+00   1.7293256E+11   3.3304666E+11   5.1924425E-01  HeI-HI
   272   1.5305160E+00   7.4037011E-01  -1.9936557E-13   1.3100897E-12   3.9737652E+07   6.3229778E+07   3.0024697E+00   1.7503353E+11   3.4399714E+11   5.0882263E-01  HeI-HI
   273   1.5398706E+00   7.3856633E-01  -1.9383065E-13   1.2906855E-12   3.9722613E+07   6.3210224E+07   3.0020912E+00   1.7706960E+11   3.5531090E+11   4.9835115E-01  HeII-HII
   274   1.5493896E+00   7.3674767E-01  -1.8834832E-13   1.2713660E-12   3.9707911E+07   6.3191037E+07   3.0016969E+00   1.7903719E+11   3.6700145E+11   4.8783783E-01  HeII-HII
   275   1.5590760E+00   7.3491490E-01  -1.8292116E-13   1.2521365E-12   3.9693553E+07   6.3172227E+07   3.0012869E+00   1.8093285E+11   3.7908296E+11   4.7729091E-01  HeII-HII
   276   1.5689327E+00   7.3306882E-01  -1.7755174E-13   1.2330022E-12   3.9679544E+07   6.3153805E+07   3.0008616E+00   1.8275320E+11   3.9157023E+11   4.6671882E-01  HeII-HII
   277   1.5789627E+00   7.3121030E-01  -1.7224261E-13   1.2139679E-12   3.9665888E+07   6.3135776E+07   3.0004210E+00   1.8449500E+11   4.0447880E+11   4.5613021E-01  HeII-HII
   278   1.5891691E+00   7.2934025E-01  -1.6699633E-13   1.1950389E-12   3.9652587E+07   6.3118146E+07   2.9999655E+00   1.8615518E+11   4.1782494E+11   4.4553390E-01  HeII-HII
   279   1.5995549E+00   7.2745965E-01  -1.6181538E-13   1.1762200E-12   3.9639642E+07   6.3100917E+07   2.9994954E+00   1.8773080E+11   4.3162575E+11   4.3493883E-01  HeII-HII
   280   1.6101234E+00   7.2556951E-01  -1.5670226E-13   1.1575159E-12   3.9627051E+07   6.3084087E+07   2.9990109E+00   1.8921911E+11   4.4589911E+11   4.2435408E-01  HeII-HII
   281   1.6208777E+00   7.2367090E-01  -1.5165940E-13   1.1389315E-12   3.9614810E+07   6.3067657E+07   2.9985123E+00   1.9061752E+11   4.6066380E+11   4.1378881E-01  HeII-HII
   282   1.6318211E+00   7.2176496E-01  -1.4668919E-13   1.1204715E-12   3.9602918E+07   6.3051623E+07   2.9980000E+00   1.9192368E+11   4.7593952E+11   4.0325224E-01  HeII-HII
   283   1.6429569E+00   7.1985283E-01  -1.4179396E-13   1.1021404E-12   3.9591366E+07   6.3035978E+07   2.9974742E+00   1.9313540E+11   4.9174698E+11   3.9275361E-01  HeII-HII
   284   1.6542885E+00   7.1793574E-01  -1.3697597E-13   1.0839427E-12   3.9580148E+07   6.3020716E+07   2.9969354E+00   1.9425076E+11   5.0810788E+11   3.8230219E-01  HeII-HII
   285   1.6658193E+00   7.1601494E-01  -1.3223744E-13   1.0658827E-12   3.9569257E+07   6.3005829E+07   2.9963840E+00   1.9526802E+11   5.2504503E+11   3.7190719E-01  HeII-HII
   286   1.6775530E+00   7.1409174E-01  -1.2758047E-13   1.0479646E-12   3.9558681E+07   6.2991303E+07   2.9958202E+00   1.9618572E+11   5.4258235E+11   3.6157777E-01  HeII-HII
   287   1.6894929E+00   7.1216746E-01  -1.2300711E-13   1.0301927E-12   3.9548413E+07   6.2977131E+07   2.9952445E+00   1.9700260E+11   5.6074497E+11   3.5132298E-01  HeII-HII
   288   1.7016427E+00   7.1024348E-01  -1.1851930E-13   1.0125709E-12   3.9538443E+07   6.2963300E+07   2.9946573E+00   1.9771767E+11   5.7955929E+11   3.4115176E-01  HeII-HII
   289   1.7140062E+00   7.0832121E-01  -1.1411888E-13   9.9510315E-13   3.9528758E+07   6.2949797E+07   2.9940589E+00   1.9833020E+11   5.9905300E+11   3.3107287E-01  HeII-HII
   290   1.7265871E+00   7.0640208E-01  -1.0980759E-13   9.7779336E-13   3.9519353E+07   6.2936616E+07   2.9934497E+00   1.9883965E+11   6.1925512E+11   3.2109488E-01  HeII-HII
   291   1.7393892E+00   7.0448753E-01  -1.0558704E-13   9.6064530E-13   3.9510223E+07   6.2923753E+07   2.9928301E+00   1.9924572E+11   6.4019598E+11   3.1122613E-01  HeII-HII
   292   1.7524165E+00   7.0257906E-01  -1.0145874E-13   9.4366269E-13   3.9501368E+07   6.2911211E+07   2.9922004E+00   1.9954832E+11   6.6190733E+11   3.0147471E-01  HeII-HII
   293   1.7656727E+00   7.0067813E-01  -9.7424051E-14   9.2684912E-13   3.9492788E+07   6.2898992E+07   2.9915610E+00   1.9974760E+11   6.8442243E+11   2.9184841E-01  HeII-HII
   294   1.7791621E+00   6.9878625E-01  -9.3484214E-14   9.1020804E-13   3.9484485E+07   6.2887102E+07   2.9909123E+00   1.9984394E+11   7.0777617E+11   2.8235471E-01  HeII-HII
   295   1.7928886E+00   6.9690492E-01  -8.9640319E-14   8.9374262E-13   3.9476456E+07   6.2875542E+07   2.9902546E+00   1.9983799E+11   7.3200524E+11   2.7300076E-01  HeII-HII
   296   1.8068566E+00   6.9503564E-01  -8.5893318E-14   8.7745581E-13   3.9468696E+07   6.2864306E+07   2.9895883E+00   1.9973067E+11   7.5714823E+11   2.6379335E-01  HeII-HII
   297   1.8210701E+00   6.9317990E-01  -8.2244012E-14   8.6135028E-13   3.9461194E+07   6.2853382E+07   2.9889137E+00   1.9952316E+11   7.8324576E+11   2.5473889E-01  HeII-HII
   298   1.8355335E+00   6.9133919E-01  -7.8693051E-14   8.4542842E-13   3.9453936E+07   6.2842753E+07   2.9882313E+00   1.9921690E+11   8.1034063E+11   2.4584340E-01  HeII-HII
   299   1.8502512E+00   6.8951498E-01  -7.5240938E-14   8.2969237E-13   3.9446903E+07   6.2832394E+07   2.9875413E+00   1.9881356E+11   8.3847784E+11   2.3711249E-01  HeII-HII
   300   1.8652278E+00   6.8770873E-01  -7.1888020E-14   8.1414405E-13   3.9440072E+07   6.2822276E+07   2.9868440E+00   1.9831505E+11   8.6770470E+11   2.2855132E-01  HeII-HII
   301   1.8804676E+00   6.8592187E-01  -6.8634497E-14   7.9878521E-13   3.9433421E+07   6.2812369E+07   2.9861398E+00   1.9772346E+11   8.9807099E+11   2.2016462E-01  HeII-HII
   302   1.8959755E+00   6.8415583E-01  -6.5480418E-14   7.8361742E-13   3.9426929E+07   6.2802645E+07   2.9854289E+00   1.9704107E+11   9.2962894E+11   2.1195668E-01  HeII-HII
   303   1.9117560E+00   6.8241199E-01  -6.2425690E-14   7.6864207E-13   3.9420572E+07   6.2793073E+07   2.9847115E+00   1.9627031E+11   9.6243343E+11   2.0393131E-01  HeII-HII
   304   1.9278140E+00   6.8069175E-01  -5.9470082E-14   7.5386044E-13   3.9414330E+07   6.2783624E+07   2.9839879E+00   1.9541378E+11   9.9654209E+11   1.9609185E-01  HeII-HII
   305   1.9441543E+00   6.7899649E-01  -5.6613237E-14   7.3927367E-13   3.9408184E+07   6.2774271E+07   2.9832583E+00   1.9447420E+11   1.0320155E+12   1.8844117E-01  HeII-HII
   306   1.9607820E+00   6.7732758E-01  -5.3854689E-14   7.2488278E-13   3.9402115E+07   6.2764992E+07   2.9825230E+00   1.9345442E+11   1.0689171E+12   1.8098168E-01  HeII-HII
   307   1.9777020E+00   6.7568643E-01  -5.1193882E-14   7.1068870E-13   3.9396108E+07   6.2755762E+07   2.9817823E+00   1.9235741E+11   1.1073141E+12   1.7371531E-01  HeII-HII
   308   1.9949196E+00   6.7407454E-01  -4.8630211E-14   6.9669239E-13   3.9390153E+07   6.2746573E+07   2.9810365E+00   1.9118622E+11   1.1472768E+12   1.6664350E-01  HeII-HII
   309   2.0124398E+00   6.7249353E-01  -4.6163064E-14   6.8289444E-13   3.9384223E+07   6.2737384E+07   2.9802862E+00   1.8994404E+11   1.1888797E+12   1.5976725E-01  HeII-HII
   310   2.0302682E+00   6.7094527E-01  -4.3791906E-14   6.6929651E-13   3.9378353E+07   6.2728249E+07   2.9795321E+00   1.8863420E+11   1.2322020E+12   1.5308708E-01  HeII-HII
   311   2.0484100E+00   6.6943203E-01  -4.1516392E-14   6.5589773E-13   3.9372411E+07   6.2718973E+07   2.9787754E+00   1.8726013E+11   1.2773278E+12   1.4660303E-01  HeII-HII
   312   2.0668708E+00   6.6795680E-01  -3.9336548E-14   6.4270459E-13   3.9366716E+07   6.2710035E+07   2.9780173E+00   1.8582567E+11   1.3243491E+12   1.4031471E-01  HeII-HII
   313   2.0856563E+00   6.6652369E-01  -3.7253067E-14   6.2970704E-13   3.9360472E+07   6.2700246E+07   2.9772658E+00   1.8433395E+11   1.3733602E+12   1.3422112E-01  HeII-HII
   314   2.1047720E+00   6.6514206E-01  -3.5267726E-14   6.1693557E-13   3.9355495E+07   6.2692331E+07   2.9754155E+00   1.8279439E+11   1.4245109E+12   1.2832081E-01  HeII-HII
   315   2.1242238E+00   6.6379652E-01  -3.3390257E-14   6.0437065E-13   3.9349749E+07   6.2683246E+07   2.9724386E+00   1.8194545E+11   1.4778619E+12   1.2311397E-01  HeII-HII
   316   2.1440177E+00   6.6245333E-01  -3.1577103E-14   5.9192363E-13   3.9339935E+07   6.2667993E+07   2.9716846E+00   1.8101570E+11   1.5331820E+12   1.1806537E-01  HeII-HII
   317   2.1641596E+00   6.6112017E-01  -2.9806816E-14   5.7962569E-13   3.9329502E+07   6.2651741E+07   2.9720081E+00   1.7927244E+11   1.5905844E+12   1.1270854E-01  HeII-HII
   318   2.1846557E+00   6.5981867E-01  -2.8112201E-14   5.6752474E-13   3.9319435E+07   6.2635987E+07   2.9711681E+00   1.7748987E+11   1.6504640E+12   1.0753938E-01  HeII-HII
   319   2.2055122E+00   6.5855145E-01  -2.6495422E-14   5.5560815E-13   3.9308580E+07   6.2618991E+07   2.9703280E+00   1.7567326E+11   1.7129619E+12   1.0255526E-01  HeII-HII
   320   2.2267354E+00   6.5731875E-01  -2.4954376E-14   5.4387975E-13   3.9297266E+07   6.2601247E+07   2.9694771E+00   1.7382593E+11   1.7782086E+12   9.7753397E-02  HeII-HII
   321   2.2483318E+00   6.5612080E-01  -2.3486968E-14   5.3234490E-13   3.9285977E+07   6.2583489E+07   2.9686038E+00   1.7194674E+11   1.8462966E+12   9.3130615E-02  HeII-HII
   322   2.2703079E+00   6.5495769E-01  -2.2091083E-14   5.2101347E-13   3.9275590E+07   6.2567060E+07   2.9677094E+00   1.7002884E+11   1.9172661E+12   8.8682965E-02  HeII-HII
   323   2.2926704E+00   6.5382936E-01  -2.0764473E-14   5.0989047E-13   3.9266682E+07   6.2552851E+07   2.9668073E+00   1.6807220E+11   1.9912190E+12   8.4406684E-02  HeII-HII
   324   2.3154261E+00   6.5273559E-01  -1.9504784E-14   4.9896984E-13   3.9258981E+07   6.2540461E+07   2.9659059E+00   1.6608243E+11   2.0683196E+12   8.0298242E-02  HeII-HII
   325   2.3385820E+00   6.5167611E-01  -1.8309638E-14   4.8824285E-13   3.9251977E+07   6.2529116E+07   2.9650047E+00   1.6406669E+11   2.1487609E+12   7.6354095E-02  HeII-HII
   326   2.3621450E+00   6.5065065E-01  -1.7176688E-14   4.7770188E-13   3.9245213E+07   6.2518123E+07   2.9641006E+00   1.6203018E+11   2.2327277E+12   7.2570508E-02  HeII-HII
   327   2.3861223E+00   6.4965889E-01  -1.6103617E-14   4.6734179E-13   3.9238414E+07   6.2507060E+07   2.9631915E+00   1.5997723E+11   2.3204085E+12   6.8943565E-02  HeII-HII
   328   2.4105212E+00   6.4870048E-01  -1.5088132E-14   4.5716004E-13   3.9231511E+07   6.2495826E+07   2.9622715E+00   1.5791121E+11   2.4119907E+12   6.5469245E-02  HeII-HII
   329   2.4353491E+00   6.4777507E-01  -1.4127987E-14   4.4715751E-13   3.9224750E+07   6.2484797E+07   2.9613352E+00   1.5583190E+11   2.5076242E+12   6.2143245E-02  HeII-HII
   330   2.4606136E+00   6.4688222E-01  -1.3220961E-14   4.3733654E-13   3.9218528E+07   6.2474592E+07   2.9603847E+00   1.5373843E+11   2.6074537E+12   5.8961138E-02  HeII-HII
   331   2.4863223E+00   6.4602142E-01  -1.2364830E-14   4.2769655E-13   3.9213010E+07   6.2465470E+07   2.9594258E+00   1.5163210E+11   2.7116599E+12   5.5918555E-02  HeII-HII
   332   2.5124831E+00   6.4519211E-01  -1.1557383E-14   4.1823350E-13   3.9208045E+07   6.2457200E+07   2.9584630E+00   1.4951626E+11   2.8204641E+12   5.3011224E-02  HeII-HII
   333   2.5391039E+00   6.4439366E-01  -1.0796437E-14   4.0894177E-13   3.9203314E+07   6.2449294E+07   2.9574973E+00   1.4739525E+11   2.9341191E+12   5.0234923E-02  HeII-HII
   334   2.5661927E+00   6.4362545E-01  -1.0079861E-14   3.9981612E-13   3.9198511E+07   6.2441278E+07   2.9565267E+00   1.4527293E+11   3.0528863E+12   4.7585438E-02  HeII-HII
   335   2.5937579E+00   6.4288684E-01  -9.4055812E-15   3.9085249E-13   3.9193422E+07   6.2432822E+07   2.9555497E+00   1.4315226E+11   3.1770292E+12   4.5058528E-02  HeII-HII
   336   2.6218077E+00   6.4217714E-01  -8.7715809E-15   3.8204781E-13   3.9187921E+07   6.2423726E+07   2.9545641E+00   1.4103594E+11   3.3068233E+12   4.2649977E-02  HeII-HII
   337   2.6503508E+00   6.4149570E-01  -8.1759024E-15   3.7340066E-13   3.9182049E+07   6.2414052E+07   2.9535649E+00   1.3892535E+11   3.4425335E+12   4.0355556E-02  HeII-HII
   338   2.6793957E+00   6.4084184E-01  -7.6166536E-15   3.6491189E-13   3.9176096E+07   6.2404253E+07   2.9525479E+00   1.3682011E+11   3.5843991E+12   3.8171004E-02  HeII-HII
   339   2.7089513E+00   6.4021486E-01  -7.0920025E-15   3.5658336E-13   3.9170495E+07   6.2395006E+07   2.9515124E+00   1.3471895E+11   3.7326468E+12   3.6092069E-02  HeII-HII
   340   2.7390267E+00   6.3961404E-01  -6.6001698E-15   3.4841616E-13   3.9165629E+07   6.2386911E+07   2.9504614E+00   1.3262102E+11   3.8875178E+12   3.4114577E-02  HeII-HII
   341   2.7696308E+00   6.3903864E-01  -6.1394256E-15   3.4040948E-13   3.9161693E+07   6.2380275E+07   2.9493997E+00   1.3052668E+11   4.0492893E+12   3.2234466E-02  HeII-HII
   342   2.8007731E+00   6.3848788E-01  -5.7080926E-15   3.3256055E-13   3.9158660E+07   6.2375062E+07   2.9483313E+00   1.2843748E+11   4.2182835E+12   3.0447806E-02  HeII-HII
   343   2.8324629E+00   6.3796099E-01  -5.3045512E-15   3.2486527E-13   3.9156338E+07   6.2370975E+07   2.9472588E+00   1.2635584E+11   4.3948642E+12   2.8750794E-02  HeII-HII
   344   2.8647100E+00   6.3745720E-01  -4.9272448E-15   3.1731903E-13   3.9154452E+07   6.2367584E+07   2.9461829E+00   1.2428448E+11   4.5794287E+12   2.7139734E-02  HeII-HII
   345   2.8975241E+00   6.3697572E-01  -4.5746825E-15   3.0991739E-13   3.9152715E+07   6.2364440E+07   2.9451033E+00   1.2222604E+11   4.7723984E+12   2.5611031E-02  HeII-HII
   346   2.9309151E+00   6.3651581E-01  -4.2454403E-15   3.0265643E-13   3.9150879E+07   6.2361157E+07   2.9440186E+00   1.2018283E+11   4.9742122E+12   2.4161179E-02  HeII-HII
   347   2.9648933E+00   6.3607672E-01  -3.9381596E-15   2.9553291E-13   3.9148764E+07   6.2357446E+07   2.9429273E+00   1.1815670E+11   5.1853218E+12   2.2786763E-02  HeII-HII
   348   2.9994690E+00   6.3565771E-01  -3.6515459E-15   2.8854421E-13   3.9146255E+07   6.2353129E+07   2.9418280E+00   1.1614907E+11   5.4061907E+12   2.1484456E-02  HeII-HII
   349   3.0346525E+00   6.3525806E-01  -3.3843661E-15   2.8168825E-13   3.9143299E+07   6.2348121E+07   2.9407196E+00   1.1416099E+11   5.6372950E+12   2.0251022E-02  HeII-HII
   350   3.0704548E+00   6.3487705E-01  -3.1354467E-15   2.7496332E-13   3.9139892E+07   6.2342411E+07   2.9396014E+00   1.1219321E+11   5.8791244E+12   1.9083320E-02  HeII-HII
   351   3.1068865E+00   6.3451400E-01  -2.9036718E-15   2.6836796E-13   3.9136061E+07   6.2336045E+07   2.9384727E+00   1.1024630E+11   6.1321851E+12   1.7978306E-02  HeII-HII
   352   3.1439589E+00   6.3416822E-01  -2.6879807E-15   2.6190083E-13   3.9131857E+07   6.2329099E+07   2.9373334E+00   1.0832065E+11   6.3970018E+12   1.6933034E-02  HeII-HII
   353   3.1816831E+00   6.3383902E-01  -2.4873666E-15   2.5556065E-13   3.9127342E+07   6.2321669E+07   2.9361834E+00   1.0641659E+11   6.6741205E+12   1.5944661E-02  HeII-HII
   354   3.2200706E+00   6.3352576E-01  -2.3008748E-15   2.4934612E-13   3.9122580E+07   6.2313858E+07   2.9350230E+00   1.0453437E+11   6.9641102E+12   1.5010442E-02  HeII-HII
   355   3.2591331E+00   6.3322778E-01  -2.1276009E-15   2.4325591E-13   3.9117637E+07   6.2305767E+07   2.9338522E+00   1.0267423E+11   7.2675652E+12   1.4127735E-02  HeII-HII
   356   3.2988824E+00   6.3294446E-01  -1.9666890E-15   2.3728867E-13   3.9112573E+07   6.2297491E+07   2.9326715E+00   1.0083639E+11   7.5851067E+12   1.3293998E-02  HeII-HII
   357   3.3393307E+00   6.3267517E-01  -1.8173305E-15   2.3144295E-13   3.9107442E+07   6.2289118E+07   2.9314812E+00   9.9021062E+10   7.9173851E+12   1.2506789E-02  HeII-HII
   358   3.3804902E+00   6.3241932E-01  -1.6787620E-15   2.2571727E-13   3.9102294E+07   6.2280722E+07   2.9302815E+00   9.7228446E+10   8.2650808E+12   1.1763762E-02  HeII-HII
   359   3.4223734E+00   6.3217634E-01  -1.5502635E-15   2.2011008E-13   3.9097169E+07   6.2272370E+07   2.9290729E+00   9.5458749E+10   8.6289061E+12   1.1062671E-02  HeII-HII
   360   3.4649930E+00   6.3194564E-01  -1.4311569E-15   2.1461981E-13   3.9092103E+07   6.2264116E+07   2.9278556E+00   9.3712172E+10   9.0096071E+12   1.0401361E-02  HeII-HII
   361   3.5083621E+00   6.3172669E-01  -1.3208043E-15   2.0924484E-13   3.9087124E+07   6.2256007E+07   2.9266300E+00   9.1988911E+10   9.4079647E+12   9.7777696E-03  HeII-HII
   362   3.5524937E+00   6.3151896E-01  -1.2186057E-15   2.0398351E-13   3.9082256E+07   6.2248080E+07   2.9253964E+00   9.0289153E+10   9.8247962E+12   9.1899263E-03  HeII-HII
   363   3.5974013E+00   6.3132193E-01  -1.1239979E-15   1.9883415E-13   3.9077517E+07   6.2240363E+07   2.9241549E+00   8.8613076E+10   1.0260957E+13   8.6359465E-03  HeII-HII
   364   3.6430985E+00   6.3113511E-01  -1.0364525E-15   1.9379509E-13   3.9072921E+07   6.2232881E+07   2.9229060E+00   8.6960849E+10   1.0717343E+13   8.1140307E-03  HeII-HII
   365   3.6895992E+00   6.3095802E-01  -9.5547391E-16   1.8886462E-13   3.9068480E+07   6.2225649E+07   2.9216496E+00   8.5332624E+10   1.1194890E+13   7.6224621E-03  HeII-HII
   366   3.7369176E+00   6.3079021E-01  -8.8059811E-16   1.8404104E-13   3.9064201E+07   6.2218679E+07   2.9203861E+00   8.3728540E+10   1.1694578E+13   7.1596033E-03  HeII-HII
   367   3.7850679E+00   6.3063123E-01  -8.1139081E-16   1.7932266E-13   3.9060087E+07   6.2211979E+07   2.9191155E+00   8.2148721E+10   1.2217432E+13   6.7238942E-03  HeII-HII
   368   3.8340650E+00   6.3048065E-01  -7.4744586E-16   1.7470777E-13   3.9056142E+07   6.2205552E+07   2.9178380E+00   8.0593275E+10   1.2764524E+13   6.3138490E-03  HeII-HII
   369   3.8839235E+00   6.3033808E-01  -6.8838377E-16   1.7019467E-13   3.9052367E+07   6.2199399E+07   2.9165537E+00   7.9062289E+10   1.3336973E+13   5.9280536E-03  HeII-HII
   370   3.9346587E+00   6.3020311E-01  -6.3385016E-16   1.6578168E-13   3.9048759E+07   6.2193519E+07   2.9152626E+00   7.7555836E+10   1.3935950E+13   5.5651631E-03  HeII-HII
   371   3.9862861E+00   6.3007537E-01  -5.8351439E-16   1.6146712E-13   3.9045316E+07   6.2187907E+07   2.9139647E+00   7.6073970E+10   1.4562680E+13   5.2238990E-03  HeII-HII
   372   4.0388212E+00   6.2995450E-01  -5.3706813E-16   1.5724933E-13   3.9042035E+07   6.2182557E+07   2.9126600E+00   7.4616725E+10   1.5218441E+13   4.9030466E-03  HeII-HII
   373   4.0922800E+00   6.2984017E-01  -4.9422408E-16   1.5312665E-13   3.9038911E+07   6.2177462E+07   2.9113484E+00   7.3184118E+10   1.5904569E+13   4.6014526E-03  HeII-HII
   374   4.1466788E+00   6.2973202E-01  -4.5471469E-16   1.4909743E-13   3.9035939E+07   6.2172615E+07   2.9100300E+00   7.1776149E+10   1.6622459E+13   4.3180224E-03  HeII-HII
   375   4.2020342E+00   6.2962977E-01  -4.1829097E-16   1.4516005E-13   3.9033114E+07   6.2168006E+07   2.9087045E+00   7.0392797E+10   1.7373569E+13   4.0517178E-03  HeII-HII
   376   4.2583628E+00   6.2953309E-01  -3.8472131E-16   1.4131289E-13   3.9030430E+07   6.2163625E+07   2.9073718E+00   6.9034026E+10   1.8159421E+13   3.8015545E-03  HeII-HII
   377   4.3156819E+00   6.2944170E-01  -3.5379044E-16   1.3755435E-13   3.9027879E+07   6.2159462E+07   2.9060318E+00   6.7699781E+10   1.8981603E+13   3.5665998E-03  HeII-HII
   378   4.3740089E+00   6.2935534E-01  -3.2529837E-16   1.3388285E-13   3.9025457E+07   6.2155508E+07   2.9046843E+00   6.6389988E+10   1.9841773E+13   3.3459705E-03  HeII-HII
   379   4.4333615E+00   6.2927373E-01  -2.9905938E-16   1.3029683E-13   3.9023156E+07   6.2151751E+07   2.9033290E+00   6.5104558E+10   2.0741664E+13   3.1388301E-03  HeII-HII
   380   4.4937576E+00   6.2919663E-01  -2.7490115E-16   1.2679472E-13   3.9020970E+07   6.2148182E+07   2.9019657E+00   6.3843386E+10   2.1683080E+13   2.9443873E-03  HeII-HII
   381   4.5552158E+00   6.2912379E-01  -2.5266383E-16   1.2337500E-13   3.9018893E+07   6.2144791E+07   2.9005941E+00   6.2606348E+10   2.2667906E+13   2.7618938E-03  HeII-HII
   382   4.6177545E+00   6.2905501E-01  -2.3219923E-16   1.2003613E-13   3.9016920E+07   6.2141569E+07   2.8992139E+00   6.1393305E+10   2.3698106E+13   2.5906418E-03  HeII-HII
   383   4.6813929E+00   6.2899004E-01  -2.1337005E-16   1.1677663E-13   3.9015044E+07   6.2138506E+07   2.8978249E+00   6.0204104E+10   2.4775731E+13   2.4299627E-03  HeII-HII
   384   4.7461503E+00   6.2892870E-01  -1.9604910E-16   1.1359501E-13   3.9013261E+07   6.2135593E+07   2.8964267E+00   5.9038576E+10   2.5902918E+13   2.2792249E-03  HeII-HII
   385   4.8120463E+00   6.2887079E-01  -1.8011868E-16   1.1048978E-13   3.9011566E+07   6.2132825E+07   2.8950191E+00   5.7896536E+10   2.7081894E+13   2.1378319E-03  HeII-HII
   386   4.8791010E+00   6.2881612E-01  -1.6546985E-16   1.0745951E-13   3.9009955E+07   6.2130193E+07   2.8936016E+00   5.6777786E+10   2.8314981E+13   2.0052207E-03  HeII-HII
   387   4.9473348E+00   6.2876451E-01  -1.5200185E-16   1.0450276E-13   3.9008424E+07   6.2127693E+07   2.8921740E+00   5.5682114E+10   2.9604598E+13   1.8808603E-03  HeII-HII
   388   5.0167683E+00   6.2871580E-01  -1.3962156E-16   1.0161809E-13   3.9006971E+07   6.2125319E+07   2.8907359E+00   5.4609296E+10   3.0953267E+13   1.7642498E-03  HeII-HII
   389   5.0874227E+00   6.2866984E-01  -1.2824290E-16   9.8804125E-14   3.9005592E+07   6.2123068E+07   2.8892871E+00   5.3559093E+10   3.2363612E+13   1.6549170E-03  HeII-HII
   390   5.1593194E+00   6.2862645E-01  -1.1778636E-16   9.6059464E-14   3.9004288E+07   6.2120938E+07   2.8878272E+00   5.2531256E+10   3.3838370E+13   1.5524169E-03  HeII-HII
   391   5.2324803E+00   6.2858552E-01  -1.0817854E-16   9.3382743E-14   3.9003058E+07   6.2118927E+07   2.8863560E+00   5.1525524E+10   3.5380386E+13   1.4563302E-03  HeII-HII
   392   5.3069277E+00   6.2854689E-01  -9.9351669E-17   9.0772610E-14   3.9001901E+07   6.2117037E+07   2.8848732E+00   5.0541624E+10   3.6992624E+13   1.3662622E-03  HeII-HII
   393   5.3826840E+00   6.2851045E-01  -9.1243232E-17   8.8227732E-14   3.9000819E+07   6.2115269E+07   2.8833787E+00   4.9579274E+10   3.8678168E+13   1.2818413E-03  HeII-HII
   394   5.4597724E+00   6.2847607E-01  -8.3795567E-17   8.5746791E-14   3.8999815E+07   6.2113627E+07   2.8818722E+00   4.8638182E+10   4.0440229E+13   1.2027178E-03  HeII-HII
   395   5.5382163E+00   6.2844363E-01  -7.6955508E-17   8.3328487E-14   3.8998892E+07   6.2112116E+07   2.8803536E+00   4.7718047E+10   4.2282144E+13   1.1285626E-03  HeII-HII
   396   5.6180395E+00   6.2841302E-01  -7.0674054E-17   8.0971537E-14   3.8998054E+07   6.2110743E+07   2.8788229E+00   4.6818559E+10   4.4207386E+13   1.0590664E-03  HeII-HII
   397   5.6992662E+00   6.2838415E-01  -6.4906056E-17   7.8674675E-14   3.8997307E+07   6.2109516E+07   2.8772799E+00   4.5939402E+10   4.6219566E+13   9.9393842E-04  HeII-HII
   398   5.7819211E+00   6.2835691E-01  -5.9609928E-17   7.6436652E-14   3.8996657E+07   6.2108446E+07   2.8757246E+00   4.5080253E+10   4.8322436E+13   9.3290522E-04  HeII-HII
   399   5.8660295E+00   6.2833122E-01  -5.4747376E-17   7.4256235E-14   3.8996112E+07   6.2107545E+07   2.8741572E+00   4.4240781E+10   5.0519898E+13   8.7571003E-04  HeII-HII
   400   5.9516167E+00   6.2830697E-01  -5.0283150E-17   7.2132210E-14   3.8995681E+07   6.2106827E+07   2.8725776E+00   4.3420653E+10   5.2816006E+13   8.2211164E-04  HeII-HII
   401   6.0387088E+00   6.2828410E-01  -4.6184810E-17   7.0063376E-14   3.8995373E+07   6.2106307E+07   2.8709861E+00   4.2619528E+10   5.5214970E+13   7.7188356E-04  HeII-HII
   402   6.1273323E+00   6.2826253E-01  -4.2422509E-17   6.8048553E-14   3.8995199E+07   6.2106003E+07   2.8693828E+00   4.1837063E+10   5.7721164E+13   7.2481322E-04  HeII-HII
   403   6.2175141E+00   6.2824217E-01  -3.8968794E-17   6.6086574E-14   3.8995173E+07   6.2105933E+07   2.8677681E+00   4.1072911E+10   6.0339131E+13   6.8070108E-04  HeII-HII
   404   6.3092815E+00   6.2822297E-01  -3.5798423E-17   6.4176291E-14   3.8995305E+07   6.2106119E+07   2.8661421E+00   4.0326725E+10   6.3073585E+13   6.3935997E-04  HeII-HII
   405   6.4026626E+00   6.2820485E-01  -3.2888186E-17   6.2316571E-14   3.8995611E+07   6.2106582E+07   2.8645054E+00   3.9598154E+10   6.5929420E+13   6.0061432E-04  HeII-HII
   406   6.4976856E+00   6.2818775E-01  -3.0216752E-17   6.0506297E-14   3.8996106E+07   6.2107347E+07   2.8628582E+00   3.8886847E+10   6.8911717E+13   5.6429949E-04  HeII-HII
   407   6.5943794E+00   6.2817161E-01  -2.7764517E-17   5.8744369E-14   3.8996803E+07   6.2108437E+07   2.8612011E+00   3.8192452E+10   7.2025744E+13   5.3026112E-04  HeII-HII
   408   6.6927734E+00   6.2815638E-01  -2.5513473E-17   5.7029702E-14   3.8997721E+07   6.2109878E+07   2.8595346E+00   3.7514620E+10   7.5276970E+13   4.9835454E-04  HeII-HII
   409   6.7928976E+00   6.2814201E-01  -2.3447073E-17   5.5361229E-14   3.8998876E+07   6.2111697E+07   2.8578593E+00   3.6853000E+10   7.8671064E+13   4.6844415E-04  HeII-HII
   410   6.8947822E+00   6.2812845E-01  -2.1550125E-17   5.3737895E-14   3.9000284E+07   6.2113922E+07   2.8561757E+00   3.6207245E+10   8.2213906E+13   4.4040293E-04  HeII-HII
   411   6.9984583E+00   6.2811565E-01  -1.9808674E-17   5.2158665E-14   3.9001964E+07   6.2116579E+07   2.8544845E+00   3.5577010E+10   8.5911594E+13   4.1411186E-04  HeII-HII
   412   7.1039573E+00   6.2810356E-01  -1.8209911E-17   5.0622517E-14   3.9003932E+07   6.2119696E+07   2.8527863E+00   3.4961953E+10   8.9770449E+13   3.8945949E-04  HeII-HII
   413   7.2113114E+00   6.2809215E-01  -1.6742075E-17   4.9128444E-14   3.9006205E+07   6.2123302E+07   2.8510820E+00   3.4361735E+10   9.3797025E+13   3.6634142E-04  HeII-HII
   414   7.3205532E+00   6.2808138E-01  -1.5394371E-17   4.7675456E-14   3.9008802E+07   6.2127422E+07   2.8493721E+00   3.3776022E+10   9.7998113E+13   3.4465992E-04  HeII-HII
   415   7.4317157E+00   6.2807121E-01  -1.4156894E-17   4.6262577E-14   3.9011738E+07   6.2132083E+07   2.8476574E+00   3.3204484E+10   1.0238075E+14   3.2432349E-04  HeII-HII
   416   7.5448329E+00   6.2806160E-01  -1.3020552E-17   4.4888847E-14   3.9015028E+07   6.2137310E+07   2.8459388E+00   3.2646795E+10   1.0695224E+14   3.0524647E-04  HeII-HII
   417   7.6599390E+00   6.2805253E-01  -1.1977004E-17   4.3553321E-14   3.9018689E+07   6.2143127E+07   2.8442170E+00   3.2102637E+10   1.1172014E+14   2.8734869E-04  HeII-HII
   418   7.7770691E+00   6.2804395E-01  -1.1018595E-17   4.2255069E-14   3.9022733E+07   6.2149555E+07   2.8424928E+00   3.1571694E+10   1.1669229E+14   2.7055510E-04  HeII-HII
   419   7.8962587E+00   6.2803585E-01  -1.0138306E-17   4.0993175E-14   3.9027172E+07   6.2156614E+07   2.8407670E+00   3.1053659E+10   1.2187680E+14   2.5479549E-04  HeII-HII
   420   8.0175441E+00   6.2802820E-01  -9.3296940E-18   3.9766739E-14   3.9032018E+07   6.2164321E+07   2.8390404E+00   3.0548229E+10   1.2728209E+14   2.4000414E-04  HeII-HII
   421   8.1409621E+00   6.2802097E-01  -8.5868522E-18   3.8574877E-14   3.9037280E+07   6.2172689E+07   2.8373137E+00   3.0055110E+10   1.3291689E+14   2.2611957E-04  HeII-HII
   422   8.2665501E+00   6.2801414E-01  -7.9043609E-18   3.7416719E-14   3.9042963E+07   6.2181731E+07   2.8355878E+00   2.9574010E+10   1.3879022E+14   2.1308425E-04  HeII-HII
   423   8.3943465E+00   6.2800768E-01  -7.2772498E-18   3.6291410E-14   3.9049074E+07   6.2191455E+07   2.8338635E+00   2.9104647E+10   1.4491145E+14   2.0084435E-04  HeII-HII
   424   8.5243899E+00   6.2800157E-01  -6.7009601E-18   3.5198111E-14   3.9055616E+07   6.2201864E+07   2.8321414E+00   2.8646745E+10   1.5129030E+14   1.8934952E-04  HeII-HII
   425   8.6567199E+00   6.2799579E-01  -6.1713107E-18   3.4135997E-14   3.9062588E+07   6.2212959E+07   2.8304223E+00   2.8200034E+10   1.5793682E+14   1.7855263E-04  HeII-HII
   426   8.7913766E+00   6.2799033E-01  -5.6844672E-18   3.3104259E-14   3.9069988E+07   6.2224737E+07   2.8287069E+00   2.7764250E+10   1.6486143E+14   1.6840962E-04  HeII-HII
   427   8.9284012E+00   6.2798516E-01  -5.2369129E-18   3.2102103E-14   3.9077812E+07   6.2237190E+07   2.8269958E+00   2.7339137E+10   1.7207495E+14   1.5887924E-04  HeII-HII
   428   9.0678350E+00   6.2798027E-01  -4.8254227E-18   3.1128752E-14   3.9086053E+07   6.2250308E+07   2.8252897E+00   2.6924443E+10   1.7958858E+14   1.4992291E-04  HeII-HII
   429   9.2097206E+00   6.2797564E-01  -4.4470387E-18   3.0183442E-14   3.9094701E+07   6.2264074E+07   2.8235891E+00   2.6519923E+10   1.8741394E+14   1.4150454E-04  HeII-HII
   430   9.3541009E+00   6.2797127E-01  -4.0990482E-18   2.9265426E-14   3.9103744E+07   6.2278470E+07   2.8218946E+00   2.6125339E+10   1.9556306E+14   1.3359036E-04  HeII-HII
   431   9.5010200E+00   6.2796712E-01  -3.7789633E-18   2.8373973E-14   3.9113167E+07   6.2293470E+07   2.8202066E+00   2.5740458E+10   2.0404844E+14   1.2614876E-04  HeII-HII
   432   9.6505224E+00   6.2796320E-01  -3.4845021E-18   2.7508364E-14   3.9122952E+07   6.2309048E+07   2.8185256E+00   2.5365051E+10   2.1288301E+14   1.1915019E-04  HeII-HII
   433   9.8026535E+00   6.2795948E-01  -3.2135718E-18   2.6667901E-14   3.9133079E+07   6.2325171E+07   2.8168518E+00   2.4998897E+10   2.2208020E+14   1.1256698E-04  HeII-HII
   434   9.9574596E+00   6.2795596E-01  -2.9642526E-18   2.5851897E-14   3.9143526E+07   6.2341805E+07   2.8151856E+00   2.4641778E+10   2.3165393E+14   1.0637324E-04  HeII-HII
   435   1.0114988E+01   6.2795263E-01  -2.7347837E-18   2.5059683E-14   3.9154269E+07   6.2358909E+07   2.8135272E+00   2.4293481E+10   2.4161862E+14   1.0054474E-04  HeII-HII
   436   1.0275286E+01   6.2794947E-01  -2.5235499E-18   2.4290605E-14   3.9165280E+07   6.2376442E+07   2.8118767E+00   2.3953798E+10   2.5198924E+14   9.5058815E-05  HeII-HII
   437   1.0438402E+01   6.2794647E-01  -2.3290692E-18   2.3544023E-14   3.9176531E+07   6.2394357E+07   2.8102342E+00   2.3622526E+10   2.6278131E+14   8.9894242E-05  HeII-HII
   438   1.0604387E+01   6.2794363E-01  -2.1499823E-18   2.2819314E-14   3.9187992E+07   6.2412605E+07   2.8085996E+00   2.3299465E+10   2.7401092E+14   8.5031156E-05  HeII-HII
   439   1.0773290E+01   6.2794094E-01  -1.9850417E-18   2.2115869E-14   3.9199629E+07   6.2431135E+07   2.8069728E+00   2.2984419E+10   2.8569476E+14   8.0450964E-05  HeII-HII
   440   1.0945163E+01   6.2793839E-01  -1.8331031E-18   2.1433095E-14   3.9211409E+07   6.2449893E+07   2.8053536E+00   2.2677195E+10   2.9785014E+14   7.6136259E-05  HeII-HII
   441   1.1120059E+01   6.2793597E-01  -1.6931163E-18   2.0770413E-14   3.9223297E+07   6.2468823E+07   2.8037417E+00   2.2377606E+10   3.1049501E+14   7.2070743E-05  HeII-HII
   442   1.1298029E+01   6.2793367E-01  -1.5641173E-18   2.0127260E-14   3.9235256E+07   6.2487866E+07   2.8021367E+00   2.2085466E+10   3.2364799E+14   6.8239158E-05  HeII-HII
   443   1.1479129E+01   6.2793149E-01  -1.4452216E-18   1.9503085E-14   3.9247247E+07   6.2506961E+07   2.8005380E+00   2.1800594E+10   3.3732839E+14   6.4627212E-05  HeII-HII
   444   1.1663413E+01   6.2792942E-01  -1.3356172E-18   1.8897354E-14   3.9259234E+07   6.2526049E+07   2.7989451E+00   2.1522809E+10   3.5155624E+14   6.1221524E-05  HeII-HII
   445   1.1850937E+01   6.2792746E-01  -1.2345588E-18   1.8309546E-14   3.9271176E+07   6.2545066E+07   2.7973572E+00   2.1251936E+10   3.6635232E+14   5.8009560E-05  HeII-HII
   446   1.2041759E+01   6.2792559E-01  -1.1413622E-18   1.7739153E-14   3.9283033E+07   6.2563948E+07   2.7957735E+00   2.0987803E+10   3.8173816E+14   5.4979577E-05  HeII-HII
   447   1.2235936E+01   6.2792382E-01  -1.0553988E-18   1.7185682E-14   3.9294767E+07   6.2582633E+07   2.7941930E+00   2.0730237E+10   3.9773614E+14   5.2120578E-05  HeII-HII
   448   1.2433527E+01   6.2792213E-01  -9.7609192E-19   1.6648653E-14   3.9306335E+07   6.2601056E+07   2.7926147E+00   2.0479072E+10   4.1436943E+14   4.9422256E-05  HeII-HII
   449   1.2634593E+01   6.2792053E-01  -9.0291149E-19   1.6127598E-14   3.9317699E+07   6.2619152E+07   2.7910374E+00   2.0234142E+10   4.3166211E+14   4.6874956E-05  HeII-HII
   450   1.2839194E+01   6.2791901E-01  -8.3537084E-19   1.5622063E-14   3.9328818E+07   6.2636859E+07   2.7894597E+00   1.9995285E+10   4.4963913E+14   4.4469629E-05  HeII-HII
   451   1.3047392E+01   6.2791756E-01  -7.7302284E-19   1.5131607E-14   3.9339652E+07   6.2654113E+07   2.7878804E+00   1.9762340E+10   4.6832639E+14   4.2197792E-05  HeII-HII
   452   1.3259252E+01   6.2791618E-01  -7.1545670E-19   1.4655799E-14   3.9350164E+07   6.2670853E+07   2.7862977E+00   1.9535148E+10   4.8775078E+14   4.0051496E-05  HeII-HII
   453   1.3474836E+01   6.2791488E-01  -6.6229493E-19   1.4194223E-14   3.9360314E+07   6.2687017E+07   2.7847102E+00   1.9313556E+10   5.0794018E+14   3.8023288E-05  HeII-HII
   454   1.3694211E+01   6.2791363E-01  -6.1319062E-19   1.3746471E-14   3.9370065E+07   6.2702546E+07   2.7831161E+00   1.9097409E+10   5.2892356E+14   3.6106179E-05  HeII-HII
   455   1.3917444E+01   6.2791244E-01  -5.6782489E-19   1.3312151E-14   3.9379383E+07   6.2717385E+07   2.7815134E+00   1.8886557E+10   5.5073097E+14   3.4293616E-05  HeII-HII
   456   1.4144602E+01   6.2791131E-01  -5.2590461E-19   1.2890879E-14   3.9388232E+07   6.2731477E+07   2.7799001E+00   1.8680851E+10   5.7339362E+14   3.2579453E-05  HeII-HII
   457   1.4375754E+01   6.2791024E-01  -4.8716023E-19   1.2482282E-14   3.9396579E+07   6.2744771E+07   2.7782742E+00   1.8480144E+10   5.9694389E+14   3.0957925E-05  HeII-HII
   458   1.4610970E+01   6.2790921E-01  -4.5134388E-19   1.2085999E-14   3.9404395E+07   6.2757218E+07   2.7766334E+00   1.8284294E+10   6.2141544E+14   2.9423623E-05  HeII-HII
   459   1.4850322E+01   6.2790823E-01  -4.1822760E-19   1.1701679E-14   3.9411650E+07   6.2768772E+07   2.7749753E+00   1.8093157E+10   6.4684321E+14   2.7971472E-05  HeII-HII
   460   1.5093883E+01   6.2790730E-01  -3.8760165E-19   1.1328979E-14   3.9418318E+07   6.2779391E+07   2.7732974E+00   1.7906594E+10   6.7326351E+14   2.6596709E-05  HeII-HII
   461   1.5341727E+01   6.2790641E-01  -3.5927306E-19   1.0967568E-14   3.9424374E+07   6.2789036E+07   2.7715971E+00   1.7724466E+10   7.0071406E+14   2.5294863E-05  HeII-HII
   462   1.5593928E+01   6.2790557E-01  -3.3306426E-19   1.0617125E-14   3.9429799E+07   6.2797676E+07   2.7698718E+00   1.7546639E+10   7.2923407E+14   2.4061738E-05  HeII-HII
   463   1.5850564E+01   6.2790476E-01  -3.0881180E-19   1.0277336E-14   3.9434574E+07   6.2805280E+07   2.7681184E+00   1.7372977E+10   7.5886428E+14   2.2893392E-05  HeII-HII
   464   1.6111712E+01   6.2790399E-01  -2.8636521E-19   9.9478978E-15   3.9438685E+07   6.2811826E+07   2.7663340E+00   1.7203349E+10   7.8964707E+14   2.1786125E-05  HeII-HII
   465   1.6377452E+01   6.2790325E-01  -2.6558592E-19   9.6285149E-15   3.9442119E+07   6.2817296E+07   2.7645154E+00   1.7037625E+10   8.2162651E+14   2.0736459E-05  HeII-HII
   466   1.6647865E+01   6.2790255E-01  -2.4634634E-19   9.3189008E-15   3.9444870E+07   6.2821678E+07   2.7626593E+00   1.6875673E+10   8.5484845E+14   1.9741129E-05  HeII-HII
   467   1.6923033E+01   6.2790188E-01  -2.2852891E-19   9.0187771E-15   3.9446935E+07   6.2824965E+07   2.7607621E+00   1.6717368E+10   8.8936061E+14   1.8797064E-05  HeII-HII
   468   1.7203039E+01   6.2790124E-01  -2.1202534E-19   8.7278732E-15   3.9448313E+07   6.2827160E+07   2.7588203E+00   1.6562583E+10   9.2521267E+14   1.7901379E-05  HeII-HII
   469   1.7487968E+01   6.2790063E-01  -1.9673582E-19   8.4459264E-15   3.9449010E+07   6.2828270E+07   2.7568300E+00   1.6411191E+10   9.6245636E+14   1.7051361E-05  HeII-HII
   470   1.7777908E+01   6.2790004E-01  -1.8256835E-19   8.1726815E-15   3.9449035E+07   6.2828309E+07   2.7547870E+00   1.6263067E+10   1.0011456E+15   1.6244458E-05  HeII-HII
   471   1.8072945E+01   6.2789948E-01  -1.6943812E-19   7.9078904E-15   3.9448402E+07   6.2827302E+07   2.7526871E+00   1.6118088E+10   1.0413366E+15   1.5478269E-05  HeII-HII
   472   1.8373170E+01   6.2789895E-01  -1.5726689E-19   7.6513123E-15   3.9447131E+07   6.2825277E+07   2.7505255E+00   1.5976129E+10   1.0830880E+15   1.4750536E-05  HeII-HII
   473   1.8678675E+01   6.2789843E-01  -1.4598254E-19   7.4027127E-15   3.9445245E+07   6.2822274E+07   2.7482975E+00   1.5837064E+10   1.1264610E+15   1.4059132E-05  HeII-HII
   474   1.8989551E+01   6.2789794E-01  -1.3551849E-19   7.1618642E-15   3.9442774E+07   6.2818338E+07   2.7459976E+00   1.5700768E+10   1.1715195E+15   1.3402054E-05  HeII-HII
   475   1.9305893E+01   6.2789747E-01  -1.2581331E-19   6.9285453E-15   3.9439751E+07   6.2813524E+07   2.7436202E+00   1.5567114E+10   1.2183304E+15   1.2777416E-05  HeII-HII
   476   1.9627797E+01   6.2789702E-01  -1.1681031E-19   6.7025409E-15   3.9436217E+07   6.2807895E+07   2.7411591E+00   1.5435974E+10   1.2669636E+15   1.2183439E-05  HeII-HII
   477   1.9955362E+01   6.2789659E-01  -1.0845712E-19   6.4836416E-15   3.9432215E+07   6.2801521E+07   2.7386075E+00   1.5307214E+10   1.3174923E+15   1.1618447E-05  HeII-HII
   478   2.0288686E+01   6.2789618E-01  -1.0070538E-19   6.2716439E-15   3.9427795E+07   6.2794482E+07   2.7359579E+00   1.5180701E+10   1.3699933E+15   1.1080858E-05  HeII-HII
   479   2.0627872E+01   6.2789578E-01  -9.3510432E-20   6.0663496E-15   3.9423011E+07   6.2786863E+07   2.7332022E+00   1.5056295E+10   1.4245475E+15   1.0569177E-05  HeII-HII
   480   2.0973021E+01   6.2789541E-01  -8.6830975E-20   5.8675660E-15   3.9417924E+07   6.2778761E+07   2.7303309E+00   1.4933849E+10   1.4812398E+15   1.0081993E-05  HeII-HII
   481   2.1324239E+01   6.2789504E-01  -8.0628843E-20   5.6751053E-15   3.9412597E+07   6.2770277E+07   2.7273338E+00   1.4813212E+10   1.5401596E+15   9.6179718E-06  HeII-HII
   482   2.1681633E+01   6.2789469E-01  -7.4868735E-20   5.4887847E-15   3.9407098E+07   6.2761519E+07   2.7241989E+00   1.4694221E+10   1.6014017E+15   9.1758499E-06  HeII-HII
   483   2.2045311E+01   6.2789436E-01  -6.9517987E-20   5.3084261E-15   3.9401499E+07   6.2752602E+07   2.7209124E+00   1.4576705E+10   1.6650662E+15   8.7544297E-06  HeII-HII
   484   2.2415383E+01   6.2789403E-01  -6.4546363E-20   5.1338560E-15   3.9395877E+07   6.2743649E+07   2.7174586E+00   1.4460478E+10   1.7312599E+15   8.3525747E-06  HeII-HII
   485   2.2791963E+01   6.2789372E-01  -5.9925854E-20   4.9649054E-15   3.9390311E+07   6.2734783E+07   2.7138186E+00   1.4345336E+10   1.8000964E+15   7.9692041E-06  HeII-HII
   486   2.3175164E+01   6.2789343E-01  -5.5630498E-20   4.8014093E-15   3.9384882E+07   6.2726136E+07   2.7099701E+00   1.4231057E+10   1.8716977E+15   7.6032879E-06  HeII-HII
   487   2.3565103E+01   6.2789314E-01  -5.1636203E-20   4.6432068E-15   3.9379673E+07   6.2717841E+07   2.7058862E+00   1.4117391E+10   1.9461952E+15   7.2538415E-06  HeII-HII
   488   2.3961899E+01   6.2789286E-01  -4.7920590E-20   4.4901411E-15   3.9374770E+07   6.2710032E+07   2.7015337E+00   1.4004059E+10   2.0237312E+15   6.9199205E-06  HeII-HII
   489   2.4365671E+01   6.2789260E-01  -4.4462829E-20   4.3420591E-15   3.9370258E+07   6.2702847E+07   2.6968714E+00   1.3890739E+10   2.1044615E+15   6.6006146E-06  HeII-HII
   490   2.4776543E+01   6.2789234E-01  -4.1243493E-20   4.1988112E-15   3.9366222E+07   6.2696418E+07   2.6918471E+00   1.3777060E+10   2.1885579E+15   6.2950403E-06  HeII-HII
   491   2.5194640E+01   6.2789209E-01  -3.8244382E-20   4.0602520E-15   3.9362750E+07   6.2690889E+07   2.6863921E+00   1.3662584E+10   2.2762119E+15   6.0023341E-06  HeII-HII
   492   2.5620088E+01   6.2789185E-01  -3.5448393E-20   3.9262375E-15   3.9359911E+07   6.2686368E+07   2.6804177E+00   1.3546782E+10   2.3676405E+15   5.7216382E-06  HeII-HII
   493   2.6053017E+01   6.2789161E-01  -3.2839216E-20   3.7966337E-15   3.9357837E+07   6.2683064E+07   2.6737937E+00   1.3429016E+10   2.4630925E+15   5.4520957E-06  HeII-HII
   494   2.6493559E+01   6.2789139E-01  -3.0401411E-20   3.6712927E-15   3.9356478E+07   6.2680900E+07   2.6663656E+00   1.3308459E+10   2.5628645E+15   5.1928062E-06  HeII-HII
   495   2.6941846E+01   6.2789116E-01  -2.8119605E-20   3.5501169E-15   3.9356289E+07   6.2680598E+07   2.6578593E+00   1.3184121E+10   2.6673024E+15   4.9428672E-06  HeII-HII
   496   2.7398016E+01   6.2789095E-01  -2.5982277E-20   3.4328780E-15   3.9356234E+07   6.2680511E+07   2.6483156E+00   1.3054564E+10   2.7768619E+15   4.7011930E-06  HeII-HII
   497   2.7862207E+01   6.2789073E-01  -2.3978248E-20   3.3196738E-15   3.9358951E+07   6.2684838E+07   2.6375086E+00   1.2918542E+10   2.8918698E+15   4.4671934E-06  HeII-HII
   498   2.8333513E+01   6.2789052E-01  -2.2104572E-20   3.2100239E-15   3.9357393E+07   6.2682357E+07   2.6259009E+00   1.2773901E+10   3.0125760E+15   4.2401920E-06  HeII-HII
   499   2.8808917E+01   6.2788835E-01  -2.0320719E-20   3.1061335E-15   3.9372351E+07   6.2706179E+07   2.6080828E+00   1.2621421E+10   3.1382660E+15   4.0217818E-06  HeII-HII
