# lambda[A]  T_theo  T_instr  T_rot+instr  (H-beta 4861.35)
4.860000000000000000e+03 9.999999999957489560e-01 9.999999999957046581e-01 9.999999999957039920e-01
4.860013500000000022e+03 9.999999999956624697e-01 9.999999999956471486e-01 9.999999999956468155e-01
4.860026999999999134e+03 9.999999999955732077e-01 9.999999999955681007e-01 9.999999999955679897e-01
4.860040499999999156e+03 9.999999999954811702e-01 9.999999999954785057e-01 9.999999999954781726e-01
4.860054000000000087e+03 9.999999999953862462e-01 9.999999999953835816e-01 9.999999999953834706e-01
4.860067500000000109e+03 9.999999999952883245e-01 9.999999999952854379e-01 9.999999999952853269e-01
4.860081000000000131e+03 9.999999999951872942e-01 9.999999999951841856e-01 9.999999999951839635e-01
4.860094499999999243e+03 9.999999999950824892e-01 9.999999999950797136e-01 9.999999999950793805e-01
4.860108000000000175e+03 9.999999999949746865e-01 9.999999999949717999e-01 9.999999999949713558e-01
4.860121500000000196e+03 9.999999999948633311e-01 9.999999999948600005e-01 9.999999999948598894e-01
4.860134999999999309e+03 9.999999999947480900e-01 9.999999999947443152e-01 9.999999999947442042e-01
4.860148499999999331e+03 9.999999999946289631e-01 9.999999999946249662e-01 9.999999999946249662e-01
4.860162000000000262e+03 9.999999999945055063e-01 9.999999999945016205e-01 9.999999999945012874e-01
4.860175500000000284e+03 9.999999999943779416e-01 9.999999999943739448e-01 9.999999999943737228e-01
4.860189000000000306e+03 9.999999999942458251e-01 9.999999999942416062e-01 9.999999999942413842e-01
4.860202499999999418e+03 9.999999999941091566e-01 9.999999999941043827e-01 9.999999999941042717e-01
4.860215999999999440e+03 9.999999999939673812e-01 9.999999999939624962e-01 9.999999999939624962e-01
4.860229500000000371e+03 9.999999999938204986e-01 9.999999999938156137e-01 9.999999999938153916e-01
4.860242999999999483e+03 9.999999999936679540e-01 9.999999999936626249e-01 9.999999999936626249e-01
4.860256499999999505e+03 9.999999999935098582e-01 9.999999999935045292e-01 9.999999999935045292e-01
4.860269999999999527e+03 9.999999999933457673e-01 9.999999999933402162e-01 9.999999999933402162e-01
4.860283500000000458e+03 9.999999999931754591e-01 9.999999999931693528e-01 9.999999999931693528e-01
4.860297000000000480e+03 9.999999999929986005e-01 9.999999999929921612e-01 9.999999999929921612e-01
4.860310499999999593e+03 9.999999999928143035e-01 9.999999999928075312e-01 9.999999999928075312e-01
4.860323999999999614e+03 9.999999999926230121e-01 9.999999999926159067e-01 9.999999999926159067e-01
4.860337500000000546e+03 9.999999999924236160e-01 9.999999999924163996e-01 9.999999999924163996e-01
4.860350999999999658e+03 9.999999999922162264e-01 9.999999999922085658e-01 9.999999999922083438e-01
4.860364499999999680e+03 9.999999999920003990e-01 9.999999999919921834e-01 9.999999999919919613e-01
4.860377999999999702e+03 9.999999999917754678e-01 9.999999999917668081e-01 9.999999999917666971e-01
4.860391499999999724e+03 9.999999999915405446e-01 9.999999999915314408e-01 9.999999999915313298e-01
4.860405000000000655e+03 9.999999999912957405e-01 9.999999999912861925e-01 9.999999999912858595e-01
4.860418499999999767e+03 9.999999999910395010e-01 9.999999999910293980e-01 9.999999999910291759e-01
4.860431999999999789e+03 9.999999999907724924e-01 9.999999999907615011e-01 9.999999999907613901e-01
4.860445499999999811e+03 9.999999999904927162e-01 9.999999999904811698e-01 9.999999999904810588e-01
4.860458999999999833e+03 9.999999999902000614e-01 9.999999999901878489e-01 9.999999999901877379e-01
4.860472499999999854e+03 9.999999999898939729e-01 9.999999999898809833e-01 9.999999999898807612e-01
4.860485999999999876e+03 9.999999999895732294e-01 9.999999999895593517e-01 9.999999999895590186e-01
4.860499499999999898e+03 9.999999999892369429e-01 9.999999999892220659e-01 9.999999999892218439e-01
4.860513000000000829e+03 9.999999999888836699e-01 9.999999999888681268e-01 9.999999999888679048e-01
4.860526499999999942e+03 9.999999999885131885e-01 9.999999999884962021e-01 9.999999999884959800e-01
4.860539999999999964e+03 9.999999999881232782e-01 9.999999999881051815e-01 9.999999999881050705e-01
4.860553499999999985e+03 9.999999999877131618e-01 9.999999999876939549e-01 9.999999999876936219e-01
4.860566999999999098e+03 9.999999999872812850e-01 9.999999999872605239e-01 9.999999999872600798e-01
4.860580500000000029e+03 9.999999999868258715e-01 9.999999999868031120e-01 9.999999999868026679e-01
4.860594000000000051e+03 9.999999999863448119e-01 9.999999999863197209e-01 9.999999999863194988e-01
4.860607500000000073e+03 9.999999999858356636e-01 9.999999999858076860e-01 9.999999999858073529e-01
4.860621000000000095e+03 9.999999999852953181e-01 9.999999999852633437e-01 9.999999999852631216e-01
4.860634500000000116e+03 9.999999999847197785e-01 9.999999999846822529e-01 9.999999999846815868e-01
4.860648000000000138e+03 9.999999999841028275e-01 9.999999999840567533e-01 9.999999999840559761e-01
4.860661500000000160e+03 9.999999999834355835e-01 9.999999999833759645e-01 9.999999999833747433e-01
4.860674999999999272e+03 9.999999999827041686e-01 9.999999999826227892e-01 9.999999999826214570e-01
4.860688499999999294e+03 9.999999999818862673e-01 9.999999999817694718e-01 9.999999999817674734e-01
4.860702000000000226e+03 9.999999999809454643e-01 9.999999999807714923e-01 9.999999999807684947e-01
4.860715500000000247e+03 9.999999999798225847e-01 9.999999999795553540e-01 9.999999999795500250e-01
4.860729000000000269e+03 9.999999999784202620e-01 9.999999999780014859e-01 9.999999999779929372e-01
4.860742499999999382e+03 9.999999999765807335e-01 9.999999999759182634e-01 9.999999999759047187e-01
4.860756000000000313e+03 9.999999999740490919e-01 9.999999999729973776e-01 9.999999999729761724e-01
4.860769500000000335e+03 9.999999999704164422e-01 9.999999999687508856e-01 9.999999999687173569e-01
4.860782999999999447e+03 9.999999999650359683e-01 9.999999999624127334e-01 9.999999999623601088e-01
4.860796499999999469e+03 9.999999999568938147e-01 9.999999999527940941e-01 9.999999999527119376e-01
4.860810000000000400e+03 9.999999999444207921e-01 9.999999999380714266e-01 9.999999999379444171e-01
4.860823500000000422e+03 9.999999999252164873e-01 9.999999999154828290e-01 9.999999999152883179e-01
4.860837000000000444e+03 9.999999998956566882e-01 9.999999998808938306e-01 9.999999998805996215e-01
4.860850499999999556e+03 9.999999998503338317e-01 9.999999998281953184e-01 9.999999998277544488e-01
4.860863999999999578e+03 9.999999997812888397e-01 9.999999997484707581e-01 9.999999997478180580e-01
4.860877500000000509e+03 9.999999996769554089e-01 9.999999996288758686e-01 9.999999996279207437e-01
4.860890999999999622e+03 9.999999995207464742e-01 9.999999994511462598e-01 9.999999994497643652e-01
4.860904499999999643e+03 9.999999992891919209e-01 9.999999991896492135e-01 9.999999991876732386e-01
4.860917999999999665e+03 9.999999989495270691e-01 9.999999988088883462e-01 9.999999988060945810e-01
4.860931500000000597e+03 9.999999984566366740e-01 9.999999982603655635e-01 9.999999982564612422e-01
4.860945000000000618e+03 9.999999977492555203e-01 9.999999974787198154e-01 9.999999974733266850e-01
4.860958499999999731e+03 9.999999967453497840e-01 9.999999963770743738e-01 9.999999963697090433e-01
4.860971999999999753e+03 9.999999953366365268e-01 9.999999948415646545e-01 9.999999948316213860e-01
4.860985500000000684e+03 9.999999933822429909e-01 9.999999927250715626e-01 9.999999927117980691e-01
4.860998999999999796e+03 9.999999907015837408e-01 9.999999898402390786e-01 9.999999898227153183e-01
4.861012499999999818e+03 9.999999870666099744e-01 9.999999859519507206e-01 9.999999859290646942e-01
4.861025999999999840e+03 9.999999821936920164e-01 9.999999807695160170e-01 9.999999807399322371e-01
4.861039499999999862e+03 9.999999757354826047e-01 9.999999739388925057e-01 9.999999739010170252e-01
4.861053000000000793e+03 9.999999672731895162e-01 9.999999650353250669e-01 9.999999649872486351e-01
4.861066499999999905e+03 9.999999563097077271e-01 9.999999535567626330e-01 9.999999534961701020e-01
4.861079999999999927e+03 9.999999422639819224e-01 9.999999389182884224e-01 9.999999388423168600e-01
4.861093499999999949e+03 9.999999244667570064e-01 9.999999204475191750e-01 9.999999203525268276e-01
4.861106999999999061e+03 9.999999021574567104e-01 9.999998973802682878e-01 9.999998972614929649e-01
4.861120499999999993e+03 9.999998744811897655e-01 9.999998688541928971e-01 9.999998687052497059e-01
4.861134000000000015e+03 9.999998404834807841e-01 9.999998338934046327e-01 9.999998337055256981e-01
4.861147500000000036e+03 9.999997990962214978e-01 9.999997913622359347e-01 9.999997911228637459e-01
4.861161000000000968e+03 9.999997490939669387e-01 9.999997398217264077e-01 9.999997395111723808e-01
4.861174500000000080e+03 9.999996889503830477e-01 9.999996770974907134e-01 9.999996766798966430e-01
4.861188000000000102e+03 9.999996163739164334e-01 9.999995990411824076e-01 9.999995984398178939e-01
4.861201500000000124e+03 9.999995268962773576e-01 9.999994961588146714e-01 9.999994951919638497e-01
4.861214999999999236e+03 9.999994098904858575e-01 9.999993449115627264e-01 9.999993431421756451e-01
4.861228500000000167e+03 9.999992379651382324e-01 9.999990868700034952e-01 9.999990833143984625e-01
4.861242000000000189e+03 9.999989396024686616e-01 9.999985847345173040e-01 9.999985774870903121e-01
4.861255500000000211e+03 9.999983319194387654e-01 9.999975488910901600e-01 9.999975351274877911e-01
4.861269000000000233e+03 9.999969795819989571e-01 9.999954645630512173e-01 9.999954419631630342e-01
4.861282499999999345e+03 9.999940043125422617e-01 9.999916310247353168e-01 9.999916013329137598e-01
4.861296000000000276e+03 9.999881316596882508e-01 9.999854797577802934e-01 9.999854525910530922e-01
4.861309500000000298e+03 9.999785699887576707e-01 9.999771897692685263e-01 9.999771815555047461e-01
4.861322999999999411e+03 9.999666503012921703e-01 9.999682189468480642e-01 9.999682437133332602e-01
4.861336499999999432e+03 9.999563629440200163e-01 9.999611173974780609e-01 9.999611746401781964e-01
4.861350000000000364e+03 9.999522685279935708e-01 9.999583988842649651e-01 9.999584697399314104e-01
4.861363500000000386e+03 9.999563629005344678e-01 9.999611172646097890e-01 9.999611745069719726e-01
4.861377000000000407e+03 9.999666500363685318e-01 9.999682186514872173e-01 9.999682434179135715e-01
4.861390499999999520e+03 9.999785694284549775e-01 9.999771893158053704e-01 9.999771811025772728e-01
4.861404000000000451e+03 9.999881309748328562e-01 9.999854792226731126e-01 9.999854520566301419e-01
4.861417500000000473e+03 9.999940037289044570e-01 9.999916305180793774e-01 9.999916008264562173e-01
4.861430999999999585e+03 9.999969791873722924e-01 9.999954641617829765e-01 9.999954415614651371e-01
4.861444499999999607e+03 9.999983316808952472e-01 9.999975486115062484e-01 9.999975348471709102e-01
4.861457999999999629e+03 9.999989394575339308e-01 9.999985845514691718e-01 9.999985773033670533e-01
4.861471500000000560e+03 9.999992378674290583e-01 9.999990867479063850e-01 9.999990831918382783e-01
4.861485000000000582e+03 9.999994098140743137e-01 9.999993448223121195e-01 9.999993430526591398e-01
4.861498499999999694e+03 9.999995268286682171e-01 9.999994960854470261e-01 9.999994951184568714e-01
4.861511999999999716e+03 9.999996163099573732e-01 9.999995989751925274e-01 9.999995983737561822e-01
4.861525500000000648e+03 9.999996888885549495e-01 9.999996770353640763e-01 9.999996766177278174e-01
4.861538999999999760e+03 9.999997490343337514e-01 9.999997397624686979e-01 9.999997394518863603e-01
4.861552499999999782e+03 9.999997990393941771e-01 9.999997913059548438e-01 9.999997910665597844e-01
4.861565999999999804e+03 9.999998404301546628e-01 9.999998338405784448e-01 9.999998336526794152e-01
4.861579500000000735e+03 9.999998744319589239e-01 9.999998688053328699e-01 9.999998686563716932e-01
4.861593000000000757e+03 9.999999021127488064e-01 9.999998973357764331e-01 9.999998972169845679e-01
4.861606499999999869e+03 9.999999244268150678e-01 9.999999204076390757e-01 9.999999203126314073e-01
4.861619999999999891e+03 9.999999422288694539e-01 9.999999388830995706e-01 9.999999388071126871e-01
4.861633499999999913e+03 9.999999562793294716e-01 9.999999535261910877e-01 9.999999534655841238e-01
4.861646999999999935e+03 9.999999672473152135e-01 9.999999650091687675e-01 9.999999649610775698e-01
4.861660499999999956e+03 9.999999757137818523e-01 9.999999739168483615e-01 9.999999738789593362e-01
4.861673999999999978e+03 9.999999821757649121e-01 9.999999807512106598e-01 9.999999807216145564e-01
4.861687500000000000e+03 9.999999870520195344e-01 9.999999859369710364e-01 9.999999859140731306e-01
4.861701000000000931e+03 9.999999906898816571e-01 9.999999898281554112e-01 9.999999898106213259e-01
4.861714500000000044e+03 9.999999933729919466e-01 9.999999927154613610e-01 9.999999927021785417e-01
4.861728000000000065e+03 9.999999953294262944e-01 9.999999948340272393e-01 9.999999948240756442e-01
4.861741500000000087e+03 9.999999967398074396e-01 9.999999963712427054e-01 9.999999963638708245e-01
4.861754999999999200e+03 9.999999977450536592e-01 9.999999974742689313e-01 9.999999974688699167e-01
4.861768500000000131e+03 9.999999984534938546e-01 9.999999982570131341e-01 9.999999982531043718e-01
4.861782000000000153e+03 9.999999989472070361e-01 9.999999988063957845e-01 9.999999988035981335e-01
4.861795500000000175e+03 9.999999992875013843e-01 9.999999991878198990e-01 9.999999991858405934e-01
4.861809000000000196e+03 9.999999995195298919e-01 9.999999994498197653e-01 9.999999994484356503e-01
4.861822500000000218e+03 9.999999996760903231e-01 9.999999996279254066e-01 9.999999996269686164e-01
4.861836000000000240e+03 9.999999997806805485e-01 9.999999997477975189e-01 9.999999997471433755e-01
4.861849500000000262e+03 9.999999998499105036e-01 9.999999998277231406e-01 9.999999998272811608e-01
4.861862999999999374e+03 9.999999998953645886e-01 9.999999998805662038e-01 9.999999998802709955e-01
4.861876500000000306e+03 9.999999999250166471e-01 9.999999999152567876e-01 9.999999999150614993e-01
4.861890000000000327e+03 9.999999999442842347e-01 9.999999999379163285e-01 9.999999999377887638e-01
4.861903500000000349e+03 9.999999999568006670e-01 9.999999999526878458e-01 9.999999999526052452e-01
4.861917000000000371e+03 9.999999999649715754e-01 9.999999999623395697e-01 9.999999999622865010e-01
4.861930499999999483e+03 9.999999999703714781e-01 9.999999999687000374e-01 9.999999999686662866e-01
4.861944000000000415e+03 9.999999999740167844e-01 9.999999999729610733e-01 9.999999999729397571e-01
4.861957500000000437e+03 9.999999999765569747e-01 9.999999999758913960e-01 9.999999999758782954e-01
4.861970999999999549e+03 9.999999999784016103e-01 9.999999999779811688e-01 9.999999999779726201e-01
4.861984499999999571e+03 9.999999999798072636e-01 9.999999999795391448e-01 9.999999999795338157e-01
4.861998000000000502e+03 9.999999999809323636e-01 9.999999999807582807e-01 9.999999999807548390e-01
4.862011500000000524e+03 9.999999999818747209e-01 9.999999999817581475e-01 9.999999999817559271e-01
4.862025000000000546e+03 9.999999999826937325e-01 9.999999999826121311e-01 9.999999999826106878e-01
4.862038499999999658e+03 9.999999999834257025e-01 9.999999999833659725e-01 9.999999999833648623e-01
4.862052000000000589e+03 9.999999999840931686e-01 9.999999999840467613e-01 9.999999999840462062e-01
4.862065500000000611e+03 9.999999999847104526e-01 9.999999999846727050e-01 9.999999999846721499e-01
4.862078999999999724e+03 9.999999999852862143e-01 9.999999999852544619e-01 9.999999999852536847e-01
4.862092499999999745e+03 9.999999999858266708e-01 9.999999999857988042e-01 9.999999999857983601e-01
4.862105999999999767e+03 9.999999999863360411e-01 9.999999999863109501e-01 9.999999999863108391e-01
4.862119500000000698e+03 9.999999999868173228e-01 9.999999999867944522e-01 9.999999999867943412e-01
4.862133000000000720e+03 9.999999999872729584e-01 9.999999999872520862e-01 9.999999999872517531e-01
4.862146499999999833e+03 9.999999999877052792e-01 9.999999999876856283e-01 9.999999999876854062e-01
4.862159999999999854e+03 9.999999999881151735e-01 9.999999999880972990e-01 9.999999999880970769e-01
4.862173500000000786e+03 9.999999999885053059e-01 9.999999999884880975e-01 9.999999999884880975e-01
4.862186999999999898e+03 9.999999999888761204e-01 9.999999999888603552e-01 9.999999999888599111e-01
4.862200499999999920e+03 9.999999999892291713e-01 9.999999999892144054e-01 9.999999999892140723e-01
4.862213999999999942e+03 9.999999999895656799e-01 9.999999999895520242e-01 9.999999999895515801e-01
4.862227500000000873e+03 9.999999999898867564e-01 9.999999999898734337e-01 9.999999999898733227e-01
4.862241000000000895e+03 9.999999999901928449e-01 9.999999999901805214e-01 9.999999999901804104e-01
4.862254500000000007e+03 9.999999999904857217e-01 9.999999999904740644e-01 9.999999999904739534e-01
4.862268000000000029e+03 9.999999999907651649e-01 9.999999999907543957e-01 9.999999999907542847e-01
4.862281500000000051e+03 9.999999999910327286e-01 9.999999999910222925e-01 9.999999999910220705e-01
4.862295000000000073e+03 9.999999999912887461e-01 9.999999999912790871e-01 9.999999999912788651e-01
4.862308500000000095e+03 9.999999999915338833e-01 9.999999999915246685e-01 9.999999999915244464e-01
4.862322000000000116e+03 9.999999999917690285e-01 9.999999999917600357e-01 9.999999999917598137e-01
4.862335500000000138e+03 9.999999999919939597e-01 9.999999999919857441e-01 9.999999999919855220e-01
4.862349000000001070e+03 9.999999999922098981e-01 9.999999999922022376e-01 9.999999999922021265e-01
4.862362500000000182e+03 9.999999999924173988e-01 9.999999999924100713e-01 9.999999999924098493e-01
4.862376000000000204e+03 9.999999999926166838e-01 9.999999999926098004e-01 9.999999999926096894e-01
4.862389500000000226e+03 9.999999999928083083e-01 9.999999999928015360e-01 9.999999999928014249e-01
4.862402999999999338e+03 9.999999999929924943e-01 9.999999999929859440e-01 9.999999999929859440e-01
4.862416500000000269e+03 9.999999999931694639e-01 9.999999999931638017e-01 9.999999999931638017e-01
4.862430000000000291e+03 9.999999999933398831e-01 9.999999999933343320e-01 9.999999999933343320e-01
4.862443500000000313e+03 9.999999999935040851e-01 9.999999999934987560e-01 9.999999999934987560e-01
4.862457000000000335e+03 9.999999999936622919e-01 9.999999999936571848e-01 9.999999999936570738e-01
4.862470500000000357e+03 9.999999999938148365e-01 9.999999999938098405e-01 9.999999999938097295e-01
4.862484000000000378e+03 9.999999999939618300e-01 9.999999999939573891e-01 9.999999999939570561e-01
4.862497500000000400e+03 9.999999999941034945e-01 9.999999999940992756e-01 9.999999999940989426e-01
4.862510999999999513e+03 9.999999999942403850e-01 9.999999999942361661e-01 9.999999999942360551e-01
4.862524499999999534e+03 9.999999999943725015e-01 9.999999999943685047e-01 9.999999999943685047e-01
4.862538000000000466e+03 9.999999999945000662e-01 9.999999999944964024e-01 9.999999999944962914e-01
4.862551500000000487e+03 9.999999999946237450e-01 9.999999999946198592e-01 9.999999999946197482e-01
4.862565000000000509e+03 9.999999999947428719e-01 9.999999999947390972e-01 9.999999999947389862e-01
4.862578499999999622e+03 9.999999999948578910e-01 9.999999999948547824e-01 9.999999999948547824e-01
4.862592000000000553e+03 9.999999999949694685e-01 9.999999999949663598e-01 9.999999999949663598e-01
4.862605500000000575e+03 9.999999999950776042e-01 9.999999999950744956e-01 9.999999999950742735e-01
4.862618999999999687e+03 9.999999999951820762e-01 9.999999999951791896e-01 9.999999999951791896e-01
4.862632499999999709e+03 9.999999999952833285e-01 9.999999999952806640e-01 9.999999999952804419e-01
4.862646000000000640e+03 9.999999999953812502e-01 9.999999999953788077e-01 9.999999999953786967e-01
4.862659500000000662e+03 9.999999999954763963e-01 9.999999999954735097e-01 9.999999999954735097e-01
4.862673000000000684e+03 9.999999999955685448e-01 9.999999999955633267e-01 9.999999999955633267e-01
4.862686499999999796e+03 9.999999999956578067e-01 9.999999999956424857e-01 9.999999999956421526e-01
4.862699999999999818e+03 9.999999999957445151e-01 9.999999999957003283e-01 9.999999999956995511e-01
