# lambda[A]  T_theo  T_instr  T_rot+instr  (H-beta 4861.35)
4.859939625561683897e+03 9.999999999988645749e-01 9.999999999988534727e-01 9.999999999988532506e-01
4.859953729306067544e+03 9.999999999988414823e-01 9.999999999988379296e-01 9.999999999988375965e-01
4.859967833050450281e+03 9.999999999988176125e-01 9.999999999988166133e-01 9.999999999988162802e-01
4.859981936794833928e+03 9.999999999987928545e-01 9.999999999987925214e-01 9.999999999987924104e-01
4.859996040539215755e+03 9.999999999987675414e-01 9.999999999987672084e-01 9.999999999987668753e-01
4.860010144283599402e+03 9.999999999987416732e-01 9.999999999987410071e-01 9.999999999987407850e-01
4.860024248027983049e+03 9.999999999987145838e-01 9.999999999987141397e-01 9.999999999987139176e-01
4.860038351772365786e+03 9.999999999986866062e-01 9.999999999986859400e-01 9.999999999986857180e-01
4.860052455516749433e+03 9.999999999986578514e-01 9.999999999986571853e-01 9.999999999986570742e-01
4.860066559261132170e+03 9.999999999986280974e-01 9.999999999986274313e-01 9.999999999986273203e-01
4.860080663005515817e+03 9.999999999985972332e-01 9.999999999985965671e-01 9.999999999985965671e-01
4.860094766749899463e+03 9.999999999985655919e-01 9.999999999985647037e-01 9.999999999985647037e-01
4.860108870494281291e+03 9.999999999985325072e-01 9.999999999985316190e-01 9.999999999985316190e-01
4.860122974238664938e+03 9.999999999984985344e-01 9.999999999984977572e-01 9.999999999984977572e-01
4.860137077983047675e+03 9.999999999984632293e-01 9.999999999984623411e-01 9.999999999984623411e-01
4.860151181727431322e+03 9.999999999984268140e-01 9.999999999984257038e-01 9.999999999984255927e-01
4.860165285471814968e+03 9.999999999983889554e-01 9.999999999983880672e-01 9.999999999983878451e-01
4.860179389216197706e+03 9.999999999983500976e-01 9.999999999983487653e-01 9.999999999983486543e-01
4.860193492960581352e+03 9.999999999983092414e-01 9.999999999983081311e-01 9.999999999983076870e-01
4.860207596704963180e+03 9.999999999982669419e-01 9.999999999982658316e-01 9.999999999982653875e-01
4.860221700449346827e+03 9.999999999982233101e-01 9.999999999982218668e-01 9.999999999982214227e-01
4.860235804193730473e+03 9.999999999981775689e-01 9.999999999981763477e-01 9.999999999981760146e-01
4.860249907938113211e+03 9.999999999981306065e-01 9.999999999981291632e-01 9.999999999981288301e-01
4.860264011682496857e+03 9.999999999980814236e-01 9.999999999980798693e-01 9.999999999980795362e-01
4.860278115426880504e+03 9.999999999980302423e-01 9.999999999980287990e-01 9.999999999980284660e-01
4.860292219171263241e+03 9.999999999979770626e-01 9.999999999979752863e-01 9.999999999979752863e-01
4.860306322915646888e+03 9.999999999979215515e-01 9.999999999979198861e-01 9.999999999979198861e-01
4.860320426660028716e+03 9.999999999978639309e-01 9.999999999978618215e-01 9.999999999978621545e-01
4.860334530404412362e+03 9.999999999978036458e-01 9.999999999978018694e-01 9.999999999978018694e-01
4.860348634148796009e+03 9.999999999977412513e-01 9.999999999977389198e-01 9.999999999977389198e-01
4.860362737893178746e+03 9.999999999976756371e-01 9.999999999976733056e-01 9.999999999976734166e-01
4.860376841637562393e+03 9.999999999976073584e-01 9.999999999976049159e-01 9.999999999976053600e-01
4.860390945381945130e+03 9.999999999975360820e-01 9.999999999975334175e-01 9.999999999975335285e-01
4.860405049126328777e+03 9.999999999974612530e-01 9.999999999974585885e-01 9.999999999974590326e-01
4.860419152870712423e+03 9.999999999973833154e-01 9.999999999973803178e-01 9.999999999973809839e-01
4.860433256615094251e+03 9.999999999973013809e-01 9.999999999972986053e-01 9.999999999972989384e-01
4.860447360359477898e+03 9.999999999972161158e-01 9.999999999972126741e-01 9.999999999972131182e-01
4.860461464103860635e+03 9.999999999971264097e-01 9.999999999971228570e-01 9.999999999971230791e-01
4.860475567848244282e+03 9.999999999970322628e-01 9.999999999970287101e-01 9.999999999970284881e-01
4.860489671592627928e+03 9.999999999969334530e-01 9.999999999969291231e-01 9.999999999969290121e-01
4.860503775337010666e+03 9.999999999968294251e-01 9.999999999968249842e-01 9.999999999968248732e-01
4.860517879081394312e+03 9.999999999967200681e-01 9.999999999967155162e-01 9.999999999967154052e-01
4.860531982825776140e+03 9.999999999966051600e-01 9.999999999966003861e-01 9.999999999966000530e-01
4.860546086570159787e+03 9.999999999964839237e-01 9.999999999964784836e-01 9.999999999964782615e-01
4.860560190314543433e+03 9.999999999963560260e-01 9.999999999963505859e-01 9.999999999963501418e-01
4.860574294058926171e+03 9.999999999962210229e-01 9.999999999962146946e-01 9.999999999962142505e-01
4.860588397803309817e+03 9.999999999960783592e-01 9.999999999960715868e-01 9.999999999960711428e-01
4.860602501547692555e+03 9.999999999959275909e-01 9.999999999959201524e-01 9.999999999959195973e-01
4.860616605292076201e+03 9.999999999957673857e-01 9.999999999957596142e-01 9.999999999957592811e-01
4.860630709036459848e+03 9.999999999955974106e-01 9.999999999955891949e-01 9.999999999955888619e-01
4.860644812780841676e+03 9.999999999954174434e-01 9.999999999954081176e-01 9.999999999954078955e-01
4.860658916525225322e+03 9.999999999952253749e-01 9.999999999952151608e-01 9.999999999952151608e-01
4.860673020269608060e+03 9.999999999950210938e-01 9.999999999950098806e-01 9.999999999950096585e-01
4.860687124013991706e+03 9.999999999948029350e-01 9.999999999947896123e-01 9.999999999947895013e-01
4.860701227758375353e+03 9.999999999945684559e-01 9.999999999945526907e-01 9.999999999945524687e-01
4.860715331502758090e+03 9.999999999943153250e-01 9.999999999942953410e-01 9.999999999942947859e-01
4.860729435247141737e+03 9.999999999940386575e-01 9.999999999940116790e-01 9.999999999940109019e-01
4.860743538991523565e+03 9.999999999937304596e-01 9.999999999936904915e-01 9.999999999936894923e-01
4.860757642735907211e+03 9.999999999933761874e-01 9.999999999933131267e-01 9.999999999933116834e-01
4.860771746480290858e+03 9.999999999929514161e-01 9.999999999928458339e-01 9.999999999928432803e-01
4.860785850224673595e+03 9.999999999924087390e-01 9.999999999922264404e-01 9.999999999922223326e-01
4.860799953969057242e+03 9.999999999916643345e-01 9.999999999913443682e-01 9.999999999913368187e-01
4.860814057713440889e+03 9.999999999905645476e-01 9.999999999900009984e-01 9.999999999899881198e-01
4.860828161457823626e+03 9.999999999888379287e-01 9.999999999878506074e-01 9.999999999878275148e-01
4.860842265202207273e+03 9.999999999860075262e-01 9.999999999842941190e-01 9.999999999842543730e-01
4.860856368946589100e+03 9.999999999812523299e-01 9.999999999783163451e-01 9.999999999782488436e-01
4.860870472690972747e+03 9.999999999731808975e-01 9.999999999682207541e-01 9.999999999681072893e-01
4.860884576435356394e+03 9.999999999594738620e-01 9.999999999512241278e-01 9.999999999510367221e-01
4.860898680179739131e+03 9.999999999363412551e-01 9.999999999228412761e-01 9.999999999225357428e-01
4.860912783924122778e+03 9.999999998976976112e-01 9.999999998759719899e-01 9.999999998754827146e-01
4.860926887668505515e+03 9.999999998339534901e-01 9.999999997995824286e-01 9.999999997988116007e-01
4.860940991412889161e+03 9.999999997302859711e-01 9.999999996768423882e-01 9.999999996756476772e-01
4.860955095157272808e+03 9.999999995642169237e-01 9.999999994825625738e-01 9.999999994807433623e-01
4.860969198901654636e+03 9.999999993023250822e-01 9.999999991797662302e-01 9.999999991770415209e-01
4.860983302646038283e+03 9.999999988959037411e-01 9.999999987152274894e-01 9.999999987112166977e-01
4.860997406390421020e+03 9.999999982754091965e-01 9.999999980138614131e-01 9.999999980080577222e-01
4.861011510134804666e+03 9.999999973436062284e-01 9.999999969719088888e-01 9.999999969636550468e-01
4.861025613879188313e+03 9.999999959674448213e-01 9.999999954489996457e-01 9.999999954374613198e-01
4.861039717623571050e+03 9.999999939688705153e-01 9.999999932593499619e-01 9.999999932434935346e-01
4.861053821367954697e+03 9.999999911150397880e-01 9.999999901625929999e-01 9.999999901411671388e-01
4.861067925112336525e+03 9.999999871086852066e-01 9.999999858550137066e-01 9.999999858265359309e-01
4.861082028856720171e+03 9.999999815797212532e-01 9.999999799622358854e-01 9.999999799249820187e-01
4.861096132601103818e+03 9.999999740794516256e-01 9.999999720346599563e-01 9.999999719866545789e-01
4.861110236345486555e+03 9.999999640789530853e-01 9.999999615470710479e-01 9.999999614860819452e-01
4.861124340089870202e+03 9.999999509732250269e-01 9.999999479038247374e-01 9.999999478273617903e-01
4.861138443834252939e+03 9.999999340924965452e-01 9.999999304506346220e-01 9.999999303559795605e-01
4.861152547578636586e+03 9.999999127215690731e-01 9.999999084928479220e-01 9.999999083771241581e-01
4.861166651323020233e+03 9.999998861269364658e-01 9.999998813160669853e-01 9.999998811762659257e-01
4.861180755067402060e+03 9.999998535881862161e-01 9.999998481899823322e-01 9.999998480223785124e-01
4.861194858811785707e+03 9.999998144173742887e-01 9.999998082816451417e-01 9.999998080784031629e-01
4.861208962556168444e+03 9.999997678964723802e-01 9.999997602186637691e-01 9.999997599542798099e-01
4.861223066300552091e+03 9.999997128575154326e-01 9.999997004441557591e-01 9.999997000289126969e-01
4.861237170044935738e+03 9.999996459532005666e-01 9.999996176526468883e-01 9.999996167917831746e-01
4.861251273789318475e+03 9.999995556713520140e-01 9.999994756052322797e-01 9.999994734640418326e-01
4.861265377533702122e+03 9.999994027795131579e-01 9.999991684878992704e-01 9.999991632572018396e-01
4.861279481278083949e+03 9.999990546146717563e-01 9.999984407357237481e-01 9.999984300791620040e-01
4.861293585022467596e+03 9.999980888207761209e-01 9.999968435837430780e-01 9.999968277978383835e-01
4.861307688766851243e+03 9.999955069892958459e-01 9.999939504058582562e-01 9.999939372656088121e-01
4.861321792511233980e+03 9.999903100895549679e-01 9.999899688319501267e-01 9.999899722513094780e-01
4.861335896255617627e+03 9.999839572573233637e-01 9.999862439473853337e-01 9.999862708803318734e-01
4.861350000000000364e+03 9.999809490949220780e-01 9.999846912372447605e-01 9.999847296173178801e-01
4.861364103744384010e+03 9.999839572254412001e-01 9.999862438884804527e-01 9.999862708214326545e-01
4.861378207488767657e+03 9.999903099420914820e-01 9.999899687185674901e-01 9.999899721380715034e-01
4.861392311233149485e+03 9.999955067895480720e-01 9.999939502650673218e-01 9.999939371249777498e-01
4.861406414977533132e+03 9.999980886763244481e-01 9.999968434554291630e-01 9.999968276694570779e-01
4.861420518721916778e+03 9.999990545354728866e-01 9.999984406427026018e-01 9.999984299858633019e-01
4.861434622466299516e+03 9.999994027347918202e-01 9.999991684278203286e-01 9.999991631968292438e-01
4.861448726210683162e+03 9.999995556398458829e-01 9.999994755648911049e-01 9.999994734235098104e-01
4.861462829955065899e+03 9.999996459251980774e-01 9.999996176208165721e-01 9.999996167598613761e-01
4.861476933699449546e+03 9.999997128292905657e-01 9.999997004147878066e-01 9.999996999995116598e-01
4.861491037443832283e+03 9.999997678671707080e-01 9.999997601894473620e-01 9.999997599250556313e-01
4.861505141188215021e+03 9.999998143873857215e-01 9.999998082522065790e-01 9.999998080489650443e-01
4.861519244932598667e+03 9.999998535583211057e-01 9.999998481607695888e-01 9.999998479931671014e-01
4.861533348676981404e+03 9.999998860980577886e-01 9.999998812877807230e-01 9.999998811479791083e-01
4.861547452421365051e+03 9.999999126944317807e-01 9.999999084661761461e-01 9.999999083504498287e-01
4.861561556165748698e+03 9.999999340676842818e-01 9.999999304261358857e-01 9.999999303314757171e-01
4.861575659910131435e+03 9.999999509511244833e-01 9.999999478818846210e-01 9.999999478054155677e-01
4.861589763654515082e+03 9.999999640597561079e-01 9.999999615278967191e-01 9.999999614668999559e-01
4.861603867398896909e+03 9.999999740631765333e-01 9.999999720182933816e-01 9.999999719702795664e-01
4.861617971143280556e+03 9.999999815662431457e-01 9.999999799485822516e-01 9.999999799113192811e-01
4.861632074887664203e+03 9.999999870977747118e-01 9.999999858438728406e-01 9.999999858153861831e-01
4.861646178632046940e+03 9.999999911064015867e-01 9.999999901536975599e-01 9.999999901322631501e-01
4.861660282376430587e+03 9.999999939621775358e-01 9.999999932523956359e-01 9.999999932365313260e-01
4.861674386120813324e+03 9.999999959623672163e-01 9.999999954436736838e-01 9.999999954321284745e-01
4.861688489865196971e+03 9.999999973398332465e-01 9.999999969679118639e-01 9.999999969596521376e-01
4.861702593609579708e+03 9.999999982726612835e-01 9.999999980109203213e-01 9.999999980051114123e-01
4.861716697353962445e+03 9.999999988939418660e-01 9.999999987131050760e-01 9.999999987090900655e-01
4.861730801098346092e+03 9.999999993009515142e-01 9.999999991782634323e-01 9.999999991755355033e-01
4.861744904842728829e+03 9.999999995632732341e-01 9.999999994815180759e-01 9.999999994796960889e-01
4.861759008587112476e+03 9.999999997296495913e-01 9.999999996761291809e-01 9.999999996749328046e-01
4.861773112331496122e+03 9.999999998335316054e-01 9.999999997991040335e-01 9.999999997983316513e-01
4.861787216075878860e+03 9.999999998974228310e-01 9.999999998756567976e-01 9.999999998751663011e-01
4.861801319820261597e+03 9.999999999361648406e-01 9.999999999226366620e-01 9.999999999223304625e-01
4.861815423564644334e+03 9.999999999593623956e-01 9.999999999510932325e-01 9.999999999509048276e-01
4.861829527309027981e+03 9.999999999731107314e-01 9.999999999681374874e-01 9.999999999680241336e-01
4.861843631053411627e+03 9.999999999812088092e-01 9.999999999782640536e-01 9.999999999781962190e-01
4.861857734797794365e+03 9.999999999859801036e-01 9.999999999842614784e-01 9.999999999842216214e-01
4.861871838542178011e+03 9.999999999888204982e-01 9.999999999878296242e-01 9.999999999878066426e-01
4.861885942286560748e+03 9.999999999905534454e-01 9.999999999899875647e-01 9.999999999899744640e-01
4.861900046030944395e+03 9.999999999916564519e-01 9.999999999913351534e-01 9.999999999913277149e-01
4.861914149775327132e+03 9.999999999924030769e-01 9.999999999922197791e-01 9.999999999922156713e-01
4.861928253519709870e+03 9.999999999929463090e-01 9.999999999928407268e-01 9.999999999928383954e-01
4.861942357264093516e+03 9.999999999933721906e-01 9.999999999933086858e-01 9.999999999933072425e-01
4.861956461008477163e+03 9.999999999937267958e-01 9.999999999936863837e-01 9.999999999936856065e-01
4.861970564752859900e+03 9.999999999940353268e-01 9.999999999940081263e-01 9.999999999940075712e-01
4.861984668497243547e+03 9.999999999943123274e-01 9.999999999942921214e-01 9.999999999942917883e-01
4.861998772241626284e+03 9.999999999945654583e-01 9.999999999945498041e-01 9.999999999945493601e-01
4.862012875986009021e+03 9.999999999947997154e-01 9.999999999947867257e-01 9.999999999947866147e-01
4.862026979730392668e+03 9.999999999950182072e-01 9.999999999950067719e-01 9.999999999950067719e-01
4.862041083474775405e+03 9.999999999952224883e-01 9.999999999952123853e-01 9.999999999952123853e-01
4.862055187219159052e+03 9.999999999954148899e-01 9.999999999954054530e-01 9.999999999954050089e-01
4.862069290963541789e+03 9.999999999955948571e-01 9.999999999955861973e-01 9.999999999955859753e-01
4.862083394707925436e+03 9.999999999957647212e-01 9.999999999957568386e-01 9.999999999957565056e-01
4.862097498452309082e+03 9.999999999959250374e-01 9.999999999959174879e-01 9.999999999959169328e-01
4.862111602196691820e+03 9.999999999960760277e-01 9.999999999960692554e-01 9.999999999960684782e-01
4.862125705941074557e+03 9.999999999962186914e-01 9.999999999962123631e-01 9.999999999962119190e-01
4.862139809685457294e+03 9.999999999963534725e-01 9.999999999963476993e-01 9.999999999963476993e-01
4.862153913429840941e+03 9.999999999964815922e-01 9.999999999964763742e-01 9.999999999964760411e-01
4.862168017174224588e+03 9.999999999966027175e-01 9.999999999965977215e-01 9.999999999965976105e-01
4.862182120918607325e+03 9.999999999967178477e-01 9.999999999967132958e-01 9.999999999967132958e-01
4.862196224662990971e+03 9.999999999968273157e-01 9.999999999968229858e-01 9.999999999968227637e-01
4.862210328407373709e+03 9.999999999969311215e-01 9.999999999969272357e-01 9.999999999969270137e-01
4.862224432151756446e+03 9.999999999970301534e-01 9.999999999970264897e-01 9.999999999970262676e-01
4.862238535896140093e+03 9.999999999971241893e-01 9.999999999971206366e-01 9.999999999971205256e-01
4.862252639640522830e+03 9.999999999972141174e-01 9.999999999972107867e-01 9.999999999972105647e-01
4.862266743384906476e+03 9.999999999972994935e-01 9.999999999972966069e-01 9.999999999972969400e-01
4.862280847129289214e+03 9.999999999973812059e-01 9.999999999973786524e-01 9.999999999973787634e-01
4.862294950873672860e+03 9.999999999974593656e-01 9.999999999974568121e-01 9.999999999974569231e-01
4.862309054618056507e+03 9.999999999975339726e-01 9.999999999975314191e-01 9.999999999975317522e-01
4.862323158362438335e+03 9.999999999976054710e-01 9.999999999976031395e-01 9.999999999976032505e-01
4.862337262106821981e+03 9.999999999976737497e-01 9.999999999976716403e-01 9.999999999976717513e-01
4.862351365851204719e+03 9.999999999977390308e-01 9.999999999977370324e-01 9.999999999977372545e-01
4.862365469595588365e+03 9.999999999978017584e-01 9.999999999977996490e-01 9.999999999977997600e-01
4.862379573339972012e+03 9.999999999978621545e-01 9.999999999978601561e-01 9.999999999978600451e-01
4.862393677084354749e+03 9.999999999979198861e-01 9.999999999979179988e-01 9.999999999979179988e-01
4.862407780828738396e+03 9.999999999979750642e-01 9.999999999979733989e-01 9.999999999979733989e-01
4.862421884573121133e+03 9.999999999980283549e-01 9.999999999980265786e-01 9.999999999980263565e-01
4.862435988317503870e+03 9.999999999980795362e-01 9.999999999980778709e-01 9.999999999980776488e-01
4.862450092061887517e+03 9.999999999981288301e-01 9.999999999981272758e-01 9.999999999981269427e-01
4.862464195806270254e+03 9.999999999981760146e-01 9.999999999981747933e-01 9.999999999981743493e-01
4.862478299550653901e+03 9.999999999982216448e-01 9.999999999982203125e-01 9.999999999982199794e-01
4.862492403295037548e+03 9.999999999982653875e-01 9.999999999982641663e-01 9.999999999982638332e-01
4.862506507039420285e+03 9.999999999983076870e-01 9.999999999983063548e-01 9.999999999983061327e-01
4.862520610783803932e+03 9.999999999983483212e-01 9.999999999983473220e-01 9.999999999983469889e-01
4.862534714528185759e+03 9.999999999983876231e-01 9.999999999983865129e-01 9.999999999983864019e-01
4.862548818272569406e+03 9.999999999984252597e-01 9.999999999984243715e-01 9.999999999984243715e-01
4.862562922016953053e+03 9.999999999984617860e-01 9.999999999984610088e-01 9.999999999984610088e-01
4.862577025761335790e+03 9.999999999984969801e-01 9.999999999984963139e-01 9.999999999984963139e-01
4.862591129505719437e+03 9.999999999985310639e-01 9.999999999985302868e-01 9.999999999985302868e-01
4.862605233250102174e+03 9.999999999985638155e-01 9.999999999985632604e-01 9.999999999985631494e-01
4.862619336994485820e+03 9.999999999985957899e-01 9.999999999985949017e-01 9.999999999985949017e-01
4.862633440738869467e+03 9.999999999986265431e-01 9.999999999986258770e-01 9.999999999986257659e-01
4.862647544483251295e+03 9.999999999986564081e-01 9.999999999986555199e-01 9.999999999986554089e-01
4.862661648227634942e+03 9.999999999986853849e-01 9.999999999986846078e-01 9.999999999986843857e-01
4.862675751972017679e+03 9.999999999987131405e-01 9.999999999987124744e-01 9.999999999987123633e-01
4.862689855716401325e+03 9.999999999987401189e-01 9.999999999987394528e-01 9.999999999987392307e-01
4.862703959460784972e+03 9.999999999987660981e-01 9.999999999987656540e-01 9.999999999987652100e-01
4.862718063205167709e+03 9.999999999987916333e-01 9.999999999987910781e-01 9.999999999987908561e-01
4.862732166949551356e+03 9.999999999988163912e-01 9.999999999988153920e-01 9.999999999988148369e-01
4.862746270693933184e+03 9.999999999988401500e-01 9.999999999988365973e-01 9.999999999988360422e-01
4.862760374438316830e+03 9.999999999988632426e-01 9.999999999988522514e-01 9.999999999988514743e-01
