# lambda[A]  T_theo  T_instr  T_rot+instr  (He I 10830)
1.082820000000000073e+04 9.999999552014210424e-01 9.999999531219279092e-01 9.999999530486295418e-01
1.082822016499791607e+04 9.999999537879973310e-01 9.999999522004729968e-01 9.999999521406670588e-01
1.082824032999583142e+04 9.999999522914901906e-01 9.999999510578916340e-01 9.999999510108240619e-01
1.082826049499374858e+04 9.999999507041910096e-01 9.999999496974623092e-01 9.999999496612829164e-01
1.082828065999166211e+04 9.999999490173775429e-01 9.999999481282868530e-01 9.999999481004258062e-01
1.082830082498957745e+04 9.999999472211142937e-01 9.999999463578527203e-01 9.999999463354478646e-01
1.082832098998749461e+04 9.999999453039701836e-01 9.999999443830853707e-01 9.999999443632837659e-01
1.082834115498540996e+04 9.999999432525600307e-01 9.999999421790701781e-01 9.999999421590402005e-01
1.082836131998332348e+04 9.999999410507048880e-01 9.999999396816872110e-01 9.999999396582337496e-01
1.082838148498123883e+04 9.999999386777363997e-01 9.999999367562145691e-01 9.999999367248749715e-01
1.082840164997915417e+04 9.999999361048621527e-01 9.999999331375625244e-01 9.999999330909322692e-01
1.082842181497707134e+04 9.999999332872199220e-01 9.999999283173950371e-01 9.999999282421715430e-01
1.082844197997498486e+04 9.999999301465206658e-01 9.999999213358725658e-01 9.999999212076507993e-01
1.082846214497290021e+04 9.999999265337297105e-01 9.999999104065656619e-01 9.999999101806610335e-01
1.082848230997081737e+04 9.999999221506050695e-01 9.999998922556357916e-01 9.999998918508964385e-01
1.082850247496873271e+04 9.999999163890136433e-01 9.999998609806171057e-01 9.999998602508936019e-01
1.082852263996664624e+04 9.999999080110602012e-01 9.999998061150612294e-01 9.999998047987832539e-01
1.082854280496456158e+04 9.999998945307991827e-01 9.999997093993138186e-01 9.999997070299668778e-01
1.082856296996247693e+04 9.999998710543872571e-01 9.999995394681615579e-01 9.999995352144532834e-01
1.082858313496039409e+04 9.999998281688005086e-01 9.999992432153742561e-01 9.999992355950436673e-01
1.082860329995830762e+04 9.999997482114343361e-01 9.999987318965747329e-01 9.999987182655933893e-01
1.082862346495622296e+04 9.999995988675624004e-01 9.999978589637100734e-01 9.999978346157959441e-01
1.082864362995414012e+04 9.999993224805424630e-01 9.999963850420733324e-01 9.999963416582436926e-01
1.082866379495205547e+04 9.999988186467153595e-01 9.999939232505188347e-01 9.999938463241699882e-01
1.082868395994996899e+04 9.999979164695489420e-01 9.999898552812483965e-01 9.999897200504372918e-01
1.082870412494788434e+04 9.999963309922011989e-01 9.999832057804760588e-01 9.999829712164995943e-01
1.082872428994579968e+04 9.999935952332253963e-01 9.999724609111516616e-01 9.999720615988727523e-01
1.082874445494371685e+04 9.999889537351530633e-01 9.999553190919593382e-01 9.999546556025193933e-01
1.082876461994163037e+04 9.999811934525737467e-01 9.999283717901802371e-01 9.999273015766392270e-01
1.082878478493954572e+04 9.999683700227955940e-01 9.998867347783632065e-01 9.998850677162212097e-01
1.082880494993746288e+04 9.999473595258050462e-01 9.998236893014790239e-01 9.998211943230849164e-01
1.082882511493537822e+04 9.999131320594466521e-01 9.997304473995707319e-01 9.997268781814753202e-01
1.082884527993329175e+04 9.998576283906021045e-01 9.995962161881228880e-01 9.995913628904186110e-01
1.082886544493120709e+04 9.997681878608281059e-01 9.994087793041938061e-01 9.994025481646809927e-01
1.082888560992912244e+04 9.996257309718923345e-01 9.991558051343125690e-01 9.991483174571995640e-01
1.082890577492703960e+04 9.994034412261968425e-01 9.988269934390406890e-01 9.988186816342775609e-01
1.082892593992495313e+04 9.990674593208419552e-01 9.984169634965670559e-01 9.984086289266802527e-01
1.082894610492286847e+04 9.985816892924217480e-01 9.979284867318124475e-01 9.979212793644055557e-01
1.082896626992078563e+04 9.979184515168367797e-01 9.973753499993535110e-01 9.973706402181998776e-01
1.082898643491870098e+04 9.970747515413524997e-01 9.967839270529350593e-01 9.967830679635003577e-01
1.082900659991661450e+04 9.960904698158276060e-01 9.961925712300866431e-01 9.961965897776099421e-01
1.082902676491452985e+04 9.950602045971991272e-01 9.956483052199376349e-01 9.956575983735099777e-01
1.082904692991244519e+04 9.941262773358201521e-01 9.952009422218781598e-01 9.952150726438029338e-01
1.082906709491036054e+04 9.934456713113327675e-01 9.948955568771128410e-01 9.949132279170116444e-01
1.082908725990827588e+04 9.931441575890808116e-01 9.947648674859265183e-01 9.947841096602957345e-01
1.082910742490619123e+04 9.932798146900209124e-01 9.948233306354010708e-01 9.948418657521788111e-01
1.082912758990410839e+04 9.938263303723361419e-01 9.950644448775234352e-01 9.950801344054641673e-01
1.082914775490202192e+04 9.946806158263470365e-01 9.954619697127774502e-01 9.954732248418504126e-01
1.082916791989993726e+04 9.956923986312505859e-01 9.959747389296419451e-01 9.959807830900127001e-01
1.082918808489785260e+04 9.967085780270716899e-01 9.965538283022210564e-01 9.965547531675746917e-01
1.082920824989576795e+04 9.976139379531315798e-01 9.971503277365086904e-01 9.971469504163064101e-01
1.082922841489368329e+04 9.983482151870064492e-01 9.977220049516261069e-01 9.977155912896287226e-01
1.082924857989159864e+04 9.988999472164999949e-01 9.982376625039981466e-01 9.982296095225791088e-01
1.082926874488951398e+04 9.992894655786307423e-01 9.986787537727102038e-01 9.986703177533025055e-01
1.082928890988743115e+04 9.995512263980556034e-01 9.990385573117663842e-01 9.990306816326284256e-01
1.082930907488534467e+04 9.997208086954770812e-01 9.993196969334643409e-01 9.993129525733267515e-01
1.082932923988326002e+04 9.998279951885866712e-01 9.995309516218063850e-01 9.995255694691543846e-01
1.082934940488117536e+04 9.998947541884751766e-01 9.996841699187504204e-01 9.996801268000535812e-01
1.082936956987909070e+04 9.999360048508321164e-01 9.997918116933812716e-01 9.997889316589134712e-01
1.082938973487700605e+04 9.999613693895056388e-01 9.998653216086780260e-01 9.998633646998066338e-01
1.082940989987492139e+04 9.999768860729941755e-01 9.999142897475935543e-01 9.999130146920087725e-01
1.082943006487283674e+04 9.999863075160442261e-01 9.999462151779265895e-01 9.999454144498918229e-01
1.082945022987075390e+04 9.999919666715149091e-01 9.999666492767242953e-01 9.999661621019287905e-01
1.082947039486866743e+04 9.999953181826102266e-01 9.999795235991116860e-01 9.999792348876032078e-01
1.082949055986658277e+04 9.999972691721995544e-01 9.999875244808211772e-01 9.999873568937188706e-01
1.082951072486449812e+04 9.999983823654978732e-01 9.999924354047320385e-01 9.999923395862519993e-01
1.082953088986241164e+04 9.999990030338195002e-01 9.999954137395461462e-01 9.999953594823742797e-01
1.082955105486032880e+04 9.999993396798071421e-01 9.999971970246798181e-01 9.999971664340647770e-01
1.082957121985824415e+04 9.999995157357534081e-01 9.999982481185540895e-01 9.999982308351295091e-01
1.082959138485615949e+04 9.999996025830639734e-01 9.999988530395612640e-01 9.999988431351668483e-01
1.082961154985407666e+04 9.999996403468632833e-01 9.999991846597554579e-01 9.999991787199443705e-01
1.082963171485199018e+04 9.999996506561745768e-01 9.999993426583509981e-01 9.999993386271041063e-01
1.082965187984990553e+04 9.999996441059664232e-01 9.999993770168531526e-01 9.999993734863487083e-01
1.082967204484782087e+04 9.999996241286930321e-01 9.999992995415202257e-01 9.999992952639372712e-01
1.082969220984573440e+04 9.999995881761900574e-01 9.999990855417255631e-01 9.999990789983626005e-01
1.082971237484365156e+04 9.999995263913421528e-01 9.999986656941408647e-01 9.999986545727309606e-01
1.082973253984156690e+04 9.999994171888976213e-01 9.999979059706305407e-01 9.999978863691376674e-01
1.082975270483948225e+04 9.999992182300522225e-01 9.999965709112822454e-01 9.999965359937055265e-01
1.082977286983739941e+04 9.999988500034321381e-01 9.999942620062487464e-01 9.999941996628490815e-01
1.082979303483531294e+04 9.999981674128500808e-01 9.999903179406790521e-01 9.999902067287059770e-01
1.082981319983322828e+04 9.999969121484908463e-01 9.999836563529279632e-01 9.999834586077110954e-01
1.082983336483114363e+04 9.999946347754616882e-01 9.999725271586171749e-01 9.999721777166558079e-01
1.082985352982905715e+04 9.999905697068097732e-01 9.999541357536936292e-01 9.999535243805200979e-01
1.082987369482697432e+04 9.999834371800667698e-01 9.999240825935163945e-01 9.999230283017508381e-01
1.082989385982488966e+04 9.999711313312636962e-01 9.998755588535654937e-01 9.998737753830395647e-01
1.082991402482280500e+04 9.999502273438982680e-01 9.997982454891312099e-01 9.997952999808310537e-01
1.082993418982072035e+04 9.999151949499253123e-01 9.996768988279364221e-01 9.996721706771790616e-01
1.082995435481863569e+04 9.998571298782752415e-01 9.994896855840958994e-01 9.994823394453823395e-01
1.082997451981655104e+04 9.997617067334837460e-01 9.992064649368012086e-01 9.991954593937445450e-01
1.082999468481446638e+04 9.996059494218429986e-01 9.987874006243150360e-01 9.987715589357029078e-01
1.083001484981237991e+04 9.993534269024740846e-01 9.981824896720687956e-01 9.981606567212681913e-01
1.083003501481029707e+04 9.989478603512943478e-01 9.973327495255350783e-01 9.973040453537269645e-01
1.083005517980821242e+04 9.983061996790510984e-01 9.961738177897706548e-01 9.961379715478588803e-01
1.083007534480612776e+04 9.973141236998738224e-01 9.946424950451251412e-01 9.946002081349527568e-01
1.083009550980404310e+04 9.958290643349568816e-01 9.926862542525161093e-01 9.926395084705342819e-01
1.083011567480195845e+04 9.936966368739349464e-01 9.902749951500362524e-01 9.902272048995987008e-01
1.083013583979987379e+04 9.907838419750283343e-01 9.874134943234055273e-01 9.873694128141431436e-01
1.083015600479778914e+04 9.870262236682565415e-01 9.841523259957071224e-01 9.841176560067927959e-01
1.083017616979570266e+04 9.824774464994697754e-01 9.805947402737248408e-01 9.805754612552676219e-01
1.083019633479361983e+04 9.773384024340350251e-01 9.768972294468488693e-01 9.768987179694468281e-01
1.083021649979153517e+04 9.719398176904459064e-01 9.732622900579191993e-01 9.732883643534058216e-01
1.083023666478945051e+04 9.666869593210214440e-01 9.699230696944315389e-01 9.699751225337142069e-01
1.083025682978736586e+04 9.620166157410915408e-01 9.671209757053205180e-01 9.671973701494384068e-01
1.083027699478528120e+04 9.583817214926403372e-01 9.650787111503640325e-01 9.651745975710185332e-01
1.083029715978319655e+04 9.562163983066411799e-01 9.639723849832032565e-01 9.640800482663816062e-01
1.083031732478111007e+04 9.558447500650727457e-01 9.639070879448350393e-01 9.640168451793541537e-01
1.083033748977902542e+04 9.573877621782311831e-01 9.649003729579219701e-01 9.650019204575122078e-01
1.083035765477694258e+04 9.607337721665929475e-01 9.668772087884773825e-01 9.669611893812820602e-01
1.083037781977485793e+04 9.655446210395004503e-01 9.696781438902442041e-01 9.697376139651374682e-01
1.083039798477277145e+04 9.712798104569324575e-01 9.730798828791009658e-01 9.731113467365082315e-01
1.083041814977068861e+04 9.772782244583120281e-01 9.768248244571633432e-01 9.768285920474293338e-01
1.083043831476860396e+04 9.829131180261446721e-01 9.806540997676047589e-01 9.806338958711181553e-01
1.083045847976651930e+04 9.877433595715262582e-01 9.843379481450104107e-01 9.842999021559634132e-01
1.083047864476443283e+04 9.915713374611615505e-01 9.876981467784425872e-01 9.876494513244049589e-01
1.083049880976234817e+04 9.944078945745581377e-01 9.906194043450069486e-01 9.905669916470491998e-01
1.083051897476026534e+04 9.963944269228365291e-01 9.930494131292996185e-01 9.929989449842888671e-01
1.083053913975818068e+04 9.977239822177508266e-01 9.949897452406424314e-01 9.949450771219856549e-01
1.083055930475609421e+04 9.985841732716059793e-01 9.964812869006677287e-01 9.964444087632501335e-01
1.083057946975401137e+04 9.991280254086785106e-01 9.975881756824037661e-01 9.975595097549996293e-01
1.083059963475192671e+04 9.994670641629377350e-01 9.983834402551229337e-01 9.983623213413971298e-01
1.083061979974984206e+04 9.996766939447808697e-01 9.989382260814381187e-01 9.989234013440104754e-01
1.083063996474775558e+04 9.998055627905281240e-01 9.993151471406955810e-01 9.993051852747293351e-01
1.083066012974567093e+04 9.998842914484538102e-01 9.995653013134189191e-01 9.995588644534733058e-01
1.083068029474358809e+04 9.999319820016979721e-01 9.997279647193756391e-01 9.997239471847317871e-01
1.083070045974150344e+04 9.999605438621346210e-01 9.998318848919930391e-01 9.998294511780925209e-01
1.083072062473941696e+04 9.999774092365759648e-01 9.998972708336205661e-01 9.998958327171166838e-01
1.083074078973733413e+04 9.999872065619673789e-01 9.999378660350106696e-01 9.999370327343034548e-01
1.083076095473524947e+04 9.999927977035059090e-01 9.999627690361641008e-01 9.999622931163208994e-01
1.083078111973316481e+04 9.999959306531657210e-01 9.999778749218862783e-01 9.999776057420919351e-01
1.083080128473107834e+04 9.999976555488605534e-01 9.999869380607965264e-01 9.999867867020514334e-01
1.083082144972899368e+04 9.999985909298267917e-01 9.999923162281730837e-01 9.999922313901593585e-01
1.083084161472691085e+04 9.999990931740335709e-01 9.999954724562439834e-01 9.999954249897357039e-01
1.083086177972482619e+04 9.999993628312396909e-01 9.999973045143308870e-01 9.999972779979808823e-01
1.083088194472273972e+04 9.999995100368531675e-01 9.999983571577720776e-01 9.999983423729374987e-01
1.083090210972065688e+04 9.999995937997936402e-01 9.999989570104884651e-01 9.999989487847463776e-01
1.083092227471857223e+04 9.999996449803053578e-01 9.999992973751463676e-01 9.999992928056480324e-01
1.083094243971648757e+04 9.999996793556182872e-01 9.999994910419147676e-01 9.999994885009056977e-01
1.083096260471440110e+04 9.999997048366585650e-01 9.999996028305243589e-01 9.999996014080723139e-01
1.083098276971231644e+04 9.999997253384819151e-01 9.999996694046582313e-01 9.999996685950258701e-01
1.083100293471023360e+04 9.999997427958529084e-01 9.999997111698838426e-01 9.999997106942752900e-01
1.083102309970814895e+04 9.999997581828922177e-01 9.999997393058343009e-01 9.999997390120748397e-01
1.083104326470606247e+04 9.999997720146678315e-01 9.999997598505688812e-01 9.999997596564622615e-01
1.083106342970397964e+04 9.999997845876096303e-01 9.999997760287679949e-01 9.999997758903333978e-01
1.083108359470189498e+04 9.999997960922064610e-01 9.999997895530602365e-01 9.999997894469079274e-01
1.083110375969981033e+04 9.999998066650321871e-01 9.999998013369090222e-01 9.999998012505942890e-01
1.083112392469772385e+04 9.999998164127139599e-01 9.999998118773308908e-01 9.999998118041526496e-01
1.083114408969563920e+04 9.999998254232014272e-01 9.999998214563571297e-01 9.999998213925987978e-01
1.083116425469355636e+04 9.999998337713739138e-01 9.999998302451296173e-01 9.999998301886260377e-01
1.083118441969146988e+04 9.999998415221083015e-01 9.999998383568434734e-01 9.999998383062347340e-01
1.083120458468938523e+04 9.999998487321830609e-01 9.999998458733527773e-01 9.999998458277138402e-01
1.083122474968730239e+04 9.999998554516029703e-01 9.999998528585009039e-01 9.999998528171500922e-01
1.083124491468521774e+04 9.999998617246086408e-01 9.999998593648684597e-01 9.999998593272708680e-01
1.083126507968313126e+04 9.999998675904834267e-01 9.999998654372914686e-01 9.999998654030076706e-01
1.083128524468104661e+04 9.999998730842215577e-01 9.999998711148068153e-01 9.999998710834672178e-01
1.083130540967896195e+04 9.999998782370863593e-01 9.999998764318280831e-01 9.999998764031149401e-01
1.083132557467687911e+04 9.999998830770848723e-01 9.999998814189253737e-01 9.999998813925639052e-01
1.083134573967479264e+04 9.999998876293719752e-01 9.999998861033944086e-01 9.999998860791448063e-01
1.083136590467270798e+04 9.999998919165952183e-01 9.999998905096963986e-01 9.999998904873481642e-01
1.083138606967062515e+04 9.999998959591918091e-01 9.999998946598226413e-01 9.999998946391904786e-01
1.083140623466854049e+04 9.999998997756480712e-01 9.999998985735943924e-01 9.999998985545138774e-01
1.083142639966645402e+04 9.999999033827158268e-01 9.999999022689234351e-01 9.999999022512499058e-01
1.083144656466436936e+04 9.999999067956105714e-01 9.999999057620282406e-01 9.999999057456324669e-01
1.083146672966228471e+04 9.999999100281765640e-01 9.999999090676283675e-01 9.999999090523955525e-01
1.083148689466020187e+04 9.999999130930348201e-01 9.999999121991111073e-01 9.999999121849386663e-01
1.083150705965811539e+04 9.999999160017110089e-01 9.999999151686712606e-01 9.999999151554678223e-01
1.083152722465603074e+04 9.999999187647491405e-01 9.999999179874428101e-01 9.999999179751259959e-01
1.083154738965394790e+04 9.999999213918100427e-01 9.999999206656057238e-01 9.999999206541013708e-01
1.083156755465186325e+04 9.999999238917608446e-01 9.999999232124864301e-01 9.999999232017278139e-01
1.083158771964977677e+04 9.999999262727512495e-01 9.999999256366390865e-01 9.999999256265656999e-01
1.083160788464769212e+04 9.999999285422823680e-01 9.999999279459255153e-01 9.999999279364842897e-01
1.083162804964560746e+04 9.999999307072694466e-01 9.999999301475824831e-01 9.999999301387229034e-01
1.083164821464352462e+04 9.999999327740957122e-01 9.999999322482772124e-01 9.999999322399559798e-01
1.083166837964143815e+04 9.999999347486607792e-01 9.999999342541650016e-01 9.999999342463401497e-01
1.083168854463935349e+04 9.999999366364236142e-01 9.999999361709327461e-01 9.999999361635689699e-01
1.083170870963727066e+04 9.999999384424439475e-01 9.999999380038441243e-01 9.999999379969064517e-01
1.083172887463518600e+04 9.999999401714136926e-01 9.999999397577759019e-01 9.999999397512342458e-01
1.083174903963309953e+04 9.999999418276925844e-01 9.999999414372514606e-01 9.999999414310771773e-01
1.083176920463101487e+04 9.999999434153333810e-01 9.999999430464721062e-01 9.999999430406407708e-01
1.083178936962893022e+04 9.999999449381082872e-01 9.999999445893453798e-01 9.999999445838324563e-01
1.083180953462684738e+04 9.999999463995316029e-01 9.999999460695063735e-01 9.999999460642898796e-01
1.083182969962476091e+04 9.999999478028832600e-01 9.999999474903435992e-01 9.999999474854041059e-01
1.083184986462267625e+04 9.999999491512228111e-01 9.999999488550187499e-01 9.999999488503378275e-01
1.083187002962059341e+04 9.999999504474123002e-01 9.999999501664820212e-01 9.999999501620434605e-01
1.083189019461850876e+04 9.999999516941273647e-01 9.999999514274925394e-01 9.999999514232800202e-01
1.083191035961642228e+04 9.999999528938731119e-01 9.999999526406295747e-01 9.999999526366291080e-01
1.083193052461433763e+04 9.999999540489984406e-01 9.999999538083097494e-01 9.999999538045079017e-01
1.083195068961225297e+04 9.999999551617053672e-01 9.999999549327976966e-01 9.999999549291822554e-01
1.083197085461017014e+04 9.999999562340604609e-01 9.999999560162174950e-01 9.999999560127776910e-01
1.083199101960808366e+04 9.999999572680065008e-01 9.999999570605633270e-01 9.999999570572877250e-01
1.083201118460599901e+04 9.999999582653694707e-01 9.999999580677084721e-01 9.999999580645875241e-01
1.083203134960391617e+04 9.999999592278669969e-01 9.999999590394150761e-01 9.999999590364394564e-01
1.083205151460182969e+04 9.999999601571178953e-01 9.999999599773408132e-01 9.999999599745025280e-01
1.083207167959974504e+04 9.999999610546456141e-01 9.999999608830472120e-01 9.999999608803387119e-01
1.083209184459766038e+04 9.999999619218891134e-01 9.999999617580056510e-01 9.999999617554182763e-01
1.083211200959557573e+04 9.999999627602041974e-01 9.999999626036015776e-01 9.999999626011287779e-01
1.083213217459349107e+04 9.999999635708729517e-01 9.999999634211380606e-01 9.999999634187709541e-01
1.083215233959140642e+04 9.999999643551056305e-01 9.999999642118290177e-01 9.999999642095555030e-01
1.083217250458932176e+04 9.999999651140468737e-01 9.999999649767739029e-01 9.999999649745725527e-01
1.083219266958723892e+04 9.999999658487800369e-01 9.999999657168975320e-01 9.999999657147233822e-01
1.083221283458515245e+04 9.999999665603308552e-01 9.999999664328087512e-01 9.999999664305709857e-01
1.083223299958306779e+04 9.999999672496709957e-01 9.999999671245448640e-01 9.999999671220678454e-01
1.083225316458098314e+04 9.999999679177207224e-01 9.999999677911627360e-01 9.999999677881377114e-01
1.083227332957889848e+04 9.999999685653541137e-01 9.999999684302053327e-01 9.999999684261380306e-01
1.083229349457681383e+04 9.999999691933995072e-01 9.999999690371693672e-01 9.999999690313515766e-01
1.083231365957472917e+04 9.999999698026440509e-01 9.999999696052385145e-01 9.999999695967705104e-01
1.083233382457264452e+04 9.999999703938359241e-01 9.999999701256027107e-01 9.999999701134878460e-01
1.083235398957056168e+04 9.999999709676854476e-01 9.999999705885962431e-01 9.999999705719064824e-01
1.083237415456847521e+04 9.999999715248686361e-01 9.999999709855799113e-01 9.999999709636476775e-01
1.083239431956639055e+04 9.999999720660289748e-01 9.999999713110985233e-01 9.999999712836760146e-01
