# EXHALE lower-atmosphere profile (docs/phase_e_flux_closure_design.md section 2)
# solution_id aee72db7a64e31e4a078791b52bb7ebc328c41a8849fc529968eb49159746fc1
# source_code photochem
# source_version photochem 0.8.4, photochem_to_lower_profile.py
# mechanism zahnle_HHeNOC_rxns.yaml sha256 908cc51ef08cfce6
# stellar_flux lhs1140_sed_gj1132_at_b.txt sha256 37a95348aeb58b91 dilution 1.000000E+00
# p_match_bar 9.99999999999999955E-07
# p_top_bar 1.12531269036654762E-08
# p_deep_bar 1.67309812445535577E+01
# trial_flux_H 4.76820698819999956E+06
# trial_flux_He 2.04336485500000007E+07
# measured_flux_H 4.76864017607919592E+06
# measured_flux_He 2.04323156187540703E+07
# iteration 0
# reached_steady_state T
# notes F_H and F_He columns are the STATED trial fluxes; the header measured_flux_* are what the solution carries across its own top. measured elemental escape at the model top (r_top = 1.146931e+09 cm): H 4.768640e+06 g/s, He 2.043232e+07 g/s; imposed H 4.768207e+06, He 2.043365e+07; atomic-H share of the hydrogen nuclei at the top 7.285e-56 imposed, 1.009e-04 converged. climate solved: deep boundary 20 bar at 560.7 K, background He, tropopause 0.9998 bar at 185.0 K, cold-trap f_H2O 1.362e-07 (deep 2.425e-04). cold trap at the match: O/H gas 4.8272e-07 vs all-carrier 4.8272e-07; C/H gas 2.7776e-04 vs all-carrier 2.7776e-04; N/H gas 8.1875e-05 vs all-carrier 8.1875e-05; chemistry q_H2O at the tropopause (0.9998 bar) 4.4556e-07, at the match 1.8790e-07.
# units p[bar] r[R_J] T[K] n_tot[cm^-3] rho[g/cm^3] Kzz[cm^2/s] q_*[-] X_*[El/H nuclei] F_*[g/s]
# columns: p r T n_tot rho Kzz q_H2 q_H X_He X_C X_N X_O F_H F_He q_H2O q_CO q_CO2 q_CH4 q_NH3 q_HCN q_N2 q_OH q_C2H2
  1.67309812445535577E+01   1.56058497242968469E-01   5.24879418845666237E+02   2.30875891695708242E+20   1.38453791640364083E-03   1.00000000000000000E+09   1.99511808572137322E-01   9.26357686698455781E-21   1.99999999995250910E+00   2.77587999994302896E-04   8.18465079408411099E-05   6.06177999985611738E-04   4.76820698819999956E+06   2.04336485500000007E+07   2.42502088515126073E-04   1.20183721828428560E-17   1.27896073965947759E-18   1.11049344814130767E-04   3.27124962248755225E-05   6.69982987066393494E-23   1.51387688051898501E-08   2.48025974340837661E-29   1.58338794186376170E-34
  1.59588639458414612E+01   1.56101708393923483E-01   5.16488568647126840E+02   2.23798914527757599E+20   1.34209800723308252E-03   1.00000000000000000E+09   1.99511808828049864E-01   3.79207100650065174E-21   2.00000000718049975E+00   2.77587999986729798E-04   8.18256174571378790E-05   6.06178002176344793E-04   4.76820698819999956E+06   2.04336485500000007E+07   2.42502089703645381E-04   1.20183721982587557E-17   1.72735179301603051E-18   1.11049344956573058E-04   3.27124962668356374E-05   6.69982987925772611E-23   1.09601399003667753E-08   7.78469662332160107E-30   3.43916738350324166E-35
  1.45927577997401006E+01   1.56181636616152669E-01   4.99706868250047933E+02   2.11513831821780222E+20   1.26842570675451830E-03   1.00000000000000000E+09   1.99511808100217181E-01   1.36108233554109799E-14   1.99999997059998957E+00   2.77587994905994595E-04   8.18256159594147231E-05   6.06187133429386899E-04   4.76820698819999956E+06   2.04336485500000007E+07   2.42505746217981595E-04   2.42769727543460798E-17   1.72749370718850733E-18   1.11049344377059936E-04   3.27124953997363102E-05   3.07196474580315256E-15   1.09604484245234923E-08   1.74891978442463016E-23   4.92193354600532675E-15
  1.33041281323599385E+01   1.56261564819486332E-01   4.82925167852969082E+02   1.99536934951458963E+20   1.19660156211514506E-03   1.00000000000000000E+09   1.99511807345654629E-01   2.79994504801875203E-14   1.99999993267322052E+00   2.77587989638164911E-04   8.18256144065373082E-05   6.06196600650144458E-04   4.76820698819999956E+06   2.04336485500000007E+07   2.42509537267195677E-04   3.72531430868327363E-17   1.72764401686967495E-18   1.11049343772340998E-04   3.27124944840126501E-05   6.32563438618461605E-15   1.09607751871674037E-08   2.11457217216915952E-23   1.01385990115957628E-14
  1.20908840817056813E+01   1.56341492999037879E-01   4.66143467455890232E+02   1.87869021086169203E+20   1.12663035349035308E-03   1.00000000000000000E+09   1.99511806579114520E-01   4.34300039471001648E-14   1.99999989413887924E+00   2.77587984285742250E-04   8.18256128287197875E-05   6.06206219372506247E-04   4.76820698819999956E+06   2.04336485500000007E+07   2.42513388983795289E-04   5.09973470261547349E-17   1.72780352253083542E-18   1.11049343149641433E-04   3.27124935178660199E-05   9.77826075172890338E-15   1.09611218904401484E-08   1.85619622615726405E-23   1.56874936346930430E-14
  1.09509771700094944E+01   1.56421421158798174E-01   4.49396793767692543E+02   1.76497932037331878E+20   1.05843916879251143E-03   1.00000000000000000E+09   1.99511805836967260E-01   6.05504034265625383E-14   1.99999985681890902E+00   2.77587979101570419E-04   8.18256113004935657E-05   6.06215534637479262E-04   4.76820698819999956E+06   2.04336485500000007E+07   2.42517119184256088E-04   6.55627857716482841E-17   1.72797313982306002E-18   1.11049342528073830E-04   3.27124925024357467E-05   1.34496329544615309E-14   1.09614904668779286E-08   1.40617414864176988E-23   2.16151475309311634E-14
  9.88237476483415200E+00   1.56501349305767062E-01   4.32670489013458052E+02   1.65432473135287763E+20   9.92080811121338500E-04   1.00000000000000000E+09   1.99511805205015186E-01   8.04629695829957818E-14   1.99999982501250706E+00   2.77587974682318292E-04   8.18256099977403045E-05   6.06223472922624807E-04   4.76820698819999956E+06   2.04336485500000007E+07   2.42520297987809587E-04   8.10093186883273927E-17   1.72815391759632911E-18   1.11049341954100602E-04   3.27124914462666581E-05   1.73625642371462328E-14   1.09618831214885293E-08   9.69853539076242117E-24   2.79770525031837780E-14
  8.88299228085642945E+00   1.56581277422011611E-01   4.15944184259223562E+02   1.54682415620351558E+20   9.27613874346012134E-04   1.00000000000000000E+09   1.99511804883883648E-01   1.04653041172266487E-13   1.99999980877327665E+00   2.77587972423327554E-04   8.18256093317693098E-05   6.06227523844626837E-04   4.76820698819999956E+06   2.04336485500000007E+07   2.42521920137821504E-04   9.74056605753503090E-17   1.72834705212520425E-18   1.11049341537914568E-04   3.27124903759587330E-05   2.15430192143208370E-14   1.09623023646566698E-08   6.21476024447957288E-24   3.48380350816232928E-14
  7.95072744810526277E+00   1.56661205527104580E-01   3.99227370133980969E+02   1.44245832815444328E+20   8.65026797456352982E-04   1.00000000000000000E+09   1.99511805346164361E-01   1.34994833377699680E-13   1.99999983178447804E+00   2.77587975611648472E-04   8.18256102715155697E-05   6.06221773731886932E-04   4.76820698819999956E+06   2.04336485500000007E+07   2.42519617566668905E-04   1.14832424849878701E-16   1.72855392208244512E-18   1.11049341540863733E-04   3.27124893617553362E-05   2.60207636009325824E-14   1.09627510915690976E-08   3.72653772658391464E-24   4.22737863426654183E-14
  7.08350667443401250E+00   1.56741133606351446E-01   3.82542259321044071E+02   1.34117548435452445E+20   8.04288523512636786E-04   1.00000000000000000E+09   1.99511807723943085E-01   1.73897925193011781E-13   1.99999995078030746E+00   2.77587992121591407E-04   8.18256151381171305E-05   6.06192056186526758E-04   4.76820698819999956E+06   2.04336485500000007E+07   2.42507717490065395E-04   1.33385906674674844E-16   1.72877613924217038E-18   1.11049342591090994E-04   3.27124885808332020E-05   3.08304386680953975E-14   1.09632327026719952E-08   2.09218019043031726E-24   5.03731475807733761E-14
  6.27923402148213938E+00   1.56821061657159894E-01   3.65857148508107173E+02   1.24311652967202046E+20   7.45483517038004334E-04   1.00000000000000000E+09   1.99511814789772673E-01   2.24564745185784899E-13   2.00000030470850065E+00   2.77588041238207509E-04   8.18256296162972327E-05   6.06103676341215110E-04   4.76820698819999956E+06   2.04336485500000007E+07   2.42472326720795145E-04   1.53180713270897755E-16   1.72901559276883870E-18   1.11049346229509025E-04   3.27124884779581842E-05   3.60123768584869275E-14   1.09637512304722401E-08   1.09268501003920787E-24   5.92401067299257018E-14
  5.53577757441349494E+00   1.56900989684190306E-01   3.49178846765375908E+02   1.14827900161355776E+20   6.88610221097256804E-04   1.00000000000000000E+09   1.99511833511594433E-01   2.91372240263579810E-13   2.00000124277285929E+00   2.77588171428815370E-04   8.18256679929412449E-05   6.05869439027672272E-04   4.76820698819999956E+06   2.04336485500000007E+07   2.42378528925970611E-04   1.74353938741933669E-16   1.72927452560642079E-18   1.11049356331812174E-04   3.27124901841099514E-05   4.16137899481230346E-14   1.09643115917870460E-08   5.26820670841889658E-25   6.89964506434777575E-14
  4.85101848482577669E+00   1.56980917666316888E-01   3.32522100275446974E+02   1.05664507198928372E+20   6.33657753598474783E-04   1.00000000000000000E+09   1.99511881913682215E-01   3.80443952336551476E-13   2.00000366827869192E+00   2.77588508066680686E-04   8.18257672247782529E-05   6.05263791628980990E-04   4.76820698819999956E+06   2.04336485500000007E+07   2.42136004310212778E-04   1.97072011440771045E-16   1.72955568380843853E-18   1.11049382927203388E-04   3.27124966409467731E-05   4.76907179321080556E-14   1.09649201523398237E-08   2.32493655427825757E-25   7.97857094784393075E-14
  4.22281829775317163E+00   1.57060845568205265E-01   3.15865353785518096E+02   9.68316026391065887E+19   5.80686388086198665E-04   1.00000000000000000E+09   1.99512008098525484E-01   5.00505139266879776E-13   2.00000999195167539E+00   2.77589385745955972E-04   8.18260259413335393E-05   6.03684783310228369E-04   4.76820698819999956E+06   2.04336485500000007E+07   2.41503710589847606E-04   2.21537686520321253E-16   1.72986256877638133E-18   1.11049452785977847E-04   3.27125157192246032E-05   5.43099232736303700E-14   1.09655859524192021E-08   9.33760639579667623E-26   9.17769491271624483E-14
  3.64901300791669403E+00   1.57140773279392298E-01   2.99215504732209695E+02   8.83299602159342223E+19   5.29699590820788355E-04   1.00000000000000000E+09   1.99512344824881144E-01   6.64094707366674683E-13   2.00002686730611989E+00   2.77591727934371464E-04   8.18267163565235511E-05   5.99471052002698880E-04   4.76820698819999956E+06   2.04336485500000007E+07   2.39816391343605263E-04   2.48014343866049740E-16   1.73020003582380636E-18   1.11049639797827416E-04   3.27125691668966116E-05   6.15516171222577193E-14   1.09663239666011562E-08   3.55189863461195114E-26   1.05169834442059589E-13
  3.12743266913230578E+00   1.57220700491045695E-01   2.82570021332685656E+02   8.01638564012987023E+19   4.80719962429839169E-04   1.00000000000000000E+09   1.99513271690307886E-01   8.88591623028300285E-13   2.00007331963380341E+00   2.77598175228106541E-04   8.18286168484200026E-05   5.87872041014346459E-04   4.76820698819999956E+06   2.04336485500000007E+07   2.35171876225829065E-04   2.76862892251222604E-16   1.73057587925642718E-18   1.11050155243309312E-04   3.27127192000473978E-05   6.95133735711055620E-14   1.09671643897922481E-08   1.66329196119281163E-26   1.20201621249051100E-13
  2.65593733382223229E+00   1.57300626298019469E-01   2.65979708955815795E+02   7.23245990336793313E+19   4.33687251999091445E-04   1.00000000000000000E+09   1.99515913144524853E-01   1.19373391182561802E-12   2.00020571311056683E+00   2.77616550636352547E-04   8.18340334336972199E-05   5.54813789639727116E-04   4.76820698819999956E+06   2.04336485500000007E+07   2.21935526526648380E-04   3.08514863063598390E-16   1.73100542029365715E-18   1.11051624989720070E-04   3.27131501570493278E-05   7.83161056703988639E-14   1.09681805739818948E-08   1.62154185188004670E-26   1.37157381062873177E-13
  2.23246851911462407E+00   1.57380547943013177E-01   2.49515271876727667E+02   6.48044648342131261E+19   3.88533206273324202E-04   1.00000000000000000E+09   1.99523676251030763E-01   1.59526410465805028E-12   2.00059489290151449E+00   2.77670566442584233E-04   8.18499558678041070E-05   4.57636787810900209E-04   4.76820698819999956E+06   2.04336485500000007E+07   1.83034482321840016E-04   3.43496276735679217E-16   1.73152525216648937E-18   1.11055945415636877E-04   3.27144206318138027E-05   8.81134000333637514E-14   1.09695744192975347E-08   2.62833281963661685E-26   1.56384965767664699E-13
  1.85491039447153172E+00   1.57460458174631862E-01   2.33053152727928392E+02   5.76480564188620145E+19   3.45476270844113952E-04   1.00000000000000000E+09   1.99545512066425512E-01   2.11206426617493953E-12   2.00169021579756690E+00   2.77822590672662201E-04   8.18947685990032348E-05   1.84138033032894621E-04   4.76820698819999956E+06   2.04336485500000007E+07   7.36148280876078472E-05   3.82484771092463327E-16   1.73222189081456076E-18   1.11068098713307427E-04   3.27179982160479728E-05   9.91004772691099751E-14   1.09718564255409165E-08   2.58886072488711486E-26   1.78307063505257235E-13
  1.52081881958159926E+00   1.57540376721494541E-01   2.16597063168806301E+02   5.08559336369365074E+19   3.04701996342960930E-04   1.00000000000000000E+09   1.99557008155178017E-01   2.77718726708989985E-12   2.00226726523744247E+00   2.77902681654750396E-04   8.19183773068210785E-05   4.00505572112778554E-05   4.76820698819999956E+06   2.04336485500000007E+07   1.60077467028682395E-05   4.26278245210239978E-16   1.73289456574649802E-18   1.11074496774943610E-04   3.27198801244345103E-05   1.11506564348912001E-13   1.09737075450451399E-08   1.55059569130435479E-26   2.03404985935548393E-13
  1.22830176348603870E+00   1.57620302413499808E-01   2.00972268931517448E+02   4.42675673864276951E+19   2.65214019601781351E-04   1.00000000000000000E+09   1.99559637342815344E-01   3.64615607536634977E-12   2.00239927504576531E+00   2.77921003803604713E-04   8.19237781925012643E-05   7.08810004113857924E-06   4.76820698819999956E+06   2.04336485500000007E+07   2.83288253920723073E-06   4.76065221452543918E-16   1.73357173449696757E-18   1.11075959362019638E-04   3.27203077629887102E-05   1.25671631041840449E-13   1.09752415552475254E-08   7.51152527661186629E-27   2.32365863158984343E-13
  9.75774318324395207E-01   1.57700229759426408E-01   1.86191909632356499E+02   3.79581724677920850E+19   2.27411265694118760E-04   1.00000000000000000E+09   1.99560113767632469E-01   4.80258673243891054E-12   2.00242319707319627E+00   2.77924324015612332E-04   8.19247569030292773E-05   1.11482817880521942E-06   4.76820698819999956E+06   2.04336485500000007E+07   4.45556212331687141E-07   5.33549225789746307E-16   1.73433408120514365E-18   1.11076223571906544E-04   3.27203818823686350E-05   1.42083872390684811E-13   1.09768745839740682E-08   5.25976560147847480E-27   2.66163494490572668E-13
  7.67728976454152945E-01   1.57780157567210894E-01   1.85034013918898040E+02   3.00519792172060385E+19   1.80044277558302161E-04   1.00000000000000000E+09   1.99560164170912352E-01   6.42187888547763131E-12   2.00242572725106793E+00   2.77924675159688496E-04   8.19248604105752090E-05   4.83027582352495588E-07   4.76820698819999956E+06   2.04336485500000007E+07   1.93048323972000988E-07   6.03449813824435148E-16   1.73525915690907314E-18   1.11076250433393673E-04   3.27203852729127670E-05   1.62098334710442169E-13   1.09788333386389266E-08   1.84972408897443858E-26   3.07538106127423322E-13
  6.03735133834987114E-01   1.57860085329736111E-01   1.85034013918898040E+02   2.36326050613638922E+19   1.41585193916542146E-04   1.00000000000000000E+09   1.99560164187101208E-01   8.72926023263918788E-12   2.00242572713232336E+00   2.77924675105556342E-04   8.19248603940300128E-05   4.83027582251551390E-07   4.76820698819999956E+06   2.04336485500000007E+07   1.93048321445346308E-07   6.91948836190957750E-16   1.73643292998896091E-18   1.11076248918619269E-04   3.27203790889506722E-05   1.87505466991335622E-13   1.09813121393422330E-08   1.17381512393466525E-26   3.60230368174809461E-13
  4.74887371384089874E-01   1.57940013069047480E-01   1.85034013918898040E+02   1.85889888919680819E+19   1.11368407761567223E-04   1.00000000000000000E+09   1.99560164207518431E-01   1.19733730846150292E-11   2.00242572698131704E+00   2.77924675036714708E-04   8.19248603729889148E-05   4.83027582123202711E-07   4.76820698819999956E+06   2.04336485500000007E+07   1.93048318228692210E-07   8.04325670825869020E-16   1.73792725752011047E-18   1.11076246978620476E-04   3.27203712160573491E-05   2.19851221725635275E-13   1.09844627105785626E-08   4.68113007693698954E-27   4.27509845392231926E-13
  3.73628747499835878E-01   1.58019940790569718E-01   1.85034013918898040E+02   1.46253218247342223E+19   8.76216998167856910E-05   1.00000000000000000E+09   1.99560164233268722E-01   1.64802197076972533E-11   2.00242572678932929E+00   2.77924674949187555E-04   8.19248603462365921E-05   4.83027581960051565E-07   4.76820698819999956E+06   2.04336485500000007E+07   1.93048314134618043E-07   9.46990004781701904E-16   1.73982921265716492E-18   1.11076244493855627E-04   3.27203611946298205E-05   2.61020357272265875E-13   1.09884661124761106E-08   1.54738155309675217E-26   5.13375703592885164E-13
  2.94032461933330991E-01   1.58099868490975792E-01   1.85034013918898040E+02   1.15096052203418030E+19   6.89551440772988040E-05   1.00000000000000000E+09   1.99560164265744466E-01   2.26814713132239351E-11   2.00242572654529560E+00   2.77924674837930468E-04   8.19248603122312686E-05   4.83027581752700970E-07   4.76820698819999956E+06   2.04336485500000007E+07   1.93048308925066759E-07   1.12805664273716930E-15   1.74224939296333101E-18   1.11076241310726357E-04   3.27203484403661718E-05   3.13406833967852468E-13   1.09935517310286185E-08   4.42767355096769359E-26   6.22919413407638669E-13
  2.31449075075203986E-01   1.58179796171020903E-01   1.85034013918898040E+02   9.05984143795952845E+18   5.42783752954377298E-05   1.00000000000000000E+09   1.99560164306702759E-01   3.11439716186102652E-11   2.00242572623518722E+00   2.77924674696544704E-04   8.19248602690171655E-05   4.83027581489220784E-07   4.76820698819999956E+06   2.04336485500000007E+07   1.93048302297741563E-07   1.35779510155657934E-15   1.74532824149955608E-18   1.11076237231762844E-04   3.27203322109631032E-05   3.80050638529562583E-13   1.10000100329091862E-08   3.76374292990458934E-26   7.62622102994998690E-13
  1.82230317802877906E-01   1.58259723831876087E-01   1.85034013918898040E+02   7.13322264928732262E+18   4.27358181331801432E-05   1.00000000000000000E+09   1.99560164358362713E-01   4.26071383344187215E-11   2.00242572584120726E+00   2.77924674516915498E-04   8.19248602141138587E-05   4.83027581154490516E-07   4.76820698819999956E+06   2.04336485500000007E+07   1.93048293868864480E-07   1.64919664004299003E-15   1.74924405717193028E-18   1.11076232002907288E-04   3.27203115642218557E-05   4.64811173211378120E-13   1.10082086321306765E-08   4.32454030488767123E-26   9.40732679755564235E-13
  1.43512810695328202E-01   1.58339651472666154E-01   1.85034013918898040E+02   5.61766474457979597E+18   3.36559659845940068E-05   1.00000000000000000E+09   1.99560164423527892E-01   5.80308522163244350E-11   2.00242572534079466E+00   2.77924674288753607E-04   8.19248601443766468E-05   4.83027580729356527E-07   4.76820698819999956E+06   2.04336485500000007E+07   1.93048283151343496E-07   2.01868922017955836E-15   1.75422314325114980E-18   1.11076225297046744E-04   3.27202853049620609E-05   5.72586927662615459E-13   1.10186125120132481E-08   6.74166161425771591E-26   1.16774836247992957E-12
  1.13048656032969486E-01   1.58419579092515972E-01   1.85034013918898040E+02   4.42517602673650586E+18   2.65116521888178548E-05   1.00000000000000000E+09   1.99560164505741988E-01   7.86571955453896777E-11   2.00242572470535407E+00   2.77924673999018195E-04   8.19248600558194063E-05   4.83027580189521995E-07   4.76820698819999956E+06   2.04336485500000007E+07   1.93048269527093402E-07   2.48703871697723737E-15   1.76055266172078865E-18   1.11076216692683753E-04   3.27202519175020143E-05   7.09593719979979236E-13   1.10318094535251663E-08   1.09007920596659668E-25   1.45702503788714765E-12
  8.90727118106997423E-02   1.58499506693116438E-01   1.85034013918898040E+02   3.48666178593193216E+18   2.08889237404865113E-05   1.00000000000000000E+09   1.99560164609484614E-01   1.06090014203926608E-10   2.00242572389864737E+00   2.77924673631181846E-04   8.19248599433904193E-05   4.83027579504198543E-07   4.76820698819999956E+06   2.04336485500000007E+07   1.93048252212009789E-07   3.08048451993902015E-15   1.76859691090802989E-18   1.11076205646301954E-04   3.27202094800117587E-05   8.83717037070213131E-13   1.10485419769524417E-08   1.77902876665470981E-25   1.82555212597147319E-12
  7.01985796244023325E-02   1.58579434274309539E-01   1.85034013918898040E+02   2.74785284996456448E+18   1.64626488460339483E-05   1.00000000000000000E+09   1.99560164740418405E-01   1.42397241255052945E-10   2.00242572287476239E+00   2.77924673164305146E-04   8.19248598006896267E-05   4.83027578634380092E-07   4.76820698819999956E+06   2.04336485500000007E+07   1.93048230211616368E-07   3.83217000513259106E-15   1.77881793306282894E-18   1.11076191456565545E-04   3.27201555562765646E-05   1.10495809969631918E-12   1.10697474180546725E-08   2.90965513909122198E-25   2.29493577698303698E-12
  5.53370746358904375E-02   1.58659361835198298E-01   1.85034013918898040E+02   2.16611417297217075E+18   1.29773968738948535E-05   1.00000000000000000E+09   1.99560164905700388E-01   1.90242721818208722E-10   2.00242572157554699E+00   2.77924672571865962E-04   8.19248596196101101E-05   4.83027577530658892E-07   4.76820698819999956E+06   2.04336485500000007E+07   1.93048202264929818E-07   4.78394382293403747E-15   1.79180159735815571E-18   1.11076173217957642E-04   3.27200870588353318E-05   1.38599844669994524E-12   1.10966081438506202E-08   4.75370617193162922E-25   2.89264569340810010E-12
  4.36323026054834459E-02   1.58739289375824350E-01   1.85034013918898040E+02   1.70794263511446016E+18   1.02324474334340579E-05   1.00000000000000000E+09   1.99560165114374660E-01   2.53056851385541879E-10   2.00242571992736362E+00   2.77924671820277338E-04   8.19248593898859792E-05   4.83027576130467161E-07   4.76820698819999956E+06   2.04336485500000007E+07   1.93048166773427070E-07   5.98862732845965534E-15   1.80829060513957775E-18   1.11076149760795092E-04   3.27200000751579840E-05   1.74291435597721617E-12   1.11306143795135272E-08   7.74532744155989793E-25   3.65359525726871815E-12
  3.44115294357296569E-02   1.58819216896327553E-01   1.85034013918898040E+02   1.34700473624311322E+18   8.07003401031611963E-06   1.00000000000000000E+09   1.99560165377865778E-01   3.35258339844668082E-10   2.00242571783698731E+00   2.77924670867018327E-04   8.19248590985201166E-05   4.83027574354593872E-07   4.76820698819999956E+06   2.04336485500000007E+07   1.93048121711183062E-07   7.51286774833707860E-15   1.82922624445268789E-18   1.11076119573728880E-04   3.27198896458376871E-05   2.19608064946465222E-12   1.11736426796948467E-08   1.25784842133370168E-24   4.62214268050476688E-12
  2.71458577171569265E-02   1.58899144398307601E-01   1.85034013918898040E+02   1.06259731880518515E+18   6.36612201041297846E-06   1.00000000000000000E+09   1.99560165710599313E-01   4.42542700654378795E-10   2.00242571518642443E+00   2.77924669658267726E-04   8.19248587290616787E-05   4.83027572102776157E-07   4.76820698819999956E+06   2.04336485500000007E+07   1.93048064511215184E-07   9.44072704074604037E-15   1.85580120043135643E-18   1.11076080703828987E-04   3.27197494808191387E-05   2.77131380967700787E-12   1.12280537478014146E-08   2.03685873159806406E-24   5.85462350974456036E-12
  2.14193730620560775E-02   1.58979071879647327E-01   1.85034013918898040E+02   8.38439832086931840E+17   5.02317309954545488E-06   1.00000000000000000E+09   1.99560166130781924E-01   5.82256307648660440E-10   2.00242571182636642E+00   2.77924668125919692E-04   8.19248582606931300E-05   4.83027569248141082E-07   4.76820698819999956E+06   2.04336485500000007E+07   1.93047991921768798E-07   1.18781943818060283E-14   1.88952633285734818E-18   1.11076030628138689E-04   3.27195715967434781E-05   3.50131742506473900E-12   1.12968140962809501E-08   3.29305133779276263E-24   7.42255318602455973E-12
  1.69049300871090998E-02   1.59058999339403567E-01   1.85034013918898040E+02   6.61726498838828032E+17   3.96446664321218443E-06   1.00000000000000000E+09   1.99560166661381128E-01   7.63876506818968404E-10   2.00242570756792571E+00   2.77924666183812085E-04   8.19248576670776683E-05   4.83027565630177491E-07   4.76820698819999956E+06   2.04336485500000007E+07   1.93047899824638773E-07   1.49588577031999487E-14   1.93231509459238482E-18   1.11075966089151294E-04   3.27193458570427083E-05   4.42750948389910194E-12   1.13836469563805143E-08   5.32657319583291120E-24   9.41667400476726723E-12
  1.33451446192173317E-02   1.59138926782036588E-01   1.85034013918898040E+02   5.22382274275507840E+17   3.12964208589963767E-06   1.00000000000000000E+09   1.99560167331357730E-01   9.99617266649383898E-10   2.00242570217220139E+00   2.77924663722965563E-04   8.19248569149037782E-05   4.83027561045867891E-07   4.76820698819999956E+06   2.04336485500000007E+07   1.93047783005554448E-07   1.88510291248509652E-14   1.98659022551289279E-18   1.11075882884987615E-04   3.27190593974109430E-05   5.60233183635530832E-12   1.14932188864379299E-08   8.63934622227480564E-24   1.19520657077898457E-11
  1.05374691459604163E-02   1.59218854202204330E-01   1.85034013918898040E+02   4.12478639583122752E+17   2.47119891419092105E-06   1.00000000000000000E+09   1.99560168177217612E-01   1.30518134158283431E-09   2.00242569533710757E+00   2.77924660605574181E-04   8.19248559620480910E-05   4.83027555238493961E-07   4.76820698819999956E+06   2.04336485500000007E+07   1.93047634864052954E-07   2.37666935394306584E-14   2.05541856745859721E-18   1.11075775603105493E-04   3.27186959174816485E-05   7.09216835471480945E-12   1.16313696816612193E-08   1.40680875295048909E-23   1.51745956153253928E-11
  8.32247153057302444E-03   1.59298781604315515E-01   1.85034013918898040E+02   3.25774783996973760E+17   1.95174783477410634E-06   1.00000000000000000E+09   1.99560169244962116E-01   1.70069314213092663E-09   2.00242568668076082E+00   2.77924656657423347E-04   8.19248547552574151E-05   4.83027547883508251E-07   4.76820698819999956E+06   2.04336485500000007E+07   1.93047447046979652E-07   2.99727428248933790E-14   2.14268137119086553E-18   1.11075637284052762E-04   3.27182348057143829E-05   8.98103134171793502E-12   1.18053944223208175E-08   2.29870438699135327E-23   1.92690559833712330E-11
  6.57462726133818589E-03   1.59378708985964346E-01   1.85034013918898040E+02   2.57357176657784352E+17   1.54185141501094775E-06   1.00000000000000000E+09   1.99560170592536751E-01   2.21187130293604422E-09   2.00242567572050323E+00   2.77924651658320598E-04   8.19248532272231377E-05   4.83027538570711762E-07   4.76820698819999956E+06   2.04336485500000007E+07   1.93047208985620225E-07   3.78050747912977870E-14   2.25328938772559498E-18   1.11075458998899330E-04   3.27176500389934227E-05   1.13752173262423168E-11   1.20243877358108955E-08   3.76189333894433933E-23   2.44694273941340580E-11
  5.19508449317932029E-03   1.59458636347136112E-01   1.85034013918898040E+02   2.03356361435939072E+17   1.21832737368169988E-06   1.00000000000000000E+09   1.99560172292895438E-01   2.87152458298561387E-09   2.00242566184646975E+00   2.77924645330030926E-04   8.19248512928922955E-05   4.83027526781774118E-07   4.76820698819999956E+06   2.04336485500000007E+07   1.93046907311260257E-07   4.76862816001895889E-14   2.39345445581927944E-18   1.11075229320207263E-04   3.27169087734487289E-05   1.44091857550075175E-11   1.22996614455971837E-08   6.18488248458241950E-23   3.10718226793634637E-11
  4.10597784226239722E-03   1.59538563688330554E-01   1.85034013918898040E+02   1.60724376135810464E+17   9.62915078180884080E-07   1.00000000000000000E+09   1.99560174437829668E-01   3.72147096628716503E-09   2.00242564428823089E+00   2.77924637321056312E-04   8.19248488448136498E-05   4.83027511861881463E-07   4.76820698819999956E+06   2.04336485500000007E+07   1.93046525117413476E-07   6.01478340284653073E-14   2.57103234321979610E-18   1.11074933661246190E-04   3.27159695274580194E-05   1.82529800173755294E-11   1.26452474919449330E-08   1.44157084760068195E-22   3.94508123272483606E-11
  3.24595833059945684E-03   1.59618491009806268E-01   1.85034013918898040E+02   1.27059776669660448E+17   7.61227247632234140E-07   1.00000000000000000E+09   1.99560177142747208E-01   4.81499014396110319E-09   2.00242562207276631E+00   2.77924627187454509E-04   8.19248457472717870E-05   4.83027492984000781E-07   4.76820698819999956E+06   2.04336485500000007E+07   1.93046041028713474E-07   7.58578944719568548E-14   2.79595543279545589E-18   1.11074553451085878E-04   3.27147798499990091E-05   2.31215932175753250E-11   1.30784979574181578E-08   2.60932703687654750E-21   5.00800168557789664E-11
  2.56667853464515039E-03   1.59698418311580159E-01   1.85034013918898040E+02   1.00470051731870704E+17   6.01925666062084807E-07   1.00000000000000000E+09   1.99560180552625061E-01   6.21992650374604060E-09   2.00242559397147390E+00   2.77924614368655427E-04   8.19248418288909627E-05   4.83027469103827798E-07   4.76820698819999956E+06   2.04336485500000007E+07   1.93045428026033091E-07   9.56561742135386270E-14   3.08077866716394944E-18   1.11074065103667561E-04   3.27132733657775751E-05   2.92867855175699225E-11   1.36207926593888582E-08   6.65909842214156372E-20   6.35580832131245419E-11
  2.03002816177508955E-03   1.59778345593426546E-01   1.85034013918898040E+02   7.94634122184277440E+16   4.76072882477021506E-07   1.00000000000000000E+09   1.99560184849419120E-01   8.02256158383254250E-09   2.00242555843340897E+00   2.77924598156990442E-04   8.19248368733142964E-05   4.83027438903022012E-07   4.76820698819999956E+06   2.04336485500000007E+07   1.93044651963817162E-07   1.20597603286567918E-13   3.44136820358992987E-18   1.11073438726522693E-04   3.27113660954441810E-05   3.70919912138844823E-11   1.42983613080516465E-08   9.99118197338463113E-19   8.06414519659010595E-11
  1.60595931910419566E-03   1.59858272854875277E-01   1.85034013918898040E+02   6.28636635604176080E+16   3.76622202883894697E-07   1.00000000000000000E+09   1.99560190261264064E-01   1.03323740907625825E-08   2.00242551350117859E+00   2.77924577659302801E-04   8.19248306074585558E-05   4.83027400717690113E-07   4.76820698819999956E+06   2.04336485500000007E+07   1.93043669696183323E-07   1.52007021540087523E-13   3.89776949391480829E-18   1.11072636498961322E-04   3.27089519630685877E-05   4.69711188771472196E-11   1.51432206591936827E-08   9.30818652926589751E-18   1.02285679962685744E-10
  1.27077527783316709E-03   1.59938200095211147E-01   1.85034013918898040E+02   4.97432211241568880E+16   2.98016379154812223E-07   1.00000000000000000E+09   1.99560197073873347E-01   1.32877689762233968E-08   2.00242545670500105E+00   2.77924551748591779E-04   8.19248226867168837E-05   4.83027352448302651E-07   4.76820698819999956E+06   2.04336485500000007E+07   1.93042426699305292E-07   1.91547646122284178E-13   4.47529859894266520E-18   1.11071610629460835E-04   3.27058974573161509E-05   5.94722554931958860E-11   1.61942161921149723E-08   5.87213675809667072E-17   1.29697496926333283E-10
  1.00578362972830065E-03   1.60018127318168502E-01   1.85034013918898040E+02   3.93703893751702880E+16   2.35871753463621644E-07   1.00000000000000000E+09   1.99560205644648131E-01   1.70627001103951000E-08   2.00242538492932587E+00   2.77924519003122682E-04   8.19248126763201702E-05   4.83027291446263409E-07   4.76820698819999956E+06   2.04336485500000007E+07   1.93040854042786481E-07   2.41306739030032146E-13   5.20590262966339577E-18   1.11070300776097813E-04   3.27020355935432695E-05   7.52875463337732558E-11   1.74981413704679557E-08   2.70421758817289237E-16   1.64400158230071986E-10
  7.96235990468638051E-04   1.60098054518896749E-01   1.85034013918898040E+02   3.11678576313107680E+16   1.86729602379197980E-07   1.00000000000000000E+09   1.99560216420111763E-01   2.18739340500989052E-08   2.00242529424490190E+00   2.77924477629762324E-04   8.19248000278624766E-05   4.83027214371094462E-07   4.76820698819999956E+06   2.04336485500000007E+07   1.93038864537938047E-07   3.03902703369647090E-13   6.12982576849906755E-18   1.11068630779808582E-04   3.26971595412872676E-05   9.52908495925702514E-11   1.91108847690856644E-08   9.68241606775346296E-16   2.08314852237950457E-10
  6.30493088201647357E-04   1.60177981701295657E-01   1.85034013918898040E+02   2.46800182933559800E+16   1.47860337263813289E-07   1.00000000000000000E+09   1.99560229957325280E-01   2.79889102596215949E-08   2.00242517969744016E+00   2.77924425367483618E-04   8.19247840497424994E-05   4.83027117010685191E-07   4.76820698819999956E+06   2.04336485500000007E+07   1.93036347878103727E-07   3.82618818800479640E-13   7.29759723210348297E-18   1.11066504515156618E-04   3.26910161534847075E-05   1.20585175252364488E-10   2.10985265558375952E-08   2.83854075290566978E-15   2.63860881987430150E-10
  4.99367172243664662E-04   1.60257908861873521E-01   1.85034013918898040E+02   1.95472260944650440E+16   1.17109288978224235E-07   1.00000000000000000E+09   1.99560246949893799E-01   3.57348681728835733E-08   2.00242503504166081E+00   2.77924359365928539E-04   8.19247638699469342E-05   4.83026994055082294E-07   4.76820698819999956E+06   2.04336485500000007E+07   1.93033164555289010E-07   4.81570073175090813E-13   8.77233917828897884E-18   1.11063800604968392E-04   3.26832990577011480E-05   1.52562431694403883E-10   2.35382717662862219E-08   7.10396458602639751E-15   3.34077326178543490E-10
  3.95603960106703898E-04   1.60337836003343948E-01   1.85034013918898040E+02   1.54855194371851820E+16   9.27752164747582989E-08   1.00000000000000000E+09   1.99560268259145884E-01   4.55105117954037639E-08   2.00242485240675938E+00   2.77924276032620512E-04   8.19247383892004474E-05   4.83026838811897725E-07   4.76820698819999956E+06   2.04336485500000007E+07   1.93029138259213124E-07   6.05911161327141048E-13   1.06323875393456330E-17   1.11060365673750121E-04   3.26736405680732995E-05   1.92978645445341713E-10   2.65190684592750706E-08   1.56935295725144729E-14   4.22769327934651133E-10
  3.13474417198684888E-04   1.60417763125078550E-01   1.85034013918898040E+02   1.22706410200777740E+16   7.35145728450784744E-08   1.00000000000000000E+09   1.99560294951200035E-01   5.78011618660299351E-08   2.00242462187561987E+00   2.77924170840767616E-04   8.19247062219928969E-05   4.83026642848323455E-07   4.76820698819999956E+06   2.04336485500000007E+07   1.93024046350168903E-07   7.62095759181403315E-13   1.29742226220319954E-17   1.11056005734296110E-04   3.26616022429794355E-05   2.44048615094140115E-10   3.01417136387533596E-08   3.14301592838350391E-14   5.34683314908900056E-10
  2.48453007837798486E-04   1.60497690226190814E-01   1.85034013918898040E+02   9.72544329703274000E+15   5.82660502239823018E-08   1.00000000000000000E+09   1.99560328340937843E-01   7.31969372107005971E-08   2.00242433095573436E+00   2.77924038087540585E-04   8.19246656223572101E-05   4.83026395540935043E-07   4.76820698819999956E+06   2.04336485500000007E+07   1.93017607894601145E-07   9.58199650690078553E-13   1.59156999437892008E-17   1.11050475220347803E-04   3.26466655963067814E-05   3.08564932667295592E-10   3.45182017476330681E-08   5.82764997323582171E-14   6.75717184018811687E-10
  1.96964041211377782E-04   1.60577617306907061E-01   1.85034013918898040E+02   7.70995944475037900E+15   4.61910940073871696E-08   1.00000000000000000E+09   1.99560370044233215E-01   9.24117894776034675E-08   2.00242396391408173E+00   2.77923870590126589E-04   8.19246143904632523E-05   4.83026083509644514E-07   4.76820698819999956E+06   2.04336485500000007E+07   1.93009468700271607E-07   1.20432325976869316E-12   1.95995424406421300E-17   1.11043463095132785E-04   3.26282264851664842E-05   3.90047468843881414E-10   3.97700338332776338E-08   1.01647312235321618E-13   8.53173398891895006E-10
  1.56181653761415772E-04   1.60657544367203781E-01   1.85034013918898040E+02   6.11357387423975200E+15   3.66269956391491411E-08   1.00000000000000000E+09   1.99560422040120450E-01   1.16300088830780467E-07   2.00242350094117816E+00   2.77923659303597735E-04   8.19245497550814480E-05   4.83025689906130843E-07   4.76820698819999956E+06   2.04336485500000007E+07   1.92999182763647760E-07   1.51309287698416699E-12   2.41970154004724203E-17   1.11034575360352916E-04   3.26055981476809664E-05   4.92930783550945680E-10   4.60252138597147794E-08   1.68740446251142166E-13   1.07606478672878041E-09
  1.23872049362650329E-04   1.60737471406805388E-01   1.85034013918898040E+02   4.84884688113812900E+15   2.90498955015323357E-08   1.00000000000000000E+09   1.99560486745325172E-01   1.45866658174423667E-07   2.00242291710066933E+00   2.77923392840567437E-04   8.19244682257054107E-05   4.83025193519497255E-07   4.76820698819999956E+06   2.04336485500000007E+07   1.92986189494688340E-07   1.90028474502670861E-12   2.99116825924149882E-17   1.11023313149813694E-04   3.25780289056456303E-05   6.22798545309260385E-10   5.34137678913276613E-08   2.68817444396411506E-13   1.35548466871741952E-09
  9.82690403744853480E-05   1.60817398425182057E-01   1.85034013918898040E+02   3.84664282526943500E+15   2.30455953737270762E-08   1.00000000000000000E+09   1.99560567105342090E-01   1.82265975973523303E-07   2.00242218100978508E+00   2.77923056867480033E-04   8.19243654065305785E-05   4.83024567652429500E-07   4.76820698819999956E+06   2.04336485500000007E+07   1.92969786007379382E-07   2.38560247465090198E-12   3.69831499787670741E-17   1.11009045422592100E-04   3.25447405911787678E-05   7.86676115361236266E-10   6.20618942447500405E-08   4.13394607517504092E-13   1.70505506551569349E-09
  7.79758372935246457E-05   1.60897325425032822E-01   1.85034013918898040E+02   3.05228578529389450E+15   1.82865265915244608E-08   1.00000000000000000E+09   1.99560666708971879E-01   2.26790336495109375E-07   2.00242125318203268E+00   2.77922633345934942E-04   8.19242357625068042E-05   4.83023778709167999E-07   4.76820698819999956E+06   2.04336485500000007E+07   1.92949093705194219E-07   2.99364618769181593E-12   4.56907322349643496E-17   1.10990975024711922E-04   3.25049890029142588E-05   9.93395322685718902E-10   7.20852987837613023E-08   6.16349003898776294E-13   2.14146924126511110E-09
  6.18875330630476271E-05   1.60977252402981413E-01   1.85034013918898040E+02   2.42252528490557050E+15   1.45135714226676861E-08   1.00000000000000000E+09   1.99560789936089583E-01   2.80857336836329163E-07   2.00242008394621651E+00   2.77922099579371333E-04   8.19240723251957832E-05   4.83022784421682681E-07   4.76820698819999956E+06   2.04336485500000007E+07   1.92923018415437710E-07   3.75512152216842175E-12   5.63570083025856568E-17   1.10968096469964028E-04   3.24581361805092588E-05   1.25404932768938794E-09   8.35827627320975891E-08   8.93956204489058179E-13   2.68514782693903058E-09
  4.91299070649705216E-05   1.61057179359345826E-01   1.85034013918898040E+02   1.92314083659955300E+15   1.15217116590409605E-08   1.00000000000000000E+09   1.99560942150943499E-01   3.46017787023271215E-07   2.00241861083404249E+00   2.77921427015250455E-04   8.19238663230558491E-05   4.83021531621618993E-07   4.76820698819999956E+06   2.04336485500000007E+07   1.92890203516624900E-07   4.70834846315393893E-12   6.93512593513204199E-17   1.10939143201970535E-04   3.24037129757406223E-05   1.58256005367881131E-09   9.66312717044116081E-08   1.26482485145500851E-12   3.36103119233434551E-09
  3.90111017160369296E-05   1.61137106295532850E-01   1.85034013918898040E+02   1.52705037059476350E+15   9.14869603302217215E-09   1.00000000000000000E+09   1.99561129955655808E-01   4.24006138861542373E-07   2.00241675530141938E+00   2.77920579740090646E-04   8.19236067168700982E-05   4.83019953442018249E-07   4.76820698819999956E+06   2.04336485500000007E+07   1.92848975946544413E-07   5.90114424228388321E-12   8.50928314108969959E-17   1.10902521479381286E-04   3.23414496077474228E-05   1.99638544199396180E-09   1.11283874688992070E-07   1.74956711882826685E-12   4.19953451145690071E-09
  3.09834550527803129E-05   1.61217033209865579E-01   1.85034013918898040E+02   1.21281620973048600E+15   7.26608937012147599E-09   1.00000000000000000E+09   1.99561361520730646E-01   5.16845287984508223E-07   2.00241441861445413E+00   2.77919512588594461E-04   8.19232796161198579E-05   4.83017965803154334E-07   4.76820698819999956E+06   2.04336485500000007E+07   1.92797285662455843E-07   7.39317155988738051E-12   1.04054603510805251E-16   1.10856227640724424E-04   3.22712631918993962E-05   2.51739853215126504E-09   1.27570806118114545E-07   2.36994012462586997E-12   5.23769577989831597E-09
  2.46133478627999630E-05   1.61296960101297321E-01   1.85034013918898040E+02   9.63464765723739875E+14   5.77220127677283869E-09   1.00000000000000000E+09   1.99561647010625537E-01   6.27002984946765903E-07   2.00241147668858366E+00   2.77918168767838562E-04   8.19228675459159576E-05   4.83015462999600253E-07   4.76820698819999956E+06   2.04336485500000007E+07   1.92732639703601758E-07   9.25886150695807453E-12   1.26767039629556049E-16   1.10797746581804804E-04   3.21932065237035358E-05   3.17297444944409929E-09   1.45503467713819893E-07   3.14754817644695418E-12   6.52054989520522251E-09
  1.95573769220975978E-05   1.61376886972231126E-01   1.85034013918898040E+02   7.65553864490668125E+14   4.58649839794027451E-09   1.00000000000000000E+09   1.99561999122593398E-01   7.57580656379569846E-07   2.00240777361601019E+00   2.77916476871987929E-04   8.19223485263062372E-05   4.83012312158812382E-07   4.76820698819999956E+06   2.04336485500000007E+07   1.92652032094678332E-07   1.15910274134794483E-11   1.53823613022153978E-16   1.10723936956255993E-04   3.21073934595953790E-05   3.99732121546550886E-09   1.65079904624821625E-07   4.10367936165957619E-12   8.10275901872601491E-09
  1.55435227626776388E-05   1.61456813820401363E-01   1.85034013918898040E+02   6.08435577335607250E+14   3.64518796932487148E-09   1.00000000000000000E+09   1.99562433756831137E-01   9.12489134275726187E-07   2.00240311354999934E+00   2.77914347130975043E-04   8.19216949159662730E-05   4.83008346282651682E-07   4.76820698819999956E+06   2.04336485500000007E+07   1.92551872038983369E-07   1.45052363923523534E-11   1.85887992880699358E-16   1.10630931617082214E-04   3.20139213823244544E-05   5.03307552216195653E-09   1.86289706076270077E-07   5.26362916198987814E-12   1.00505049265945758E-08
  1.23562615894254105E-05   1.61536740645026849E-01   1.85034013918898040E+02   4.83673441899777812E+14   2.89772633343955685E-09   1.00000000000000000E+09   1.99562970838298520E-01   1.09653301863267911E-06   2.00239725053141226E+00   2.77911666696577708E-04   8.19208719599906905E-05   4.83003355509286042E-07   4.76820698819999956E+06   2.04336485500000007E+07   1.92427919524883664E-07   1.81448065740687382E-11   2.23701302868911767E-16   1.10514114130941317E-04   3.19128119631274869E-05   6.33313645608394486E-09   2.09116147371192769E-07   6.66734793657335564E-12   1.24435780569418097E-08
  9.82479258700064358E-06   1.61616667445483864E-01   1.85034013918898040E+02   3.84581631921164312E+14   2.30405806245848712E-09   1.00000000000000000E+09   1.99563635320511523E-01   1.31532406874423363E-06   2.00238987573886007E+00   2.77908293719679434E-04   8.19198359661736577E-05   4.82997076139982840E-07   4.76820698819999956E+06   2.04336485500000007E+07   1.92275250456156491E-07   2.26858591905652962E-11   2.68084467007877007E-16   1.10368237152182831E-04   3.18039860724067251E-05   7.96260880791668188E-09   2.33534185392530382E-07   8.38194482975511246E-12   1.53774782546546549E-08
  7.81372656758142518E-06   1.61696594220747891E-01   1.85034013918898040E+02   3.05860473708341812E+14   1.83243230295728128E-09   1.00000000000000000E+09   1.99564458421673308E-01   1.57500465478566806E-06   2.00238060151404929E+00   2.77904049911149365E-04   8.19185320151162848E-05   4.82989176858737025E-07   4.76820698819999956E+06   2.04336485500000007E+07   1.92088284301231985E-07   2.83412250749061598E-11   3.19928982655622476E-16   1.10187697960585236E-04   3.16872758014220888E-05   1.00005713779298439E-08   2.59504492024538072E-07   1.05065623287800148E-11   1.89652226583318565E-08
  6.21571967048703806E-06   1.61776520969426518E-01   1.85034013918898040E+02   2.43308099715329938E+14   1.45767526473661223E-09   1.00000000000000000E+09   1.99565479168760329E-01   1.88184899616190272E-06   2.00236894135190546E+00   2.77898711203028166E-04   8.19168910857966554E-05   4.82979241426823238E-07   4.76820698819999956E+06   2.04336485500000007E+07   1.91860904551196178E-07   3.53614830230001037E-11   3.80172110236059218E-16   1.09966912164061349E-04   3.15624622384560826E-05   1.25412118062089791E-08   2.86965277706385457E-07   1.31638740290650200E-11   2.33385033900984680E-08
  4.94564447465894833E-06   1.61856447692818733E-01   1.85034013918898040E+02   1.93592282597680781E+14   1.15982325627004686E-09   1.00000000000000000E+09   1.99566746347698776E-01   2.24185340672763248E-06   2.00235428484287858E+00   2.77891996032750472E-04   8.19148264486520289E-05   4.82966746952206743E-07   4.76820698819999956E+06   2.04336485500000007E+07   1.91586682552651376E-07   4.40314171023099561E-11   4.49758566142871503E-16   1.09700689482787091E-04   3.14293211833052125E-05   1.56937519215129131E-08   3.15824387104679624E-07   1.64828545669433335E-11   2.86478726810432573E-08
  3.93597659588274979E-06   1.61936374386230764E-01   1.85034013918898040E+02   1.54069848197193094E+14   9.23040769967624530E-10   1.00000000000000000E+09   1.99568320975245572E-01   2.66040348991829873E-06   2.00233586630290761E+00   2.77883550656205023E-04   8.19122291412503241E-05   4.82951036606891714E-07   4.76820698819999956E+06   2.04336485500000007E+07   1.91259186986982820E-07   5.46609231326310747E-11   5.29596257001533931E-16   1.09384536407251281E-04   3.12876627150641279E-05   1.95806002930763280E-08   3.45953840314814675E-07   2.05843314845915973E-11   3.50617184957312827E-08
  3.13314247132386445E-06   1.62016301047480243E-01   1.85034013918898040E+02   1.22643713238031188E+14   7.34763980821223673E-10   1.00000000000000000E+09   1.99570279425499819E-01   3.14205046297347891E-06   2.00231272551239803E+00   2.77872930749471390E-04   8.19089622954714456E-05   4.82931285382998811E-07   4.76820698819999956E+06   2.04336485500000007E+07   1.90872338615102725E-07   6.75706386385096706E-11   6.20515044567337283E-16   1.09014859329253125E-04   3.11373589302380943E-05   2.43333432052168367E-08   3.77188058223052099E-07   2.55781697505446876E-11   4.27638795973284974E-08
  2.49462741072707690E-06   1.62096227677620219E-01   1.85034013918898040E+02   9.76496828973337188E+13   5.85022539529588543E-10   1.00000000000000000E+09   1.99572717367860114E-01   3.69038460397257849E-06   2.00228365859462487E+00   2.77859578376834582E-04   8.19048540276622224E-05   4.82906457127490939E-07   4.76820698819999956E+06   2.04336485500000007E+07   1.90420762056624171E-07   8.30738195998119958E-11   7.23235044072867061E-16   1.08589080128370817E-04   3.09783608291360681E-05   3.00864998428901479E-08   4.09325998407545629E-07   3.15728558776916801E-11   5.19498189956885797E-08
  1.98668513035430417E-06   1.62176154269881495E-01   1.85034013918898040E+02   7.77667928131213281E+13   4.65902422798290739E-10   1.00000000000000000E+09   1.99575754707953329E-01   4.30797898753331840E-06   2.00224715657750663E+00   2.77842793175121273E-04   8.18996885318865178E-05   4.82875250659689874E-07   4.76820698819999956E+06   2.04336485500000007E+07   1.89900092142682848E-07   1.01456807604296528E-10   8.38346963360539232E-16   1.08105689059669006E-04   3.08107077789086881E-05   3.69693611840873158E-08   4.42136675631214957E-07   3.86923441802069318E-11   6.28213496712563384E-08
  1.58252325692766410E-06   1.62256080823078769E-01   1.85034013918898040E+02   6.19462824597130781E+13   3.71120406072499895E-10   1.00000000000000000E+09   1.99579541770180113E-01   4.99638379625665714E-06   2.00220132857831468E+00   2.77821696320565642E-04   8.18931949280127334E-05   4.82836032235365687E-07   4.76820698819999956E+06   2.04336485500000007E+07   1.89307204655038995E-07   1.22960626084303786E-10   9.66303717536982257E-16   1.07564253967359447E-04   3.06345322939516649E-05   4.50966196409949070E-08   4.75367126368156364E-07   4.70944484462108890E-11   7.55800121709811804E-08
  1.26086556579270806E-06   1.62336007333027749E-01   1.85034013918898040E+02   4.93553154055739766E+13   2.95686886314974416E-10   1.00000000000000000E+09   1.99584267021095330E-01   5.75616528668273027E-06   2.00214380580065798E+00   2.77795185491127021E-04   8.18850333070966026E-05   4.82786750952571095E-07   4.76820698819999956E+06   2.04336485500000007E+07   1.88640354094132294E-07   1.47765850944303719E-10   1.10742076775400317E-15   1.06965393702775042E-04   3.04500611663709742E-05   5.45587803263189285E-08   5.08751730580247243E-07   5.69878967797781831E-11   9.04193398234142767E-08
  1.00481247527856408E-06   1.62415933793024575E-01   1.85034013918898040E+02   3.93323745102436406E+13   2.35638650480586413E-10   1.00000000000000000E+09   1.99590166708861622E-01   6.58699322677107229E-06   2.00207162160366403E+00   2.77761878599276895E-04   8.18747772817403780E-05   4.82724832869406822E-07   4.76820698819999956E+06   2.04336485500000007E+07   1.87899212365232304E-07   1.75982110303885722E-10   1.26188197964405387E-15   1.06310716235929564E-04   3.02576127208299807E-05   6.54134383635677222E-08   5.42021827114662045E-07   6.86483639858154059E-11   1.07516382145838563E-07
  9.99999999999999955E-07   1.62417625886990130E-01   1.85034013918898040E+02   3.91634227185800469E+13   2.34626447409535899E-10   1.00000000000000000E+09   1.99590322740365395E-01   6.60606353275712083E-06   2.00206970439272558E+00   2.77760992923653397E-04   8.18745044958263493E-05   4.82723186125598562E-07   4.76820698819999956E+06   2.04336485500000007E+07   1.87881970979696609E-07   1.76652384135597222E-10   1.26543580471017356E-15   1.06295727512855024E-04   3.02533781018130796E-05   6.56730949080388859E-08   5.42718190207798176E-07   6.89402540530552493E-11   1.07929348771626029E-07
  8.00937720800149527E-07   1.62495860196923886E-01   1.85034013918898040E+02   3.13519021399081680E+13   1.87827031780669783E-10   1.00000000000000000E+09   1.99597536888796306E-01   7.48778302317960280E-06   2.00198106175359891E+00   2.77720043530391440E-04   8.18618921834028885E-05   4.82647048589443170E-07   4.76820698819999956E+06   2.04336485500000007E+07   1.87084811999665862E-07   2.07642631579583839E-10   1.42974763214713960E-15   1.05602720841591654E-04   3.00575896270792583E-05   7.76783682499280435E-08   5.74914679979813498E-07   8.24358509005512457E-11   1.27022945021062372E-07
  6.38572094770895067E-07   1.62575786536715866E-01   1.85034013918898040E+02   2.49962628861236758E+13   1.49749935754202029E-10   1.00000000000000000E+09   1.99606748422897440E-01   8.45689556597200438E-06   2.00186747754978089E+00   2.77667510460496785E-04   8.18457078457981296E-05   4.82549347828766367E-07   4.76820698819999956E+06   2.04336485500000007E+07   1.86199405858073809E-07   2.42703396489801734E-10   1.61096107051907270E-15   1.04844667190437610E-04   2.98504670886038252E-05   9.13270286629232325E-08   6.07181031467902584E-07   9.88167979538306306E-11   1.49057012034100620E-07
  5.09235385305002337E-07   1.62655712802095759E-01   1.85034013918898040E+02   1.99335073772166406E+13   1.19418621225891275E-10   1.00000000000000000E+09   1.99618265687159735E-01   9.49239250945786344E-06   2.00172505277165147E+00   2.77601562522238358E-04   8.18253846666378948E-05   4.82426652967803266E-07   4.76820698819999956E+06   2.04336485500000007E+07   1.85246261667184569E-07   2.81045829121351239E-10   1.80535017066761299E-15   1.04040419173282781E-04   2.96367769242173286E-05   1.06286632231021439E-07   6.38590690973614839E-07   1.18395012745110663E-10   1.73694724821586515E-07
  4.06185748746387057E-07   1.62735638979925185E-01   1.85034013918898040E+02   1.58997329188090801E+13   9.52520212897401374E-11   1.00000000000000000E+09   1.99632669900354859E-01   1.05923402525903338E-05   2.00154651325519461E+00   2.77518799615362349E-04   8.17998713417095809E-05   4.82272601767890796E-07   4.76820698819999956E+06   2.04336485500000007E+07   1.84229413501602844E-07   3.22481578760890178E-10   2.01261918836624195E-15   1.03194275433303527E-04   2.94170887196907937E-05   1.22438490568904125E-07   6.68935836297874213E-07   1.41956405547449073E-10   2.00963137436404363E-07
  3.24062158677862731E-07   1.62815565053559042E-01   1.85034013918898040E+02   1.26850875196210996E+13   7.59928921420044897E-11   1.00000000000000000E+09   1.99650688208851207E-01   1.17551539918619917E-05   2.00132276529805786E+00   2.77414968992417579E-04   8.17678523084343107E-05   4.82079227256705869E-07   4.76820698819999956E+06   2.04336485500000007E+07   1.83153393076684323E-07   3.66757844019200366E-10   2.23232570671094357E-15   1.02310800662196687E-04   2.91919896498528193E-05   1.39620037165056947E-07   6.98031930192339183E-07   1.70533739915147055E-10   2.30833754005576993E-07
  2.58600642759165666E-07   1.62895491002902210E-01   1.85034013918898040E+02   1.01226622676767793E+13   6.06412662759516568E-11   1.00000000000000000E+09   1.99673229932824658E-01   1.29799747142336564E-05   2.00104244592968472E+00   2.77284754868422690E-04   8.17276825145695450E-05   4.81836560229114836E-07   4.76820698819999956E+06   2.04336485500000007E+07   1.82022961483925122E-07   4.13561752608094688E-10   2.46383637213485411E-15   1.01394671331984725E-04   2.89620646605566245E-05   1.57627829144664177E-07   7.25716365072616729E-07   2.05498641694995495E-10   2.63216651231905311E-07
  2.06409029202073452E-07   1.62975416804661266E-01   1.85034013918898040E+02   8.07967400745204883E+12   4.84016270675328390E-11   1.00000000000000000E+09   1.99701431710489680E-01   1.42670769734952309E-05   2.00069136427791205E+00   2.77121517688914379E-04   8.16773066384120201E-05   4.81532136866763273E-07   4.76820698819999956E+06   2.04336485500000007E+07   1.80842857159774168E-07   4.62522484750040213E-10   2.70625421473187779E-15   1.00450546860188578E-04   2.87278784295335480E-05   1.76220949017831182E-07   7.51845131837052324E-07   2.48687480414959641E-10   2.97954815862576148E-07
  1.64788098569841009E-07   1.63055342422871591E-01   1.85034013918898040E+02   6.45046450680567285E+12   3.86409661068562808E-11   1.00000000000000000E+09   1.99736713681282180E-01   1.56183122416471144E-05   2.00025180873396913E+00   2.76916971844916164E-04   8.16141593321838347E-05   4.81150390692781341E-07   4.76820698819999956E+06   2.04336485500000007E+07   1.79617569636111327E-07   5.13210040444852668E-10   2.95831023552041755E-15   9.94829733804612694E-05   2.84899600284373022E-05   1.95124526020412485E-07   7.76287954399856529E-07   3.02561791070142841E-10   3.34818213603999613E-07
  1.31589548964765105E-07   1.63135267822204055E-01   1.85034013918898040E+02   5.15094064699118750E+12   3.08554738230596324E-11   1.00000000000000000E+09   1.99780849340555067E-01   1.70375982074805465E-05   1.99970168930006453E+00   2.76660788578741610E-04   8.15350424528110262E-05   4.80671904564870867E-07   4.76820698819999956E+06   2.04336485500000007E+07   1.78351142954527694E-07   5.65129763245258732E-10   3.21821390273039469E-15   9.84963241489383905E-05   2.82487907603321208E-05   2.14033486930469409E-07   7.98922431414882178E-07   3.70386222015137460E-10   3.73497047203332467E-07
  1.05103171862188825E-07   1.63215192948423571E-01   1.85034013918898040E+02   4.11415803406705859E+12   2.46440804476661971E-11   1.00000000000000000E+09   1.99836052292987398E-01   1.85314655843913725E-05   1.99901347837929722E+00   2.76340108670052585E-04   8.14359746135574563E-05   4.80072494900775419E-07   4.76820698819999956E+06   2.04336485500000007E+07   1.77047009154238681E-07   6.17711958377285851E-10   3.48346324026804016E-15   9.74947790904738825E-05   2.80047954145825728E-05   2.32617017900473401E-07   8.19627772705833408E-07   4.56370612224560370E-10   4.13593646321670692E-07
  8.39672111658130500E-08   1.63295117743042201E-01   1.85034013918898040E+02   3.28681209420581885E+12   1.96874337972832517E-11   1.00000000000000000E+09   1.99905083846533604E-01   2.01096680546880562E-05   1.99815290640404086E+00   2.75938947408565268E-04   8.13120077927955803E-05   4.79322097208240631E-07   4.76820698819999956E+06   2.04336485500000007E+07   1.75707851222331209E-07   6.70296268701022844E-10   3.75062735646855732E-15   9.64823450509072012E-05   2.77583370473827209E-05   2.50524453463556200E-07   8.38278698073782606E-07   5.65666764039827185E-10   4.54612467609152553E-07
  6.70971258918844125E-08   1.63375042126972292E-01   1.85034013918898040E+02   2.62644956055997217E+12   1.57311929916622107E-11   1.00000000000000000E+09   1.99991386243990710E-01   2.17858361469258090E-05   1.99707736131591829E+00   2.75437472675786274E-04   8.11570052722071186E-05   4.78383419841852852E-07   4.76820698819999956E+06   2.04336485500000007E+07   1.74335495434875716E-07   7.22111071015359664E-10   4.01513288354180768E-15   9.54629162771283239E-05   2.75097151461219413E-05   2.67393301588831600E-07   8.54739964575292566E-07   7.04049402985767853E-10   4.95947795708810973E-07
  5.36289655399735070E-08   1.63454966002906182E-01   1.85034013918898040E+02   2.09925195905874072E+12   1.25727490757693002E-11   1.00000000000000000E+09   2.00099247343244385E-01   2.35780936376030359E-05   1.99573393348142081E+00   2.74811136224002478E-04   8.09633750111248728E-05   4.77210332593465756E-07   4.76820698819999956E+06   2.04336485500000007E+07   1.72930833963029535E-07   7.72249257906848729E-10   4.27110729598769230E-15   9.44403713495162248E-05   2.72591666855642103E-05   2.82859813101780104E-07   8.68861796842132613E-07   8.77080745714677064E-10   5.36868934995180241E-07
  4.28743506855591420E-08   1.63534889250815885E-01   1.85034013918898040E+02   1.67827336894919263E+12   1.00506672508568517E-11   1.00000000000000000E+09   2.00234003724747089E-01   2.55094559641594881E-05   1.99405704103136538E+00   2.74029639338123148E-04   8.07217529602809056E-05   4.75745959545784741E-07   4.76820698819999956E+06   2.04336485500000007E+07   1.71493779054926175E-07   8.19643575092225548E-10   4.51134791192819754E-15   9.34186997134844925E-05   2.70068694191606905E-05   2.96571953030189371E-07   8.80476226220835493E-07   1.08860709336691160E-09   5.76502939950218476E-07
  3.42846723526695331E-08   1.63614811721099013E-01   1.85034013918898040E+02   1.34203904321784033E+12   8.03629105805598638E-12   1.00000000000000000E+09   2.00402290527069149E-01   2.76076531831338982E-05   1.99196556635697397E+00   2.73055718348348708E-04   8.04206321848286484E-05   4.73920453673154606E-07   4.76820698819999956E+06   2.04336485500000007E+07   1.70023249556155629E-07   8.63047189235075923E-10   4.72748414621647647E-15   9.24021492776332375E-05   2.67529470499643809E-05   3.08203966092857423E-07   8.89394034145339598E-07   1.33859249790688336E-09   6.13815200629781416E-07
  2.74226160878222025E-08   1.63694733227717742E-01   1.85034013918898040E+02   1.07343074708326624E+12   6.42706432472774686E-12   1.00000000000000000E+09   2.00612347896066717E-01   2.99034977081240376E-05   1.98935943502229806E+00   2.71843744922433544E-04   8.00459366152916148E-05   4.71648447430439852E-07   4.76820698819999956E+06   2.04336485500000007E+07   1.68517189444491574E-07   9.01027942822780791E-10   4.91037375220284070E-15   9.13953859897624117E-05   2.64974767309782587E-05   3.17471120977327879E-07   8.95401695681119143E-07   1.62052803427253520E-09   6.47588446074155582E-07
  2.19395071003601941E-08   1.63774653539883658E-01   1.85034013918898040E+02   8.58799956282674194E+11   5.14121825034551348E-12   1.00000000000000000E+09   2.00874396173563508E-01   3.24252277914022929E-05   1.98611557743512201E+00   2.70338153509953026E-04   7.95805436650602843E-05   4.68826204635105454E-07   4.76820698819999956E+06   2.04336485500000007E+07   1.66972618267396191E-07   9.31986737460940737E-10   5.05072241448000707E-15   9.04036561767001829E-05   2.62405006286840188E-05   3.24142819682662602E-07   8.98257494457088214E-07   1.91886421680229171E-09   6.76400995323799101E-07
  1.75572825229360793E-08   1.63854572373670931E-01   1.85034013918898040E+02   6.87262179326376953E+11   4.11354363910053626E-12   1.00000000000000000E+09   2.01201096065606988E-01   3.51810921294693171E-05   1.98208323680290976E+00   2.68471737466076648E-04   7.90037690847335771E-05   4.65328552704393486E-07   4.76820698819999956E+06   2.04336485500000007E+07   1.65385718573643831E-07   9.54209592622927260E-10   5.13985315765673632E-15   8.94329456054319765E-05   2.59820456793604979E-05   3.28052208263612315E-07   8.97685938042014127E-07   2.20697384636812979E-09   6.98605656112067487E-07
  1.40541425289490488E-08   1.63934489381184934E-01   1.85034013918898040E+02   5.50135284910469116E+11   3.29202591384948067E-12   1.00000000000000000E+09   2.01608120733463153E-01   3.81055422461027915E-05   1.97707863172584641E+00   2.66163900802961282E-04   7.82908418995040750E-05   4.61005762007346107E-07   4.76820698819999956E+06   2.04336485500000007E+07   1.63751987618021445E-07   9.65954903067444484E-10   5.17049766857044710E-15   8.84901542605481979E-05   2.57221616744344894E-05   3.29100981219578906E-07   8.93369996758664856E-07   2.44599547616443521E-09   7.12312355720470949E-07
  1.12531269036654762E-08   1.64014404132306196E-01   1.85034013918898040E+02   4.40492343273866638E+11   2.63516634660707303E-12   1.00000000000000000E+09   2.02114933873858343E-01   4.08327688148328802E-05   1.97087905398878416E+00   2.63319018425896474E-04   7.74124188951207901E-05   4.55680673000022891E-07   4.76820698819999956E+06   2.04336485500000007E+07   1.62066611236105759E-07   9.65551828461074853E-10   5.13745941613504282E-15   8.75834871077237228E-05   2.54610118504891186E-05   3.27260290193834305E-07   8.84942372747710774E-07   2.58451471627327520E-09   7.15379675820311205E-07
