# lambda[A]  T_theo  T_instr  T_rot+instr  (H-alpha 6562.8)
6.560859719783765286e+03 9.999999999628800262e-01 9.999999999625204250e-01 9.999999999625135416e-01
6.560879122585927689e+03 9.999999999621237423e-01 9.999999999620100555e-01 9.999999999620061697e-01
6.560898525388090093e+03 9.999999999613439217e-01 9.999999999613090607e-01 9.999999999613075063e-01
6.560917928190251587e+03 9.999999999605396761e-01 9.999999999605182488e-01 9.999999999605176937e-01
6.560937330992413990e+03 9.999999999597103395e-01 9.999999999596898004e-01 9.999999999596893563e-01
6.560956733794576394e+03 9.999999999588545796e-01 9.999999999588330413e-01 9.999999999588327082e-01
6.560976136596738797e+03 9.999999999579708421e-01 9.999999999579483045e-01 9.999999999579480825e-01
6.560995539398901201e+03 9.999999999570585718e-01 9.999999999570352571e-01 9.999999999570347020e-01
6.561014942201063604e+03 9.999999999561162145e-01 9.999999999560915676e-01 9.999999999560913455e-01
6.561034345003226008e+03 9.999999999551424379e-01 9.999999999551169028e-01 9.999999999551162366e-01
6.561053747805389321e+03 9.999999999541359097e-01 9.999999999541091533e-01 9.999999999541085982e-01
6.561073150607551725e+03 9.999999999530952977e-01 9.999999999530670980e-01 9.999999999530665429e-01
6.561092553409714128e+03 9.999999999520181593e-01 9.999999999519890714e-01 9.999999999519881833e-01
6.561111956211876532e+03 9.999999999509040505e-01 9.999999999508731863e-01 9.999999999508726312e-01
6.561131359014038026e+03 9.999999999497501957e-01 9.999999999497179992e-01 9.999999999497171110e-01
6.561150761816200429e+03 9.999999999485554847e-01 9.999999999485216229e-01 9.999999999485209567e-01
6.561170164618362833e+03 9.999999999473172529e-01 9.999999999472819479e-01 9.999999999472813927e-01
6.561189567420525236e+03 9.999999999460340572e-01 9.999999999459968647e-01 9.999999999459960875e-01
6.561208970222687640e+03 9.999999999447031218e-01 9.999999999446639309e-01 9.999999999446630428e-01
6.561228373024850043e+03 9.999999999433221154e-01 9.999999999432812592e-01 9.999999999432804820e-01
6.561247775827012447e+03 9.999999999418888175e-01 9.999999999418455188e-01 9.999999999418449637e-01
6.561267178629174850e+03 9.999999999404002304e-01 9.999999999403548223e-01 9.999999999403541562e-01
6.561286581431337254e+03 9.999999999388538008e-01 9.999999999388060612e-01 9.999999999388051730e-01
6.561305984233498748e+03 9.999999999372461978e-01 9.999999999371959047e-01 9.999999999371949055e-01
6.561325387035661151e+03 9.999999999355740909e-01 9.999999999355212443e-01 9.999999999355203562e-01
6.561344789837823555e+03 9.999999999338341494e-01 9.999999999337780832e-01 9.999999999337770840e-01
6.561364192639985959e+03 9.999999999320227095e-01 9.999999999319636457e-01 9.999999999319625354e-01
6.561383595442148362e+03 9.999999999301358855e-01 9.999999999300733800e-01 9.999999999300722697e-01
6.561402998244310766e+03 9.999999999281686813e-01 9.999999999281028451e-01 9.999999999281015128e-01
6.561422401046473169e+03 9.999999999261174333e-01 9.999999999260476002e-01 9.999999999260463790e-01
6.561441803848635573e+03 9.999999999239768123e-01 9.999999999239027604e-01 9.999999999239015391e-01
6.561461206650798886e+03 9.999999999217413782e-01 9.999999999216631075e-01 9.999999999216615532e-01
6.561480609452961289e+03 9.999999999194056910e-01 9.999999999193226463e-01 9.999999999193212030e-01
6.561500012255122783e+03 9.999999999169636444e-01 9.999999999168752707e-01 9.999999999168736053e-01
6.561519415057285187e+03 9.999999999144080221e-01 9.999999999143144302e-01 9.999999999143127649e-01
6.561538817859447590e+03 9.999999999117330507e-01 9.999999999116329086e-01 9.999999999116310212e-01
6.561558220661609994e+03 9.999999999089297376e-01 9.999999999088234892e-01 9.999999999088214908e-01
6.561577623463772397e+03 9.999999999059905331e-01 9.999999999058770683e-01 9.999999999058750699e-01
6.561597026265934801e+03 9.999999999029060005e-01 9.999999999027852082e-01 9.999999999027828768e-01
6.561616429068097204e+03 9.999999998996668138e-01 9.999999998995373618e-01 9.999999998995352524e-01
6.561635831870259608e+03 9.999999998962616488e-01 9.999999998961236480e-01 9.999999998961213166e-01
6.561655234672422011e+03 9.999999998926800693e-01 9.999999998925319655e-01 9.999999998925294120e-01
6.561674637474583506e+03 9.999999998889089747e-01 9.999999998887498798e-01 9.999999998887473263e-01
6.561694040276745909e+03 9.999999998849344873e-01 9.999999998847639571e-01 9.999999998847610705e-01
6.561713443078908313e+03 9.999999998807417301e-01 9.999999998805582102e-01 9.999999998805552126e-01
6.561732845881070716e+03 9.999999998763144937e-01 9.999999998761170961e-01 9.999999998761135434e-01
6.561752248683233120e+03 9.999999998716347926e-01 9.999999998714219629e-01 9.999999998714177440e-01
6.561771651485395523e+03 9.999999998666827539e-01 9.999999998664528267e-01 9.999999998664487189e-01
6.561791054287557927e+03 9.999999998614367280e-01 9.999999998611881491e-01 9.999999998611839302e-01
6.561810457089720330e+03 9.999999998558729564e-01 9.999999998556032832e-01 9.999999998555985092e-01
6.561829859891883643e+03 9.999999998499644605e-01 9.999999998496712506e-01 9.999999998496659215e-01
6.561849262694046047e+03 9.999999998436814863e-01 9.999999998433616311e-01 9.999999998433557469e-01
6.561868665496207541e+03 9.999999998369905052e-01 9.999999998366397858e-01 9.999999998366332354e-01
6.561888068298369944e+03 9.999999998298518822e-01 9.999999998294646364e-01 9.999999998294573089e-01
6.561907471100532348e+03 9.999999998222196540e-01 9.999999998217871111e-01 9.999999998217790065e-01
6.561926873902694751e+03 9.999999998140390867e-01 9.999999998135451484e-01 9.999999998135359336e-01
6.561946276704857155e+03 9.999999998052341299e-01 9.999999998046554817e-01 9.999999998046443794e-01
6.561965679507019559e+03 9.999999997957033093e-01 9.999999997949963193e-01 9.999999997949825525e-01
6.561985082309181962e+03 9.999999997852948574e-01 9.999999997843835864e-01 9.999999997843653787e-01
6.562004485111344366e+03 9.999999997737679669e-01 9.999999997725192991e-01 9.999999997724927647e-01
6.562023887913506769e+03 9.999999997607281754e-01 9.999999997589081868e-01 9.999999997588685519e-01
6.562043290715668263e+03 9.999999997455072398e-01 9.999999997427120313e-01 9.999999997426491927e-01
6.562062693517830667e+03 9.999999997269635177e-01 9.999999997225025306e-01 9.999999997224008341e-01
6.562082096319993070e+03 9.999999997031392418e-01 9.999999996958537363e-01 9.999999996956857595e-01
6.562101499122155474e+03 9.999999996707029659e-01 9.999999996586765860e-01 9.999999996583978090e-01
6.562120901924317877e+03 9.999999996240321876e-01 9.999999996041560868e-01 9.999999996036947891e-01
6.562140304726480281e+03 9.999999995537710573e-01 9.999999995210935300e-01 9.999999995203354697e-01
6.562159707528642684e+03 9.999999994445804008e-01 9.999999993913623042e-01 9.999999993901307338e-01
6.562179110330805088e+03 9.999999992717159003e-01 9.999999991861013848e-01 9.999999991841258540e-01
6.562198513132967491e+03 9.999999989959480473e-01 9.999999988601329104e-01 9.999999988570088538e-01
6.562217915935128985e+03 9.999999985561708327e-01 9.999999983439734619e-01 9.999999983391075764e-01
6.562237318737292298e+03 9.999999978589406702e-01 9.999999975326749890e-01 9.999999975252138462e-01
6.562256721539454702e+03 9.999999967640204046e-01 9.999999962706319634e-01 9.999999962593744129e-01
6.562276124341617106e+03 9.999999950649622882e-01 9.999999943314602513e-01 9.999999943147518389e-01
6.562295527143779509e+03 9.999999924637669180e-01 9.999999913921308048e-01 9.999999913677407593e-01
6.562314929945941913e+03 9.999999885388832777e-01 9.999999870007777458e-01 9.999999869657673068e-01
6.562334332748104316e+03 9.999999827062062696e-01 9.999999805380875850e-01 9.999999804886701149e-01
6.562353735550266720e+03 9.999999741734791892e-01 9.999999711729046226e-01 9.999999711043171535e-01
6.562373138352429123e+03 9.999999618895487608e-01 9.999999578137492851e-01 9.999999577201322820e-01
6.562392541154591527e+03 9.999999444912942570e-01 9.999999390592295700e-01 9.999999389335384459e-01
6.562411943956753021e+03 9.999999202526950182e-01 9.999999131518441109e-01 9.999999129857812807e-01
6.562431346758915424e+03 9.999998870421596964e-01 9.999998779411215510e-01 9.999998777250957982e-01
6.562450749561077828e+03 9.999998422957455668e-01 9.999998308632914723e-01 9.999998305863992965e-01
6.562470152363240231e+03 9.999997830148064093e-01 9.999997689453147265e-01 9.999997685953632143e-01
6.562489555165402635e+03 9.999997057966533154e-01 9.999996888408099194e-01 9.999996884044498602e-01
6.562508957967565038e+03 9.999996069055878678e-01 9.999995869033807550e-01 9.999995863664765672e-01
6.562528360769727442e+03 9.999994823887191631e-01 9.999994592967832441e-01 9.999994586451340650e-01
6.562547763571889845e+03 9.999993282344170620e-01 9.999993021219992784e-01 9.999993013420425125e-01
6.562567166374052249e+03 9.999991405530527233e-01 9.999991114739760212e-01 9.999991105510992462e-01
6.562586569176213743e+03 9.999989156946696989e-01 9.999988831085544483e-01 9.999988820140295331e-01
6.562605971978377056e+03 9.999986499671904561e-01 9.999986106409179953e-01 9.999986092783279545e-01
6.562625374780539460e+03 9.999983377175122312e-01 9.999982788063982442e-01 9.999982768274559009e-01
6.562644777582701863e+03 9.999979637193328053e-01 9.999978408935595864e-01 9.999978371371222030e-01
6.562664180384864267e+03 9.999974777921615265e-01 9.999971490458650081e-01 9.999971402088475569e-01
6.562683583187026670e+03 9.999967136786657163e-01 9.999957735693792982e-01 9.999957526525304896e-01
6.562702985989189074e+03 9.999951136985176792e-01 9.999926926948353723e-01 9.999926516115883457e-01
6.562722388791351477e+03 9.999908921105362669e-01 9.999862002795807392e-01 9.999861431026204617e-01
6.562741791593513881e+03 9.999800146663876399e-01 9.999749187083964985e-01 9.999748769617744504e-01
6.562761194395676284e+03 9.999599192951111881e-01 9.999600872260010487e-01 9.999601070407876380e-01
6.562780597197837778e+03 9.999387594247093336e-01 9.999467819600205143e-01 9.999468788427912092e-01
6.562800000000000182e+03 9.999299418472408219e-01 9.999413761016165969e-01 9.999415081799291061e-01
6.562819402802162585e+03 9.999387593255315565e-01 9.999467817362118760e-01 9.999468786188679958e-01
6.562838805604324989e+03 9.999599187509198295e-01 9.999600867751324840e-01 9.999601065904721864e-01
6.562858208406487392e+03 9.999800138304412167e-01 9.999749181232390205e-01 9.999748763774456428e-01
6.562877611208649796e+03 9.999908914754129796e-01 9.999861997265743208e-01 9.999861425495436551e-01
6.562897014010812200e+03 9.999951133376863144e-01 9.999926922795752127e-01 9.999926511952691444e-01
6.562916416812974603e+03 9.999967134596833285e-01 9.999957732874026339e-01 9.999957523693524530e-01
6.562935819615137007e+03 9.999974776242079866e-01 9.999971488422071397e-01 9.999971400044032066e-01
6.562955222417298501e+03 9.999979635618169160e-01 9.999978407209828557e-01 9.999978369641809861e-01
6.562974625219460904e+03 9.999983375551421139e-01 9.999982786400657409e-01 9.999982766610029383e-01
6.562994028021623308e+03 9.999986497970961841e-01 9.999986104720831603e-01 9.999986091094776874e-01
6.563013430823786621e+03 9.999989155196472579e-01 9.999988829368330334e-01 9.999988818423238834e-01
6.563032833625949024e+03 9.999991403779219246e-01 9.999991113025823442e-01 9.999991103797206682e-01
6.563052236428111428e+03 9.999993280642456295e-01 9.999993019552327889e-01 9.999993011752781324e-01
6.563071639230273831e+03 9.999994822280013906e-01 9.999994591387810772e-01 9.999994584871191305e-01
6.563091042032436235e+03 9.999996067578567072e-01 9.999995867575329767e-01 9.999995862206029207e-01
6.563110444834598638e+03 9.999997056643277205e-01 9.999996887095203846e-01 9.999996882731234660e-01
6.563129847636761042e+03 9.999997828991856741e-01 9.999997688299501197e-01 9.999997684799544206e-01
6.563149250438922536e+03 9.999998421971069140e-01 9.999998307642553597e-01 9.999998304873137789e-01
6.563168653241084940e+03 9.999998869599308060e-01 9.999998778579982650e-01 9.999998776419209978e-01
6.563188056043247343e+03 9.999999201856630826e-01 9.999999130835857120e-01 9.999999129174715895e-01
6.563207458845409747e+03 9.999999444378263602e-01 9.999999390043567971e-01 9.999999388786162680e-01
6.563226861647572150e+03 9.999999618477923846e-01 9.999999577705406262e-01 9.999999576768773268e-01
6.563246264449734554e+03 9.999999741415328547e-01 9.999999711395588520e-01 9.999999710709295275e-01
6.563265667251896957e+03 9.999999826822481008e-01 9.999999805128519936e-01 9.999999804633988854e-01
6.563285070054059361e+03 9.999999885212612627e-01 9.999999869820402898e-01 9.999999869469997638e-01
6.563304472856221764e+03 9.999999924510449834e-01 9.999999913784715089e-01 9.999999913540574825e-01
6.563323875658383258e+03 9.999999950559403938e-01 9.999999943216774101e-01 9.999999943049499018e-01
6.563343278460545662e+03 9.999999967577294369e-01 9.999999962637413642e-01 9.999999962524690478e-01
6.563362681262708065e+03 9.999999978546201262e-01 9.999999975278960340e-01 9.999999975204237890e-01
6.563382084064871378e+03 9.999999985532429525e-01 9.999999983407037440e-01 9.999999983358299760e-01
6.563401486867033782e+03 9.999999989939832856e-01 9.999999988579199028e-01 9.999999988547900731e-01
6.563420889669196185e+03 9.999999992704050600e-01 9.999999991846142411e-01 9.999999991826346024e-01
6.563440292471358589e+03 9.999999994437042128e-01 9.999999993903637696e-01 9.999999993891294237e-01
6.563459695273520992e+03 9.999999995531790864e-01 9.999999995204187364e-01 9.999999995196585667e-01
6.563479098075683396e+03 9.999999996236226263e-01 9.999999996036913474e-01 9.999999996032289395e-01
6.563498500877845800e+03 9.999999996704087568e-01 9.999999996583465167e-01 9.999999996580668515e-01
6.563517903680008203e+03 9.999999997029170862e-01 9.999999996956089321e-01 9.999999996954404002e-01
6.563537306482169697e+03 9.999999997267861040e-01 9.999999997223105730e-01 9.999999997222085435e-01
6.563556709284332101e+03 9.999999997453573597e-01 9.999999997425534914e-01 9.999999997424905418e-01
6.563576112086494504e+03 9.999999997605956148e-01 9.999999997587704081e-01 9.999999997587305511e-01
6.563595514888656908e+03 9.999999997736465085e-01 9.999999997723947320e-01 9.999999997723680867e-01
6.563614917690819311e+03 9.999999997851806155e-01 9.999999997842676791e-01 9.999999997842491384e-01
6.563634320492981715e+03 9.999999997955945075e-01 9.999999997948864072e-01 9.999999997948725294e-01
6.563653723295144118e+03 9.999999998051294359e-01 9.999999998045500105e-01 9.999999998045385752e-01
6.563673126097306522e+03 9.999999998139372792e-01 9.999999998134435630e-01 9.999999998134339041e-01
6.563692528899468016e+03 9.999999998221212882e-01 9.999999998216880792e-01 9.999999998216798636e-01
6.563711931701630419e+03 9.999999998297554038e-01 9.999999998293679360e-01 9.999999998293606085e-01
6.563731334503792823e+03 9.999999998368961363e-01 9.999999998365454168e-01 9.999999998365387555e-01
6.563750737305955226e+03 9.999999998435894488e-01 9.999999998432697046e-01 9.999999998432639314e-01
6.563770140108117630e+03 9.999999998498746434e-01 9.999999998495813225e-01 9.999999998495759934e-01
6.563789542910280943e+03 9.999999998557848047e-01 9.999999998555152425e-01 9.999999998555102465e-01
6.563808945712443347e+03 9.999999998613504637e-01 9.999999998611017737e-01 9.999999998610973329e-01
6.563828348514605750e+03 9.999999998665981549e-01 9.999999998663683387e-01 9.999999998663640088e-01
6.563847751316768154e+03 9.999999998715518590e-01 9.999999998713390292e-01 9.999999998713351435e-01
6.563867154118930557e+03 9.999999998762331144e-01 9.999999998760357167e-01 9.999999998760321640e-01
6.563886556921092961e+03 9.999999998806620161e-01 9.999999998804784962e-01 9.999999998804753876e-01
6.563905959723254455e+03 9.999999998848561056e-01 9.999999998846855753e-01 9.999999998846823557e-01
6.563925362525416858e+03 9.999999998888320363e-01 9.999999998886733854e-01 9.999999998886702768e-01
6.563944765327579262e+03 9.999999998926044631e-01 9.999999998924563593e-01 9.999999998924536948e-01
6.563964168129741665e+03 9.999999998961875969e-01 9.999999998960492631e-01 9.999999998960465986e-01
6.563983570931904069e+03 9.999999998995936501e-01 9.999999998994645312e-01 9.999999998994617556e-01
6.564002973734066472e+03 9.999999999028340580e-01 9.999999999027130437e-01 9.999999999027110453e-01
6.564022376536228876e+03 9.999999999059201450e-01 9.999999999058063471e-01 9.999999999058044597e-01
6.564041779338391279e+03 9.999999999088601266e-01 9.999999999087538782e-01 9.999999999087519909e-01
6.564061182140553683e+03 9.999999999116645499e-01 9.999999999115645188e-01 9.999999999115627425e-01
6.564080584942715177e+03 9.999999999143407425e-01 9.999999999142470397e-01 9.999999999142454854e-01
6.564099987744877581e+03 9.999999999168973641e-01 9.999999999168088793e-01 9.999999999168073250e-01
6.564119390547039984e+03 9.999999999193401878e-01 9.999999999192572542e-01 9.999999999192556999e-01
6.564138793349202388e+03 9.999999999216770963e-01 9.999999999215983815e-01 9.999999999215972712e-01
6.564158196151365701e+03 9.999999999239133075e-01 9.999999999238392556e-01 9.999999999238379234e-01
6.564177598953528104e+03 9.999999999260549277e-01 9.999999999259852057e-01 9.999999999259838734e-01
6.564197001755690508e+03 9.999999999281070640e-01 9.999999999280411167e-01 9.999999999280401175e-01
6.564216404557852911e+03 9.999999999300749343e-01 9.999999999300124287e-01 9.999999999300113185e-01
6.564235807360015315e+03 9.999999999319629795e-01 9.999999999319038047e-01 9.999999999319026944e-01
6.564255210162177718e+03 9.999999999337751966e-01 9.999999999337192413e-01 9.999999999337181311e-01
6.564274612964339212e+03 9.999999999355158042e-01 9.999999999354628466e-01 9.999999999354618474e-01
6.564294015766501616e+03 9.999999999371886883e-01 9.999999999371383952e-01 9.999999999371373960e-01
6.564313418568664019e+03 9.999999999387970684e-01 9.999999999387493288e-01 9.999999999387486627e-01
6.564332821370826423e+03 9.999999999403443862e-01 9.999999999402990891e-01 9.999999999402983120e-01
6.564352224172988826e+03 9.999999999418335284e-01 9.999999999417904517e-01 9.999999999417897856e-01
6.564371626975151230e+03 9.999999999432676034e-01 9.999999999432266362e-01 9.999999999432257480e-01
6.564391029777313634e+03 9.999999999446490540e-01 9.999999999446101961e-01 9.999999999446091969e-01
6.564410432579476037e+03 9.999999999459807665e-01 9.999999999459436850e-01 9.999999999459427968e-01
6.564429835381638441e+03 9.999999999472646284e-01 9.999999999472293233e-01 9.999999999472286571e-01
6.564449238183799935e+03 9.999999999485034152e-01 9.999999999484696644e-01 9.999999999484688873e-01
6.564468640985962338e+03 9.999999999496989034e-01 9.999999999496668179e-01 9.999999999496662628e-01
6.564488043788124742e+03 9.999999999508530912e-01 9.999999999508225601e-01 9.999999999508220050e-01
6.564507446590287145e+03 9.999999999519684213e-01 9.999999999519390004e-01 9.999999999519382232e-01
6.564526849392449549e+03 9.999999999530455597e-01 9.999999999530176931e-01 9.999999999530168049e-01
6.564546252194611952e+03 9.999999999540872819e-01 9.999999999540604145e-01 9.999999999540596374e-01
6.564565654996775265e+03 9.999999999550941432e-01 9.999999999550684970e-01 9.999999999550679419e-01
6.564585057798937669e+03 9.999999999560683639e-01 9.999999999560439390e-01 9.999999999560434949e-01
6.564604460601100072e+03 9.999999999570111653e-01 9.999999999569876286e-01 9.999999999569871845e-01
6.564623863403262476e+03 9.999999999579241017e-01 9.999999999579013421e-01 9.999999999579011201e-01
6.564643266205423970e+03 9.999999999588079502e-01 9.999999999587864119e-01 9.999999999587859678e-01
6.564662669007586373e+03 9.999999999596644873e-01 9.999999999596439482e-01 9.999999999596432820e-01
6.564682071809748777e+03 9.999999999604943790e-01 9.999999999604730627e-01 9.999999999604722856e-01
6.564701474611911181e+03 9.999999999612990687e-01 9.999999999612639856e-01 9.999999999612622092e-01
6.564720877414073584e+03 9.999999999620790003e-01 9.999999999619656466e-01 9.999999999619615387e-01
6.564740280216235988e+03 9.999999999628359504e-01 9.999999999624761271e-01 9.999999999624687996e-01
