# EXHALE lower-atmosphere profile (docs/phase_e_flux_closure_design.md section 2)
# solution_id 7ffaf57c913a2ce8381ebe47e4a35c96733faf9bd64b19a46c2ecd10ff503096
# source_code photochem
# source_version photochem 0.8.4, photochem_to_lower_profile.py
# mechanism zahnle_HHeNOC_rxns.yaml sha256 908cc51ef08cfce6
# stellar_flux lhs1140_sed_gj1132_at_b.txt sha256 37a95348aeb58b91 dilution 1.000000E+00
# p_match_bar 9.99999999999999955E-07
# p_top_bar 1.10513379693644886E-08
# p_deep_bar 1.67309812445468857E+01
# trial_flux_H 4.76820698819999956E+06
# trial_flux_He 2.04336485500000007E+07
# measured_flux_H 4.76878848584819771E+06
# measured_flux_He 2.04361537782426029E+07
# iteration 0
# reached_steady_state T
# notes F_H and F_He columns are the STATED trial fluxes; the header measured_flux_* are what the solution carries across its own top. measured elemental escape at the model top (r_top = 1.150709e+09 cm): H 4.768788e+06 g/s, He 2.043615e+07 g/s; imposed H 4.768207e+06, He 2.043365e+07; atomic-H share of the hydrogen nuclei at the top 4.660e-56 imposed, 8.454e-05 converged. climate solved: deep boundary 20 bar at 625.6 K, background He, tropopause 0.6281 bar at 184.8 K, cold-trap f_H2O 2.073e-07 (deep 4.042e-04). cold trap at the match: O/H gas 4.8867e-07 vs all-carrier 4.8867e-07; C/H gas 2.7773e-04 vs all-carrier 2.7773e-04; N/H gas 8.1815e-05 vs all-carrier 8.1815e-05; chemistry q_H2O at the tropopause (0.6281 bar) 7.7361e-07, at the match 3.1838e-07.
# units p[bar] r[R_J] T[K] n_tot[cm^-3] rho[g/cm^3] Kzz[cm^2/s] q_*[-] X_*[El/H nuclei] F_*[g/s]
# columns: p r T n_tot rho Kzz q_H2 q_H X_He X_C X_N X_O F_H F_He q_H2O q_CO q_CO2 q_CH4 q_NH3 q_HCN q_N2 q_OH q_C2H2
  1.67309812445468857E+01   1.55686205343132489E-01   5.87541970061886673E+02   2.06252506260796473E+20   1.14753602135671631E-03   1.00000000000000000E+09   3.32548115845943126E-01   2.56064869914313484E-18   9.99999998441753135E-01   2.77588005883738862E-04   8.18470189886377742E-05   6.06177999055429917E-04   4.76820698819999956E+06   2.04336485500000007E+07   4.04204408520115923E-04   1.43155269765961996E-15   5.82645585534758545E-17   1.85097934680365420E-04   5.43607067813778032E-05   2.44075832512309105E-20   1.07774808549869545E-07   3.25237109679917310E-26   1.32343337359356061E-30
  1.60176047439935481E+01   1.55734096789868909E-01   5.79064968915247164E+02   2.00348916142614315E+20   1.11468977152717123E-03   1.00000000000000000E+09   3.32548118682312654E-01   1.27532271694847155E-18   1.00000002079893191E+00   2.77588005848069261E-04   8.17766412388569870E-05   6.06178012608157542E-04   4.76820698819999956E+06   2.04336485500000007E+07   4.04204421015648256E-04   1.43155270986961990E-15   6.71690524359199169E-17   1.85097936259102697E-04   5.43607072450311024E-05   2.44075834594081961E-20   8.43105826942070398E-08   1.31511496431007844E-26   4.01955679146595559E-31
  1.47464264843607715E+01   1.55823144151094301E-01   5.62998397966063635E+02   1.89712675256339628E+20   1.05551246646426976E-03   1.00000000000000000E+09   3.32548118687133853E-01   8.82996033351098279E-15   1.00000002081046735E+00   2.77588005847063772E-04   8.17766412384915295E-05   6.06178003257144414E-04   4.76820698819999956E+06   2.04336485500000007E+07   4.04204414776454198E-04   1.44880369847839827E-15   6.71692491696776274E-17   1.85097936054891076E-04   5.43607062994557244E-05   4.14022393985410662E-15   8.43109990373448251E-08   6.34960370675746659E-23   5.68468405932549786E-15
  1.35445171231655728E+01   1.55912191491768382E-01   5.46479072244405756E+02   1.79517465827512943E+20   9.98788946824811716E-04   1.00000000000000000E+09   3.32548118694075467E-01   1.80807595377705868E-14   1.00000002083916995E+00   2.77588005850555283E-04   8.17766412394464677E-05   6.06177985104863954E-04   4.76820698819999956E+06   2.04336485500000007E+07   4.04204402663835402E-04   1.46702007639042681E-15   6.71694570214120062E-17   1.85097935840142176E-04   5.43607053006824896E-05   8.51439448990941892E-15   8.43114388973402527E-08   8.61668126749044173E-23   1.16945721080973470E-14
  1.24088936678217099E+01   1.56001238802314757E-01   5.29467555778249789E+02   1.69750251912223425E+20   9.44446683953909828E-04   1.00000000000000000E+09   3.32548118705086604E-01   2.78582521006430729E-14   1.00000002090266382E+00   2.77588005863436201E-04   8.17766412431628959E-05   6.06177949364497775E-04   4.76820698819999956E+06   2.04336485500000007E+07   4.04204378813918623E-04   1.48624638507093447E-15   6.71696767734021222E-17   1.85097935615140355E-04   5.43607042452890664E-05   1.31389961419834367E-14   8.43119038966781700E-08   8.46360513955222495E-23   1.80631260945971702E-14
  1.13373897180251380E+01   1.56090286090165037E-01   5.12655391690493389E+02   1.60178515212196446E+20   8.91192005883538517E-04   1.00000000000000000E+09   3.32548118724215302E-01   3.83349938790737789E-14   1.00000002103727970E+00   2.77588005895765754E-04   8.17766412526038845E-05   6.06177877871267928E-04   4.76820698819999956E+06   2.04336485500000007E+07   4.04204331104489334E-04   1.50653724526443123E-15   6.71699094387159565E-17   1.85097935381070051E-04   5.43607031290833194E-05   1.80353298467843485E-14   8.43123961273590944E-08   7.25023588010600146E-23   2.48364051083472639E-14
  1.03291731388339976E+01   1.56179333341903953E-01   4.96687839629491691E+02   1.50625585187376824E+20   8.38041963151453539E-04   1.00000000000000000E+09   3.32548118760034206E-01   4.97569002812630266E-14   1.00000002131948107E+00   2.77588005968665231E-04   8.17766412739904635E-05   6.06177732309595295E-04   4.76820698819999956E+06   2.04336485500000007E+07   4.04204233965799772E-04   1.52797840977778648E-15   6.71701564683977429E-17   1.85097935141090330E-04   5.43607019464768367E-05   2.32338762483211654E-14   8.43129185906744841E-08   5.82566209902825378E-23   3.20783503285243310E-14
  9.38257982432475579E+00   1.56268380574092480E-01   4.80209029743918848E+02   1.41517016179839549E+20   7.87364230362380137E-04   1.00000000000000000E+09   3.32548118830696071E-01   6.24720430294788256E-14   1.00000002191310333E+00   2.77588006127617239E-04   8.17766413207214881E-05   6.06177430892246966E-04   4.76820698819999956E+06   2.04336485500000007E+07   4.04204032817309872E-04   1.55064999110879317E-15   6.71704193133920225E-17   1.85097934903827755E-04   5.43607006934914775E-05   2.87650084759487159E-14   8.43134742700011165E-08   4.31406338283034713E-23   3.98576099715626952E-14
  8.49464792094233090E+00   1.56357427772211649E-01   4.63176025211292426E+02   1.32836073299471516E+20   7.39065698577257468E-04   1.00000000000000000E+09   3.32548118975600770E-01   7.71290933085807282E-14   1.00000002317372938E+00   2.77588006471344022E-04   8.17766414218800173E-05   6.06176796090519723E-04   4.76820698819999956E+06   2.04336485500000007E+07   4.04203609185626103E-04   1.57461326745059045E-15   6.71706992485900686E-17   1.85097934689934236E-04   5.43606993704911541E-05   3.46552580174890236E-14   8.43140657573812272E-08   2.96803334587369224E-23   4.82417768412707414E-14
  7.66368177365801095E+00   1.56446474942479846E-01   4.46865096536183387E+02   1.24216058853508907E+20   6.91106155615064705E-04   1.00000000000000000E+09   3.32548119282645105E-01   9.50155384597523170E-14   1.00000002589315873E+00   2.77588007219518656E-04   8.17766416421797750E-05   6.06175432338048313E-04   4.76820698819999956E+06   2.04336485500000007E+07   4.04202699090536102E-04   1.59997530289730001E-15   6.71709981207647366E-17   1.85097934546307562E-04   5.43606979830166140E-05   4.09432398136509200E-14   8.43146968285505097E-08   2.00415341459949069E-23   5.73195336365304928E-14
  6.88857918320012086E+00   1.56535522091178020E-01   4.30735147105283033E+02   1.15834002069790409E+20   6.44470545103556654E-04   1.00000000000000000E+09   3.32548119951444676E-01   1.18004668891176311E-13   1.00000003187123432E+00   2.77588008871678944E-04   8.17766421287820835E-05   6.06172440729906979E-04   4.76820698819999956E+06   2.04336485500000007E+07   4.04200702649989150E-04   1.62687952444296422E-15   6.71713182926458715E-17   1.85097934581577119E-04   5.43606965525169744E-05   4.76780973112794396E-14   8.43153723069484583E-08   1.31403420251444681E-23   6.72006406427420979E-14
  6.16701861058186118E+00   1.56624569206901737E-01   4.14005873633293731E+02   1.07891063419738407E+20   6.00278069051562416E-04   1.00000000000000000E+09   3.32548121443321687E-01   1.48374047982193863E-13   1.00000004526897168E+00   2.77588012582878532E-04   8.17766432219619108E-05   6.06165743329468705E-04   4.76820698819999956E+06   2.04336485500000007E+07   4.04196233157879889E-04   1.65544951117522624E-15   6.71716620349336342E-17   1.85097935050289807E-04   5.43606951439479122E-05   5.49057592608939178E-14   8.43160967468067443E-08   8.08671742145234286E-24   7.79986834523774352E-14
  5.49667232641673831E+00   1.56713616293958496E-01   3.97340595278836020E+02   1.00196748254807769E+20   5.57468857628580223E-04   1.00000000000000000E+09   3.32548124852560134E-01   1.88907287532502002E-13   1.00000007595563511E+00   2.77588021092637673E-04   8.17766457287731976E-05   6.06150411430526111E-04   4.76820698819999956E+06   2.04336485500000007E+07   4.04186001454046257E-04   1.68582711384913847E-15   6.71720320556699228E-17   1.85097936558892919E-04   5.43606939242199735E-05   6.26785106282515332E-14   8.43168754800536826E-08   4.76323318989428722E-24   8.98466442610242808E-14
  4.87627080005155911E+00   1.56802663346103294E-01   3.81350437398946440E+02   9.26147767756497879E+19   5.15284670186070669E-04   1.00000000000000000E+09   3.32548132849848410E-01   2.43276557472687935E-13   1.00000014801742498E+00   2.77588041086788268E-04   8.17766516188404673E-05   6.06114416287216115E-04   4.76820698819999956E+06   2.04336485500000007E+07   4.04161980185188652E-04   1.71822722239141411E-15   6.71724323867519501E-17   1.85097940590066019E-04   5.43606933130539078E-05   7.10697580630267801E-14   8.43177163120864603E-08   2.75040149704885852E-24   1.02921733164397012E-13
  4.30389245512433494E+00   1.56891710367534354E-01   3.64693956559032472E+02   8.54770571215273329E+19   4.75572123279423189E-04   1.00000000000000000E+09   3.32548152088957272E-01   3.16447940895099918E-13   1.00000032146742868E+00   2.77588089224265833E-04   8.17766657998384230E-05   6.06027787836928809E-04   4.76820698819999956E+06   2.04336485500000007E+07   4.04104168911391783E-04   1.75286519782687960E-15   6.71728680282842885E-17   1.85097950843611346E-04   5.43606943805726009E-05   8.01563762816810422E-14   8.43186283476055689E-08   1.44104206491101679E-24   1.17421538562820961E-13
  3.77726558897066189E+00   1.56980757343676391E-01   3.48195936395910337E+02   7.85724944849988321E+19   4.37156658248830240E-04   1.00000000000000000E+09   3.32548199647027698E-01   4.15390637587838084E-13   1.00000075032927538E+00   2.77588208260028362E-04   8.17767008672544622E-05   6.05813607482745607E-04   4.76820698819999956E+06   2.04336485500000007E+07   4.03961236255448680E-04   1.78998022170971669E-15   6.71733464946808676E-17   1.85097976820389936E-04   5.43606998987497365E-05   9.00238662320354228E-14   8.43196241332347250E-08   7.06374238593512238E-25   1.33572015291066654E-13
  3.29491423416570850E+00   1.57069804250350359E-01   3.32086512634945677E+02   7.18637034114560246E+19   3.99830074731122060E-04   1.00000000000000000E+09   3.32548320803128294E-01   5.50300410437497565E-13   1.00000184298948258E+00   2.77588511557004818E-04   8.17767902174832702E-05   6.05267929231749968E-04   4.76820698819999956E+06   2.04336485500000007E+07   4.03597079776738606E-04   1.82991537777350400E-15   6.71738824510484997E-17   1.85098043716964235E-04   5.43607172426223176E-05   1.00788360940876204E-13   8.43207263462644912E-08   3.26368475294343673E-25   1.51665732739670503E-13
  2.85468397179683375E+00   1.57158851010435113E-01   3.15209891465614930E+02   6.55956313559776543E+19   3.64954701227166627E-04   1.00000000000000000E+09   3.32548638847265654E-01   7.35937513238209896E-13   1.00000471145219239E+00   2.77589307794254563E-04   8.17770247865016677E-05   6.03835425291544760E-04   4.76820698819999956E+06   2.04336485500000007E+07   4.02641105784113859E-04   1.87302328399310663E-15   6.71745066172660565E-17   1.85098220151276815E-04   5.43607665381442057E-05   1.12572278197698603E-13   8.43219779797164778E-08   1.30618957157026799E-25   1.72024786887185682E-13
  2.45479564779228765E+00   1.57247897418698712E-01   2.99220489591471448E+02   5.94211062355317801E+19   3.30597708610523848E-04   1.00000000000000000E+09   3.32549503044254957E-01   9.94456107301775254E-13   1.00001250591689672E+00   2.77591471428849997E-04   8.17776621868832076E-05   5.99942904929700845E-04   4.76820698819999956E+06   2.04336485500000007E+07   4.00043471189928483E-04   1.91982186922230282E-15   6.71752971816449858E-17   1.85098700517430273E-04   5.43609048417658601E-05   1.25536459315471990E-13   8.43234830393448245E-08   5.27290679054879537E-26   1.95052859407401960E-13
  2.09356691914750526E+00   1.57336942872512320E-01   2.82660190347175273E+02   5.36461942168696668E+19   2.98458619572009021E-04   1.00000000000000000E+09   3.32551934470373567E-01   1.35776085794107337E-12   1.00003443633487610E+00   2.77597559032691482E-04   8.17794555774746751E-05   5.88990975573414652E-04   4.76820698819999956E+06   2.04336485500000007E+07   3.92734955302369271E-04   1.97101307498493226E-15   6.71764697055894765E-17   1.85100053142092452E-04   5.43612990211740429E-05   1.39877080859556475E-13   8.43255192353672808E-08   2.41343662769132698E-26   2.21237655172563233E-13
  1.76896891978628235E+00   1.57425985535297741E-01   2.66432476155425377E+02   4.80894443300850074E+19   2.67518871010540395E-04   1.00000000000000000E+09   3.32559027166957399E-01   1.86377914665638640E-12   1.00009841328673343E+00   2.77615318247542242E-04   8.17846873916149031E-05   5.57041265494750298E-04   4.76820698819999956E+06   2.04336485500000007E+07   3.71415278621842443E-04   2.02741476930253245E-15   6.71786602161600870E-17   1.85104000171322465E-04   5.43624547972082408E-05   1.55827404583815576E-13   8.43288933644989063E-08   2.20909203605118652E-26   2.51147648602886343E-13
  1.47930292810535602E+00   1.57515019724940503E-01   2.50139399312471340E+02   4.28343056791869932E+19   2.38217938802355177E-04   1.00000000000000000E+09   3.32580353756518510E-01   2.54234381583444303E-12   1.00029081474481485E+00   2.77668726561615842E-04   8.18004213294936560E-05   4.60957149586337957E-04   4.76820698819999956E+06   2.04336485500000007E+07   3.07310400639157033E-04   2.09008101301323138E-15   6.71838167905849852E-17   1.85115869754847183E-04   5.43659369094394608E-05   1.73694081011201528E-13   8.43360618326622172E-08   3.45695611867842939E-26   2.85496581914396467E-13
  1.22282807850534381E+00   1.57604030511745097E-01   2.34083225714487781E+02   3.78365758236891300E+19   2.10255522606699817E-04   1.00000000000000000E+09   3.32641038050402571E-01   3.42419334269865615E-12   1.00083855878390082E+00   2.77820773708739783E-04   8.18452139884901761E-05   1.87417144890367253E-04   4.76820698819999956E+06   2.04336485500000007E+07   1.24901458359030434E-04   2.16045142894060868E-15   6.71970328459709532E-17   1.85149645905332107E-04   5.43758521857954819E-05   1.93873514410741038E-13   8.43534324468574919E-08   3.42749632417687160E-26   3.25157804947848479E-13
  9.97495872074543044E-01   1.57693057920009899E-01   2.17889043338789094E+02   3.31583134268654756E+19   1.84180037602176379E-04   1.00000000000000000E+09   3.32673438473418348E-01   4.56444266436293939E-12   1.00113117274887031E+00   2.77901999804989878E-04   8.18691429661858852E-05   4.12875172060119794E-05   4.76820698819999956E+06   2.04336485500000007E+07   2.75101084993577620E-05   2.23972609986471836E-15   6.72046670633968932E-17   1.85167678959347916E-04   5.43811433454361747E-05   2.16810321498619262E-13   8.43638988707626290E-08   2.09955751740621136E-26   3.71090458968237367E-13
  8.01322648621778710E-01   1.57782100093645600E-01   2.01966075655236438E+02   2.87372832242882642E+19   1.59607226116716719E-04   1.00000000000000000E+09   3.32680998192571742E-01   6.05527528135369881E-12   1.00119946215084488E+00   2.77920956090071177E-04   8.18747274335950725E-05   7.18418477656277336E-06   4.76820698819999956E+06   2.04336485500000007E+07   4.78664559194677356E-06   2.33006436765098861E-15   6.72074449148496420E-17   1.85171885365973819E-04   5.43823730890140715E-05   2.43136088396660275E-13   8.43683950946130988E-08   1.13275796421747687E-26   4.24576403356829522E-13
  6.33426287788363962E-01   1.57871145980829020E-01   1.88627307439646415E+02   2.43225012794273587E+19   1.35085094862414702E-04   1.00000000000000000E+09   3.32682333281188680E-01   8.04793303104382640E-12   1.00121152288037019E+00   2.77924303966178648E-04   8.18757137077911882E-05   1.16110123584481597E-06   4.76820698819999956E+06   2.04336485500000007E+07   7.73606952629880181E-07   2.43516746659540309E-15   6.72091771291961896E-17   1.85172626868417115E-04   5.43825842921595931E-05   2.73915671824554386E-13   8.43717441387586152E-08   5.93009818375156777E-27   4.87728379204208223E-13
  4.95695446599862422E-01   1.57960192498978136E-01   1.85513581867541944E+02   1.93533404320851845E+19   1.07486588794483459E-04   1.00000000000000000E+09   3.32682482273620517E-01   1.08252947117588273E-11   1.00121286854314540E+00   2.77924677457045462E-04   8.18758237363417628E-05   4.89044943599235762E-07   4.76820698819999956E+06   2.04336485500000007E+07   3.25835676067996413E-07   2.56325650563298041E-15   6.72109964740504053E-17   1.85172707804956270E-04   5.43826000348117701E-05   3.11570774574888636E-13   8.43754588798408162E-08   5.28443566626569858E-27   5.65427894812478399E-13
  3.87034539749926021E-01   1.58049239087151405E-01   1.84783477764791144E+02   1.51706191159907635E+19   8.42561574503420990E-05   1.00000000000000000E+09   3.32682482307752270E-01   1.47627567702517912E-11   1.00121286843771817E+00   2.77924677364897060E-04   8.18758237081705853E-05   4.89044943425430213E-07   4.76820698819999956E+06   2.04336485500000007E+07   3.25835671315584443E-07   2.72523199250775721E-15   6.72132668987796968E-17   1.85172705275953899E-04   5.43825891118568806E-05   3.59352125249397927E-13   8.43801175533104616E-08   8.04594322545372855E-27   6.64453104197034793E-13
  3.02129764817742841E-01   1.58138285636277048E-01   1.84783477764791144E+02   1.18426008919394365E+19   6.57726647614171299E-05   1.00000000000000000E+09   3.32682482351374709E-01   2.03028779918889489E-11   1.00121286830164924E+00   2.77924677246283987E-04   8.18758236719134281E-05   4.89044943201762693E-07   4.76820698819999956E+06   2.04336485500000007E+07   3.25835665229668440E-07   2.93195532071261954E-15   6.72161741107311005E-17   1.85172702014138303E-04   5.43825751252750565E-05   4.20534736625001073E-13   8.43860741681143108E-08   1.21464634273572406E-26   7.91732095082077337E-13
  2.35916542652712780E-01   1.58227332155141287E-01   1.84783477764791144E+02   9.24723672997812634E+18   5.13582621700820629E-05   1.00000000000000000E+09   3.32682482406896685E-01   2.80121242552104967E-11   1.00121286812731869E+00   2.77924677094323566E-04   8.18758236254627512E-05   4.89044942915211553E-07   4.76820698819999956E+06   2.04336485500000007E+07   3.25835657423732288E-07   3.19625065377241420E-15   6.72199030059412329E-17   1.85172697798919906E-04   5.43825571843542806E-05   4.99009762935566104E-13   8.43937033740099282E-08   1.84795499717262664E-26   9.55552257006394059E-13
  1.84265558097527399E-01   1.58316378645393080E-01   1.84783477764791144E+02   7.22266958369983590E+18   4.01140112293425045E-05   1.00000000000000000E+09   3.32682482477569874E-01   3.86320159901372030E-11   1.00121286790403197E+00   2.77924676899695777E-04   8.18758235659695693E-05   4.89044942548201918E-07   4.76820698819999956E+06   2.04336485500000007E+07   3.25835647414498322E-07   3.53405955450093086E-15   6.72246844679203998E-17   1.85172692350216189E-04   5.43825341753375238E-05   5.99636172239423718E-13   8.44034718592310218E-08   2.85446623268954820E-26   1.16629809821716678E-12
  1.43962912504474710E-01   1.58405425107740860E-01   1.84783477764791144E+02   5.64292404973788262E+18   3.13402566818226353E-05   1.00000000000000000E+09   3.32682482567534410E-01   5.31398623541823640E-11   1.00121286761811956E+00   2.77924676650490282E-04   8.18758234897931859E-05   4.89044942078273862E-07   4.76820698819999956E+06   2.04336485500000007E+07   3.25835634583698348E-07   3.96569692389136751E-15   6.72308138753508348E-17   1.85172685304445727E-04   5.43825046718765228E-05   7.28630240084367024E-13   8.44159752772654041E-08   4.50441021416629271E-26   1.43729293628816415E-12
  1.12506486892216109E-01   1.58494471542514864E-01   1.84783477764791144E+02   4.40992440060472474E+18   2.44922953829104720E-05   1.00000000000000000E+09   3.32682482682065128E-01   7.28166405917513611E-11   1.00121286725212166E+00   2.77924676331492578E-04   8.18758233922827259E-05   4.89044941476737321E-07   4.76820698819999956E+06   2.04336485500000007E+07   3.25835618140591161E-07   4.51703976886825417E-15   6.72386690119445074E-17   1.85172676189247819E-04   5.43824668491073345E-05   8.93942464198046129E-13   8.44319734784107790E-08   7.26697327433763320E-26   1.78562708776507672E-12
  8.79477599162655083E-02   1.58583517949666075E-01   1.84783477764791144E+02   3.44729431294773402E+18   1.91459405886497668E-05   1.00000000000000000E+09   3.32682482827883708E-01   9.93345009323697146E-11   1.00121286678373678E+00   2.77924675923271215E-04   8.18758232674984826E-05   4.89044940706949755E-07   4.76820698819999956E+06   2.04336485500000007E+07   3.25835597074134839E-07   5.22103603541867457E-15   6.72487329202305943E-17   1.85172664390415861E-04   5.43824183747786100E-05   1.10573852460992179E-12   8.44524352167602415E-08   1.19251951425731633E-25   2.23321792391370836E-12
  6.87688999333979367E-02   1.58672564328765503E-01   1.84783477764791144E+02   2.69553923685815450E+18   1.49707652988769493E-05   1.00000000000000000E+09   3.32682483013555630E-01   1.34870748838641033E-10   1.00121286618449057E+00   2.77924675401017317E-04   8.18758231078567465E-05   4.89044939722126464E-07   4.76820698819999956E+06   2.04336485500000007E+07   3.25835570091973678E-07   6.11961900696715090E-15   6.72616230558727707E-17   1.85172649108651454E-04   5.43823562703152534E-05   1.37701283897246735E-12   8.44785948293010086E-08   1.97593449210064539E-25   2.80816573123424308E-12
  5.37872383636113852E-02   1.58761610679002130E-01   1.84783477764791144E+02   2.10830203175816346E+18   1.17093064195643225E-05   1.00000000000000000E+09   3.32682483249993055E-01   1.82256721796791742E-10   1.00121286541803678E+00   2.77924674733063995E-04   8.18758229036775030E-05   4.89044938462552896E-07   4.76820698819999956E+06   2.04336485500000007E+07   3.25835535542626314E-07   7.26613534555209478E-15   6.72781284691278100E-17   1.85172629303026324E-04   5.43822767332499039E-05   1.72437104976875178E-12   8.45120240190056760E-08   3.28588289666481073E-25   3.54648669415613001E-12
  4.20810035852002343E-02   1.58850657001786799E-01   1.84783477764791144E+02   1.64945195284689459E+18   9.16089727390638496E-06   1.00000000000000000E+09   3.32682483551096919E-01   2.45171592370129183E-10   1.00121286443799429E+00   2.77924673879002273E-04   8.18758226426083825E-05   4.89044936852027214E-07   4.76820698819999956E+06   2.04336485500000007E+07   3.25835491316281269E-07   8.72842335155626887E-15   6.72992572103796308E-17   1.85172603617126167E-04   5.43821749109638344E-05   2.16902767804700134E-12   8.45547226608870040E-08   5.46401555982589498E-25   4.49432624210733678E-12
  3.29315674518227616E-02   1.58939703297011792E-01   1.84783477764791144E+02   1.29082088391119386E+18   7.16909485737832724E-06   1.00000000000000000E+09   3.32682483934568840E-01   3.28394364705421231E-10   1.00121286318519065E+00   2.77924672787282785E-04   8.18758223088915095E-05   4.89044934793339471E-07   4.76820698819999956E+06   2.04336485500000007E+07   3.25835434718348279E-07   1.05927139591919723E-14   6.73262967543414592E-17   1.85172570282712595E-04   5.43820446125429914E-05   2.73807775613241928E-12   8.46092335207624320E-08   9.06770982811187164E-25   5.71078363790464975E-12
  2.57785204161656532E-02   1.59028749563864480E-01   1.84783477764791144E+02   1.01044241389961267E+18   5.61189983862573717E-06   1.00000000000000000E+09   3.32682484422942071E-01   4.38132604278122673E-10   1.00121286158415823E+00   2.77924671392161570E-04   8.18758218824298684E-05   4.89044932162511147E-07   4.76820698819999956E+06   2.04336485500000007E+07   3.25835362308331344E-07   1.29685722813429903E-14   6.73608909967870251E-17   1.85172526994344859E-04   5.43818779403021631E-05   3.46611723059020552E-12   8.46787869663784516E-08   1.50032254562536752E-24   7.27151352562387512E-12
  2.01847159450154502E-02   1.59117795801488687E-01   1.84783477764791144E+02   7.91181680488126208E+17   4.39414684259091674E-06   1.00000000000000000E+09   3.32682485044888177E-01   5.82452600813229686E-10   1.00121285953867334E+00   2.77924669609815977E-04   8.18758213375998589E-05   4.89044928801472024E-07   4.76820698819999956E+06   2.04336485500000007E+07   3.25835269694569931E-07   1.59951545464973830E-14   6.74051383419755215E-17   1.85172470746721113E-04   5.43816648162201075E-05   4.39730722057968290E-12   8.47674831970436589E-08   2.47441904657716770E-24   9.27331414879587965E-12
  1.58090643730221039E-02   1.59206842013494776E-01   1.84783477764791144E+02   6.19668968920088448E+17   3.44158176117703626E-06   1.00000000000000000E+09   3.32682485836873099E-01   7.71841748260564525E-10   1.00121285692607986E+00   2.77924667333401406E-04   8.18758206417402563E-05   4.89044924508737423E-07   4.76820698819999956E+06   2.04336485500000007E+07   3.25835151272830157E-07   1.98491270185029957E-14   6.74617166233094684E-17   1.85172397624505013E-04   5.43813923719859289E-05   5.58800298381185987E-12   8.48805212580480716E-08   4.06980004182679085E-24   1.18399676342132180E-11
  1.23853523128149862E-02   1.59295888196786695E-01   1.84783477764791144E+02   4.85469494987384704E+17   2.69625080788518573E-06   1.00000000000000000E+09   3.32682486845251368E-01   1.01993943419774292E-09   1.00121285359006995E+00   2.77924664426766241E-04   8.18758197532306941E-05   4.89044919027555246E-07   4.76820698819999956E+06   2.04336485500000007E+07   3.25834999893479604E-07   2.47546837266866101E-14   6.75340421539232047E-17   1.85172302532074826E-04   5.43810441648981247E-05   7.11010114971256647E-12   8.50244861721737239E-08   6.68355208281684751E-24   1.51296684440954697E-11
  9.70574852394117359E-03   1.59384934351800595E-01   1.84783477764791144E+02   3.80436883456030784E+17   2.11290979925789972E-06   1.00000000000000000E+09   3.32682488128923315E-01   1.34447500281084921E-09   1.00121284933151289E+00   2.77924660716462313E-04   8.18758186190492410E-05   4.89044912030838955E-07   4.76820698819999956E+06   2.04336485500000007E+07   3.25834806437857235E-07   3.09962133267217392E-14   6.76264721761278385E-17   1.85172178847910923E-04   5.43805991779622690E-05   9.05530028506110215E-12   8.52077079328526714E-08   1.09798267748075791E-23   1.93444661831164659E-11
  7.60795575107490064E-03   1.59473980478599814E-01   1.84783477764791144E+02   2.98209557796684544E+17   1.65622715194609307E-06   1.00000000000000000E+09   3.32682489762701428E-01   1.76844736974965410E-09   1.00121284389678711E+00   2.77924655981587440E-04   8.18758171716666355E-05   4.89044903102014148E-07   4.76820698819999956E+06   2.04336485500000007E+07   3.25834559279212626E-07   3.89343082403433045E-14   6.77445624807064928E-17   1.85172017985070134E-04   5.43800305641316134E-05   1.15405225136036242E-11   8.54407088613441414E-08   1.80817058967090894E-23   2.47422639908021570E-11
  5.96519983798097196E-03   1.59563026576873518E-01   1.84783477764791144E+02   2.33818342805401856E+17   1.29860454545736774E-06   1.00000000000000000E+09   3.32682491841591155E-01   2.32158101533709454E-09   1.00121283696295893E+00   2.77924649940880172E-04   8.18758153251010918E-05   4.89044891710679275E-07   4.76820698819999956E+06   2.04336485500000007E+07   3.25834243596967684E-07   4.90259891829710394E-14   6.78953951404437983E-17   1.85171808835123261E-04   5.43793040914603346E-05   1.47148106952483078E-11   8.57367589007648042E-08   2.98855223294385434E-23   3.16520607454070190E-11
  4.67842740671930643E-03   1.59652072648215793E-01   1.84783477764791144E+02   1.83380636506007264E+17   1.01847838235669405E-06   1.00000000000000000E+09   3.32682494486221003E-01   3.04212095536831339E-09   1.00121282811895473E+00   2.77924642236324754E-04   8.18758129699054228E-05   4.89044877181690420E-07   4.76820698819999956E+06   2.04336485500000007E+07   3.25833840504621579E-07   6.18502450505314600E-14   6.80879953259887859E-17   1.85171537067520319E-04   5.43783762148769125E-05   1.87681003498427135E-11   8.61125617114932436E-08   4.95510389878186761E-23   4.04933129065018110E-11
  3.67022318208887893E-03   1.59741118691966777E-01   1.84783477764791144E+02   1.43861987103595792E+17   7.98995609629110694E-07   1.00000000000000000E+09   3.32682497849713876E-01   3.97908780578300689E-09   1.00121281684164543E+00   2.77924632412331301E-04   8.18758099668004424E-05   4.89044858655894759E-07   4.76820698819999956E+06   2.04336485500000007E+07   3.25833325940947611E-07   7.81402736771648056E-14   6.83338612726619159E-17   1.85171184248903684E-04   5.43771916393627223E-05   2.39423728510274988E-11   8.65890977366385111E-08   8.22659536128558219E-23   5.18005306866908231E-11
  2.88006664495096864E-03   1.59830164705312250E-01   1.84783477764791144E+02   1.12890167702994784E+17   6.26981107572791908E-07   1.00000000000000000E+09   3.32682502126358914E-01   5.19517403127491851E-09   1.00121280246548627E+00   2.77924619889300187E-04   8.18758061385918182E-05   4.89044835040281293E-07   4.76820698819999956E+06   2.04336485500000007E+07   3.25832669260607203E-07   9.88241674163204115E-14   6.86476379305161651E-17   1.85170726736521294E-04   5.43756801789389361E-05   3.05458324442514214E-11   8.71926533109739097E-08   1.37124812232146470E-22   6.62545263402596780E-11
  2.26063209592150321E-03   1.59919210693955371E-01   1.84783477764791144E+02   8.86101496542611200E+16   4.92132225727613396E-07   1.00000000000000000E+09   3.32682507562519381E-01   6.77050118375268272E-09   1.00121278414397219E+00   2.77924603930066415E-04   8.18758012599076781E-05   4.89044804944699869E-07   4.76820698819999956E+06   2.04336485500000007E+07   3.25831831443162527E-07   1.25076236691746856E-13   6.90479730189452100E-17   1.85170134285791787E-04   5.43737526798772765E-05   3.89709219792781091E-11   8.79560666835830622E-08   3.25277659809550271E-22   8.47221155521752596E-11
  1.77490181615421209E-03   1.60008256652341224E-01   1.84783477764791144E+02   6.95709469200182960E+16   3.86390327389488966E-07   1.00000000000000000E+09   3.32682514470340918E-01   8.80748133220686142E-09   1.00121276080073485E+00   2.77924583597323113E-04   8.18757950441763386E-05   4.89044766601569014E-07   4.76820698819999956E+06   2.04336485500000007E+07   3.25830762817794758E-07   1.58381727482063964E-13   6.95586045790076713E-17   1.85169368293619237E-04   5.43712957600071614E-05   4.97172105209253102E-11   8.89202214063480678E-08   6.32050743863347114E-21   1.08306556278503403E-10
  1.39391302312777258E-03   1.60097302582452805E-01   1.84783477764791144E+02   5.46373033485694320E+16   3.03450309230781105E-07   1.00000000000000000E+09   3.32682523244961614E-01   1.14370412633263553E-08   1.00121273106749276E+00   2.77924557699602459E-04   8.18757871271019532E-05   4.89044717764006568E-07   4.76820698819999956E+06   2.04336485500000007E+07   3.25829400173448466E-07   2.00618394220787709E-13   7.02097422455629192E-17   1.85168379575613684E-04   5.43681651130541210E-05   6.34204623760209722E-11   9.01358132829081480E-08   1.67895008456689700E-19   1.38411619052670571E-10
  1.09499899391379309E-03   1.60186348486098723E-01   1.84783477764791144E+02   4.29207498632876720E+16   2.38377699570208510E-07   1.00000000000000000E+09   3.32682534386082196E-01   1.48264726891984307E-08   1.00121269320535511E+00   2.77924524722766896E-04   8.18757770457035499E-05   4.89044655576635879E-07   4.76820698819999956E+06   2.04336485500000007E+07   3.25827663087989511E-07   2.54159274485301490E-13   7.10398209797882933E-17   1.85167105545842083E-04   5.43641771436100460E-05   8.08895469009720776E-11   9.16654067351287885E-08   2.55690112988554682E-18   1.76822951531128917E-10
  8.60415594260279882E-04   1.60275394361070800E-01   1.84783477764791144E+02   3.37257684299067800E+16   1.87309658232304799E-07   1.00000000000000000E+09   3.32682548524972699E-01   1.91891729967484518E-08   1.00121264500504314E+00   2.77924482743142800E-04   8.18757642117319800E-05   4.89044576411775134E-07   4.76820698819999956E+06   2.04336485500000007E+07   3.25825449258373751E-07   3.22002121115264752E-13   7.20977257244001037E-17   1.85165466629924906E-04   5.43590987331902018E-05   1.03153291068537931E-10   9.35857771583271471E-08   2.38161040223231477E-17   2.25811354880075568E-10
  6.76268471318715553E-04   1.60364440207580033E-01   1.84783477764791144E+02   2.65077411570513960E+16   1.47221429901876914E-07   1.00000000000000000E+09   3.32682566458231688E-01   2.47964475059387709E-08   1.00121258366040133E+00   2.77924429317405984E-04   8.18757478779626549E-05   4.89044475661786601E-07   4.76820698819999956E+06   2.04336485500000007E+07   3.25822628537912660E-07   4.07932328266778717E-13   7.34456032112007472E-17   1.85163361692654901E-04   5.43526350897415562E-05   1.31519936411215177E-10   9.59905042551357633E-08   1.48836433709192935E-16   2.88263677292845787E-10
  5.31674864692844771E-04   1.60453486025461806E-01   1.84783477764791144E+02   2.08400957470427280E+16   1.15743873122223158E-07   1.00000000000000000E+09   3.32682589189994216E-01   3.19911658212848279E-08   1.00121250560810604E+00   2.77924361343035060E-04   8.18757270954635879E-05   4.89044347475927414E-07   4.76820698819999956E+06   2.04336485500000007E+07   3.25819035298431554E-07   5.16727874360688892E-13   7.51623764220394836E-17   1.85160662195762115E-04   5.43444161038102419E-05   1.67652568758001785E-10   9.89927343183497162E-08   6.75737274531604380E-16   3.67847962166829845E-10
  4.18108548159873330E-04   1.60542531815622946E-01   1.84783477764791144E+02   1.63886291320968120E+16   9.10208562436953084E-08   1.00000000000000000E+09   3.32682617984680074E-01   4.12027729307340120E-08   1.00121240632458330E+00   2.77924274881508266E-04   8.18757006594333296E-05   4.89044184426951908E-07   4.76820698819999956E+06   2.04336485500000007E+07   3.25814458670966563E-07   6.54416831567654865E-13   7.73480384073256245E-17   1.85157204716661621E-04   5.43339820878174445E-05   2.13664780365740708E-10   1.02727965698269435E-07   2.38121515748771206E-15   4.69219810846241170E-10
  3.28887752355111788E-04   1.60631577578559365E-01   1.84783477764791144E+02   1.28914355450485320E+16   7.15977798617345103E-08   1.00000000000000000E+09   3.32682654432442548E-01   5.29639748327832014E-08   1.00121228006878615E+00   2.77924164934356460E-04   8.18756670405607512E-05   4.89043977088823333E-07   4.76820698819999956E+06   2.04336485500000007E+07   3.25808630172163136E-07   8.28600478487265119E-13   8.01287331921402487E-17   1.85152781353779616E-04   5.43207692449111456E-05   2.72241945210217729E-10   1.07356632741420646E-07   6.87221965811291646E-15   5.98276641262959160E-10
  2.58774751439818924E-04   1.60720623311398109E-01   1.84783477764791144E+02   1.01432114908019040E+16   5.63344081397759387E-08   1.00000000000000000E+09   3.32682700529288389E-01   6.79313095945595147E-08   1.00121211955648559E+00   2.77924025159569012E-04   8.18756242980509295E-05   4.89043713501968625E-07   4.76820698819999956E+06   2.04336485500000007E+07   3.25801208118588749E-07   1.04885825179992203E-12   8.36625739944059508E-17   1.85147127419642635E-04   5.43040937724138659E-05   3.46794892676803525E-10   1.13066170584922793E-07   1.69557860011524430E-14   7.62466577095938152E-10
  2.03662679711057339E-04   1.60809669016963558E-01   1.84783477764791144E+02   7.98297987573617100E+15   4.43366898059713893E-08   1.00000000000000000E+09   3.32682758773932941E-01   8.69129026983502967E-08   1.00121191554794686E+00   2.77923847512552070E-04   8.18755699694327465E-05   4.89043378496294724E-07   4.76820698819999956E+06   2.04336485500000007E+07   3.25791758017101786E-07   1.32725493694659946E-12   8.81461314926962070E-17   1.85139905680943481E-04   5.42831330033226382E-05   4.41654507339924256E-10   1.20072133157148326E-07   3.70074122249824269E-14   9.71160305918818988E-10
  1.60330509129031582E-04   1.60898714692356837E-01   1.84783477764791144E+02   6.28448584521940700E+15   3.49034175594610088E-08   1.00000000000000000E+09   3.32682832284366403E-01   1.10905146382038567E-07   1.00121165632610643E+00   2.77923621791674263E-04   8.18755009309671418E-05   4.89042952834349534E-07   4.76820698819999956E+06   2.04336485500000007E+07   3.25779727852056288E-07   1.67897571022927646E-12   9.38215194097065879E-17   1.85130686246775346E-04   5.42569042171204397E-05   5.62317906576820128E-10   1.28617806685891525E-07   7.34053421195886680E-14   1.23609781640345066E-09
  1.26251301721029395E-04   1.60987760341139791E-01   1.84783477764791144E+02   4.94868084007515800E+15   2.74844852438000793E-08   1.00000000000000000E+09   3.32682924938760671E-01   1.41136055567814454E-07   1.00121132703633653E+00   2.77923335063167114E-04   8.18754132208283344E-05   4.89042412127086922E-07   4.76820698819999956E+06   2.04336485500000007E+07   3.25764416998453644E-07   2.12312089834483023E-12   1.00983948346558249E-16   1.85118921029881525E-04   5.42242464228194816E-05   7.15759381340458121E-10   1.38971629466093868E-07   1.35109902958297319E-13   1.57192672607735783E-09
  9.94421130843833705E-05   1.61076805959793429E-01   1.84783477764791144E+02   3.89783925400355650E+15   2.16482123290661502E-08   1.00000000000000000E+09   3.32683041547245484E-01   1.79109107462076441E-07   1.00121090885131658E+00   2.77922970933513331E-04   8.18753018151558868E-05   4.89041725462214498E-07   4.76820698819999956E+06   2.04336485500000007E+07   3.25744937435279769E-07   2.68369992288705792E-12   1.09989491606263963E-16   1.85103911477145245E-04   5.41838149945215083E-05   9.10822288328471706E-10   1.51421666995659910E-07   2.34360343071988334E-13   1.99685379331182015E-09
  7.83464681030801406E-05   1.61165851548920075E-01   1.84783477764791144E+02   3.07095182627088900E+15   1.70557592587627552E-08   1.00000000000000000E+09   3.32683188063524538E-01   2.26639062141874824E-07   1.00121037791496503E+00   2.77922508629048384E-04   8.18751603444491555E-05   4.89040853669299668E-07   4.76820698819999956E+06   2.04336485500000007E+07   3.25720165932591372E-07   3.39087370637807162E-12   1.21262671844996326E-16   1.85084767933539802E-04   5.41341017128642735E-05   1.15871180100947031E-09   1.66266535605641259E-07   3.87343965122414885E-13   2.53343574900677961E-09
  6.17423157998946772E-05   1.61254897108711853E-01   1.84783477764791144E+02   2.42011774180317150E+15   1.34410895213854261E-08   1.00000000000000000E+09   3.32683371849897436E-01   2.85869452401898686E-07   1.00120970400733378E+00   2.77921921831906420E-04   8.18749807344743946E-05   4.89039747125899350E-07   4.76820698819999956E+06   2.04336485500000007E+07   3.25688685858745025E-07   4.28250782869983474E-12   1.35303418165602449E-16   1.85060358594661581E-04   5.40734941200922230E-05   1.47361342116491657E-09   1.83802662766529334E-07   6.14682732438290109E-13   3.20954031284560636E-09
  4.86699202110649787E-05   1.61343942638942139E-01   1.84783477764791144E+02   1.90771816490796450E+15   1.05952717288935351E-08   1.00000000000000000E+09   3.32683602015762581E-01   3.59263399880018631E-07   1.00120884885719641E+00   2.77921177208035773E-04   8.18747527516954177E-05   4.89038342983805327E-07   4.76820698819999956E+06   2.04336485500000007E+07   3.25648717276925576E-07   5.40611555619376833E-12   1.52692980778556487E-16   1.85029245537383089E-04   5.40003845185862947E-05   1.87346894325395480E-09   2.04308660982444125E-07   9.41661429397328551E-13   4.05951383812808399E-09
  3.83753542773984175E-05   1.61432988138955263E-01   1.84783477764791144E+02   1.50420136548996350E+15   8.35417842065342490E-09   1.00000000000000000E+09   3.32683889854813619E-01   4.49575071469053435E-07   1.00120776400994305E+00   2.77920232546070259E-04   8.18744634280118899E-05   4.89036561662741933E-07   4.76820698819999956E+06   2.04336485500000007E+07   3.25598034270672838E-07   6.82129089293070771E-12   1.74098486015347689E-16   1.84989604609453635E-04   5.39133210743771517E-05   2.38094999957599728E-09   2.28028738720577532E-07   1.39817662284221847E-12   5.12559870609275613E-09
  3.02662087683801006E-05   1.61522033607651688E-01   1.84783477764791144E+02   1.18634663874399650E+15   6.58884403989159506E-09   1.00000000000000000E+09   3.32684249409322619E-01   5.59836772049608396E-07   1.00120638813431806E+00   2.77919034404420780E-04   8.18740963330142745E-05   4.89034302418723452E-07   4.76820698819999956E+06   2.04336485500000007E+07   3.25533869189068907E-07   8.60275752267167174E-12   2.00275939471640651E-16   1.84939124827150148E-04   5.38111640203751257E-05   3.02467883248353607E-09   2.55158122127550331E-07   2.01831336465204853E-12   6.45965136990500970E-09
  2.38768664612160250E-05   1.61611079043858380E-01   1.84783477764791144E+02   9.35903154794731250E+14   5.19790523485496077E-09   1.00000000000000000E+09   3.32684698195471029E-01   6.93414030309967122E-07   1.00120464362123407E+00   2.77917515136847054E-04   8.18736306536666387E-05   4.89031437743573170E-07   4.76820698819999956E+06   2.04336485500000007E+07   3.25452804969847642E-07   1.08441906310549908E-11   2.32071695859021092E-16   1.84874881548087829E-04   5.36931923823530112E-05   3.84075642445735047E-09   2.85833822499214438E-07   2.83919139959439972E-12   8.12522066219277953E-09
  1.88412686011621097E-05   1.61700124450769311E-01   1.84783477764791144E+02   7.38522483794319000E+14   4.10167220546998972E-09   1.00000000000000000E+09   3.32685258133649575E-01   8.54170131306517590E-07   1.00120243228978323E+00   2.77915589132477826E-04   8.18730400308496545E-05   4.89027806288073537E-07   4.76820698819999956E+06   2.04336485500000007E+07   3.25350658946818342E-07   1.36630059939774673E-11   2.70422914474675812E-16   1.84793176502717949E-04   5.35591199464548545E-05   4.87466967222756023E-09   3.20133197092020811E-07   3.89833414829220846E-12   1.02000550200461163E-08
  1.48715514824586277E-05   1.61789169821437734E-01   1.84783477764791144E+02   5.82921212535710750E+14   3.23747795668313094E-09   1.00000000000000000E+09   3.32685956738662914E-01   1.04675028804705709E-06   1.00119962996758760E+00   2.77913148062821085E-04   8.18722910889029459E-05   4.89023203920229716E-07   4.76820698819999956E+06   2.04336485500000007E+07   3.25222363866677327E-07   1.72063535206950634E-11   3.16358638846313631E-16   1.84689338171081666E-04   5.34090144008244827E-05   6.18366061911380584E-09   3.58080613390693829E-07   5.22892022543554657E-12   1.27791150521443045E-08
  1.17412834253375427E-05   1.61878215161024241E-01   1.84783477764791144E+02   4.60223883102994500E+14   2.55602904359899437E-09   1.00000000000000000E+09   3.32686828634232046E-01   1.27695932125572681E-06   1.00119607965233781E+00   2.77910054873380769E-04   8.18713415774602890E-05   4.89017372427800254E-07   4.76820698819999956E+06   2.04336485500000007E+07   3.25061852328315180E-07   2.16585840332385722E-11   3.71004930518737984E-16   1.84557485285510332E-04   5.32431466761742496E-05   7.83964492064746407E-09   3.99659823185600814E-07   6.85446118300499446E-12   1.59781675407019097E-08
  9.27230802522319734E-06   1.61967260463098894E-01   1.84783477764791144E+02   3.63447286817590750E+14   2.01854139071863273E-09   1.00000000000000000E+09   3.32687917467331451E-01   1.55215602608559044E-06   1.00119158288555288E+00   2.77906136188120533E-04   8.18701380235212694E-05   4.89009985244881256E-07   4.76820698819999956E+06   2.04336485500000007E+07   3.24861949403659733E-07   2.72503988410506736E-11   4.35598602638306272E-16   1.84390294031163635E-04   5.30618155464098159E-05   9.93274115517252056E-09   4.44827326319467510E-07   8.78901042948667063E-12   1.99380003776508237E-08
  7.32441512379729732E-06   1.62056305726924865E-01   1.84783477764791144E+02   2.87095596590232688E+14   1.59449169718143797E-09   1.00000000000000000E+09   3.32689278317775894E-01   1.88151140775610554E-06   1.00118588887437099E+00   2.77901172707832351E-04   8.18686127647711711E-05   4.89000629418876483E-07   4.76820698819999956E+06   2.04336485500000007E+07   3.24614281644285511E-07   3.42695421489215413E-11   5.11511378897060191E-16   1.84178881587018539E-04   5.28651976362045443E-05   1.25753692175832595E-08   4.93521006603012269E-07   1.10501466352260896E-11   2.48291644742753758E-08
  5.78722961708090648E-06   1.62145350951146849E-01   1.84783477764791144E+02   2.26842431980987781E+14   1.25985165776527428E-09   1.00000000000000000E+09   3.32690980730152186E-01   2.27594111055595001E-06   1.00117868077757532E+00   2.77894887074643985E-04   8.18666802013742891E-05   4.88988782827760157E-07   4.76820698819999956E+06   2.04336485500000007E+07   3.24309225830985767E-07   4.30720221708384427E-11   6.00278382690242149E-16   1.83912958996371813E-04   5.26532649015504011E-05   1.59066361476891556E-08   5.45659617932654178E-07   1.36829096188472304E-11   3.08568848537811784E-08
  4.57384021514116569E-06   1.62234396133129760E-01   1.84783477764791144E+02   1.79281125261175469E+14   9.95700965204519416E-10   1.00000000000000000E+09   3.32693112535584423E-01   2.74762347002163489E-06   1.00116955842195332E+00   2.77886928539856849E-04   8.18642320612870982E-05   4.88973785397167591E-07   4.76820698819999956E+06   2.04336485500000007E+07   3.23935939170560632E-07   5.40915046715649590E-11   7.03616905850611209E-16   1.83581323621776691E-04   5.24257852734447133E-05   2.00963391405353116E-08   6.01132392214633733E-07   1.67806223032864885E-11   3.82654840112302814E-08
  3.61579359939728253E-06   1.62323441268507451E-01   1.84783477764791144E+02   1.41728507057628688E+14   7.87137554457617155E-10   1.00000000000000000E+09   3.32695784677383866E-01   3.30921544781515342E-06   1.00115801652691316E+00   2.77876853604879849E-04   8.18611314214758013E-05   4.88954802739073989E-07   4.76820698819999956E+06   2.04336485500000007E+07   3.23482516251005035E-07   6.78433332216583997E-11   8.23421476144538672E-16   1.83172590196848398E-04   5.21823871282859941E-05   2.53474795924094260E-08   6.59782344466701418E-07   2.04890973434440533E-11   4.73415058917538838E-08
  2.85916033420116819E-06   1.62412486353872482E-01   1.84783477764791144E+02   1.12070701621981203E+14   6.22421163875684868E-10   1.00000000000000000E+09   3.32699137309360904E-01   3.97300911156293177E-06   1.00114341727939005E+00   2.77864101596478092E-04   8.18572051614416810E-05   4.88930780222106486E-07   4.76820698819999956E+06   2.04336485500000007E+07   3.22936299928243581E-07   8.49194963434307554E-11   9.61730440914152202E-16   1.82675950378400931E-04   5.19226481130463533E-05   3.18959101583144028E-08   7.21389219154667213E-07   2.49953364794679688E-11   5.84147928825287402E-08
  2.26144226098962888E-06   1.62501531382703096E-01   1.84783477764791144E+02   8.86419057494084844E+13   4.92300084219611353E-10   1.00000000000000000E+09   3.32703347501456248E-01   4.75023615687623963E-06   1.00112495580581018E+00   2.77847963876670710E-04   8.18522344426507735E-05   4.88900384968031717E-07   4.76820698819999956E+06   2.04336485500000007E+07   3.22284342573187221E-07   1.05972186256714940E-10   1.12066998723249798E-15   1.82081785872037971E-04   5.16461744951471997E-05   4.00058264724757375E-08   7.85657450627893847E-07   3.05140210886006154E-11   7.18569418443988772E-08
  1.78914075111175400E-06   1.62590576347385635E-01   1.84783477764791144E+02   7.01290714197019844E+13   3.89481774593213441E-10   1.00000000000000000E+09   3.32708638966987880E-01   5.65059425216273415E-06   1.00110161671853404E+00   2.77827545060531562E-04   8.18459427037316727E-05   4.88861932625187572E-07   4.76820698819999956E+06   2.04336485500000007E+07   3.21513985417816287E-07   1.31685882129583091E-10   1.30238631520753897E-15   1.81382078625179398E-04   5.13526572094388738E-05   4.99603043398696768E-08   8.52212035210708660E-07   3.72835597560178369E-11   8.80766856360498885E-08
  1.41584409985740979E-06   1.62679621241760358E-01   1.84783477764791144E+02   5.54969372512280078E+13   3.08216493985077560E-10   1.00000000000000000E+09   3.32715294323144728E-01   6.68195579963382120E-06   1.00107211945289909E+00   2.77801714205503216E-04   8.18379805319304263E-05   4.88813294968120998E-07   4.76820698819999956E+06   2.04336485500000007E+07   3.20613504865251477E-07   1.62740225247466738E-10   1.50897520244953222E-15   1.80570658690622676E-04   5.10419077436861278E-05   6.20468393312305247E-08   9.20602552942706871E-07   4.55741522869005806E-11   1.07511765264200903E-07
  1.12072284119023712E-06   1.62768666054901534E-01   1.84783477764791144E+02   4.39290492504198750E+13   2.43969736054846923E-10   1.00000000000000000E+09   3.32723670517891035E-01   7.85018401044752906E-06   1.00103484953567534E+00   2.77769043423945188E-04   8.18279066106834460E-05   4.88751783377788965E-07   4.76820698819999956E+06   2.04336485500000007E+07   3.19572764001138852E-07   1.99767648593469608E-10   1.74241457252979154E-15   1.79643358482558824E-04   5.07138830100373092E-05   7.65386788925051877E-08   9.90313834504502210E-07   5.57042282013906039E-11   1.30616872844950301E-07
  9.99999999999999955E-07   1.62812130761862600E-01   1.84783477764791144E+02   3.94638532342607891E+13   2.19170551643015097E-10   1.00000000000000000E+09   3.32728819081185179E-01   8.48904956353318168E-06   1.00101187004650494E+00   2.77748877781335381E-04   8.18216865344972220E-05   4.88713816571385780E-07   4.76820698819999956E+06   2.04336485500000007E+07   3.18992405287304697E-07   2.21021875566863856E-10   1.87034571063785133E-15   1.79133153279715791E-04   5.05453942965765815E-05   8.49025596531647124E-08   1.02471047960398247E-06   6.17362523665524024E-11   1.43908696901084903E-07
  8.87345674094626543E-07   1.62857710774742093E-01   1.84783477764791144E+02   3.47813485964574648E+13   1.93164460174262577E-10   1.00000000000000000E+09   3.32734218210678168E-01   9.15900691914096503E-06   1.00098777220976398E+00   2.77727730733209584E-04   8.18151637445717502E-05   4.88674002026532254E-07   4.76820698819999956E+06   2.04336485500000007E+07   3.18383802135442259E-07   2.43310486417469209E-10   2.00450290000705084E-15   1.78598117814330123E-04   5.03687057079139027E-05   9.36734871354279959E-08   1.06078111337242711E-06   6.80618383042125208E-11   1.57847396918391983E-07
  7.02747444232974515E-07   1.62946755383826553E-01   1.84783477764791144E+02   2.75456392550464961E+13   1.52978194160487129E-10   1.00000000000000000E+09   3.32747506091280787E-01   1.06099443725549382E-05   1.00092832395100517E+00   2.77675503167637994E-04   8.17990487183996968E-05   4.88575663077573701E-07   4.76820698819999956E+06   2.04336485500000007E+07   3.17041296379687946E-07   2.93782081284540720E-10   2.29680445600242898E-15   1.77435045701864125E-04   5.00066812407711937E-05   1.13631415911389627E-07   1.13140754744213324E-06   8.31307561033826082E-11   1.89639048162630680E-07
  5.56695335510407040E-07   1.63035799865514253E-01   1.84783477764791144E+02   2.18208248393900273E+13   1.21183286684869525E-10   1.00000000000000000E+09   3.32764251371854725E-01   1.22023143925042630E-05   1.00085327631256660E+00   2.77609495204804793E-04   8.17786744476258425E-05   4.88451354354743220E-07   4.76820698819999956E+06   2.04336485500000007E+07   3.15542840374201485E-07   3.51435356390536949E-10   2.62060037756053004E-15   1.76156419656099651E-04   4.96283082726891952E-05   1.36514843380475674E-07   1.20158227791172090E-06   1.01524000300464993E-10   2.26383918453512310E-07
  4.41110969338363436E-07   1.63124844194472124E-01   1.84783477764791144E+02   1.72902565958108926E+13   9.60211002820259601E-11   1.00000000000000000E+09   3.32785358003834741E-01   1.39333531164386911E-05   1.00075856517557815E+00   2.77526096372569971E-04   8.17529225130254959E-05   4.88294247684761592E-07   4.76820698819999956E+06   2.04336485500000007E+07   3.13889006744041848E-07   4.16340708087707720E-10   2.97684156416807891E-15   1.74766599112274656E-04   4.92342789323553049E-05   1.62331788026270938E-07   1.27069744972884276E-06   1.24029662376613274E-10   2.68403977914454727E-07
  3.49615169348384256E-07   1.63213888339300284E-01   1.84783477764791144E+02   1.37038895153490254E+13   7.61029082211662266E-11   1.00000000000000000E+09   3.32811964566128882E-01   1.57984713075140599E-05   1.00063907681963271E+00   2.77420760472382451E-04   8.17203837334286559E-05   4.88095733403106807E-07   4.76820698819999956E+06   2.04336485500000007E+07   3.12083187676030329E-07   4.88373263472736530E-10   3.36609538709479139E-15   1.73271841831904494E-04   4.88254659786374113E-05   1.90984317698658632E-07   1.33816279657079845E-06   1.51676209455725894E-10   3.15923284242492232E-07
  2.77169262097334948E-07   1.63302932261624040E-01   1.84783477764791144E+02   1.08642223731653066E+13   6.03318069365705009E-11   1.00000000000000000E+09   3.32845504258081071E-01   1.77916504430177819E-05   1.00048838019658493E+00   2.77287767149025975E-04   8.16792839082464557E-05   4.87844963297932997E-07   4.76820698819999956E+06   2.04336485500000007E+07   3.10131235759848129E-07   5.67207889579825913E-10   3.78847334826690020E-15   1.71680031221605280E-04   4.84028967106698037E-05   2.22262295418642560E-07   1.40341655836045647E-06   1.85827817879469019E-10   3.69040165461060300E-07
  2.19792369865383283E-07   1.63391975912777460E-01   1.84783477764791144E+02   8.61521643516141309E+12   4.78411716724844839E-11   1.00000000000000000E+09   3.32887780026196400E-01   1.99059620375038219E-05   1.00029839233578310E+00   2.77119924537863951E-04   8.16273912517769310E-05   4.87528280527413091E-07   4.76820698819999956E+06   2.04336485500000007E+07   3.08040949077385141E-07   6.52319078806337858E-10   4.24352129862871731E-15   1.70000340474117363E-04   4.79677159274247418E-05   2.55841796899164063E-07   1.46593172975945972E-06   2.28325198472335001E-10   4.27700327518885256E-07
  1.74338539036306088E-07   1.63481019234944708E-01   1.84783477764791144E+02   6.83355954398018945E+12   3.79461381182319903E-11   1.00000000000000000E+09   3.32941058577532867E-01   2.21341811967229585E-05   1.00005896087175050E+00   2.76908199428801678E-04   8.15619013476170414E-05   4.87128510828192013E-07   4.76820698819999956E+06   2.04336485500000007E+07   3.05821456928906632E-07   7.42982073633739053E-10   4.73004778547076933E-15   1.68242871456084168E-04   4.75211421151784454E-05   2.91286803457342741E-07   1.52521698068075826E-06   2.81692946097259605E-10   4.91671300114407111E-07
  1.38320994679518328E-07   1.63570062148299694E-01   1.84783477764791144E+02   5.42177741393262500E+12   3.01053432401806667E-11   1.00000000000000000E+09   3.33008187908180764E-01   2.44694627987011045E-05   9.99757344223382471E-01   2.76641258844526592E-04   8.14792946924406672E-05   4.86624084792922620E-07   4.76820698819999956E+06   2.04336485500000007E+07   3.03482564233030621E-07   8.38271309565160339E-10   5.24586025331112883E-15   1.66418310164600944E-04   4.70644218697850928E-05   3.28052585234387923E-07   1.58081205438927079E-06   3.49436803354437826E-10   5.60517997577840509E-07
  1.09773521029455091E-07   1.63659104555495066E-01   1.84783477764791144E+02   4.30280015224244287E+12   2.38907482771804359E-11   1.00000000000000000E+09   3.33092744027377152E-01   2.69060567374804158E-05   9.99377565956033997E-01   2.76304904257019797E-04   8.13751611177590263E-05   4.85987956478653683E-07   4.76820698819999956E+06   2.04336485500000007E+07   3.01034104425768788E-07   9.37052346963143600E-10   5.78737551211377627E-15   1.64537636487234907E-04   4.65987872297048147E-05   3.65489698559835033E-07   1.63227801499834744E-06   4.36442113867886499E-10   6.33578590927017428E-07
  8.71410971516238015E-08   1.63748146340667089E-01   1.84783477764791144E+02   3.41567549782767139E+12   1.89638304746503646E-11   1.00000000000000000E+09   3.33199213810642270E-01   2.94400521607755727E-05   9.98899615376073857E-01   2.75881377106239312E-04   8.12439846608256622E-05   4.85186279753051274E-07   4.76820698819999956E+06   2.04336485500000007E+07   2.98485336998921721E-07   1.03796382316035050E-09   6.34907592398269697E-15   1.62611917544180668E-04   4.61254195313720274E-05   4.02848713109998320E-07   1.67918334030737330E-06   5.49433391793211286E-10   7.09939480348022898E-07
  6.91935915810571533E-08   1.63837187346486890E-01   1.84783477764791144E+02   2.71218590418800977E+12   1.50567946670324667E-11   1.00000000000000000E+09   3.33333222387970585E-01   3.20701483267072293E-05   9.98298461604874010E-01   2.75348512291209962E-04   8.10788819500894692E-05   4.84176801638731003E-07   4.76820698819999956E+06   2.04336485500000007E+07   2.95844413792790494E-07   1.13938658512055777E-09   6.92280730688947556E-15   1.60652206682010163E-04   4.56454224256055163E-05   4.39287435116893483E-07   1.72108747114650674E-06   6.97328193627755995E-10   7.88407972196136679E-07
  5.49576367125922133E-08   1.63926227384498469E-01   1.84783477764791144E+02   2.15417821525807764E+12   1.19577425244148680E-11   1.00000000000000000E+09   3.33501815171711236E-01   3.47984396222636021E-05   9.97542843606800567E-01   2.74678715655581442E-04   8.08712871208061400E-05   4.82906933028677379E-07   4.76820698819999956E+06   2.04336485500000007E+07   2.93117933408149218E-07   1.23939834262856981E-09   7.49697342615436481E-15   1.58669566314294946E-04   4.51598062170571841E-05   4.73884030931682786E-07   1.75752392467290465E-06   8.91096951753422115E-10   8.67481335188363724E-07
  4.36628398067967021E-08   1.64015266218096617E-01   1.84783477764791144E+02   1.71145529455697388E+12   9.49896283101944922E-12   1.00000000000000000E+09   3.33713806544380043E-01   3.76311479902749819E-05   9.96593794557884216E-01   2.73837743457576238E-04   8.06105770662362425E-05   4.81311463632260358E-07   4.76820698819999956E+06   2.04336485500000007E+07   2.90310605982758576E-07   1.33571470428681553E-09   8.05578299983157778E-15   1.56675227878548090E-04   4.46694852578189081E-05   5.05660359544586885E-07   1.78798527543213093E-06   1.14248164043588182E-09   9.45311345746659379E-07
  3.46993027769203862E-08   1.64104303546393382E-01   1.84783477764791144E+02   1.36011092539500000E+12   7.54768365087857859E-12   1.00000000000000000E+09   3.33980209342646106E-01   4.05790482081238254E-05   9.95402856664643232E-01   2.72783268373758187E-04   8.02836330401269545E-05   4.79309902660705641E-07   4.76820698819999956E+06   2.04336485500000007E+07   2.87425056326098777E-07   1.42562276443447719E-09   8.57882968425509272E-15   1.54680890276768542E-04   4.41752891768522872E-05   5.33619189633353646E-07   1.81191197859164151E-06   1.46081540264150172E-09   1.01966438918817922E-06
  2.75840646530822857E-08   1.64193338997270705E-01   1.84783477764791144E+02   1.08121445386543237E+12   5.99876693760106764E-12   1.00000000000000000E+09   3.34314761515894343E-01   4.36568793688199254E-05   9.93909943911357452E-01   2.71463230664367218E-04   7.98743391089113628E-05   4.76803453500706599E-07   4.76820698819999956E+06   2.04336485500000007E+07   2.84461795210113875E-07   1.50592331898105556E-09   9.04137359833617932E-15   1.52699138620402872E-04   4.36779876125496113E-05   5.56796335811019279E-07   1.82868599632214080E-06   1.84748053967265014E-09   1.08787870830388879E-06
  2.19345858609161127E-08   1.64282372106596242E-01   1.84783477764791144E+02   8.59771450315419312E+11   4.76893613348229033E-12   1.00000000000000000E+09   3.34734568621264938E-01   4.68800106328937338E-05   9.92040818087232212E-01   2.69813998822263383E-04   7.93630259177632077E-05   4.73671675710039364E-07   4.76820698819999956E+06   2.04336485500000007E+07   2.81419381957042959E-07   1.57291324974742712E-09   9.41565838399905615E-15   1.50743942227489041E-04   4.31783281470339179E-05   5.74324416350614997E-07   1.83762853514030259E-06   2.28835450228456992E-09   1.14682229138800742E-06
  1.74477913317175158E-08   1.64371402299541253E-01   1.84783477764791144E+02   6.83902260712436279E+11   3.79221392236329142E-12   1.00000000000000000E+09   3.35260884011391369E-01   5.02530161254242531E-05   9.89704162069877103E-01   2.67758406641900701E-04   7.87258813362428397E-05   4.69768961500247647E-07   4.76820698819999956E+06   2.04336485500000007E+07   2.78294790742331255E-07   1.62245768497789890E-09   9.67338292775179186E-15   1.48831170758787141E-04   4.26770899299033457E-05   5.85500123046909179E-07   1.83799923582386077E-06   2.74563972914232442E-09   1.19285676580462499E-06
  1.38835028596785541E-08   1.64460428864410868E-01   1.84783477764791144E+02   5.44192603626643555E+11   3.01631554104486360E-12   1.00000000000000000E+09   3.35920059396036697E-01   5.37274892645632805E-05   9.86788269614767843E-01   2.65203799206114850E-04   7.79343699111925410E-05   4.64921072246454858E-07   4.76820698819999956E+06   2.04336485500000007E+07   2.75084002152476053E-07   1.65020928011939580E-09   9.78908360985561582E-15   1.46979067187790857E-04   4.21751646230986835E-05   5.89843517697530301E-07   1.82899254836012564E-06   3.15111194593849076E-09   1.22181473780061923E-06
  1.10513379693644886E-08   1.64549450920647988E-01   1.84783477764791144E+02   4.33180044250424072E+11   2.39979687042480561E-12   1.00000000000000000E+09   3.36744762894939265E-01   5.70054044638662084E-05   9.83157429501286040E-01   2.62040313616762339E-04   7.69547330626386901E-05   4.58922162881911584E-07   4.76820698819999956E+06   2.04336485500000007E+07   2.71782969145801197E-07   1.65199162042882716E-09   9.74379832999190845E-15   1.45208768719216262E-04   4.16737156254783761E-05   5.87139356744848476E-07   1.80972774284467360E-06   3.40246180042830751E-09   1.22900554162992325E-06
