# lambda[A]  T_theo  T_instr  T_rot+instr  (He I 10830)
1.082819786561241563e+04 9.999999264510580632e-01 9.999999230668558114e-01 9.999999229280485125e-01
1.082821788555996318e+04 9.999999241653110271e-01 9.999999215802077845e-01 9.999999214668590097e-01
1.082823790550750891e+04 9.999999217477968383e-01 9.999999197394852102e-01 9.999999196502010745e-01
1.082825792545505647e+04 9.999999191865456272e-01 9.999999175499120208e-01 9.999999174812711500e-01
1.082827794540260584e+04 9.999999164680093422e-01 9.999999150261160707e-01 9.999999149733681536e-01
1.082829796535015339e+04 9.999999135767120295e-01 9.999999121808379465e-01 9.999999121387372902e-01
1.082831798529769912e+04 9.999999104947047135e-01 9.999999090120623713e-01 9.999999089755097215e-01
1.082833800524524850e+04 9.999999072006400258e-01 9.999999054884558536e-01 9.999999054527126674e-01
1.082835802519279605e+04 9.999999036680756737e-01 9.999999015298097760e-01 9.999999014901849170e-01
1.082837804514034360e+04 9.999998998622061652e-01 9.999998969751962008e-01 9.999998969261529869e-01
1.082839806508788934e+04 9.999998957334259586e-01 9.999998915263785815e-01 9.999998914599367295e-01
1.082841808503543871e+04 9.999998912046034194e-01 9.999998846463507007e-01 9.999998845494718624e-01
1.082843810498298626e+04 9.999998861461454336e-01 9.999998753804327789e-01 9.999998752306583638e-01
1.082845812493053199e+04 9.999998803278368209e-01 9.999998620465171406e-01 9.999998618045433663e-01
1.082847814487807955e+04 9.999998733275999863e-01 9.999998417067055279e-01 9.999998413034592026e-01
1.082849816482562892e+04 9.999998643621444971e-01 9.999998092760478130e-01 9.999998085898177402e-01
1.082851818477317647e+04 9.999998519793044105e-01 9.999997560309094036e-01 9.999997548461789787e-01
1.082853820472072221e+04 9.999998335108336578e-01 9.999996671243067681e-01 9.999996650561933098e-01
1.082855822466826976e+04 9.999998041188229436e-01 9.999995174534661579e-01 9.999995138063503264e-01
1.082857824461581913e+04 9.999997551653110328e-01 9.999992647767562692e-01 9.999992582756006554e-01
1.082859826456336486e+04 9.999996714718072388e-01 9.999988382058923042e-01 9.999988264817319950e-01
1.082861828451091242e+04 9.999995267787724629e-01 9.999981188783059194e-01 9.999980974863375005e-01
1.082863830445845997e+04 9.999992763057691247e-01 9.999969073963250743e-01 9.999968679723697518e-01
1.082865832440600934e+04 9.999988446478738080e-01 9.999948690390709771e-01 9.999947959394052122e-01
1.082867834435355508e+04 9.999981061371545632e-01 9.999914423315343637e-01 9.999913067668539934e-01
1.082869836430110263e+04 9.999968529049132471e-01 9.999856891325780150e-01 9.999854394973003435e-01
1.082871838424865200e+04 9.999947425402262446e-01 9.999760558344342742e-01 9.999756029004699398e-01
1.082873840419619955e+04 9.999912111325792718e-01 9.999600085558134621e-01 9.999592049091030610e-01
1.082875842414374529e+04 9.999853258857318572e-01 9.999335068602467347e-01 9.999321220475461125e-01
1.082877844409129284e+04 9.999755288236027440e-01 9.998903012914496236e-01 9.998879981854874588e-01
1.082879846403884221e+04 9.999591789948800713e-01 9.998210935116061959e-01 9.998174173605585136e-01
1.082881848398638795e+04 9.999317200640408521e-01 9.997126951260163485e-01 9.997070932280746058e-01
1.082883850393393550e+04 9.998851756061707396e-01 9.995474603993490526e-01 9.995393539685578643e-01
1.082885852388148305e+04 9.998055473023013118e-01 9.993034204478825622e-01 9.992923459542865094e-01
1.082887854382903242e+04 9.996687349951929313e-01 9.989556473899049438e-01 9.989414676015964112e-01
1.082889856377657816e+04 9.994351893607257287e-01 9.984793312295211498e-01 9.984624852639034653e-01
1.082891858372412571e+04 9.990451081395673727e-01 9.978547660618399817e-01 9.978364895708186078e-01
1.082893860367167326e+04 9.984186055214905320e-01 9.970738800234772992e-01 9.970562969368443884e-01
1.082895862361922264e+04 9.974677074417337419e-01 9.961471904618184325e-01 9.961331773695061287e-01
1.082897864356676837e+04 9.961266003128109725e-01 9.951093560814918693e-01 9.951021252620774193e-01
1.082899866351431592e+04 9.943996858893565660e-01 9.940211678722722377e-01 9.940236037740447506e-01
1.082901868346186347e+04 9.924106193485412453e-01 9.929661779802610999e-01 9.929800689262974212e-01
1.082903870340941103e+04 9.904168851405642515e-01 9.920413151097489113e-01 9.920667025921673376e-01
1.082905872335695858e+04 9.887611329106444913e-01 9.913425519943737108e-01 9.913774296204601599e-01
1.082907874330450613e+04 9.877724229149551505e-01 9.909484335208966765e-01 9.909889460979333098e-01
1.082909876325205551e+04 9.876620668466100650e-01 9.909053682908284255e-01 9.909465082367256983e-01
1.082911878319960124e+04 9.884542625920266223e-01 9.912185140242457670e-01 9.912551432066345480e-01
1.082913880314714879e+04 9.899779695658579293e-01 9.918507472215754017e-01 9.918786562878812996e-01
1.082915882309469634e+04 9.919234948179197486e-01 9.927300033237950183e-01 9.927467070025873808e-01
1.082917884304224208e+04 9.939414803795447728e-01 9.937629685222182374e-01 9.937680301192693966e-01
1.082919886298979145e+04 9.957472742213205885e-01 9.948515042752302806e-01 9.948463450779834183e-01
1.082921888293733900e+04 9.971845242551456989e-01 9.959078011150527265e-01 9.958951135448933512e-01
1.082923890288488656e+04 9.982242302934916101e-01 9.968651092523089785e-01 9.968480946357101136e-01
1.082925892283243229e+04 9.989202914966244240e-01 9.976825422979658242e-01 9.976642056907368827e-01
1.082927894277998166e+04 9.993588949219105455e-01 9.983442318575774799e-01 9.983268991440801265e-01
1.082929896272752922e+04 9.996235371718316109e-01 9.988544291538637987e-01 9.988395465365926817e-01
1.082931898267507677e+04 9.997791396228519201e-01 9.992306974870425185e-01 9.992188771181595985e-01
1.082933900262262432e+04 9.998697356557992855e-01 9.994971500647659157e-01 9.994883691916339741e-01
1.082935902257017187e+04 9.999225985101823921e-01 9.996790364196598278e-01 9.996728879559476644e-01
1.082937904251771943e+04 9.999537073308942814e-01 9.997992115314477957e-01 9.997951285768820195e-01
1.082939906246526516e+04 9.999721884177035225e-01 9.998764008825781202e-01 9.998738156079439721e-01
1.082941908241281453e+04 9.999832443141362104e-01 9.999248223398528035e-01 9.999232532532088547e-01
1.082943910236036209e+04 9.999898783628629051e-01 9.999546301270800797e-01 9.999537122289340330e-01
1.082945912230790964e+04 9.999938550772135004e-01 9.999727214054872082e-01 9.999722007005430457e-01
1.082947914225545537e+04 9.999962276249293458e-01 9.999835933370486707e-01 9.999833049343089808e-01
1.082949916220300474e+04 9.999976314998005877e-01 9.999900846321182479e-01 9.999899274872057209e-01
1.082951918215055230e+04 9.999984522938262232e-01 9.999939437890092986e-01 9.999938588674252005e-01
1.082953920209809985e+04 9.999989241138933505e-01 9.999962294349028502e-01 9.999961835361056428e-01
1.082955922204564558e+04 9.999991885583698892e-01 9.999975754598700028e-01 9.999975504274515314e-01
1.082957924199319496e+04 9.999993305767350682e-01 9.999983586862756235e-01 9.999983447519259494e-01
1.082959926194074251e+04 9.999994004312825480e-01 9.999988013070514326e-01 9.999987932203752150e-01
1.082961928188828824e+04 9.999994271176133598e-01 9.999990317411958651e-01 9.999990266088573110e-01
1.082963930183583579e+04 9.999994264078095885e-01 9.999991195942492528e-01 9.999991156898412337e-01
1.082965932178338517e+04 9.999994053712204511e-01 9.999990942930020443e-01 9.999990903734822245e-01
1.082967934173093272e+04 9.999993643872887583e-01 9.999989526349759572e-01 9.999989474782261523e-01
1.082969936167847845e+04 9.999992970558335692e-01 9.999986574170652842e-01 9.999986493852841551e-01
1.082971938162602783e+04 9.999991878802716450e-01 9.999981268373553389e-01 9.999981132834515618e-01
1.082973940157357538e+04 9.999990070285844634e-01 9.999972118379742980e-01 9.999971881029842136e-01
1.082975942152112111e+04 9.999987007432820096e-01 9.999956552354256623e-01 9.999956128060061289e-01
1.082977944146866867e+04 9.999981749170983036e-01 9.999930214131642625e-01 9.999929444621495911e-01
1.082979946141621804e+04 9.999972677371070651e-01 9.999885772116903215e-01 9.999884361517172859e-01
1.082981948136376559e+04 9.999957047327523441e-01 9.999810917227837104e-01 9.999808314917890684e-01
1.082983950131131132e+04 9.999930253583213524e-01 9.999685031308551686e-01 9.999680227186240611e-01
1.082985952125885888e+04 9.999884631574752492e-01 9.999473735419154297e-01 9.999464920230628495e-01
1.082987954120640825e+04 9.999807492541689102e-01 9.999120198272206661e-01 9.999104236095738285e-01
1.082989956115395580e+04 9.999677867631023842e-01 9.998531781614641289e-01 9.998503456455778426e-01
1.082991958110150154e+04 9.999461022704306812e-01 9.997560508905528609e-01 9.997511561786647238e-01
1.082993960104904909e+04 9.999099007592563426e-01 9.995976283610636948e-01 9.995894368821875986e-01
1.082995962099659846e+04 9.998493974217403935e-01 9.993433168901975083e-01 9.993301031510006815e-01
1.082997964094414419e+04 9.997478249588275245e-01 9.989431743708175881e-01 9.989227123574520029e-01
1.082999966089169175e+04 9.995760962278484874e-01 9.983284628036054320e-01 9.982981547289474511e-01
1.083001968083923930e+04 9.992836791451589207e-01 9.974097119112782517e-01 9.973669186303745215e-01
1.083003970078678867e+04 9.987843657050139434e-01 9.960778991591660025e-01 9.960205034594952211e-01
1.083005972073433441e+04 9.979374324370287042e-01 9.942104606764669006e-01 9.941376286987899658e-01
1.083007974068188196e+04 9.965294648956767309e-01 9.916834193209785875e-01 9.915964374041020823e-01
1.083009976062943133e+04 9.942695787273777563e-01 9.883898281968737098e-01 9.882928117786541344e-01
1.083011978057697888e+04 9.908170444844013325e-01 9.842630908736959006e-01 9.841633261541267164e-01
1.083013980052452462e+04 9.858580250574041637e-01 9.793019170151752162e-01 9.792096320100703855e-01
1.083015982047207217e+04 9.792283082415890183e-01 9.735922635452920471e-01 9.735197324790250129e-01
1.083017984041962154e+04 9.710363001480840639e-01 9.673211159180811203e-01 9.672811485553289845e-01
1.083019986036716728e+04 9.617033801500280976e-01 9.607776344704850313e-01 9.607816443473078394e-01
1.083021988031471483e+04 9.518833266403737836e-01 9.543389173012937210e-01 9.543948647772577676e-01
1.083023990026226238e+04 9.423398890812323403e-01 9.484400353041306797e-01 9.485505930864017721e-01
1.083025992020981175e+04 9.338847262261472659e-01 9.435306386746322715e-01 9.436919365978380103e-01
1.083027994015735749e+04 9.273614051677473435e-01 9.400229745198587228e-01 9.402242491521534129e-01
1.083029996010490504e+04 9.235792383976548781e-01 9.382383267287561779e-01 9.384627116428186921e-01
1.083031998005245259e+04 9.231602674800706287e-01 9.383603535216685776e-01 9.385868704631002979e-01
1.083034000000000015e+04 9.263731640360149955e-01 9.404040411284000367e-01 9.406105880261765861e-01
1.083036001994754770e+04 9.330226725656887155e-01 9.442074453475630680e-01 9.443742765290601415e-01
1.083038003989509525e+04 9.424074358742813295e-01 9.494497875970716594e-01 9.495627511654128883e-01
1.083040005984264280e+04 9.533800386852080422e-01 9.556942295800138210e-01 9.557469846664483626e-01
1.083042007979019036e+04 9.645580559768335283e-01 9.624480145724633173e-01 9.624426612613562471e-01
1.083044009973773791e+04 9.746745389444851915e-01 9.692283848994541762e-01 9.691743624648678779e-01
1.083046011968528546e+04 9.829141832615111429e-01 9.756213278963611346e-01 9.755329297847918912e-01
1.083048013963283483e+04 9.890330839420388154e-01 9.813223961588920519e-01 9.812156260250305406e-01
1.083050015958038057e+04 9.932340602790250550e-01 9.861539104824881274e-01 9.860435209671242207e-01
1.083052017952792812e+04 9.959397680853523394e-01 9.900590326704005184e-01 9.899564201772359517e-01
1.083054019947547567e+04 9.976005622771657588e-01 9.930784252201492190e-01 9.929906945014641551e-01
1.083056021942302141e+04 9.985885522744061271e-01 9.953179946766128605e-01 9.952481177288556857e-01
1.083058023937057078e+04 9.991675162540707422e-01 9.969161458127296926e-01 9.968638650732427609e-01
1.083060025931811833e+04 9.995061483083492737e-01 9.980167262285096763e-01 9.979797595900372631e-01
1.083062027926566589e+04 9.997054214535472383e-01 9.987506659318229341e-01 9.987258398528339187e-01
1.083064029921321162e+04 9.998236998883091031e-01 9.992264208898583577e-01 9.992105125423250689e-01
1.083066031916076099e+04 9.998944075029942979e-01 9.995274441783085217e-01 9.995176727449751608e-01
1.083068033910830854e+04 9.999368387081484233e-01 9.997141838203109643e-01 9.997084021302038437e-01
1.083070035905585610e+04 9.999623065107627884e-01 9.998282740041023464e-01 9.998249602681019699e-01
1.083072037900340365e+04 9.999775477587622419e-01 9.998972179283472927e-01 9.998953666527254924e-01
1.083074039895095120e+04 9.999866200627711699e-01 9.999385799955665677e-01 9.999375647908630427e-01
1.083076041889849876e+04 9.999919824719377681e-01 9.999632873213550877e-01 9.999627367521798371e-01
1.083078043884604449e+04 9.999951273121880924e-01 9.999780101972677304e-01 9.999777127128723908e-01
1.083080045879359386e+04 9.999969577960533540e-01 9.999867703399496488e-01 9.999866091400148038e-01
1.083082047874114141e+04 9.999980172468142525e-01 9.999919759493430815e-01 9.999918879122607906e-01
1.083084049868868897e+04 9.999986295679520465e-01 9.999950649039752726e-01 9.999950163059786457e-01
1.083086051863623470e+04 9.999989856669323496e-01 9.999968952025142244e-01 9.999968680613559036e-01
1.083088053858378407e+04 9.999991965789497561e-01 9.999979788300951133e-01 9.999979634994592415e-01
1.083090055853133163e+04 9.999993259476032126e-01 9.999986210969087352e-01 9.999986123430864016e-01
1.083092057847887918e+04 9.999994097005443505e-01 9.999990036763322099e-01 9.999989986210895410e-01
1.083094059842642491e+04 9.999994678180822438e-01 9.999992342431662795e-01 9.999992312833299035e-01
1.083096061837397428e+04 9.999995112641347772e-01 9.999993762481629300e-01 9.999993744817952113e-01
1.083098063832152184e+04 9.999995459965163036e-01 9.999994668128703301e-01 9.999994657292657907e-01
1.083100065826906757e+04 9.999995752429222673e-01 9.999995274788312516e-01 9.999995267879334682e-01
1.083102067821661512e+04 9.999996007666267506e-01 9.999995706425904851e-01 9.999995701795793002e-01
1.083104069816416450e+04 9.999996235558877844e-01 9.999996033843724375e-01 9.999996030556614901e-01
1.083106071811171205e+04 9.999996441918824752e-01 9.999996297266310341e-01 9.999996294791021478e-01
1.083108073805925778e+04 9.999996630413734433e-01 9.999996519524519956e-01 9.999996517558890075e-01
1.083110075800680715e+04 9.999996803560133873e-01 9.999996713659825565e-01 9.999996712030656543e-01
1.083112077795435471e+04 9.999996963230051161e-01 9.999996887253923550e-01 9.999996885860339413e-01
1.083114079790190044e+04 9.999997110909510933e-01 9.999997044861148598e-01 9.999997043642701033e-01
1.083116081784944799e+04 9.999997247832552727e-01 9.999997189357372473e-01 9.999997188276283921e-01
1.083118083779699737e+04 9.999997375053605309e-01 9.999997322679206047e-01 9.999997321710515363e-01
1.083120085774454492e+04 9.999997493489278799e-01 9.999997446225491471e-01 9.999997445351667125e-01
1.083122087769209065e+04 9.999997603944761337e-01 9.999997561074421837e-01 9.999997560282369857e-01
1.083124089763963821e+04 9.999997707132148861e-01 9.999997668101433534e-01 9.999997667380887689e-01
1.083126091758718758e+04 9.999997803684191888e-01 9.999997768044361912e-01 9.999997767386914482e-01
1.083128093753473513e+04 9.999997894165155721e-01 9.999997861540559363e-01 9.999997860939170424e-01
1.083130095748228086e+04 9.999997979079828792e-01 9.999997949149366239e-01 9.999997948598019493e-01
1.083132097742982842e+04 9.999998058881003349e-01 9.999998031366593709e-01 9.999998030860064446e-01
1.083134099737737779e+04 9.999998133975870340e-01 9.999998108634626792e-01 9.999998108168374200e-01
1.083136101732492352e+04 9.999998204731482820e-01 9.999998181350034931e-01 9.999998180920083302e-01
1.083138103727247108e+04 9.999998271479451084e-01 9.999998249869581635e-01 9.999998249472411560e-01
1.083140105722001863e+04 9.999998334520027177e-01 9.999998314515111675e-01 9.999998314147615641e-01
1.083142107716756800e+04 9.999998394125594325e-01 9.999998375577711096e-01 9.999998375237127979e-01
1.083144109711511373e+04 9.999998450543778894e-01 9.999998433321236613e-01 9.999998433005128362e-01
1.083146111706266129e+04 9.999998504000098265e-01 9.999998487985388707e-01 9.999998487691568183e-01
1.083148113701021066e+04 9.999998554700300080e-01 9.999998539788323981e-01 9.999998539514839413e-01
1.083150115695775821e+04 9.999998602832447236e-01 9.999998588928978860e-01 9.999998588674083866e-01
1.083152117690530395e+04 9.999998648568707571e-01 9.999998635589109064e-01 9.999998635351234899e-01
1.083154119685285150e+04 9.999998692066938144e-01 9.999998679935037105e-01 9.999998679712771565e-01
1.083156121680040087e+04 9.999998733472128531e-01 9.999998722119217698e-01 9.999998721911288468e-01
1.083158123674794660e+04 9.999998772917615408e-01 9.999998762281623321e-01 9.999998762086875770e-01
1.083160125669549416e+04 9.999998810526223858e-01 9.999998800550966571e-01 9.999998800368371521e-01
1.083162127664304171e+04 9.999998846411231046e-01 9.999998837045758204e-01 9.999998836874373076e-01
1.083164129659059108e+04 9.999998880677257729e-01 9.999998871875310780e-01 9.999998871714272930e-01
1.083166131653813682e+04 9.999998913421058733e-01 9.999998905140539129e-01 9.999998904989086945e-01
1.083168133648568437e+04 9.999998944732213513e-01 9.999998936934779703e-01 9.999998936792198201e-01
1.083170135643323192e+04 9.999998974693772302e-01 9.999998967344433387e-01 9.999998967210068646e-01
1.083172137638077947e+04 9.999999003382807894e-01 9.999998996449604993e-01 9.999998996322873035e-01
1.083174139632832703e+04 9.999999030870947436e-01 9.999999024324619512e-01 9.999999024204981879e-01
1.083176141627587458e+04 9.999999057224807641e-01 9.999999051038547249e-01 9.999999050925511002e-01
1.083178143622342213e+04 9.999999082506428882e-01 9.999999076655634589e-01 9.999999076548762300e-01
1.083180145617096969e+04 9.999999106773634905e-01 9.999999101235733656e-01 9.999999101134581236e-01
1.083182147611851724e+04 9.999999130080389209e-01 9.999999124834585418e-01 9.999999124738787604e-01
1.083184149606606479e+04 9.999999152477084818e-01 9.999999147504253783e-01 9.999999147413451972e-01
1.083186151601361234e+04 9.999999174010847369e-01 9.999999169293333212e-01 9.999999169207210992e-01
1.083188153596115990e+04 9.999999194725761598e-01 9.999999190247285119e-01 9.999999190165536067e-01
1.083190155590870745e+04 9.999999214663116698e-01 9.999999210408634376e-01 9.999999210330986488e-01
1.083192157585625500e+04 9.999999233861629477e-01 9.999999229817223556e-01 9.999999229743413709e-01
1.083194159580380074e+04 9.999999252357616442e-01 9.999999248510392791e-01 9.999999248440193389e-01
1.083196161575135011e+04 9.999999270185174760e-01 9.999999266523190711e-01 9.999999266456384150e-01
1.083198163569889766e+04 9.999999287376353241e-01 9.999999283888528767e-01 9.999999283824906327e-01
1.083200165564644522e+04 9.999999303961293329e-01 9.999999300637330002e-01 9.999999300576707384e-01
1.083202167559399095e+04 9.999999319968357891e-01 9.999999316798690030e-01 9.999999316740886268e-01
1.083204169554154032e+04 9.999999335424269997e-01 9.999999332399999163e-01 9.999999332344847724e-01
1.083206171548908787e+04 9.999999350354208394e-01 9.999999347467037891e-01 9.999999347414394446e-01
1.083208173543663543e+04 9.999999364781928524e-01 9.999999362024136751e-01 9.999999361973854750e-01
1.083210175538418298e+04 9.999999378729851340e-01 9.999999376094225179e-01 9.999999376046179167e-01
1.083212177533173053e+04 9.999999392219156569e-01 9.999999389698979169e-01 9.999999389653043691e-01
1.083214179527927809e+04 9.999999405269862640e-01 9.999999402858839037e-01 9.999999402814890859e-01
1.083216181522682382e+04 9.999999417900899967e-01 9.999999415593150420e-01 9.999999415551087401e-01
1.083218183517437319e+04 9.999999430130183109e-01 9.999999427920196471e-01 9.999999427879916469e-01
1.083220185512192074e+04 9.999999441974685155e-01 9.999999439857254480e-01 9.999999439818648694e-01
1.083222187506946830e+04 9.999999453450467701e-01 9.999999451420609198e-01 9.999999451383549953e-01
1.083224189501701403e+04 9.999999464572785213e-01 9.999999462625420721e-01 9.999999462589711507e-01
1.083226191496456340e+04 9.999999475356086132e-01 9.999999473485359225e-01 9.999999473450630338e-01
1.083228193491211096e+04 9.999999485814099476e-01 9.999999484011594664e-01 9.999999483977068948e-01
1.083230195485965669e+04 9.999999495959852602e-01 9.999999494210750628e-01 9.999999494174850456e-01
1.083232197480720424e+04 9.999999505805732269e-01 9.999999504081124035e-01 9.999999504040815168e-01
1.083234199475475361e+04 9.999999515363506841e-01 9.999999513606755430e-01 9.999999513556742103e-01
1.083236201470230117e+04 9.999999524644379578e-01 9.999999522749849490e-01 9.999999522681716213e-01
1.083238203464984690e+04 9.999999533659003070e-01 9.999999531443324319e-01 9.999999531345106218e-01
1.083240205459739445e+04 9.999999542417523646e-01 9.999999539587295372e-01 9.999999539443871210e-01
1.083242207454494383e+04 9.999999550929609127e-01 9.999999547053948223e-01 9.999999546848664655e-01
1.083244209449249138e+04 9.999999559204475474e-01 9.999999553703893262e-01 9.999999553421288212e-01
1.083246211444003711e+04 9.999999567250894561e-01 9.999999559412844352e-01 9.999999559041840014e-01
1.083248213438758648e+04 9.999999575077258562e-01 9.999999564102014515e-01 9.999999563638505284e-01
