# EXHALE lower-atmosphere profile (docs/phase_e_flux_closure_design.md section 2)
# solution_id a6e9751f12fe1f9b29e21ca5eb21bb1f23d3c108300d1ae8686a7a9cdb6ab099
# source_code photochem
# source_version photochem 0.8.4, photochem_to_lower_profile.py
# mechanism zahnle_HHeNOC_rxns.yaml sha256 908cc51ef08cfce6
# stellar_flux lhs1140_sed_gj1132_at_b.txt sha256 37a95348aeb58b91 dilution 1.000000E+00
# p_match_bar 9.99999999999999955E-07
# p_top_bar 1.24084646548189187E-08
# p_deep_bar 1.67309812445468857E+01
# trial_flux_H 2.79393233443302035E+08
# trial_flux_He 1.63737015055349755E+09
# measured_flux_H 2.79272359808736920E+08
# measured_flux_He 1.63666177027590227E+09
# iteration 1
# reached_steady_state T
# notes F_H and F_He columns are the STATED trial fluxes; the header measured_flux_* are what the solution carries across its own top. measured elemental escape at the model top (r_top = 1.147672e+09 cm): H 2.792724e+08 g/s, He 1.636662e+09 g/s; imposed H 2.793932e+08, He 1.637370e+09; atomic-H share of the hydrogen nuclei at the top 6.293e-56 imposed, 1.021e-04 converged. climate solved: deep boundary 20 bar at 582.9 K, background He, tropopause 0.8602 bar at 185.0 K, cold-trap f_H2O 1.561e-07 (deep 2.887e-04). cold trap at the match: O/H gas 5.1086e-07 vs all-carrier 5.1086e-07; C/H gas 2.7818e-04 vs all-carrier 2.7818e-04; N/H gas 8.1988e-05 vs all-carrier 8.1988e-05; chemistry q_H2O at the tropopause (0.8602 bar) 1.1533e-06, at the match 2.3680e-07.
# units p[bar] r[R_J] T[K] n_tot[cm^-3] rho[g/cm^3] Kzz[cm^2/s] q_*[-] X_*[El/H nuclei] F_*[g/s]
# columns: p r T n_tot rho Kzz q_H2 q_H X_He X_C X_N X_O F_H F_He q_H2O q_CO q_CO2 q_CH4 q_NH3 q_HCN q_N2 q_OH q_C2H2
  1.67309812445468857E+01   1.55948042631498168E-01   5.46179500220460227E+02   2.21872120447135056E+20   1.30308675657244224E-03   1.00000000000000000E+09   2.37519854382141016E-01   7.18442914100287538E-20   1.59999998777852714E+00   2.77588031847146230E-04   8.18490163888556811E-05   6.06177995371397780E-04   2.79393233443302035E+08   1.63737015055349755E+09   2.88699959778724333E-04   6.94776116334061664E-17   5.19403244664111074E-18   1.32204821401530530E-04   3.89190735687941481E-05   5.82677156637335532E-22   3.12793783702769322E-08   3.39762317332780874E-28   4.32183178863370733E-33
  1.59810450750647171E+01   1.55992549363758670E-01   5.37617483765419479E+02   2.15302220983394238E+20   1.26450072666050976E-03   1.00000000000000000E+09   2.37519854987803619E-01   3.16313271587050235E-20   1.59999999916389135E+00   2.77588031833768422E-04   8.18155013535475057E-05   6.06177999684893412E-04   2.79393233443302035E+08   1.63737015055349755E+09   2.88699962571732562E-04   6.94776118105704590E-17   6.57648064941328215E-18   1.32204821738645631E-04   3.89190736680356452E-05   5.82677158123127477E-22   2.32983982422754995E-08   1.17156320228145842E-28   1.06282320095547314E-33
  1.46569956402514237E+01   1.56074640699214978E-01   5.21505128919089998E+02   2.03564991769308496E+20   1.19556630117687891E-03   1.00000000000000000E+09   2.37519854997809365E-01   1.16417854071122455E-14   1.59999999940596904E+00   2.77588031886671959E-04   8.18155013690801384E-05   6.06177923209767918E-04   2.79393233443302035E+08   1.63737015055349755E+09   2.88699926115653521E-04   8.38796142038006073E-17   6.57665413334219722E-18   1.32204821567705682E-04   3.89190728686736038E-05   3.38971472015756979E-15   2.32987375247467423E-08   2.83640447596070617E-23   5.13135325098108289E-15
  1.34068498089682411E+01   1.56156732016674127E-01   5.04860384103711340E+02   1.92341132195835838E+20   1.12964696884476916E-03   1.00000000000000000E+09   2.37519855016456061E-01   2.39400520618236762E-14   1.59999999988977049E+00   2.77588031982116336E-04   8.18155013971471782E-05   6.06177771209545396E-04   2.79393233443302035E+08   1.63737015055349755E+09   2.88699853656527040E-04   9.91097302334334787E-17   6.57683769531659037E-18   1.32204821391306449E-04   3.89190720241881251E-05   6.97633500188299855E-15   2.32990965039824925E-08   3.59616699535726307E-23   1.05643573519156107E-14
  1.22272998213614006E+01   1.56238823308195413E-01   4.87666087813073432E+02   1.81603712683928453E+20   1.06658456825773251E-03   1.00000000000000000E+09   2.37519855052711976E-01   3.70335393988253305E-14   1.60000000086945460E+00   2.77588032164270378E-04   8.18155014507668168E-05   6.06177464399065488E-04   2.79393233443302035E+08   1.63737015055349755E+09   2.88699707398848275E-04   1.15206684028973740E-16   6.57703205659823265E-18   1.32204821213732592E-04   3.89190711327283404E-05   1.07739249914711779E-14   2.32994765544161630E-08   3.26177631479441145E-23   1.63301848706624488E-14
  1.11165128648103018E+01   1.56320914587175008E-01   4.71078139919125476E+02   1.70919786120456667E+20   1.00383633884566152E-03   1.00000000000000000E+09   2.37519855125744805E-01   5.12429120473828773E-14   1.60000000288616939E+00   2.77588032527042040E-04   8.18155015576165130E-05   6.06176833808312263E-04   2.79393233443302035E+08   1.63737015055349755E+09   2.88699406794109691E-04   1.32227979870713561E-16   6.57723826499717040E-18   1.32204821044549836E-04   3.89190701925892470E-05   1.48028698307361270E-14   2.32998796699053891E-08   2.59990221920746826E-23   2.24748454836285073E-14
  1.00736813282194984E+01   1.56403005837652959E-01   4.54905679660197848E+02   1.60392318914939322E+20   9.42007016493568035E-04   1.00000000000000000E+09   2.37519855277158992E-01   6.72749273481303914E-14   1.60000000711590862E+00   2.77588033274511889E-04   8.18155017778454045E-05   6.06175512332209456E-04   2.79393233443302035E+08   1.63737015055349755E+09   2.88698776842195057E-04   1.50254180198964070E-16   6.57745771581878185E-18   1.32204820905466836E-04   3.89190692041428685E-05   1.90903595498048931E-14   2.33003085071065544E-08   1.91875845794213278E-23   2.90590895915192446E-14
  9.09658148146777812E+00   1.56485097064673312E-01   4.38173972686930540E+02   1.50365552438005498E+20   8.83118378819206591E-04   1.00000000000000000E+09   2.37519855598614493E-01   8.63048006673921813E-14   1.60000001615179288E+00   2.77588034856670609E-04   8.18155022440822627E-05   6.06172690635171647E-04   2.79393233443302035E+08   1.63737015055349755E+09   2.88697431730294558E-04   1.69353960626203267E-16   6.57769171426896115E-18   1.32204820846194425E-04   3.89190681763999956E-05   2.36619787508461407E-14   2.33007655312695226E-08   1.29776004735070273E-23   3.61451323653550230E-14
  8.18204759346456711E+00   1.56567188270599872E-01   4.20889475014353934E+02   1.40802593075719406E+20   8.26953741885581351E-04   1.00000000000000000E+09   2.37519856296394216E-01   1.09903179750546240E-13   1.60000003583028505E+00   2.77588038286242990E-04   8.18155032548147624E-05   6.06166547129178873E-04   2.79393233443302035E+08   1.63737015055349755E+09   2.88694503101710016E-04   1.89586990573293461E-16   6.57794149904569096E-18   1.32204820980350024E-04   3.89190671374858898E-05   2.85419802258996295E-14   2.33012530642693752E-08   8.09189659965775211E-24   4.37973435643155602E-14
  7.32901168846853857E+00   1.56649279457653168E-01   4.04962084386792924E+02   1.31083421431097328E+20   7.69871637910858131E-04   1.00000000000000000E+09   2.37519857849887411E-01   1.40061909343919034E-13   1.60000007970883207E+00   2.77588045915310507E-04   8.18155055032864892E-05   6.06152850006575210E-04   2.79393233443302035E+08   1.63737015055349755E+09   2.88687973640845339E-04   2.11073212001002050E-16   6.57820910163664530E-18   1.32204821572565347E-04   3.89190661565917180E-05   3.37698252928949073E-14   2.33017749656748139E-08   5.06339740157010319E-24   5.21089919789905735E-14
  6.53622735811748701E+00   1.56731370616535443E-01   3.88469150128362855E+02   1.21867340110109704E+20   7.15744233635467130E-04   1.00000000000000000E+09   2.37519861392084697E-01   1.79287285878018131E-13   1.60000017983828924E+00   2.77588063304654270E-04   8.18155106284656331E-05   6.06121595595573125E-04   2.79393233443302035E+08   1.63737015055349755E+09   2.88673074567272908E-04   2.33946971037797194E-16   6.57849683420081644E-18   1.32204823251195780E-04   3.89190654088491383E-05   3.93900365934887386E-14   2.33023356424417077E-08   2.92025351506556570E-24   6.11882457580439936E-14
  5.80039929096276996E+00   1.56813461754012257E-01   3.71262260845014396E+02   1.13160225200590504E+20   6.64606013839911624E-04   1.00000000000000000E+09   2.37519869659174210E-01   2.30794421776803096E-13   1.60000041362168766E+00   2.77588103883325986E-04   8.18155225883924564E-05   6.06048624902049251E-04   2.79393233443302035E+08   1.63737015055349755E+09   2.88638289219491858E-04   2.58308227364860114E-16   6.57880668345693428E-18   1.32204827537346777E-04   3.89190653337992680E-05   4.54398989823963788E-14   2.33029389060035005E-08   1.51876525722984745E-24   7.11386051373116715E-14
  5.12006150162891238E+00   1.56895552863821397E-01   3.55269189696258991E+02   1.04384099640937120E+20   6.13062377002033913E-04   1.00000000000000000E+09   2.37519889507005505E-01   2.99103262394527881E-13   1.60000097499359262E+00   2.77588201297509260E-04   8.18155512998437908E-05   6.05873406544656058E-04   2.79393233443302035E+08   1.63737015055349755E+09   2.88554762136515684E-04   2.84341140343080285E-16   6.57914186555769095E-18   1.32204838243755925E-04   3.89190670407901264E-05   5.19784959919165131E-14   2.33035911066134001E-08   7.84415456762803967E-25   8.21062673210432652E-14
  4.49379350827868862E+00   1.56977643928999405E-01   3.38744156167903554E+02   9.60855362166042296E+19   5.64323279858245774E-04   1.00000000000000000E+09   2.37519938518797352E-01   3.90547275107996678E-13   1.60000236135200979E+00   2.77588441842333445E-04   8.18156221971981030E-05   6.05440692196476953E-04   2.79393233443302035E+08   1.63737015055349755E+09   2.88348486183096940E-04   3.12263748374365524E-16   6.57950644049526226E-18   1.32204865153765031E-04   3.89190733944617910E-05   5.90756193967595099E-14   2.33043006621535419E-08   3.62099257362098292E-25   9.42650768048074966E-14
  3.91875485666452006E+00   1.57059734917072896E-01   3.21863202999277235E+02   8.81847493653168620E+19   5.17919783983592603E-04   1.00000000000000000E+09   2.37520063087249822E-01   5.13987890726582069E-13   1.60000588506750052E+00   2.77589053204523267E-04   8.18158023881872400E-05   6.04340863313185565E-04   2.79393233443302035E+08   1.63737015055349755E+09   2.87824196378476415E-04   3.42279543187190634E-16   6.57990515071593946E-18   1.32204934086307919E-04   3.89190919805851066E-05   6.67988168701399976E-14   2.33050785403163160E-08   1.48602598750723459E-25   1.07793657447763627E-13
  3.39329387823805995E+00   1.57141825740166358E-01   3.05737501410512493E+02   8.03876770070704456E+19   4.72123963397258364E-04   1.00000000000000000E+09   2.37520390501095136E-01   6.82514628078684179E-13   1.60001514695650537E+00   2.77590660098891973E-04   8.18162759994619772E-05   6.01450028643801858E-04   2.79393233443302035E+08   1.63737015055349755E+09   2.86446140264875928E-04   3.74711460813376200E-16   6.58034649441523378E-18   1.32205115885731091E-04   3.89191436331745523E-05   7.52452627744239956E-14   2.33059465218158016E-08   5.94298911879115090E-26   1.22930076789173040E-13
  2.91535353929549546E+00   1.57223916143163139E-01   2.88832751404621035E+02   7.31074285248527729E+19   4.29359833303787606E-04   1.00000000000000000E+09   2.37521280315601241E-01   9.14720398365636909E-13   1.60004031864392027E+00   2.77595027226798996E-04   8.18175631540450502E-05   5.93593409299371095E-04   2.79393233443302035E+08   1.63737015055349755E+09   2.82700964202326909E-04   4.09963072697911838E-16   6.58084602756786017E-18   1.32205610676982248E-04   3.89192872417376496E-05   8.45243889192601252E-14   2.33069503070767425E-08   2.36782685484120312E-26   1.39944393114074177E-13
  2.48284743093402094E+00   1.57306005359005130E-01   2.72636626768076724E+02   6.59602891631222456E+19   3.87367942957537743E-04   1.00000000000000000E+09   2.37523789165448446E-01   1.23444472407372436E-12   1.60011129417867171E+00   2.77607340982286704E-04   8.18211924748548763E-05   5.71440440267535852E-04   2.79393233443302035E+08   1.63737015055349755E+09   2.72141337027758886E-04   4.48559209412289435E-16   6.58144001424883170E-18   1.32207006581033614E-04   3.89196959098675715E-05   9.47731243209732670E-14   2.33082066047990296E-08   1.66412921155410664E-26   1.59161884987722354E-13
  2.09389290663219585E+00   1.57388091110524597E-01   2.55932199475661434E+02   5.92578996216706089E+19   3.47962598899799979E-04   1.00000000000000000E+09   2.37531111756033531E-01   1.66330578488716273E-12   1.60031847845998132E+00   2.77643285939836748E-04   8.18317867884431495E-05   5.06773841638975928E-04   2.79393233443302035E+08   1.63737015055349755E+09   2.41320874984958132E-04   4.91113857012613928E-16   6.58222569642167094E-18   1.32211081777241498E-04   3.89208930689326216E-05   1.06163157248611640E-13   2.33100451761464532E-08   2.37574554094920422E-26   1.80978277224228377E-13
  1.74652170074698510E+00   1.57470166666742600E-01   2.39831014258255209E+02   5.27454934185972777E+19   3.09606804924207938E-04   1.00000000000000000E+09   2.37552637325617932E-01   2.21964702207862107E-12   1.60092775674386845E+00   2.77748991202989720E-04   8.18629420546432204E-05   3.16605204023999703E-04   2.79393233443302035E+08   1.63737015055349755E+09   1.50720661359609188E-04   5.38420079145814870E-16   6.58347433653220219E-18   1.32223062350391124E-04   3.89244171504217582E-05   1.18915129335334925E-13   2.33134081327912504E-08   3.35740425705419656E-26   2.05876058329650197E-13
  1.43877529056786946E+00   1.57552238193777949E-01   2.23427161379526069E+02   4.66416300706078147E+19   2.73650419385573535E-04   1.00000000000000000E+09   2.37579702974672125E-01   2.93485343025029197E-12   1.60169434806030564E+00   2.77881989105290461E-04   8.19021414750870194E-05   7.73358426418137106E-05   2.79393233443302035E+08   1.63737015055349755E+09   3.68024841129190549E-05   5.91462437979548846E-16   6.58496000747407294E-18   1.32238126467356895E-04   3.89288486207165489E-05   1.33301272886170339E-13   2.33174718212247145E-08   2.15952301710023048E-26   2.34430023635279071E-13
  1.16833705524039266E+00   1.57634323985620356E-01   2.07341143939130660E+02   4.08130807187373015E+19   2.39424506136405292E-04   1.00000000000000000E+09   2.37586799814654526E-01   3.86173401103440300E-12   1.60189544713485188E+00   2.77916878339103828E-04   8.19124246275665049E-05   1.45685629454515172E-05   2.79393233443302035E+08   1.63737015055349755E+09   6.93220623666718546E-06   6.51450924382949446E-16   6.58599360197193345E-18   1.32242075724703823E-04   3.89300076136099259E-05   1.49657393877276914E-13   2.33197662928698649E-08   1.17807991565774511E-26   2.67323322411932473E-13
  9.34026104695731330E-01   1.57716413812171830E-01   1.92936716564522953E+02   3.50639508020256358E+19   2.05693127688624930E-04   1.00000000000000000E+09   2.37588172821767640E-01   5.08716232909036010E-12   1.60193435749820057E+00   2.77923629052973138E-04   8.19144143132298036E-05   2.42380883509261369E-06   2.79393233443302035E+08   1.63737015055349755E+09   1.15330740202181808E-06   7.20414141896160158E-16   6.58699800250762309E-18   1.32242838921941923E-04   3.89302281248947153E-05   1.68539688795055382E-13   2.33217425143671124E-08   6.01740357723164845E-27   3.05656012318847903E-13
  7.37962717916004984E-01   1.57798504535706624E-01   1.86933214768046184E+02   2.85933252388273521E+19   1.67734383121482785E-04   1.00000000000000000E+09   2.37588373279433718E-01   6.76908202332496212E-12   1.60194003822589792E+00   2.77924614683660069E-04   8.19147048146974793E-05   6.50723377207386555E-07   2.79393233443302035E+08   1.63737015055349755E+09   3.09629213349141903E-07   8.02772441853756056E-16   6.58816158717634653E-18   1.32242949258325562E-04   3.89302556219393075E-05   1.91166650275129508E-13   2.33239648884682036E-08   3.86638888316348022E-27   3.51859319706537885E-13
  5.80316225750058590E-01   1.57880595348018793E-01   1.85105708428285595E+02   2.27070971974679347E+19   1.33204510725453649E-04   1.00000000000000000E+09   2.37588389153227691E-01   9.13420776985854908E-12   1.60194048770866160E+00   2.77924692748105439E-04   8.19147278225609702E-05   5.10416365843814311E-07   2.79393233443302035E+08   1.63737015055349755E+09   2.42867837429041503E-07   9.05057766817594854E-16   6.58960460760727356E-18   1.32242956538808717E-04   3.89302515597236625E-05   2.19353397533354217E-13   2.33267057364470087E-08   5.05008571412986285E-27   4.09650776768811356E-13
  4.55875844831341748E-01   1.57962686138087366E-01   1.84956458752543000E+02   1.78522843990318326E+19   1.04725178563999332E-04   1.00000000000000000E+09   2.37588389168619962E-01   1.24635263108723099E-11   1.60194048764941899E+00   2.77924692841951052E-04   8.19147278494206695E-05   5.10416366006505306E-07   2.79393233443302035E+08   1.63737015055349755E+09   2.42867833837040636E-07   1.03437482595538057E-15   6.59143363200405734E-18   1.32242954562578015E-04   3.89302431140799420E-05   2.55090897356106035E-13   2.33301732295196939E-08   7.50317450413692395E-27   4.83169888791815178E-13
  3.58174874210427263E-01   1.58044776904963657E-01   1.84956458752543000E+02   1.40262744593490084E+19   8.22810159465595098E-05   1.00000000000000000E+09   2.37588389188007260E-01   1.71076306722983371E-11   1.60194048757378327E+00   2.77924692961487106E-04   8.19147278836335771E-05   5.10416366213736575E-07   2.79393233443302035E+08   1.63737015055349755E+09   2.42867829260534275E-07   1.19867544046535715E-15   6.59376393298273180E-18   1.32242952027604346E-04   3.89302323532295268E-05   3.00622891555831117E-13   2.33345840501904971E-08   1.11920073191224335E-26   5.77124290243813850E-13
  2.81483176163722315E-01   1.58126867648093444E-01   1.84956458752543000E+02   1.10229962201148600E+19   6.46631669996102133E-05   1.00000000000000000E+09   2.37588389212392032E-01   2.35178168640447851E-11   1.60194048747763595E+00   2.77924693113936231E-04   8.19147279272690825E-05   5.10416366478055747E-07   2.79393233443302035E+08   1.63737015055349755E+09   2.42867823428920803E-07   1.40745659199224634E-15   6.59673333618155250E-18   1.32242948774139872E-04   3.89302186392922805E-05   3.58642369049381401E-13   2.33401955813747236E-08   1.69274489519268349E-26   6.97187877553391709E-13
  2.21267887274086278E-01   1.58208958371295061E-01   1.84956458752543000E+02   8.66494089734304358E+18   5.08303286223740566E-05   1.00000000000000000E+09   2.37588389243067161E-01   3.22866932112777706E-11   1.60194048735544659E+00   2.77924693308311292E-04   8.19147279829081018E-05   5.10416366815104663E-07   2.79393233443302035E+08   1.63737015055349755E+09   2.42867815999878261E-07   1.67268609453368527E-15   6.60051615856575541E-18   1.32242944597362160E-04   3.89302011647627599E-05   4.32555326396559213E-13   2.33473324947755593E-08   2.61508882618552699E-26   8.50555724910071794E-13
  1.73977380220887490E-01   1.58291049070900552E-01   1.84956458752543000E+02   6.81302531361549107E+18   3.99666102394160091E-05   1.00000000000000000E+09   2.37588389281662843E-01   4.41892591691989317E-11   1.60194048720019944E+00   2.77924693556078322E-04   8.19147280538343447E-05   5.10416367244784148E-07   2.79393233443302035E+08   1.63737015055349755E+09   2.42867806538233784E-07   2.00952284144000153E-15   6.60533400027800276E-18   1.32242939233217187E-04   3.89301789028058675E-05   5.26691630764410228E-13   2.33564063694010552E-08   4.13694519798569538E-26   1.04639835724793093E-12
  1.36828153896689536E-01   1.58373139750924707E-01   1.84956458752543000E+02   5.35824642795432550E+18   3.14325775533711560E-05   1.00000000000000000E+09   2.37588389330236488E-01   6.02336328147870668E-11   1.60194048700300251E+00   2.77924693871823094E-04   8.19147281442250929E-05   5.10416367792412018E-07   2.79393233443302035E+08   1.63737015055349755E+09   2.42867794490920439E-07   2.43716010199592964E-15   6.61146849897170498E-18   1.32242932341019518E-04   3.89301505488416849E-05   6.46554228044595887E-13   2.33679386669695067E-08   6.67533770683790572E-26   1.29640217345842862E-12
  1.07638159323139623E-01   1.58455230408889675E-01   1.84956458752543000E+02   4.21515431056872294E+18   2.47269636699814020E-05   1.00000000000000000E+09   2.37588389391386851E-01   8.17264497046264349E-11   1.60194048675258416E+00   2.77924694274093922E-04   8.19147282593925714E-05   5.10416368490187278E-07   2.79393233443302035E+08   1.63737015055349755E+09   2.42867779155215870E-07   2.97988974370119972E-15   6.61927750535035135E-18   1.32242923480857782E-04   3.89301144463461327E-05   7.99135198218523997E-13   2.33825896788478452E-08   1.09056980453601544E-25   1.61545681607858108E-12
  8.46964102985123396E-02   1.58537321044898649E-01   1.84956458752543000E+02   3.31674604252288819E+18   1.94567156614867995E-05   1.00000000000000000E+09   2.37588389468397138E-01   1.10357501957401400E-10   1.60194048643466247E+00   2.77924694786471714E-04   8.19147284060909800E-05   5.10416369379050524E-07   2.79393233443302035E+08   1.63737015055349755E+09   2.42867759638471175E-07   3.66844481736789541E-15   6.62921559246374282E-18   1.32242912084251223E-04   3.89300684924582141E-05   9.93316488382399810E-13   2.34011949609469618E-08   1.79162187036003250E-25   2.02252895428436912E-12
  6.66609539407694435E-02   1.58619411659294968E-01   1.84956458752543000E+02   2.61047020050306714E+18   1.53135560510326456E-05   1.00000000000000000E+09   2.37588389565415198E-01   1.48309026932796451E-10   1.60194048603114303E+00   2.77924695438927776E-04   8.19147285929054653E-05   5.10416370511043989E-07   2.79393233443302035E+08   1.63737015055349755E+09   2.42867734807064311E-07   4.54169272608310775E-15   6.64186005334649488E-18   1.32242897416045961E-04   3.89300100183260345E-05   1.24037788297580713E-12   2.34248111430003429E-08   2.94634749542498685E-25   2.54177240713209276E-12
  5.24790127209832716E-02   1.58701502252149185E-01   1.84956458752543000E+02   2.05509958620863590E+18   1.20556375989347725E-05   1.00000000000000000E+09   2.37588389687681339E-01   1.98396630712956083E-10   1.60194048551910995E+00   2.77924696269547312E-04   8.19147288307455271E-05   5.10416371952304748E-07   2.79393233443302035E+08   1.63737015055349755E+09   2.42867703221710063E-07   5.64876976253081145E-15   6.65794384744885318E-18   1.32242878524959566E-04   3.89299356377600648E-05   1.55464074706967891E-12   2.34547734527501823E-08   4.83776707365563053E-25   3.20393767190873845E-12
  4.13244643183041313E-02   1.58783592823258213E-01   1.84956458752543000E+02   1.61828291192077798E+18   9.49318098577462430E-06   1.00000000000000000E+09   2.37588389841814740E-01   2.64251547005707843E-10   1.60194048486954266E+00   2.77924697326712735E-04   8.19147291334712942E-05   5.10416373786859104E-07   2.79393233443302035E+08   1.63737015055349755E+09   2.42867663055501089E-07   7.05177109004713168E-15   6.67839734274179987E-18   1.32242854179456576E-04   3.89298410552845530E-05   1.95428362909705880E-12   2.34927678498667481E-08   7.91986349524381637E-25   4.04816040939612817E-12
  3.25488828391742174E-02   1.58865683372144850E-01   1.84956458752543000E+02   1.27462755463756006E+18   7.47722785312623024E-06   1.00000000000000000E+09   2.37588390036171521E-01   3.50557423603627188E-10   1.60194048404571143E+00   2.77924698671873317E-04   8.19147295186869166E-05   5.10416376121440090E-07   2.79393233443302035E+08   1.63737015055349755E+09   2.42867611990093761E-07   8.82913943867112814E-15   6.70440118847901454E-18   1.32242822784737503E-04   3.89297208214459071E-05   2.46237534644861070E-12   2.35409213362231541E-08   1.29195641105717541E-24   5.12422912272247548E-12
  2.56431901804803318E-02   1.58947773900554673E-01   1.84956458752543000E+02   1.00419780778198848E+18   5.89083123865540150E-06   1.00000000000000000E+09   2.37588390281297052E-01   4.63358632699360504E-10   1.60194048300112657E+00   2.77924700383051987E-04   8.19147300087459191E-05   5.10416379091583036E-07   2.79393233443302035E+08   1.63737015055349755E+09   2.42867547084246849E-07   1.10799323560754704E-14   6.73745326996324674E-18   1.32242782275535174E-04   3.89295680196847610E-05   3.10818322056075756E-12   2.36019148160247528E-08   2.10043981808458429E-24   6.49545822623108917E-12
  2.02076106413698782E-02   1.59029864407397886E-01   1.84956458752543000E+02   7.91338291521242752E+17   4.64215345862779852E-06   1.00000000000000000E+09   2.37588390590490028E-01   6.10461031628659707E-10   1.60194048167697245E+00   2.77924702559294193E-04   8.19147306320261822E-05   5.10416382869359404E-07   2.79393233443302035E+08   1.63737015055349755E+09   2.42867464607388178E-07   1.39291936331884389E-14   6.77945347480669661E-18   1.32242729978099749E-04   3.89293738653302682E-05   3.92882933231140737E-12   2.36791238375368767E-08   3.40649751638440445E-24   8.24232531350172683E-12
  1.59281250885010793E-02   1.59111954891527962E-01   1.84956458752543000E+02   6.23751888254742272E+17   3.65905708749974787E-06   1.00000000000000000E+09   2.37588390980511377E-01   8.01949216524949878E-10   1.60194047999884370E+00   2.77924705326297074E-04   8.19147314245432758E-05   5.10416387673164145E-07   2.79393233443302035E+08   1.63737015055349755E+09   2.42867359828960711E-07   1.75347118219676267E-14   6.83281098231404009E-18   1.32242662433220283E-04   3.89291271941782105E-05   4.97138685862912077E-12   2.37767936699934514E-08   5.52051595161665466E-24   1.04670724827706538E-11
  1.25580140636398826E-02   1.59194045355304792E-01   1.84956458752543000E+02   4.91776963164352064E+17   2.88486498474431637E-06   1.00000000000000000E+09   2.37588391472472737E-01   1.05084431025806115E-09   1.60194047787265492E+00   2.77924708843544982E-04   8.19147324319959149E-05   5.10416393780127700E-07   2.79393233443302035E+08   1.63737015055349755E+09   2.42867226751865989E-07   2.20955204877177801E-14   6.90058002692614829E-18   1.32242575170339442E-04   3.89288138178558619E-05   6.29553276618166571E-12   2.39002564590687604E-08   8.95968547095068843E-24   1.32995233815116148E-11
  9.90338636464281261E-03   1.59276135797183860E-01   1.84956458752543000E+02   3.87820657531233344E+17   2.27503587668377279E-06   1.00000000000000000E+09   2.37588392092954348E-01   1.37392461168388848E-09   1.60194047517944704E+00   2.77924713313336218E-04   8.19147337123535708E-05   5.10416401541814162E-07   2.79393233443302035E+08   1.63737015055349755E+09   2.42867057775256773E-07   2.78625846979622453E-14   6.98663165009732430E-18   1.32242462420729745E-04   3.89284157242473147E-05   7.97690368606447427E-12   2.40561996543297036E-08   1.45904123150014394E-23   1.69044331854366011E-11
  7.81182968107834320E-03   1.59358226216617327E-01   1.84956458752543000E+02   3.05914442988317824E+17   1.79455714616106768E-06   1.00000000000000000E+09   2.37588392875411586E-01   1.79273858335154749E-09   1.60194047176886145E+00   2.77924718992215893E-04   8.19147353391335396E-05   5.10416411404107287E-07   2.79393233443302035E+08   1.63737015055349755E+09   2.42866843268060927E-07   3.51522309319797706E-14   7.09587092682567653E-18   1.32242316755209300E-04   3.89279100930651679E-05   1.01113403214298451E-11   2.42529964846144168E-08   2.38510954235897573E-23   2.14907718773376500E-11
  6.16350752650537872E-03   1.59440316614333027E-01   1.84956458752543000E+02   2.41365473749668672E+17   1.41589959288191363E-06   1.00000000000000000E+09   2.37588393861938918E-01   2.33486434074003614E-09   1.60194046745089591E+00   2.77924726205440811E-04   8.19147374055472573E-05   5.10416423932370757E-07   2.79393233443302035E+08   1.63737015055349755E+09   2.42866571029732927E-07   4.43630188366830282E-14   7.23451163939375966E-18   1.32242128628748331E-04   3.89272680707485437E-05   1.28202543206507341E-11   2.45011109046034647E-08   3.90914598446796712E-23   2.73234468346394435E-11
  4.86417345107195958E-03   1.59522406991388116E-01   1.84956458752543000E+02   1.90483020320770240E+17   1.11741263719370234E-06   1.00000000000000000E+09   2.37588395105474637E-01   3.03550360334420149E-09   1.60194046198550755E+00   2.77924735365277654E-04   8.19147400297461840E-05   5.10416439843287408E-07   2.79393233443302035E+08   1.63737015055349755E+09   2.42866225608577418E-07   5.59969299521220802E-14   7.41042350517869500E-18   1.32241885810177010E-04   3.89264532141956712E-05   1.62574127897781478E-11   2.48135910063840295E-08   6.41196495213408634E-23   3.47381049315199846E-11
  3.83968829159697569E-03   1.59604497346493207E-01   1.84956458752543000E+02   1.50363762770940352E+17   8.82064806183226265E-07   1.00000000000000000E+09   2.37588396672543417E-01   3.93952505921998673E-09   1.60194045506951799E+00   2.77924746994152438E-04   8.19147433614572033E-05   5.10416460045134055E-07   2.79393233443302035E+08   1.63737015055349755E+09   2.42865787440228931E-07   7.06859691667476508E-14   7.63357101555921310E-18   1.32241572669497472E-04   3.89254194861093187E-05   2.06175128001519858E-11   2.52066661287197834E-08   1.09173770815259523E-22   4.41598243405571093E-11
  3.03171600837998404E-03   1.59686587680433617E-01   1.84956458752543000E+02   1.18723237943700880E+17   6.96454968284019823E-07   1.00000000000000000E+09   2.37588398646661120E-01   5.10408847566276299E-09   1.60194044632009192E+00   2.77924761753917571E-04   8.19147475903725169E-05   5.10416485688710944E-07   2.79393233443302035E+08   1.63737015055349755E+09   2.42865231759107449E-07   8.92255499776945935E-14   7.91656792013760642E-18   1.32241169287431549E-04   3.89241086706442084E-05   2.61470154953175414E-11   2.57004633941560159E-08   5.54839242321643716E-22   5.61267205428892514E-11
  2.39434392353797196E-03   1.59768677993193303E-01   1.84956458752543000E+02   9.37634866087445120E+16   5.50035924199761396E-07   1.00000000000000000E+09   2.37588401132547422E-01   6.60199235864706756E-09   1.60194043525393703E+00   2.77924780482856435E-04   8.19147529567568829E-05   5.10416518231740812E-07   2.79393233443302035E+08   1.63737015055349755E+09   2.42864527223349038E-07   1.12616378258135483E-13   8.27537765996791152E-18   1.32240650341242929E-04   3.89224470717569658E-05   3.31578319018107086E-11   2.63198585437888733E-08   1.57165612845549206E-20   7.13197602349877911E-11
  1.89142817466221537E-03   1.59850768283844119E-01   1.84956458752543000E+02   7.40691003422300000E+16   4.34504596485589406E-07   1.00000000000000000E+09   2.37588404261334624E-01   8.52589407279632661E-09   1.60194042126109171E+00   2.77924804242450120E-04   8.19147597648520268E-05   5.10416559520265370E-07   2.79393233443302035E+08   1.63737015055349755E+09   2.42863634178017995E-07   1.42116978333278213E-13   8.73019794067015437E-18   1.32239983707120866E-04   3.89203413595115127E-05   4.20446068171089202E-11   2.70954728404618910E-08   3.20144516824059902E-19   9.06004142312894792E-11
  1.49450825765556341E-03   1.59932858551494861E-01   1.84956458752543000E+02   5.85255541719686400E+16   3.43322952018056196E-07   1.00000000000000000E+09   2.37588408196980100E-01   1.09935525961442882E-08   1.60194040357191048E+00   2.77924834376472513E-04   8.19147683998133167E-05   5.10416611891506653E-07   2.79393233443302035E+08   1.63737015055349755E+09   2.42862502460191745E-07   1.79309541193904152E-13   9.30657742309821402E-18   1.32239128701961989E-04   3.89176734422599588E-05   5.33065413657447916E-11   2.80648212876096726E-08   3.85496929551598375E-18   1.15058201881621727E-10
  1.18116825374451674E-03   1.60014948799660384E-01   1.84956458752543000E+02   4.62550315574544240E+16   2.71341538105439840E-07   1.00000000000000000E+09   2.37588413144139227E-01   1.41542346809641166E-08   1.60194038121550997E+00   2.77924872585640656E-04   8.19147793491036192E-05   5.10416678303829931E-07   2.79393233443302035E+08   1.63737015055349755E+09   2.42861068617911702E-07   2.26182443052083497E-13   1.00368235761010854E-17   1.32238033865329259E-04   3.89142942723999188E-05   6.75749392316091048E-11   2.92736059782479968E-08   2.99123726609311190E-17   1.46070690827016744E-10
  9.33748749831728045E-04   1.60097039024087812E-01   1.84956458752543000E+02   3.65659826644326560E+16   2.14503580933455810E-07   1.00000000000000000E+09   2.37588419357800645E-01   1.81963193321838213E-08   1.60194035296744430E+00   2.77924921021896856E-04   8.19147932295066853E-05   5.10416762500885145E-07   2.79393233443302035E+08   1.63737015055349755E+09   2.42859252370493037E-07   2.85233607610103586E-13   1.09617687944476735E-17   1.32236634153914831E-04   3.89100166277147201E-05   8.56479689834219112E-11   3.07771303798170777E-08   1.62501571162899714E-16   1.85379062605267466E-10
  7.38334157000781945E-04   1.60179129228960188E-01   1.84956458752543000E+02   2.89134673436665080E+16   1.69612349307918095E-07   1.00000000000000000E+09   2.37588427155062398E-01   2.33558822226431657E-08   1.60194031728386577E+00   2.77924982407449530E-04   8.19148108212299023E-05   5.10416869218886560E-07   2.79393233443302035E+08   1.63737015055349755E+09   2.42856952094269579E-07   3.59599885163429378E-13   1.21329571747659393E-17   1.32234847383396560E-04   3.89046072071276086E-05   1.08534521202503383E-10   3.26417844024588038E-08   6.63179105559912293E-16   2.35182760516998791E-10
  5.83956351132343312E-04   1.60261219410731320E-01   1.84956458752543000E+02   2.28679693719950440E+16   1.34148212567419397E-07   1.00000000000000000E+09   2.37588436929454749E-01   2.99259906020321774E-08   1.60194027221867841E+00   2.77925060185037990E-04   8.19148331109409271E-05   5.10417004448289724E-07   2.79393233443302035E+08   1.63737015055349755E+09   2.42854039094092041E-07   4.53218825836366780E-13   1.36152901027479224E-17   1.32232569703186811E-04   3.88977785126565323E-05   1.37509524020353925E-10   3.49465159525290706E-08   2.15545241028948544E-15   2.98256815370553536E-10
  4.61968273640299648E-04   1.60343309570268128E-01   1.84956458752543000E+02   1.80908664011526280E+16   1.06124742248954256E-07   1.00000000000000000E+09   2.37588449168054772E-01   3.82670722534534180E-08   1.60194021531934405E+00   2.77925158707568619E-04   8.19148613460635546E-05   5.10417175764062004E-07   2.79393233443302035E+08   1.63737015055349755E+09   2.42850350398232520E-07   5.71030719590971721E-13   1.54901353297352706E-17   1.32229669826060134E-04   3.88891805085908625E-05   1.74183688579216883E-10   3.77841633203867299E-08   5.85025817429541474E-15   3.78095322466832968E-10
  3.65551099218844224E-04   1.60425399708864297E-01   1.84956458752543000E+02   1.43151304453252520E+16   8.39754971712841559E-08   1.00000000000000000E+09   2.37588464471391175E-01   4.88197254773217185E-08   1.60194014349583047E+00   2.77925283477365110E-04   8.19148971032549248E-05   5.10417392742418028E-07   2.79393233443302035E+08   1.63737015055349755E+09   2.42845679745296538E-07   7.19230704919331411E-13   1.78588833342527997E-17   1.32225981657105432E-04   3.88783912802154522E-05   2.20591416069955131E-10   4.12624747768984022E-08   1.37738532817047613E-14   4.79084739705257852E-10
  2.89326395849646750E-04   1.60507489825866517E-01   1.84956458752543000E+02   1.13301399085219760E+16   6.64649276578886437E-08   1.00000000000000000E+09   2.37588483575993631E-01   6.21216363888693537E-08   1.60194005285585450E+00   2.77925441447944598E-04   8.19149423747396601E-05   5.10417667486529420E-07   2.79393233443302035E+08   1.63737015055349755E+09   2.42839766299975786E-07   9.05583229905670261E-13   2.08469342264160081E-17   1.32221294877743852E-04   3.88649059189299253E-05   2.79301542350041981E-10   4.55045860620098162E-08   2.89986013373484102E-14   6.06711714923436737E-10
  2.29050835573340022E-04   1.60589579920585868E-01   1.84956458752543000E+02   8.96972433361535400E+15   5.26182435713580639E-08   1.00000000000000000E+09   2.37588507379543429E-01   7.88291135788031532E-08   1.60193993849778304E+00   2.77925641404554787E-04   8.19149996771217513E-05   5.10418015289521407E-07   2.79393233443302035E+08   1.63737015055349755E+09   2.42832280484571320E-07   1.13981421565088138E-12   2.46080980193459342E-17   1.32215342947029967E-04   3.88481243652820613E-05   3.53556753953762819E-10   5.06486631974508321E-08   5.59248071060420929E-14   7.67812111547130648E-10
  1.81375827051305510E-04   1.60671669994001065E-01   1.84956458752543000E+02   7.10275151522330600E+15   4.16661963780983357E-08   1.00000000000000000E+09   2.37588536968805442E-01   9.97415423677867220E-08   1.60193979425038258E+00   2.77925894443899636E-04   8.19150721884765007E-05   5.10418455470400536E-07   2.79393233443302035E+08   1.63737015055349755E+09   2.42822806216032167E-07   1.43409994746215423E-12   2.93293611490768996E-17   1.32207787887465031E-04   3.88273415198395278E-05   4.47448900150662782E-10   5.68463577732547724E-08   1.00654470970056685E-13   9.70870369649501005E-10
  1.43658218060752031E-04   1.60753760045934085E-01   1.84956458752543000E+02   5.62571453205093500E+15   3.30015931528232387E-08   1.00000000000000000E+09   2.37588573650672513E-01   1.25825140885470808E-07   1.60193961234582005E+00   2.77926214578736027E-04   8.19151639210152614E-05   5.10419012427728507E-07   2.79393233443302035E+08   1.63737015055349755E+09   2.42810818809063681E-07   1.80367622310807990E-12   3.52359109339881794E-17   1.32198201106901731E-04   3.88017452416651419E-05   5.66139064164674184E-10   6.42596982373684739E-08   1.71428460301244505E-13   1.22638080851065133E-09
  1.13811181266487740E-04   1.60835850075145004E-01   1.84956458752543000E+02   4.45689237277047350E+15   2.61450416070217214E-08   1.00000000000000000E+09   2.37588618986932815E-01   1.58231267538810785E-07   1.60193938300894345E+00   2.77926619499633946E-04   8.19152799384817828E-05   5.10419716967408786E-07   2.79393233443302035E+08   1.63737015055349755E+09   2.42795657784000142E-07   2.26759709588649715E-12   4.25962529036446327E-17   1.32186039342790240E-04   3.87704293212079616E-05   7.16133202541227958E-10   7.30561183009028367E-08   2.79038444246669603E-13   1.54728483215395936E-09
  9.01867249901481768E-05   1.60917940080766347E-01   1.84956458752543000E+02   3.53174900972666200E+15   2.07179601074718955E-08   1.00000000000000000E+09   2.37588674834624147E-01   1.98303623796074369E-07   1.60193909394146683E+00   2.77927131534467587E-04   8.19154266297863532E-05   5.10420607975413832E-07   2.79393233443302035E+08   1.63737015055349755E+09   2.42776493759363811E-07   2.84968016041814647E-12   5.17272403686059405E-17   1.32170614608411775E-04   3.87324293875909278E-05   9.05626629708687860E-10   8.34015842195488697E-08   4.37132721118267552E-13   1.94950052644814438E-09
  7.14830994640716291E-05   1.61000030066945798E-01   1.84956458752543000E+02   2.79930738999565350E+15   1.64213067606368938E-08   1.00000000000000000E+09   2.37588743396260932E-01   2.47570478965256485E-07   1.60193872967434214E+00   2.77927778856586183E-04   8.19156120533380018E-05   5.10421734524471661E-07   2.79393233443302035E+08   1.63737015055349755E+09   2.42752288552542476E-07   3.57968505434147889E-12   6.29988640949111471E-17   1.32151056766476477E-04   3.86867872095226473E-05   1.14493400994998512E-09   9.54522691743768429E-08   6.62389730951960135E-13   2.45256413284178484E-09
  5.66718057650169988E-05   1.61082120028058134E-01   1.84956458752543000E+02   2.21929107539812075E+15   1.30188116836847559E-08   1.00000000000000000E+09   2.37588827286586840E-01   3.07727610068849196E-07   1.60193827075479089E+00   2.77928597005634693E-04   8.19158463702467191E-05   5.10423158526481754E-07   2.79393233443302035E+08   1.63737015055349755E+09   2.42721747650306663E-07   4.49478392140213289E-12   7.68386979865709052E-17   1.32126266948084123E-04   3.86326380901971071E-05   1.44702608847057600E-09   1.09345848771065444E-07   9.74571545651057785E-13   3.08040646039284013E-09
  4.49400435970006637E-05   1.61164209968975652E-01   1.84956458752543000E+02   1.75987047415368550E+15   1.03237559343375811E-08   1.00000000000000000E+09   2.37588929623955308E-01   3.80632734385387662E-07   1.60193769272600273E+00   2.77929630801280407E-04   8.19161423892341854E-05   5.10424958071009339E-07   2.79393233443302035E+08   1.63737015055349755E+09   2.42683264456055702E-07   5.64139731984069099E-12   9.37359449399271437E-17   1.32094859395688239E-04   3.85692999889045089E-05   1.82819989588975703E-09   1.25194006700766290E-07   1.39643807163141859E-12   3.86229147178774001E-09
  3.56453214619143540E-05   1.61246299886385419E-01   1.84956458752543000E+02   1.39588535661159200E+15   8.18854442116108011E-09   1.00000000000000000E+09   2.37589054155742496E-01   4.68340625802838700E-07   1.60193696484686265E+00   2.77930936750487526E-04   8.19165162519383674E-05   5.10427231625932267E-07   2.79393233443302035E+08   1.63737015055349755E+09   2.42634856301490349E-07   7.07748690571574997E-12   1.14245094011915826E-16   1.32055088540563074E-04   3.84963344390498033E-05   2.30891508131244604E-09   1.43077832175556080E-07   1.95336698077942699E-12   4.83394898923601194E-09
  2.82796503941636170E-05   1.61328389780369147E-01   1.84956458752543000E+02   1.10744266726520888E+15   6.49648037944159883E-09   1.00000000000000000E+09   2.37589205428808736E-01   5.73201437834754671E-07   1.60193604848575100E+00   2.77932586074485541E-04   8.19169882946141077E-05   5.10430103321088116E-07   2.79393233443302035E+08   1.63737015055349755E+09   2.42574093197541323E-07   8.87541770061003807E-12   1.38989368773597844E-16   1.32004757464474111E-04   3.84135570536139635E-05   2.91483517977406996E-09   1.63047270181048545E-07   2.67232028896299476E-12   6.03893844841828235E-09
  2.24412910411308731E-05   1.61410479651299621E-01   1.84956458752543000E+02   8.78810128876058625E+14   5.15527502501698044E-09   1.00000000000000000E+09   2.37589389016755081E-01   6.98027790454863510E-07   1.60193489510579856E+00   2.77934668513438968E-04   8.19175841313761580E-05   5.10433729591752542E-07   2.79393233443302035E+08   1.63737015055349755E+09   2.42498021431955280E-07   1.11255275139767039E-11   1.68664555535676645E-16   1.31941104053505317E-04   3.83209941466743781E-05   3.67811869179667214E-09   1.85124719461029152E-07   3.57985817767697640E-12   7.53028517142683925E-09
  1.78124553856618592E-05   1.61492569499239152E-01   1.84956458752543000E+02   6.97543032813129500E+14   4.09192512699562043E-09   1.00000000000000000E+09   2.37589611814489676E-01   8.46316899441631066E-07   1.60193344373799906E+00   2.77937297106640958E-04   8.19183360155330357E-05   5.10438307528761227E-07   2.79393233443302035E+08   1.63737015055349755E+09   2.42403084624341914E-07   1.39405612657744506E-11   2.04044461672433677E-16   1.31860665816183005E-04   3.82187995984025578E-05   4.63900813220768863E-09   2.09311570980699131E-07   4.70010728114456688E-12   9.37243163503348594E-09
  1.41417039028607333E-05   1.61574659323920233E-01   1.84956458752543000E+02   5.53794904518729938E+14   3.24866923021530249E-09   1.00000000000000000E+09   2.37589882407991559E-01   1.02248756005447241E-06   1.60193161781241233E+00   2.77940614195864211E-04   8.19192845498004969E-05   5.10444085369576627E-07   2.79393233443302035E+08   1.63737015055349755E+09   2.42285045020430335E-07   1.74611054483026354E-11   2.45989535017971153E-16   1.31759143745257000E-04   3.81071560252760862E-05   5.84775610444703100E-09   2.35595337100460084E-07   6.05619754246550360E-12   1.16435306411745784E-08
  1.12300461077751983E-05   1.61656749124725996E-01   1.84956458752543000E+02   4.39773195275162500E+14   2.57979463203710844E-09   1.00000000000000000E+09   2.37590211525657291E-01   1.23205043894843976E-06   1.60192932118466591E+00   2.77944798961927617E-04   8.19204808339849753E-05   5.10451375673851694E-07   2.79393233443302035E+08   1.63737015055349755E+09   2.42138911925569779E-07   2.18619917965012866E-11   2.95458559392623977E-16   1.31631324826697523E-04   3.79861877096740019E-05   7.36688493856454032E-09   2.63954457953892876E-07   7.67945078628590365E-12   1.44380453514833404E-08
  8.91996274423643961E-06   1.61738838900674281E-01   1.84956458752543000E+02   3.49309386633089250E+14   2.04911552731336596E-09   1.00000000000000000E+09   2.37590612581510208E-01   1.48160332583461631E-06   1.60192643315362249E+00   2.77950076883188408E-04   8.19219891610817422E-05   5.10460571863633668E-07   2.79393233443302035E+08   1.63737015055349755E+09   2.41958896762787894E-07   2.73591884551955261E-11   3.53519105945146909E-16   1.31471151187928878E-04   3.78559097428624798E-05   9.27367194655121901E-09   2.94358362449155351E-07   9.62511427067167850E-12   1.78694903880270208E-08
  7.08673343373810355E-06   1.61820928650408646E-01   1.84956458752543000E+02   2.77519377597262188E+14   1.62798077023774051E-09   1.00000000000000000E+09   2.37591102333257642E-01   1.77858587021815799E-06   1.60192280221400041E+00   2.77956731604121733E-04   8.19238904008951266E-05   5.10472168979094245E-07   2.79393233443302035E+08   1.63737015055349755E+09   2.41738430004491460E-07   3.42159303711117792E-11   4.21348185222467517E-16   1.31271990194504215E-04   3.77162251923178124E-05   1.16625706556412043E-08   3.26762068075805194E-07   1.19850512019874097E-11   2.20729841500114177E-08
  5.63158398988819689E-06   1.61903018375102681E-01   1.84956458752543000E+02   2.20535130659782094E+14   1.29369965470940463E-09   1.00000000000000000E+09   2.37591701697376895E-01   2.13083501880733523E-06   1.60191823822213286E+00   2.77965119828080644E-04   8.19262862457761747E-05   5.10486789714532390E-07   2.79393233443302035E+08   1.63737015055349755E+09   2.41470280162173895E-07   4.27460291217142210E-11   5.00214941424267849E-16   1.31027069007374770E-04   3.75669630974103476E-05   1.46470486126256127E-08   3.61096818589696419E-07   1.48870319569165682E-11   2.72071731347290496E-08
  4.47627030885638430E-06   1.61985108072782436E-01   1.84956458752543000E+02   1.75292574736463125E+14   1.02829770878554665E-09   1.00000000000000000E+09   2.37592436781686289E-01   2.54606915448153927E-06   1.60191250257034801E+00   2.77975690007481024E-04   8.19293045377176427E-05   5.10505217067717740E-07   2.79393233443302035E+08   1.63737015055349755E+09   2.41146800171279165E-07   5.33119892595564217E-11   5.91443579534213774E-16   1.30729963177065586E-04   3.74079366275004556E-05   1.83601307693038922E-08   3.97259758863624914E-07   1.84804082806709510E-11   3.34550924467256929E-08
  3.55879666563182199E-06   1.62067197742269548E-01   1.84956458752543000E+02   1.39363931898366672E+14   8.17533088049923858E-10   1.00000000000000000E+09   2.37593340208188453E-01   3.03143177139057923E-06   1.60190529586068453E+00   2.77989005805112763E-04   8.19331059520738726E-05   5.10528435272959590E-07   2.79393233443302035E+08   1.63737015055349755E+09   2.40760296808298721E-07   6.63161667364188211E-11   6.96362787144775471E-16   1.30375027960663689E-04   3.72390006560199707E-05   2.29528916164200106E-08   4.35105751550175350E-07   2.29190193611441240E-11   4.10236169784433135E-08
  2.83003001621341932E-06   1.62149287381981894E-01   1.84956458752543000E+02   1.10825132061845047E+14   6.50118802239502850E-10   1.00000000000000000E+09   2.37594452807257023E-01   3.59316294645632144E-06   1.60189624243578277E+00   2.78005775552389676E-04   8.19378923835592580E-05   5.10557681113205787E-07   2.79393233443302035E+08   1.63737015055349755E+09   2.40303489219699070E-07   8.21846315198859347E-11   8.16252178089000533E-16   1.29957716585331020E-04   3.70600975670410087E-05   2.85903027663983854E-08   4.74443433331775835E-07   2.83533882373294158E-11   5.01412633503495889E-08
  2.25102217352528705E-06   1.62231376992810400E-01   1.84956458752543000E+02   8.81509483029696250E+13   5.17107556980193513E-10   1.00000000000000000E+09   2.37595825774544994E-01   4.23639931769805400E-06   1.60188487095539123E+00   2.78026889247360491E-04   8.19439174688002574E-05   5.10594508242318037E-07   2.79393233443302035E+08   1.63737015055349755E+09   2.39770006397804952E-07   1.01345072595657673E-10   9.52295104519348240E-16   1.29474788684734790E-04   3.68712903090161317E-05   3.54442018034586781E-08   5.15036242758416689E-07   3.49364983309104041E-11   6.10541811652118243E-08
  1.79089135835004322E-06   1.62313466570621567E-01   1.84956458752543000E+02   7.01320375262737422E+13   4.11405097070335359E-10   1.00000000000000000E+09   2.37597523399509375E-01   4.96507008997787109E-06   1.60187058999009557E+00   2.78053465034345669E-04   8.19514997916376975E-05   5.10640867825578285E-07   2.79393233443302035E+08   1.63737015055349755E+09   2.39154872913435578E-07   1.24201396089176454E-10   1.10554302644819781E-15   1.28924440807554833E-04   3.66727869785202372E-05   4.36836296526727078E-08   5.56608031265250601E-07   4.28395324015374435E-11   7.40202414225295060E-08
  1.42514588293638700E-06   1.62395556114070888E-01   1.84956458752543000E+02   5.58092952297185391E+13   3.27385117982815923E-10   1.00000000000000000E+09   2.37599626501827588E-01   5.78185868912275544E-06   1.60185265732467697E+00   2.78086907610321623E-04   8.19610394591156592E-05   5.10699209663296284E-07   2.79393233443302035E+08   1.63737015055349755E+09   2.38454941313230876E-07   1.51108265581967711E-10   1.27689264430047704E-15   1.28306389262088018E-04   3.64649614881377393E-05   5.34632859037830515E-08   5.98852217404954052E-07   5.22716479279414395E-11   8.93012371439393920E-08
  1.13435738058119216E-06   1.62477645621164041E-01   1.84956458752543000E+02   4.44218986328796406E+13   2.60584476215363315E-10   1.00000000000000000E+09   2.37602236750761503E-01   6.68821815768494418E-06   1.60183014130148105E+00   2.78128981639761113E-04   8.19730389160926886E-05   5.10772609049782457E-07   2.79393233443302035E+08   1.63737015055349755E+09   2.37669241920484531E-07   1.82348666720860983E-10   1.46707456969293309E-15   1.27621920570494119E-04   3.62483727906160334E-05   6.49112614069356434E-08   6.41443200891098903E-07   6.35002271796477791E-11   1.07153380798682092E-07
  9.99999999999999955E-07   1.62523039359972671E-01   1.84956458752543000E+02   3.94142746594319062E+13   2.31208814539965431E-10   1.00000000000000000E+09   2.37604031357535522E-01   7.23911076365124641E-06   1.60181450900964695E+00   2.78158246622977278E-04   8.19813834661266500E-05   5.10823658372503913E-07   2.79393233443302035E+08   1.63737015055349755E+09   2.37188145889579719E-07   2.02127691264155601E-10   1.58296597718871263E-15   1.27208287582187087E-04   3.61241794655502174E-05   7.22139855407755715E-08   6.65003173554466663E-07   7.08942987081610966E-11   1.18579643614420067E-07
  9.03110447914985185E-07   1.62559735089145785E-01   1.84956458752543000E+02   3.53661742395676562E+13   2.07461898039744449E-10   1.00000000000000000E+09   2.37605482095145620E-01   7.68444543760778514E-06   1.60180187206097191E+00   2.78181904068399040E-04   8.19881290957256612E-05   5.10864926004785827E-07   2.79393233443302035E+08   1.63737015055349755E+09   2.36799233891588786E-07   2.18116806657556420E-10   1.67665113762205920E-15   1.26873911861782808E-04   3.60237831390670339E-05   7.81174161476061957E-08   6.84048759991522037E-07   7.68715734032642604E-11   1.27816491178679554E-07
  7.19170919085637253E-07   1.62641824514352190E-01   1.84956458752543000E+02   2.81630271149370352E+13   1.65206913039834419E-10   1.00000000000000000E+09   2.37609523602404699E-01   8.76982719760103061E-06   1.60176637991217219E+00   2.78248460259854192E-04   8.20071022963969284E-05   5.10981005285288406E-07   2.79393233443302035E+08   1.63737015055349755E+09   2.35848955327713850E-07   2.58507554149347606E-10   1.90602025217803008E-15   1.26066819308341341E-04   3.57921750887119265E-05   9.31237046508198749E-08   7.26342284425191592E-07   9.28346199602320599E-11   1.51502449211824798E-07
  5.72827109915493667E-07   1.62723913892018096E-01   1.84956458752543000E+02   2.24321437374472578E+13   1.31588522830146567E-10   1.00000000000000000E+09   2.37614564100249559E-01   9.94286815130347275E-06   1.60172181723230556E+00   2.78332150208395097E-04   8.20309535527389790E-05   5.11126927861372601E-07   2.79393233443302035E+08   1.63737015055349755E+09   2.34825084856042122E-07   3.03512475208454511E-10   2.15542136366616950E-15   1.25206636600164639E-04   3.55547674104249664E-05   1.09917409305320721E-07   7.68013881066602362E-07   1.11971782021024214E-10   1.78383604439436812E-07
  4.56367938724958335E-07   1.62806003216025508E-01   1.84956458752543000E+02   1.78715549970235312E+13   1.04835313484956838E-10   1.00000000000000000E+09   2.37620859143494012E-01   1.12016062264927504E-05   1.60166585916933490E+00   2.78437372803536554E-04   8.20609327562338883E-05   5.11310327483627079E-07   2.79393233443302035E+08   1.63737015055349755E+09   2.33736941050188047E-07   3.53021547418750550E-10   2.42493859324095829E-15   1.24300833623454241E-04   3.53130313002238727E-05   1.28427707123503107E-07   8.08779610221427788E-07   1.35042424727317485E-10   2.08581793420073945E-07
  3.63669387317889903E-07   1.62888092483419178E-01   1.84956458752543000E+02   1.42414418382324414E+13   8.35404561812576915E-11   1.00000000000000000E+09   2.37628731004066285E-01   1.25440121987683598E-05   1.60159557687964815E+00   2.78569658371009235E-04   8.20986104166937665E-05   5.11540789806614802E-07   2.79393233443302035E+08   1.63737015055349755E+09   2.32596457617367604E-07   4.06828968235717269E-10   2.71449459625099102E-15   1.23358294146488993E-04   3.50687097074447735E-05   1.48525412556231184E-07   8.48388359888442712E-07   1.63046305918142305E-10   2.42158487301336057E-07
  2.89866734997847003E-07   1.62970181680593906E-01   1.84956458752543000E+02   1.13512998104008965E+13   6.65864118617752984E-11   1.00000000000000000E+09   2.37638586625045362E-01   1.39684677789541885E-05   1.60150727489085631E+00   2.78735962675831473E-04   8.21459607919957074E-05   5.11830356581092890E-07   2.79393233443302035E+08   1.63737015055349755E+09   2.31418180352235772E-07   4.64641133819438886E-10   3.02382695665540472E-15   1.22389278098852089E-04   3.48238439352796124E-05   1.70025268798357228E-07   8.86626137921401231E-07   1.97317023060356129E-10   2.79106349449216995E-07
  2.31094714997145755E-07   1.63052270799950549E-01   1.84956458752543000E+02   9.04976348718052930E+12   5.30852392170195570E-11   1.00000000000000000E+09   2.37650940821221041E-01   1.54743175706903710E-05   1.60139628115543897E+00   2.78945039510304106E-04   8.22054672240059070E-05   5.12194164141545505E-07   2.79393233443302035E+08   1.63737015055349755E+09   2.30219336285188059E-07   5.26084806353259839E-10   3.35243677948432309E-15   1.21405438058412780E-04   3.45808127431958208E-05   1.92689932675463014E-07   9.23317848172896644E-07   2.39658439746862267E-10   3.19342206373355508E-07
  1.84281470174818275E-07   1.63134359824021496E-01   1.84956458752543000E+02   7.21653768746990039E+12   4.23312615740144527E-11   1.00000000000000000E+09   2.37666446499210843E-01   1.70624979455380101E-05   1.60125667402041838E+00   2.79207914283005870E-04   8.22802560106185933E-05   5.12651254454794301E-07   2.79393233443302035E+08   1.63737015055349755E+09   2.29020026833782106E-07   5.90713620257811638E-10   3.69949701648700124E-15   1.20419920851474392E-04   3.43423899707600544E-05   2.16234879774290222E-07   9.58326904551878783E-07   2.92538271156105056E-10   3.62701173699439050E-07
  1.46985131360069326E-07   1.63216448739702369E-01   1.84956458752543000E+02   5.75599781655421289E+12   3.37635251653003235E-11   1.00000000000000000E+09   2.37685934388395248E-01   1.87362591980098621E-05   1.60108092400149293E+00   2.79538488232385096E-04   8.23742671734306581E-05   5.13225609329281468E-07   2.79393233443302035E+08   1.63737015055349755E+09   2.27843597039146401E-07   6.58011303588805378E-10   4.06370688029129920E-15   1.19447585134440314E-04   3.41118273968330806E-05   2.40333832241121705E-07   9.91553310720875011E-07   3.59346861287043740E-10   4.08931476041928611E-07
  1.17264171447163789E-07   1.63298537520189135E-01   1.84956458752543000E+02   4.59211287947509961E+12   2.69360164461458543E-11   1.00000000000000000E+09   2.37710465846140445E-01   2.05020129737983166E-05   1.60085941883573168E+00   2.79954312842445102E-04   8.24924732789181811E-05   5.13947475449276352E-07   2.79393233443302035E+08   1.63737015055349755E+09   2.26717236001922064E-07   7.27390235425107473E-10   4.44308070168580471E-15   1.18505367602857284E-04   3.38929706633433564E-05   2.64624888869072102E-07   1.02293107460243825E-06   4.44704280895162001E-10   4.57689360118190609E-07
  9.35745308270927907E-08   1.63380626136257534E-01   1.84956458752543000E+02   3.66441687089006885E+12   2.14940293886743508E-11   1.00000000000000000E+09   2.37741403931981760E-01   2.23703508772426264E-05   1.60057982604763827E+00   2.80477587997682830E-04   8.26411613848151223E-05   5.14855071830731804E-07   2.79393233443302035E+08   1.63737015055349755E+09   2.25672874105976029E-07   7.98184213547821143E-10   4.83466874342495199E-15   1.17612837144051195E-04   3.36904182226247287E-05   2.88718160136277863E-07   1.05242601504478931E-06   5.54740067735149488E-10   5.08533399021168528E-07
  7.46879672160267133E-08   1.63462714549660021E-01   1.84956458752543000E+02   2.92481132098448486E+12   1.71554084966472959E-11   1.00000000000000000E+09   2.37780510475031043E-01   2.43572895014391320E-05   1.60022622532708469E+00   2.81136457313426250E-04   8.28282987399573057E-05   5.15996805281488072E-07   2.79393233443302035E+08   1.63737015055349755E+09   2.24748464308502486E-07   8.69634681992942884E-10   5.23422863381496615E-15   1.16792988561539298E-04   3.35097367447271497E-05   3.12206177291403173E-07   1.08003512314026365E-06   6.97169510490521796E-10   5.60917406225652578E-07
  5.96272361296471319E-08   1.63544802710005294E-01   1.84956458752543000E+02   2.33502693635480566E+12   1.36956581972338155E-11   1.00000000000000000E+09   2.37830080865677501E-01   2.64857863308895836E-05   1.59977790857495772E+00   2.81966702924636660E-04   8.30640108778659937E-05   5.17434168257697360E-07   2.79393233443302035E+08   1.63737015055349755E+09   2.23989770645948274E-07   9.40870450292586208E-10   5.63590142114740733E-15   1.16073344994363641E-04   3.33577515151040323E-05   3.34678436409096129E-07   1.10578862248804395E-06   8.80868418522139857E-10   6.14181127665001143E-07
  4.76146208958331536E-08   1.63626890550490955E-01   1.84956458752543000E+02   1.86460801426971606E+12   1.09361189190072310E-11   1.00000000000000000E+09   2.37893134784466276E-01   2.87875048098377716E-05   1.59920769030334564E+00   2.83013984553843220E-04   8.33612124826221720E-05   5.19245564385760241E-07   2.79393233443302035E+08   1.63737015055349755E+09   2.23452841520163186E-07   1.01088257395708026E-09   6.03198988720973394E-15   1.15487463567139184E-04   3.32429379861300562E-05   3.55741000381159541E-07   1.12975570020754212E-06   1.11456968852879091E-09   6.67537832531942704E-07
  3.80310535401927659E-08   1.63708977981741666E-01   1.84956458752543000E+02   1.48931159984033008E+12   8.73457612366713689E-12   1.00000000000000000E+09   2.37973691762640910E-01   3.13046711466850248E-05   1.59847948081206037E+00   2.84336831482604878E-04   8.37364488857406027E-05   5.21531411171928546E-07   2.79393233443302035E+08   1.63737015055349755E+09   2.23207427048968280E-07   1.07849903144573073E-09   6.41297098413779355E-15   1.15076980750543096E-04   3.31759529608666715E-05   3.75041130940400937E-07   1.15205456442677594E-06   1.40436593695829630E-09   7.20057744923052380E-07
  3.03836398925731079E-08   1.63791064882685217E-01   1.84956458752543000E+02   1.18983575591871875E+12   6.97779995938516577E-12   1.00000000000000000E+09   2.38077178524768063E-01   3.40915483484635152E-05   1.59754472344313192E+00   2.86010693372977531E-04   8.42110325145005022E-05   5.24421025279432403E-07   2.79393233443302035E+08   1.63737015055349755E+09   2.23341726042498106E-07   1.14236826888748551E-09   6.76787308421506555E-15   1.14894406234801902E-04   3.31703644225677611E-05   3.92295695733729466E-07   1.17286709224494253E-06   1.74996519430173518E-09   7.70645692011315221E-07
  2.42798552761932770E-08   1.63873151091674413E-01   1.84956458752543000E+02   9.50809055738186279E+11   5.57561726654521577E-12   1.00000000000000000E+09   2.38211046747993371E-01   3.72138056090420252E-05   1.59633703775630531E+00   2.88133506762393049E-04   8.48125993200503884E-05   5.28082033290485202E-07   2.79393233443302035E+08   1.63737015055349755E+09   2.23969052371931124E-07   1.20096579399509221E-09   7.08509136682811481E-15   1.15006996919858435E-04   3.32436732113094324E-05   4.07320974893510820E-07   1.19245798333144459E-06   2.14004633904198557E-09   8.18010044509732098E-07
  1.94070359942872735E-08   1.63955236372431673E-01   1.84956458752543000E+02   7.59987461148423218E+11   4.45620009887024293E-12   1.00000000000000000E+09   2.38385738129245572E-01   4.07389937503939266E-05   1.59476395237700275E+00   2.90833471514214336E-04   8.55772737782003031E-05   5.32733419862298593E-07   2.79393233443302035E+08   1.63737015055349755E+09   2.25237355864858131E-07   1.25264108135026769E-09   7.35360255279772178E-15   1.15502251525308400E-04   3.34187773129239588E-05   4.20060906868324730E-07   1.21119819792741475E-06   2.54737036003570030E-09   8.60617718225086056E-07
  1.55160761571877744E-08   1.64037320396404729E-01   1.84956458752543000E+02   6.07615883701038208E+11   3.56232023775466767E-12   1.00000000000000000E+09   2.38616247214123750E-01   4.46920693734821091E-05   1.59269377676924062E+00   2.94280110043611059E-04   8.65527315249694590E-05   5.38663906496330988E-07   2.79393233443302035E+08   1.63737015055349755E+09   2.27343141996207554E-07   1.29571607372892153E-09   7.56440299090680416E-15   1.16495942923175468E-04   3.37261311355597224E-05   4.30611349195383170E-07   1.22959293348387343E-06   2.92422588871169767E-09   8.96627166065247046E-07
  1.24084646548189187E-08   1.64119402676462495E-01   1.84956458752543000E+02   4.85920547194414795E+11   2.84837099547797816E-12   1.00000000000000000E+09   2.38924796225935238E-01   4.88385575776376617E-05   1.58993408485753451E+00   2.98700289956030699E-04   8.78026083663011265E-05   5.46258272837678634E-07   2.79393233443302035E+08   1.63737015055349755E+09   2.30552524318097989E-07   1.32861157727051184E-09   7.71188105505293651E-15   1.18144432563612966E-04   3.42070510192836528E-05   4.39241228535065434E-07   1.24831686496933217E-06   3.19806015416551619E-09   9.23788850626292931E-07
