# lambda[A]  T_theo  T_instr  T_rot+instr  (He I 10830)
1.082820000000000073e+04 9.999999549121942888e-01 9.999999528453477060e-01 9.999999527611723726e-01
1.082822005088532023e+04 9.999999535124542982e-01 9.999999519368235612e-01 9.999999518681407240e-01
1.082824010177063610e+04 9.999999520324015512e-01 9.999999508128610826e-01 9.999999507588435144e-01
1.082826015265595561e+04 9.999999504648287019e-01 9.999999494782397802e-01 9.999999494368451147e-01
1.082828020354127329e+04 9.999999488016315663e-01 9.999999479450011330e-01 9.999999479134178415e-01
1.082830025442658916e+04 9.999999470336629059e-01 9.999999462269303363e-01 9.999999462021218477e-01
1.082832030531190867e+04 9.999999451505628967e-01 9.999999443343787764e-01 9.999999443135401123e-01
1.082834035619722636e+04 9.999999431405451888e-01 9.999999422703964580e-01 9.999999422512035885e-01
1.082836040708254586e+04 9.999999409901333403e-01 9.999999400279719897e-01 9.999999400085956003e-01
1.082838045796786173e+04 9.999999386838143156e-01 9.999999375869274010e-01 9.999999375658472633e-01
1.082840050885318124e+04 9.999999362035525419e-01 9.999999349078069200e-01 9.999999348834575086e-01
1.082842055973849892e+04 9.999999335280165269e-01 9.999999319183819901e-01 9.999999318885948174e-01
1.082844061062381479e+04 9.999999306311956326e-01 9.999999284852408854e-01 9.999999284463239047e-01
1.082846066150913430e+04 9.999999274796211868e-01 9.999999243567812002e-01 9.999999243018862227e-01
1.082848071239445198e+04 9.999999240264071387e-01 9.999999190525356019e-01 9.999999189686218370e-01
1.082850076327976785e+04 9.999999201981003560e-01 9.999999116533004884e-01 9.999999115154100116e-01
1.082852081416508736e+04 9.999999158656530662e-01 9.999999004106870926e-01 9.999999001710712099e-01
1.082854086505040505e+04 9.999999107812961308e-01 9.999998820324301763e-01 9.999998815997123147e-01
1.082856091593572455e+04 9.999999044444263241e-01 9.999998503918365866e-01 9.999998495905036977e-01
1.082858096682104042e+04 9.999998958243875302e-01 9.999997942212840440e-01 9.999997927114324670e-01
1.082860101770635993e+04 9.999998828039509124e-01 9.999996930169492426e-01 9.999996901323074949e-01
1.082862106859167761e+04 9.999998610948187538e-01 9.999995097876935857e-01 9.999995042047262750e-01
1.082864111947699348e+04 9.999998221852204328e-01 9.999991782152343189e-01 9.999991672772389206e-01
1.082866117036231299e+04 9.999997495630142952e-01 9.999985799020126853e-01 9.999985582597472611e-01
1.082868122124763067e+04 9.999996119427770891e-01 9.999975041355969596e-01 9.999974610991084756e-01
1.082870127213294836e+04 9.999993513922625921e-01 9.999955773448343521e-01 9.999954919667299880e-01
1.082872132301826605e+04 9.999988628899817433e-01 9.999921417149720826e-01 9.999919742323641891e-01
1.082874137390358374e+04 9.999979595418925227e-01 9.999860528294226558e-01 9.999857309602518951e-01
1.082876142478890324e+04 9.999963135869480713e-01 9.999753577628724965e-01 9.999747570461937629e-01
1.082878147567421911e+04 9.999933555076057079e-01 9.999568152211123495e-01 9.999557349274360574e-01
1.082880152655953862e+04 9.999880974369996789e-01 9.999252412334880269e-01 9.999233820879951384e-01
1.082882157744485630e+04 9.999788114630731028e-01 9.998727246206062791e-01 9.998696815609734445e-01
1.082884162833017217e+04 9.999624135473870190e-01 9.997878692837780523e-01 9.997831596594480841e-01
1.082886167921549168e+04 9.999332377254415150e-01 9.996553797320042456e-01 9.996485300165841581e-01
1.082888173010080936e+04 9.998806103226605124e-01 9.994564691109122379e-01 9.994471747144501039e-01
1.082890178098612705e+04 9.997844027119957566e-01 9.991706445652961399e-01 9.991589924371915288e-01
1.082892183187144474e+04 9.996081892566178739e-01 9.987792907480486093e-01 9.987659946624458662e-01
1.082894188275676242e+04 9.992919946015809129e-01 9.982710301857041779e-01 9.982575869181382622e-01
1.082896193364208193e+04 9.987516382089411948e-01 9.976480996902108433e-01 9.976367546532121100e-01
1.082898198452739780e+04 9.978968167955218904e-01 9.969321378061890560e-01 9.969255763895562561e-01
1.082900203541271731e+04 9.966774327713350257e-01 9.961672001577712710e-01 9.961679658424358319e-01
1.082902208629803499e+04 9.951492363720694234e-01 9.954179287852136238e-01 9.954276904518704061e-01
1.082904213718335086e+04 9.935211203380641676e-01 9.947618412226080231e-01 9.947807383754088129e-01
1.082906218806867037e+04 9.921337703045107759e-01 9.942765211553308280e-01 9.943028454750374445e-01
1.082908223895398805e+04 9.913498016981053818e-01 9.940244789915926305e-01 9.940548675940091838e-01
1.082910228983930574e+04 9.913986036050209671e-01 9.940397537544236606e-01 9.940698920027278840e-01
1.082912234072462343e+04 9.922654105058285046e-01 9.943202520270191247e-01 9.943458847696711178e-01
1.082914239160994111e+04 9.936987044501626176e-01 9.948282259922676118e-01 9.948461492420918040e-01
1.082916244249526062e+04 9.953307557207775602e-01 9.954987385044337111e-01 9.955074517357628272e-01
1.082918249338057649e+04 9.968317120071084059e-01 9.962534707025836322e-01 9.962533090174502393e-01
1.082920254426589599e+04 9.980104438059218541e-01 9.970157887548611875e-01 9.970085554549853457e-01
1.082922259515121368e+04 9.988262199896990046e-01 9.977230850885477897e-01 9.977113749237630502e-01
1.082924264603652955e+04 9.993367738362797237e-01 9.983338307091726982e-01 9.983203042303434582e-01
1.082926269692184906e+04 9.996334767863116477e-01 9.988287835584246377e-01 9.988156121275468813e-01
1.082928274780716674e+04 9.997982271031098378e-01 9.992075494072000241e-01 9.991961392681918408e-01
1.082930279869248443e+04 9.998881106287610399e-01 9.994826260292598574e-01 9.994736104924933917e-01
1.082932284957780212e+04 9.999373341545344518e-01 9.996730759192323790e-01 9.996664859162160965e-01
1.082934290046312162e+04 9.999646668936895688e-01 9.997993430885721011e-01 9.997948449165862117e-01
1.082936295134843931e+04 9.999800449625310117e-01 9.998798812618273635e-01 9.998769938131271129e-01
1.082938300223375518e+04 9.999887535429371477e-01 9.999295487992471143e-01 9.999277950759811739e-01
1.082940305311907468e+04 9.999936791673398329e-01 9.999593204104971766e-01 9.999583066645378882e-01
1.082942310400439237e+04 9.999964436825697911e-01 9.999767612312335796e-01 9.999762000220284719e-01
1.082944315488970824e+04 9.999979757306485251e-01 9.999868000121807654e-01 9.999865003815345821e-01
1.082946320577502775e+04 9.999988108200104087e-01 9.999925042622922478e-01 9.999923487408857170e-01
1.082948325666034543e+04 9.999992569088819172e-01 9.999957156287282434e-01 9.999956364430634403e-01
1.082950330754566312e+04 9.999994893312902366e-01 9.999975105370071393e-01 9.999974706034623351e-01
1.082952335843098081e+04 9.999996063941415381e-01 9.999985066417511614e-01 9.999984865035492776e-01
1.082954340931630031e+04 9.999996621625663051e-01 9.999990542943504312e-01 9.999990440479905596e-01
1.082956346020161800e+04 9.999996857096543623e-01 9.999993508897258021e-01 9.999993455833480205e-01
1.082958351108693387e+04 9.999996922763261242e-01 9.999995071033651595e-01 9.999995042723909267e-01
1.082960356197225337e+04 9.999996896189006224e-01 9.999995845407571027e-01 9.999995829461523211e-01
1.082962361285757106e+04 9.999996815314734500e-01 9.999996168663159990e-01 9.999996158645158006e-01
1.082964366374288875e+04 9.999996697373855215e-01 9.999996214382713688e-01 9.999996206646556418e-01
1.082966371462820644e+04 9.999996548481235870e-01 9.999996053356522419e-01 9.999996045337231632e-01
1.082968376551352412e+04 9.999996367713777090e-01 9.999995677538116023e-01 9.999995666604374334e-01
1.082970381639884181e+04 9.999996147348890752e-01 9.999994995112830853e-01 9.999994977413259045e-01
1.082972386728415950e+04 9.999995869189983733e-01 9.999993794443842177e-01 9.999993763198332664e-01
1.082974391816947900e+04 9.999995495021914982e-01 9.999991664365776023e-01 9.999991606763418694e-01
1.082976396905479669e+04 9.999994946560325504e-01 9.999987843865231207e-01 9.999987734968582842e-01
1.082978401994011256e+04 9.999994065927341191e-01 9.999980950646222277e-01 9.999980741075772395e-01
1.082980407082543206e+04 9.999992540457587342e-01 9.999968497379365662e-01 9.999968088356332441e-01
1.082982412171074975e+04 9.999989763627608053e-01 9.999946033573317017e-01 9.999945227101119105e-01
1.082984417259606744e+04 9.999984584155261480e-01 9.999905630791319222e-01 9.999904033278316229e-01
1.082986422348138512e+04 9.999974862978976420e-01 9.999833236000549297e-01 9.999830080295497581e-01
1.082988427436670281e+04 9.999956704403322183e-01 9.999704135028207874e-01 9.999697971396137586e-01
1.082990432525202050e+04 9.999923137170734222e-01 9.999475410157993016e-01 9.999463609802979880e-01
1.082992437613733819e+04 9.999861860911130051e-01 9.999073934884028514e-01 9.999051967305891964e-01
1.082994442702265769e+04 9.999751370981703191e-01 9.998378350906883538e-01 9.998338862859094123e-01
1.082996447790797538e+04 9.999554158911642121e-01 9.997194011773313793e-01 9.997125872160237403e-01
1.082998452879329125e+04 9.999204348003606357e-01 9.995221561501084206e-01 9.995109240147928009e-01
1.083000457967861075e+04 9.998584188823833596e-01 9.992023047547755610e-01 9.991846911764528105e-01
1.083002463056392844e+04 9.997477956677925937e-01 9.986994143789504896e-01 9.986732364773009962e-01
1.083004468144924613e+04 9.995482674966316150e-01 9.979356123494416142e-01 9.978988725645855373e-01
1.083006473233456381e+04 9.991849077447131355e-01 9.968184476193266974e-01 9.967699521642443550e-01
1.083008478321988150e+04 9.985245474083414008e-01 9.952489638957914275e-01 9.951890662874185445e-01
1.083010483410519919e+04 9.973518229757223352e-01 9.931356970794892325e-01 9.930669849859217191e-01
1.083012488499051688e+04 9.953673304795279675e-01 9.904137928320108086e-01 9.903414825518709330e-01
1.083014493587583638e+04 9.922415672828774902e-01 9.870665905266758910e-01 9.869984185724599568e-01
1.083016498676115407e+04 9.877414916670019807e-01 9.831454638362533416e-01 9.830909757057062492e-01
1.083018503764646994e+04 9.818878898593269566e-01 9.787830834941106950e-01 9.787523766995595009e-01
1.083020508853178944e+04 9.750391077512724491e-01 9.741958894991226137e-01 9.741980061357524701e-01
1.083022513941710713e+04 9.678134630134194172e-01 9.696732459032867402e-01 9.697144813544412711e-01
1.083024519030242482e+04 9.608894887064800550e-01 9.655529642927230816e-01 9.656353657635381449e-01
1.083026524118774250e+04 9.548494191244946139e-01 9.621851088989302747e-01 9.623054245839129939e-01
1.083028529207306201e+04 9.502016503045920270e-01 9.598880496787879357e-01 9.600373903420537092e-01
1.083030534295837788e+04 9.475191651996238695e-01 9.589026764605751429e-01 9.590671390470061342e-01
1.083032539384369557e+04 9.474547936149061433e-01 9.593524209228848632e-01 9.595148169919105463e-01
1.083034544472901507e+04 9.504823924703237337e-01 9.612175912278293488e-01 9.613601600147928528e-01
1.083036549561433094e+04 9.565042808033209498e-01 9.643314244751739484e-01 9.644390371075211021e-01
1.083038554649964863e+04 9.646594610385526014e-01 9.684014490775296746e-01 9.684644968808040488e-01
1.083040559738496813e+04 9.735470332116629155e-01 9.730536643329168456e-01 9.730697745183236602e-01
1.083042564827028582e+04 9.817500170100509349e-01 9.778905837150513314e-01 9.778646159538155747e-01
1.083044569915560351e+04 9.883273981126726726e-01 9.825499622419474610e-01 9.824923095076893986e-01
1.083046575004092119e+04 9.929979853237842491e-01 9.867509819912191338e-01 9.866747733377434493e-01
1.083048580092624070e+04 9.959935918400635302e-01 9.903189475858477087e-01 9.902370658248742519e-01
1.083050585181155657e+04 9.977694071190050806e-01 9.931863586444861225e-01 9.931091213300360376e-01
1.083052590269687425e+04 9.987687459242824417e-01 9.953748156879264064e-01 9.953087994292700857e-01
1.083054595358219376e+04 9.993175740569169019e-01 9.969662459577741664e-01 9.969142683224466728e-01
1.083056600446750963e+04 9.996185325317350490e-01 9.980725057050329196e-01 9.980344243343097776e-01
1.083058605535282732e+04 9.997854185803749516e-01 9.988101743707507030e-01 9.987840275351251851e-01
1.083060610623814682e+04 9.998791466948889761e-01 9.992838485760686673e-01 9.992669288747553225e-01
1.083062615712346451e+04 9.999321775332139506e-01 9.995780145307895381e-01 9.995676428740061237e-01
1.083064620800878220e+04 9.999621857263375491e-01 9.997555459286945334e-01 9.997494923651852883e-01
1.083066625889409988e+04 9.999790624685523932e-01 9.998601963660855851e-01 9.998568133116410017e-01
1.083068630977941939e+04 9.999884543449205632e-01 9.999207612359219954e-01 9.999189393546311644e-01
1.083070636066473526e+04 9.999936122755378465e-01 9.999553386533235333e-01 9.999543861513238152e-01
1.083072641155005294e+04 9.999964051344318872e-01 9.999748909411536602e-01 9.999744034100619405e-01
1.083074646243537245e+04 9.999978977953596360e-01 9.999858734495855606e-01 9.999856269304812084e-01
1.083076651332068832e+04 9.999986884837145373e-01 9.999920119458216572e-01 9.999918877121903860e-01
1.083078656420600782e+04 9.999991072929386160e-01 9.999954288698832405e-01 9.999953660025229230e-01
1.083080661509132551e+04 9.999993326526771531e-01 9.999973239146748849e-01 9.999972918006714284e-01
1.083082666597664320e+04 9.999994588919021155e-01 9.999983720319821634e-01 9.999983554250714279e-01
1.083084671686196089e+04 9.999995347552975700e-01 9.999989515387168737e-01 9.999989428332165531e-01
1.083086676774727857e+04 9.999995848850417035e-01 9.999992735309791714e-01 9.999992688974974619e-01
1.083088681863259808e+04 9.999996215049202775e-01 9.999994550558496398e-01 9.999994525417753577e-01
1.083090686951791395e+04 9.999996506044733779e-01 9.999995604681993777e-01 9.999995590659118694e-01
1.083092692040323163e+04 9.999996751199422551e-01 9.999996247916690395e-01 9.999996239767250383e-01
1.083094697128855114e+04 9.999996965236241930e-01 9.999996668741267802e-01 9.999996663723689228e-01
1.083096702217386701e+04 9.999997155956584782e-01 9.999996967476830756e-01 9.999996964156336876e-01
1.083098707305918651e+04 9.999997327889660337e-01 9.999997197050385367e-01 9.999997194676079060e-01
1.083100712394450420e+04 9.999997483980249680e-01 9.999997385277688000e-01 9.999997383455705435e-01
1.083102717482982189e+04 9.999997626358827496e-01 9.999997546857791741e-01 9.999997545379673003e-01
1.083104722571513958e+04 9.999997756694070095e-01 9.999997689721878968e-01 9.999997688474963065e-01
1.083106727660045726e+04 9.999997876359351112e-01 9.999997818335965016e-01 9.999997817256951471e-01
1.083108732748577677e+04 9.999997986517200621e-01 9.999997935390448900e-01 9.999997934441579028e-01
1.083110737837109264e+04 9.999998088167205701e-01 9.999998042651855323e-01 9.999998041808840776e-01
1.083112742925641032e+04 9.999998182176851325e-01 9.999998141388000139e-01 9.999998140633904464e-01
1.083114748014172983e+04 9.999998269303593812e-01 9.999998232579910828e-01 9.999998231902038626e-01
1.083116753102704570e+04 9.999998350211919407e-01 9.999998317028837569e-01 9.999998316417170185e-01
1.083118758191236520e+04 9.999998425487038878e-01 9.999998395412293961e-01 9.999998394858591322e-01
1.083120763279768289e+04 9.999998495646150731e-01 9.999998468315244304e-01 9.999998467812608594e-01
1.083122768368300240e+04 9.999998561147823706e-01 9.999998536249142811e-01 9.999998535791696508e-01
1.083124773456831826e+04 9.999998622399870474e-01 9.999998599664723375e-01 9.999998599247402753e-01
1.083126778545363595e+04 9.999998679766020082e-01 9.999998658961306575e-01 9.999998658579742905e-01
1.083128783633895546e+04 9.999998733571552334e-01 9.999998714494159335e-01 9.999998714144554546e-01
1.083130788722427133e+04 9.999998784108116157e-01 9.999998766580385778e-01 9.999998766259409200e-01
1.083132793810958901e+04 9.999998831637854080e-01 9.999998815503847727e-01 9.999998815208601677e-01
1.083134798899490852e+04 9.999998876396943848e-01 9.999998861519390214e-01 9.999998861247311188e-01
1.083136803988022439e+04 9.999998918598633768e-01 9.999998904856325366e-01 9.999998904605160721e-01
1.083138809076554389e+04 9.999998958435890595e-01 9.999998945721518817e-01 9.999998945489271263e-01
1.083140814165086158e+04 9.999998996083687697e-01 9.999998984302004290e-01 9.999998984086906351e-01
1.083142819253618109e+04 9.999999031700987917e-01 9.999999020767224023e-01 9.999999020567706953e-01
1.083144824342149695e+04 9.999999065432493284e-01 9.999999055271043824e-01 9.999999055085706523e-01
1.083146829430681464e+04 9.999999097410138260e-01 9.999999087953412857e-01 9.999999087781007434e-01
1.083148834519213415e+04 9.999999127754463091e-01 9.999999118941893528e-01 9.999999118781298657e-01
1.083150839607745002e+04 9.999999156575747339e-01 9.999999148352950451e-01 9.999999148203169153e-01
1.083152844696276770e+04 9.999999183975059047e-01 9.999999176293127290e-01 9.999999176153242519e-01
1.083154849784808721e+04 9.999999210045164011e-01 9.999999202860001546e-01 9.999999202729213943e-01
1.083156854873340308e+04 9.999999234871355114e-01 9.999999228143134911e-01 9.999999228020705067e-01
1.083158859961872258e+04 9.999999258532130675e-01 9.999999252224831547e-01 9.999999252110098880e-01
1.083160865050404027e+04 9.999999281099872794e-01 9.999999275180844194e-01 9.999999275073215843e-01
1.083162870138935978e+04 9.999999302641392473e-01 9.999999297080995886e-01 9.999999296979913410e-01
1.083164875227467564e+04 9.999999323218438096e-01 9.999999317989733960e-01 9.999999317894705531e-01
1.083166880315999333e+04 9.999999342888165055e-01 9.999999337966613000e-01 9.999999337877191197e-01
1.083168885404531284e+04 9.999999361703532097e-01 9.999999357066750028e-01 9.999999356982518517e-01
1.083170890493062871e+04 9.999999379713659931e-01 9.999999375341210861e-01 9.999999375261804380e-01
1.083172895581594821e+04 9.999999396964187603e-01 9.999999392837376488e-01 9.999999392762450867e-01
1.083174900670126590e+04 9.999999413497531187e-01 9.999999409599236166e-01 9.999999409528472771e-01
1.083176905758658177e+04 9.999999429353181313e-01 9.999999425667709385e-01 9.999999425600823999e-01
1.083178910847190127e+04 9.999999444567934104e-01 9.999999441080861251e-01 9.999999441017594082e-01
1.083180915935721896e+04 9.999999459176104333e-01 9.999999455874175602e-01 9.999999455814275739e-01
1.083182921024253847e+04 9.999999473209728595e-01 9.999999470080744857e-01 9.999999470023990256e-01
1.083184926112785433e+04 9.999999486698749607e-01 9.999999483731469851e-01 9.999999483677662893e-01
1.083186931201317202e+04 9.999999499671177183e-01 9.999999496855229708e-01 9.999999496804168331e-01
1.083188936289849153e+04 9.999999512153228132e-01 9.999999509479028381e-01 9.999999509430547162e-01
1.083190941378380739e+04 9.999999524169465026e-01 9.999999521628153420e-01 9.999999521582096929e-01
1.083192946466912690e+04 9.999999535742947199e-01 9.999999533326322521e-01 9.999999533282529773e-01
1.083194951555444459e+04 9.999999546895290692e-01 9.999999544595757905e-01 9.999999544554090125e-01
1.083196956643976046e+04 9.999999557646815918e-01 9.999999555457326217e-01 9.999999555417656838e-01
1.083198961732507996e+04 9.999999568016617602e-01 9.999999565930636214e-01 9.999999565892850883e-01
1.083200966821039765e+04 9.999999578022676916e-01 9.999999576034119819e-01 9.999999575998100854e-01
1.083202971909571716e+04 9.999999587681906998e-01 9.999999585785116496e-01 9.999999585750766196e-01
1.083204976998103302e+04 9.999999597010259533e-01 9.999999595199933200e-01 9.999999595167141653e-01
1.083206982086635071e+04 9.999999606022765830e-01 9.999999604293885458e-01 9.999999604262532760e-01
1.083208987175167022e+04 9.999999614733615649e-01 9.999999613081201888e-01 9.999999613051115954e-01
1.083210992263698608e+04 9.999999623156192730e-01 9.999999621574778841e-01 9.999999621545672124e-01
1.083212997352230559e+04 9.999999631303163605e-01 9.999999629785462085e-01 9.999999629756742836e-01
1.083215002440762328e+04 9.999999639186495370e-01 9.999999637720476953e-01 9.999999637690948351e-01
1.083217007529293915e+04 9.999999646817505639e-01 9.999999645380626134e-01 9.999999645348005561e-01
1.083219012617825865e+04 9.999999654206912503e-01 9.999999652755772184e-01 9.999999652716072829e-01
1.083221017706357634e+04 9.999999661364865622e-01 9.999999659819107656e-01 9.999999659766004578e-01
1.083223022794889584e+04 9.999999668300991740e-01 9.999999666521485198e-01 9.999999666445966717e-01
1.083225027883421171e+04 9.999999675024410228e-01 9.999999672788733029e-01 9.999999672679407148e-01
1.083227032971952940e+04 9.999999681543787489e-01 9.999999678525366420e-01 9.999999678369665412e-01
1.083229038060484891e+04 9.999999687867333620e-01 9.999999683627061042e-01 9.999999683413310914e-01
1.083231043149016477e+04 9.999999694002871253e-01 9.999999688001013354e-01 9.999999687720840802e-01
1.083233048237548428e+04 9.999999699957812238e-01 9.999999691589136486e-01 9.999999691239427335e-01
