# lambda[A]  T_theo  T_instr  T_rot+instr  (H-beta 4861.35)
4.859961380992028353e+03 9.999999999892575930e-01 9.999999999891493463e-01 9.999999999891477920e-01
4.859975267182107928e+03 9.999999999890391011e-01 9.999999999890029079e-01 9.999999999890020197e-01
4.859989153372188412e+03 9.999999999888133928e-01 9.999999999888019575e-01 9.999999999888016244e-01
4.860003039562267077e+03 9.999999999885810231e-01 9.999999999885743618e-01 9.999999999885743618e-01
4.860016925752347561e+03 9.999999999883409929e-01 9.999999999883347757e-01 9.999999999883347757e-01
4.860030811942427135e+03 9.999999999880934132e-01 9.999999999880865298e-01 9.999999999880864188e-01
4.860044698132507619e+03 9.999999999878378398e-01 9.999999999878308454e-01 9.999999999878307344e-01
4.860058584322586285e+03 9.999999999875740508e-01 9.999999999875665013e-01 9.999999999875665013e-01
4.860072470512666769e+03 9.999999999873012690e-01 9.999999999872934975e-01 9.999999999872934975e-01
4.860086356702746343e+03 9.999999999870194944e-01 9.999999999870116119e-01 9.999999999870116119e-01
4.860100242892825008e+03 9.999999999867288381e-01 9.999999999867200673e-01 9.999999999867199563e-01
4.860114129082905492e+03 9.999999999864275235e-01 9.999999999864187528e-01 9.999999999864184197e-01
4.860128015272985067e+03 9.999999999861161060e-01 9.999999999861070021e-01 9.999999999861066691e-01
4.860141901463065551e+03 9.999999999857938082e-01 9.999999999857840383e-01 9.999999999857840383e-01
4.860155787653144216e+03 9.999999999854600752e-01 9.999999999854499722e-01 9.999999999854498611e-01
4.860169673843224700e+03 9.999999999851142407e-01 9.999999999851039156e-01 9.999999999851039156e-01
4.860183560033304275e+03 9.999999999847563048e-01 9.999999999847453136e-01 9.999999999847452026e-01
4.860197446223384759e+03 9.999999999843854903e-01 9.999999999843737220e-01 9.999999999843737220e-01
4.860211332413463424e+03 9.999999999840004650e-01 9.999999999839882525e-01 9.999999999839881415e-01
4.860225218603542999e+03 9.999999999836012288e-01 9.999999999835882392e-01 9.999999999835881281e-01
4.860239104793623483e+03 9.999999999831866715e-01 9.999999999831732378e-01 9.999999999831731268e-01
4.860252990983702148e+03 9.999999999827560160e-01 9.999999999827419161e-01 9.999999999827416941e-01
4.860266877173782632e+03 9.999999999823091512e-01 9.999999999822940522e-01 9.999999999822938301e-01
4.860280763363862206e+03 9.999999999818439678e-01 9.999999999818284246e-01 9.999999999818282026e-01
4.860294649553941781e+03 9.999999999813606877e-01 9.999999999813442564e-01 9.999999999813438123e-01
4.860308535744021356e+03 9.999999999808573126e-01 9.999999999808398821e-01 9.999999999808397710e-01
4.860322421934101840e+03 9.999999999803336204e-01 9.999999999803150796e-01 9.999999999803147466e-01
4.860336308124181414e+03 9.999999999797881678e-01 9.999999999797685168e-01 9.999999999797681838e-01
4.860350194314260079e+03 9.999999999792195116e-01 9.999999999791989724e-01 9.999999999791984173e-01
4.860364080504340563e+03 9.999999999786259863e-01 9.999999999786047811e-01 9.999999999786043370e-01
4.860377966694420138e+03 9.999999999780075921e-01 9.999999999779844995e-01 9.999999999779840554e-01
4.860391852884499713e+03 9.999999999773611092e-01 9.999999999773369064e-01 9.999999999773363513e-01
4.860405739074579287e+03 9.999999999766857606e-01 9.999999999766598924e-01 9.999999999766595593e-01
4.860419625264659771e+03 9.999999999759797698e-01 9.999999999759522362e-01 9.999999999759516811e-01
4.860433511454739346e+03 9.999999999752412494e-01 9.999999999752118285e-01 9.999999999752113844e-01
4.860447397644818921e+03 9.999999999744672019e-01 9.999999999744363377e-01 9.999999999744360046e-01
4.860461283834898495e+03 9.999999999736569611e-01 9.999999999736236544e-01 9.999999999736230993e-01
4.860475170024978070e+03 9.999999999728066413e-01 9.999999999727710032e-01 9.999999999727704481e-01
4.860489056215057644e+03 9.999999999719139110e-01 9.999999999718752752e-01 9.999999999718746091e-01
4.860502942405137219e+03 9.999999999709753284e-01 9.999999999709332510e-01 9.999999999709325849e-01
4.860516828595217703e+03 9.999999999699867859e-01 9.999999999699406006e-01 9.999999999699399345e-01
4.860530714785297278e+03 9.999999999689439534e-01 9.999999999688923280e-01 9.999999999688915509e-01
4.860544600975376852e+03 9.999999999678402807e-01 9.999999999677809948e-01 9.999999999677798845e-01
4.860558487165456427e+03 9.999999999666669970e-01 9.999999999665971639e-01 9.999999999665956096e-01
4.860572373355536911e+03 9.999999999654122229e-01 9.999999999653262917e-01 9.999999999653247373e-01
4.860586259545615576e+03 9.999999999640583059e-01 9.999999999639479498e-01 9.999999999639457293e-01
4.860600145735695151e+03 9.999999999625772684e-01 9.999999999624291647e-01 9.999999999624265001e-01
4.860614031925775635e+03 9.999999999609275880e-01 9.999999999607205314e-01 9.999999999607162016e-01
4.860627918115855209e+03 9.999999999590433175e-01 9.999999999587431132e-01 9.999999999587367849e-01
4.860641804305934784e+03 9.999999999568200959e-01 9.999999999563740083e-01 9.999999999563646824e-01
4.860655690496014358e+03 9.999999999540952755e-01 9.999999999534218142e-01 9.999999999534072703e-01
4.860669576686094842e+03 9.999999999506136161e-01 9.999999999495875480e-01 9.999999999495650105e-01
4.860683462876173508e+03 9.999999999459783240e-01 9.999999999444085796e-01 9.999999999443739407e-01
4.860697349066253992e+03 9.999999999395763339e-01 9.999999999371766979e-01 9.999999999371235182e-01
4.860711235256333566e+03 9.999999999304691745e-01 9.999999999268130990e-01 9.999999999267318307e-01
4.860725121446413141e+03 9.999999999172318743e-01 9.999999999116931937e-01 9.999999999115700700e-01
4.860739007636492715e+03 9.999999998977242566e-01 9.999999998893900344e-01 9.999999998892040720e-01
4.860752893826572290e+03 9.999999998687580938e-01 9.999999998563153802e-01 9.999999998560366032e-01
4.860766780016652774e+03 9.999999998256366984e-01 9.999999998072166552e-01 9.999999998068020979e-01
4.860780666206731439e+03 9.999999997615075520e-01 9.999999997344782843e-01 9.999999997338669955e-01
4.860794552396811923e+03 9.999999996664762358e-01 9.999999996271730085e-01 9.999999996262789459e-01
4.860808438586891498e+03 9.999999995264011732e-01 9.999999994697775785e-01 9.999999994684803939e-01
4.860822324776971982e+03 9.999999993212781435e-01 9.999999992404621230e-01 9.999999992385949499e-01
4.860836210967050647e+03 9.999999990231008828e-01 9.999999989088375063e-01 9.999999989061700845e-01
4.860850097157130222e+03 9.999999985930615454e-01 9.999999984330257830e-01 9.999999984292445854e-01
4.860863983347210706e+03 9.999999979779362613e-01 9.999999977558972075e-01 9.999999977505764637e-01
4.860877869537289371e+03 9.999999971054758241e-01 9.999999968002994954e-01 9.999999967928654421e-01
4.860891755727369855e+03 9.999999958786066623e-01 9.999999954630885979e-01 9.999999954527736268e-01
4.860905641917449429e+03 9.999999941682362614e-01 9.999999936077628160e-01 9.999999935935455220e-01
4.860919528107529914e+03 9.999999918044462088e-01 9.999999910555072979e-01 9.999999910360426458e-01
4.860933414297608579e+03 9.999999885658945598e-01 9.999999875744852718e-01 9.999999875480124478e-01
4.860947300487689063e+03 9.999999841672718714e-01 9.999999828672591073e-01 9.999999828314986017e-01
4.860961186677768637e+03 9.999999782447530627e-01 9.999999765563373222e-01 9.999999765083733561e-01
4.860975072867847302e+03 9.999999703395360262e-01 9.999999681679965224e-01 9.999999681041510380e-01
4.860988959057927786e+03 9.999999598797659761e-01 9.999999571147656363e-01 9.999999570304790586e-01
4.861002845248007361e+03 9.999999461614829110e-01 9.999999426772986366e-01 9.999999425670353936e-01
4.861016731438087845e+03 9.999999283296576724e-01 9.999999239867993772e-01 9.999999238440110405e-01
4.861030617628166510e+03 9.999999053609472943e-01 9.999999000097077317e-01 9.999998998268878614e-01
4.861044503818246994e+03 9.999998760504625883e-01 9.999998695369614055e-01 9.999998693058465005e-01
4.861058390008326569e+03 9.999998390055682140e-01 9.999998311807827278e-01 9.999998308927392499e-01
4.861072276198407053e+03 9.999997926503619849e-01 9.999997833824073590e-01 9.999997830290634493e-01
4.861086162388485718e+03 9.999997352449108146e-01 9.999997244344003278e-01 9.999997240085368722e-01
4.861100048578565293e+03 9.999996649231930324e-01 9.999996525208096898e-01 9.999996520175107317e-01
4.861113934768645777e+03 9.999995797527861940e-01 9.999995657772451363e-01 9.999995651952495734e-01
4.861127820958724442e+03 9.999994778172288656e-01 9.999994623706316421e-01 9.999994617137559771e-01
4.861141707148804926e+03 9.999993573185055329e-01 9.999993405942364522e-01 9.999993398726206850e-01
4.861155593338884501e+03 9.999992166921026771e-01 9.999991989637123657e-01 9.999991981942057961e-01
4.861169479528964075e+03 9.999990547200815483e-01 9.999990362588139226e-01 9.999990354617501742e-01
4.861183365719043650e+03 9.999988706114785186e-01 9.999988512449791145e-01 9.999988504253783939e-01
4.861197251909124134e+03 9.999986639296217783e-01 9.999986408348616740e-01 9.999986399040939888e-01
4.861211138099203708e+03 9.999984336258631590e-01 9.999983918138687367e-01 9.999983903304555666e-01
4.861225024289282374e+03 9.999981718247209495e-01 9.999980511878489020e-01 9.999980477114132071e-01
4.861238910479362858e+03 9.999978321189878505e-01 9.999974431125161489e-01 9.999974341445134751e-01
4.861252796669442432e+03 9.999972050078627106e-01 9.999960982495216255e-01 9.999960775861010953e-01
4.861266682859522007e+03 9.999955701636716876e-01 9.999930303375187401e-01 9.999929905487322523e-01
4.861280569049601581e+03 9.999911513617689707e-01 9.999866381488019540e-01 9.999865751404412029e-01
4.861294455239682065e+03 9.999812286572952180e-01 9.999749899119448893e-01 9.999749118087704058e-01
4.861308341429761640e+03 9.999636223301482385e-01 9.999568406189391911e-01 9.999567830869007246e-01
4.861322227619841215e+03 9.999357776692776589e-01 9.999338952333329811e-01 9.999339224557823869e-01
4.861336113809920789e+03 9.999002859450010217e-01 9.999131331084640806e-01 9.999132819738202338e-01
4.861350000000000364e+03 9.998826241402403170e-01 9.999045508723621856e-01 9.999047604336880335e-01
4.861363886190079938e+03 9.999002857622156792e-01 9.999131327771683120e-01 9.999132816422039438e-01
4.861377772380159513e+03 9.999357768959037385e-01 9.999338945624230979e-01 9.999339217850325978e-01
4.861391658570239997e+03 9.999636211939256780e-01 9.999568396914108037e-01 9.999567821601488271e-01
4.861405544760319572e+03 9.999812274237691589e-01 9.999749889200808539e-01 9.999749108175248757e-01
4.861419430950399146e+03 9.999911504040909227e-01 9.999866372969093975e-01 9.999865742881796082e-01
4.861433317140478721e+03 9.999955696244101633e-01 9.999930297333701201e-01 9.999929899431706515e-01
4.861447203330559205e+03 9.999972047444742884e-01 9.999960978756925467e-01 9.999960772105548346e-01
4.861461089520637870e+03 9.999978319644730052e-01 9.999974428840312513e-01 9.999974339147406077e-01
4.861474975710718354e+03 9.999981716922732300e-01 9.999980510234149911e-01 9.999980475463150498e-01
4.861488861900797929e+03 9.999984334868160518e-01 9.999983916657413374e-01 9.999983901821085652e-01
4.861502748090877503e+03 9.999986637788369492e-01 9.999986406838254904e-01 9.999986397530552518e-01
4.861516634280957078e+03 9.999988704507887238e-01 9.999988510867803271e-01 9.999988502672549906e-01
4.861530520471036652e+03 9.999990545531084463e-01 9.999990360950318236e-01 9.999990352980574482e-01
4.861544406661117137e+03 9.999992165228787089e-01 9.999991987977010499e-01 9.999991980282728621e-01
4.861558292851195802e+03 9.999993571509805390e-01 9.999993404296478872e-01 9.999993397080885194e-01
4.861572179041276286e+03 9.999994776549844255e-01 9.999994622108745457e-01 9.999994615540293008e-01
4.861586065231355860e+03 9.999995795988373404e-01 9.999995656252373966e-01 9.999995650432457195e-01
4.861599951421436344e+03 9.999996647798757854e-01 9.999996523788536873e-01 9.999996518755345232e-01
4.861613837611515009e+03 9.999997351138459889e-01 9.999997243041347517e-01 9.999997238782317721e-01
4.861627723801594584e+03 9.999997925324823900e-01 9.999997832648208629e-01 9.999997829114229964e-01
4.861641609991675068e+03 9.999998389011911515e-01 9.999998310762724385e-01 9.999998307881663440e-01
4.861655496181753733e+03 9.999998759593921038e-01 9.999998694454228509e-01 9.999998692142409995e-01
4.861669382371834217e+03 9.999999052825856438e-01 9.999998999306344283e-01 9.999998997477479445e-01
4.861683268561913792e+03 9.999999282631196751e-01 9.999999239193900769e-01 9.999999237765379023e-01
4.861697154751994276e+03 9.999999461056960914e-01 9.999999426205546937e-01 9.999999425102326089e-01
4.861711040942072941e+03 9.999999598335611584e-01 9.999999570675771610e-01 9.999999569832378477e-01
4.861724927132153425e+03 9.999999703017175001e-01 9.999999681292137677e-01 9.999999680653222089e-01
4.861738813322233000e+03 9.999999782141536508e-01 9.999999765248257511e-01 9.999999764768222610e-01
4.861752699512311665e+03 9.999999841427910097e-01 9.999999828419401382e-01 9.999999828061462148e-01
4.861766585702392149e+03 9.999999885465247207e-01 9.999999875543644778e-01 9.999999875278636763e-01
4.861780471892471724e+03 9.999999917892863355e-01 9.999999910396889513e-01 9.999999910202013176e-01
4.861794358082552208e+03 9.999999941564986505e-01 9.999999935954586583e-01 9.999999935812232676e-01
4.861808244272630873e+03 9.999999958696151880e-01 9.999999954536179514e-01 9.999999954432884364e-01
4.861822130462711357e+03 9.999999970986597209e-01 9.999999967930852662e-01 9.999999967856396665e-01
4.861836016652790931e+03 9.999999979728224631e-01 9.999999977504576698e-01 9.999999977451280442e-01
4.861849902842871415e+03 9.999999985892642496e-01 9.999999984289652533e-01 9.999999984251770613e-01
4.861863789032950081e+03 9.999999990203084499e-01 9.999999989058362404e-01 9.999999989031634895e-01
4.861877675223029655e+03 9.999999993192443259e-01 9.999999992382646585e-01 9.999999992363928225e-01
4.861891561413110139e+03 9.999999995249334583e-01 9.999999994681830762e-01 9.999999994668827830e-01
4.861905447603188804e+03 9.999999996654255208e-01 9.999999996260257040e-01 9.999999996251294210e-01
4.861919333793269288e+03 9.999999997607605939e-01 9.999999997336587176e-01 9.999999997330456525e-01
4.861933219983348863e+03 9.999999998251088984e-01 9.999999998066347873e-01 9.999999998062194528e-01
4.861947106173429347e+03 9.999999998683866131e-01 9.999999998559042647e-01 9.999999998556245995e-01
4.861960992363508012e+03 9.999999998974625770e-01 9.999999998890994890e-01 9.999999998889128605e-01
4.861974878553588496e+03 9.999999999170474663e-01 9.999999999114878024e-01 9.999999999113640126e-01
4.861988764743668071e+03 9.999999999303371689e-01 9.999999999266665496e-01 9.999999999265855033e-01
4.862002650933746736e+03 9.999999999394806327e-01 9.999999999370707826e-01 9.999999999370172699e-01
4.862016537123827220e+03 9.999999999459072697e-01 9.999999999443300869e-01 9.999999999442954479e-01
4.862030423313906795e+03 9.999999999505588821e-01 9.999999999495279290e-01 9.999999999495053915e-01
4.862044309503987279e+03 9.999999999540516438e-01 9.999999999533750739e-01 9.999999999533603079e-01
4.862058195694065944e+03 9.999999999567836806e-01 9.999999999563359276e-01 9.999999999563261577e-01
4.862072081884146428e+03 9.999999999590120092e-01 9.999999999587103616e-01 9.999999999587039223e-01
4.862085968074226002e+03 9.999999999608993884e-01 9.999999999606913326e-01 9.999999999606871137e-01
4.862099854264305577e+03 9.999999999625514002e-01 9.999999999624028524e-01 9.999999999623998548e-01
4.862113740454385152e+03 9.999999999640338810e-01 9.999999999639233028e-01 9.999999999639209713e-01
4.862127626644464726e+03 9.999999999653890193e-01 9.999999999653027549e-01 9.999999999653012006e-01
4.862141512834544301e+03 9.999999999666446815e-01 9.999999999665745154e-01 9.999999999665732942e-01
4.862155399024623875e+03 9.999999999678182983e-01 9.999999999677592344e-01 9.999999999677582352e-01
4.862169285214704360e+03 9.999999999689225261e-01 9.999999999688711227e-01 9.999999999688701235e-01
4.862183171404783934e+03 9.999999999699660247e-01 9.999999999699199504e-01 9.999999999699190623e-01
4.862197057594863509e+03 9.999999999709549003e-01 9.999999999709128229e-01 9.999999999709122678e-01
4.862210943784943083e+03 9.999999999718937049e-01 9.999999999718552912e-01 9.999999999718547361e-01
4.862224829975023567e+03 9.999999999727869904e-01 9.999999999727511302e-01 9.999999999727505751e-01
4.862238716165102232e+03 9.999999999736376433e-01 9.999999999736040035e-01 9.999999999736035594e-01
4.862252602355181807e+03 9.999999999744482171e-01 9.999999999744173529e-01 9.999999999744167978e-01
4.862266488545262291e+03 9.999999999752223756e-01 9.999999999751929547e-01 9.999999999751926216e-01
4.862280374735341866e+03 9.999999999759613400e-01 9.999999999759339175e-01 9.999999999759333624e-01
4.862294260925421440e+03 9.999999999766676639e-01 9.999999999766417957e-01 9.999999999766411296e-01
4.862308147115501015e+03 9.999999999773431236e-01 9.999999999773186987e-01 9.999999999773184767e-01
4.862322033305581499e+03 9.999999999779897175e-01 9.999999999779666249e-01 9.999999999779664028e-01
4.862335919495660164e+03 9.999999999786086669e-01 9.999999999785869065e-01 9.999999999785867955e-01
4.862349805685740648e+03 9.999999999792024141e-01 9.999999999791816530e-01 9.999999999791814309e-01
4.862363691875820223e+03 9.999999999797710704e-01 9.999999999797517525e-01 9.999999999797516415e-01
4.862377578065899797e+03 9.999999999803168560e-01 9.999999999802983153e-01 9.999999999802982042e-01
4.862391464255979372e+03 9.999999999808408813e-01 9.999999999808235618e-01 9.999999999808232287e-01
4.862405350446058947e+03 9.999999999813443674e-01 9.999999999813279361e-01 9.999999999813273810e-01
4.862419236636139431e+03 9.999999999818282026e-01 9.999999999818124374e-01 9.999999999818119933e-01
4.862433122826218096e+03 9.999999999822931640e-01 9.999999999822780650e-01 9.999999999822778429e-01
4.862447009016298580e+03 9.999999999827402508e-01 9.999999999827262620e-01 9.999999999827258179e-01
4.862460895206378154e+03 9.999999999831711284e-01 9.999999999831574726e-01 9.999999999831572506e-01
4.862474781396458638e+03 9.999999999835859077e-01 9.999999999835731401e-01 9.999999999835729181e-01
4.862488667586537304e+03 9.999999999839852549e-01 9.999999999839731535e-01 9.999999999839729314e-01
4.862502553776616878e+03 9.999999999843706133e-01 9.999999999843588450e-01 9.999999999843585119e-01
4.862516439966697362e+03 9.999999999847418719e-01 9.999999999847308807e-01 9.999999999847307697e-01
4.862530326156776027e+03 9.999999999851000299e-01 9.999999999850895938e-01 9.999999999850893717e-01
4.862544212346856511e+03 9.999999999854457533e-01 9.999999999854360944e-01 9.999999999854360944e-01
4.862558098536936086e+03 9.999999999857797084e-01 9.999999999857702715e-01 9.999999999857701605e-01
4.862571984727016570e+03 9.999999999861020061e-01 9.999999999860930133e-01 9.999999999860927913e-01
4.862585870917095235e+03 9.999999999864135347e-01 9.999999999864048750e-01 9.999999999864048750e-01
4.862599757107175719e+03 9.999999999867149603e-01 9.999999999867064115e-01 9.999999999867064115e-01
4.862613643297255294e+03 9.999999999870061718e-01 9.999999999869980671e-01 9.999999999869980671e-01
4.862627529487333959e+03 9.999999999872878353e-01 9.999999999872805079e-01 9.999999999872805079e-01
4.862641415677414443e+03 9.999999999875606171e-01 9.999999999875535117e-01 9.999999999875532897e-01
4.862655301867494018e+03 9.999999999878247392e-01 9.999999999878177448e-01 9.999999999878177448e-01
4.862669188057574502e+03 9.999999999880806456e-01 9.999999999880738732e-01 9.999999999880736512e-01
4.862683074247653167e+03 9.999999999883281143e-01 9.999999999883215640e-01 9.999999999883215640e-01
4.862696960437733651e+03 9.999999999885682556e-01 9.999999999885614832e-01 9.999999999885614832e-01
4.862710846627813225e+03 9.999999999888010693e-01 9.999999999887895230e-01 9.999999999887889679e-01
4.862724732817893710e+03 9.999999999890265556e-01 9.999999999889906954e-01 9.999999999889895852e-01
4.862738619007972375e+03 9.999999999892456026e-01 9.999999999891371338e-01 9.999999999891353575e-01
