# lambda[A]  T_theo  T_instr  T_rot+instr  (He I 10830)
1.082820000000000073e+04 9.999999563915191736e-01 9.999999543929865009e-01 9.999999543110312805e-01
1.082822006792407956e+04 9.999999550367957291e-01 9.999999535136614437e-01 9.999999534468009266e-01
1.082824013584815839e+04 9.999999536042986081e-01 9.999999524256766303e-01 9.999999523731042395e-01
1.082826020377223722e+04 9.999999520870453962e-01 9.999999511336814528e-01 9.999999510934030056e-01
1.082828027169631605e+04 9.999999504771837078e-01 9.999999496493565676e-01 9.999999496186295911e-01
1.082830033962039488e+04 9.999999487658506325e-01 9.999999479860525176e-01 9.999999479619160470e-01
1.082832040754447371e+04 9.999999469430076449e-01 9.999999461537409928e-01 9.999999461334598827e-01
1.082834047546855436e+04 9.999999449972314380e-01 9.999999441552382962e-01 9.999999441365463593e-01
1.082836054339263319e+04 9.999999429154590169e-01 9.999999419834629810e-01 9.999999419645724252e-01
1.082838061131671202e+04 9.999999406826444170e-01 9.999999396182859268e-01 9.999999395977050565e-01
1.082840067924079085e+04 9.999999382812759796e-01 9.999999370203354054e-01 9.999999369965183460e-01
1.082842074716486968e+04 9.999999356905976411e-01 9.999999341174198308e-01 9.999999340882114174e-01
1.082844081508894851e+04 9.999999328851907343e-01 9.999999307760883971e-01 9.999999307378191205e-01
1.082846088301302734e+04 9.999999298321134988e-01 9.999999267448533846e-01 9.999999266907305673e-01
1.082848095093710617e+04 9.999999264847385660e-01 9.999999215444428380e-01 9.999999214615776788e-01
1.082850101886118500e+04 9.999999227691945825e-01 9.999999142605774383e-01 9.999999141244081402e-01
1.082852108678526201e+04 9.999999185545546121e-01 9.999999031601153332e-01 9.999999029238801906e-01
1.082854115470934084e+04 9.999999135883552714e-01 9.999998849915334720e-01 9.999998845662103619e-01
1.082856122263341967e+04 9.999999073604133315e-01 9.999998537273644406e-01 9.999998529429028338e-01
1.082858129055750032e+04 9.999998988230447416e-01 9.999997983266531998e-01 9.999997968555293104e-01
1.082860135848157915e+04 9.999998858328128515e-01 9.999996987792549863e-01 9.999996959826427112e-01
1.082862142640565799e+04 9.999998640692201457e-01 9.999995191293553631e-01 9.999995137430550685e-01
1.082864149432973682e+04 9.999998250004152878e-01 9.999991951612478003e-01 9.999991846529737716e-01
1.082866156225381565e+04 9.999997521611778684e-01 9.999986126225038907e-01 9.999985918941608487e-01
1.082868163017789448e+04 9.999996145157503680e-01 9.999975687325194373e-01 9.999975275781461947e-01
1.082870169810197331e+04 9.999993548852997849e-01 9.999957046183673981e-01 9.999956229732537283e-01
1.082872176602605214e+04 9.999988701280576597e-01 9.999923887388680876e-01 9.999922283495215058e-01
1.082874183395013097e+04 9.999979775865923681e-01 9.999865217541621387e-01 9.999862127339558260e-01
1.082876190187420980e+04 9.999963584649624870e-01 9.999762245417839202e-01 9.999756459142420395e-01
1.082878196979828863e+04 9.999934614866726745e-01 9.999583704090083680e-01 9.999573260116449980e-01
1.082880203772236746e+04 9.999883351452442115e-01 9.999279430479556252e-01 9.999261388535487516e-01
1.082882210564644811e+04 9.999793235790415125e-01 9.998772607289815317e-01 9.998742966828167988e-01
1.082884217357052694e+04 9.999634853660399614e-01 9.997952186511276373e-01 9.997906155122292526e-01
1.082886224149460577e+04 9.999354326555146555e-01 9.996668608023666636e-01 9.996601454528831754e-01
1.082888230941868278e+04 9.998850070103066923e-01 9.994737579828946172e-01 9.994646224371963594e-01
1.082890237734276161e+04 9.997929378098416864e-01 9.991957488975378165e-01 9.991842732800687576e-01
1.082892244526684044e+04 9.996239907887365383e-01 9.988144722338515580e-01 9.988013616283610840e-01
1.082894251319091927e+04 9.993194020314711823e-01 9.983186777386329203e-01 9.983054201993742938e-01
1.082896258111499810e+04 9.987955479245687052e-01 9.977105616974830671e-01 9.976993943584766544e-01
1.082898264903907693e+04 9.979613903848908452e-01 9.970115206089620319e-01 9.970051187843516072e-01
1.082900271696315576e+04 9.967650311203890556e-01 9.962651325180913453e-01 9.962660231582796122e-01
1.082902278488723459e+04 9.952608309613083515e-01 9.955352872672017517e-01 9.955451118918088316e-01
1.082904285281131342e+04 9.936582924621484292e-01 9.948984414754874495e-01 9.949173015647159168e-01
1.082906292073539407e+04 9.923001825543347199e-01 9.944308112978746950e-01 9.944569578660683584e-01
1.082908298865947290e+04 9.915494431339512138e-01 9.941933145427480634e-01 9.942233567539864314e-01
1.082910305658355173e+04 9.916306361714476436e-01 9.942183637380687111e-01 9.942479889311782726e-01
1.082912312450763056e+04 9.925186947729692788e-01 9.945024941717863776e-01 9.945274896951612487e-01
1.082914319243170939e+04 9.939518090055756705e-01 9.950071624564021944e-01 9.950244043195430876e-01
1.082916326035578822e+04 9.955589963987335755e-01 9.956674592525385226e-01 9.956755465712887609e-01
1.082918332827986524e+04 9.970164365130310680e-01 9.964059927947342965e-01 9.964053532534222768e-01
1.082920339620394407e+04 9.981448327641502249e-01 9.971478142316956284e-01 9.971403115300981890e-01
1.082922346412802290e+04 9.989147754322776906e-01 9.978324332204135949e-01 9.978206764308701349e-01
1.082924353205210173e+04 9.993903404165371818e-01 9.984204599960996296e-01 9.984070795203594528e-01
1.082926359997618056e+04 9.996637863616456565e-01 9.988944421061605183e-01 9.988815492237941296e-01
1.082928366790025939e+04 9.998146373659780872e-01 9.992551889926502007e-01 9.992441201761476099e-01
1.082930373582434004e+04 9.998968062688259328e-01 9.995157529621881976e-01 9.995070801245337089e-01
1.082932380374841887e+04 9.999419215331704081e-01 9.996951883900668800e-01 9.996889002033318983e-01
1.082934387167249770e+04 9.999670958587644209e-01 9.998135426705020423e-01 9.998092847181987430e-01
1.082936393959657653e+04 9.999813358485587500e-01 9.998886771806255735e-01 9.998859653828989780e-01
1.082938400752065536e+04 9.999894395190239704e-01 9.999348222056488877e-01 9.999331877428607740e-01
1.082940407544473419e+04 9.999940424382558479e-01 9.999623921850386843e-01 9.999614542247972082e-01
1.082942414336881302e+04 9.999966354351437214e-01 9.999785074114230232e-01 9.999779915780362405e-01
1.082944421129289185e+04 9.999980772814939245e-01 9.999877734751769776e-01 9.999874996044938458e-01
1.082946427921697068e+04 9.999988656860058223e-01 9.999930393878331270e-01 9.999928978227765608e-01
1.082948434714104951e+04 9.999992880961293684e-01 9.999960075613303356e-01 9.999959356431226132e-01
1.082950441506512652e+04 9.999995087950352968e-01 9.999976699161735594e-01 9.999976336487360618e-01
1.082952448298920535e+04 9.999996202223657704e-01 9.999985947955772891e-01 9.999985764645761277e-01
1.082954455091328600e+04 9.999996733906837409e-01 9.999991046432658015e-01 9.999990952754066464e-01
1.082956461883736483e+04 9.999996958234299571e-01 9.999993814151261207e-01 9.999993765336167018e-01
1.082958468676144366e+04 9.999997019964351752e-01 9.999995273809217933e-01 9.999995247558990386e-01
1.082960475468552249e+04 9.999996992994040212e-01 9.999995996156385569e-01 9.999995981214353513e-01
1.082962482260960132e+04 9.999996913555404543e-01 9.999996293495801991e-01 9.999996283965221222e-01
1.082964489053368015e+04 9.999996798087111838e-01 9.999996326183270279e-01 9.999996318668967765e-01
1.082966495845775898e+04 9.999996652284049992e-01 9.999996157456314538e-01 9.999996149503754816e-01
1.082968502638183782e+04 9.999996474867929308e-01 9.999995774336950527e-01 9.999995763355239431e-01
1.082970509430591665e+04 9.999996257578471770e-01 9.999995080937170711e-01 9.999995063082637303e-01
1.082972516222999548e+04 9.999995981193839922e-01 9.999993861398477346e-01 9.999993829896665076e-01
1.082974523015407431e+04 9.999995605511029506e-01 9.999991699813746138e-01 9.999991641904900641e-01
1.082976529807815314e+04 9.999995048526362229e-01 9.999987830456974480e-01 9.999987721396702556e-01
1.082978536600223379e+04 9.999994145716166738e-01 9.999980868652559307e-01 9.999980659589865484e-01
1.082980543392631262e+04 9.999992573118410277e-01 9.999968332725335252e-01 9.999967926101609450e-01
1.082982550185039145e+04 9.999989706033151071e-01 9.999945797755178667e-01 9.999944998067878954e-01
1.082984556977447028e+04 9.999984365743976866e-01 9.999905403043063412e-01 9.999903821278429694e-01
1.082986563769854729e+04 9.999974375029690998e-01 9.999833243527938009e-01 9.999830120065865691e-01
1.082988570562262612e+04 9.999955791177057574e-01 9.999704892937324452e-01 9.999698788996372878e-01
1.082990577354670495e+04 9.999921597231119508e-01 9.999477946995554145e-01 9.999466247479446013e-01
1.082992584147078378e+04 9.999859476734446195e-01 9.999080130326961635e-01 9.999058318722759964e-01
1.082994590939486261e+04 9.999748004269799484e-01 9.998391408941571523e-01 9.998352142556558020e-01
1.082996597731894144e+04 9.999549987269469309e-01 9.997219091305735716e-01 9.997151244482329613e-01
1.082998604524302027e+04 9.999200389991541593e-01 9.995266601005068363e-01 9.995154651625964837e-01
1.083000611316709910e+04 9.998583366870876787e-01 9.992099870849784349e-01 9.991924224552068967e-01
1.083002618109117975e+04 9.997486979322289802e-01 9.987120030818052996e-01 9.986858983252528965e-01
1.083004624901525858e+04 9.995514635506411727e-01 9.979556147906419872e-01 9.979190014388991115e-01
1.083006631693933741e+04 9.991925364182313585e-01 9.968494968381416133e-01 9.968012347483319324e-01
1.083008638486341624e+04 9.985393764453737164e-01 9.952962995784729872e-01 9.952368233350589177e-01
1.083010645278749507e+04 9.973764283586445956e-01 9.932067584561510287e-01 9.931387563835490928e-01
1.083012652071157390e+04 9.954033465925086199e-01 9.905188251106058495e-01 9.904476119845795345e-01
1.083014658863565273e+04 9.922912835942376830e-01 9.872190813420981259e-01 9.871524567228426861e-01
1.083016665655972974e+04 9.878142261715567862e-01 9.833621708522575222e-01 9.833096720161795812e-01
1.083018672448380858e+04 9.820095174448369990e-01 9.790834276684303727e-01 9.790550463054211727e-01
1.083020679240788741e+04 9.752564518842594676e-01 9.746005835867320721e-01 9.746051509781710198e-01
1.083022686033196624e+04 9.681844577869642698e-01 9.702021782023666496e-01 9.702456878486781511e-01
1.083024692825604507e+04 9.614618613830623328e-01 9.662225122168304203e-01 9.663066497162433599e-01
1.083026699618012390e+04 9.556443803549179439e-01 9.630051758260368411e-01 9.631263121724725762e-01
1.083028706410420455e+04 9.512178325910290999e-01 9.608592014157963934e-01 9.610081108633035107e-01
1.083030713202828338e+04 9.487534156554084941e-01 9.600138291707210891e-01 9.601763825895694993e-01
1.083032719995236221e+04 9.489116131568160473e-01 9.605796089366059887e-01 9.607385796170114789e-01
1.083034726787644104e+04 9.521524239569957304e-01 9.625243643641276936e-01 9.626622049095360234e-01
1.083036733580051987e+04 9.583249492021685967e-01 9.656712819492760946e-01 9.657733453380675792e-01
1.083038740372459870e+04 9.664983432607140434e-01 9.697223326730717297e-01 9.697797018978523420e-01
1.083040747164867753e+04 9.752348569028485015e-01 9.743039567194751172e-01 9.743150245946301524e-01
1.083042753957275636e+04 9.831439481983198503e-01 9.790254925213470738e-01 9.789957806317415301e-01
1.083044760749683519e+04 9.893618588539085934e-01 9.835368880091447386e-01 9.834771892655224113e-01
1.083046767542091402e+04 9.936921280124001443e-01 9.875726497002521587e-01 9.874961501369070582e-01
1.083048774334499103e+04 9.964202776654895732e-01 9.909736967878206571e-01 9.908930157316347964e-01
1.083050781126906986e+04 9.980143070674274419e-01 9.936857961612380885e-01 9.936107762807299126e-01
1.083052787919315051e+04 9.989030938503630219e-01 9.957397137241731366e-01 9.956763926594102143e-01
1.083054794711722934e+04 9.993896989496485750e-01 9.972218774830451382e-01 9.971726011051553762e-01
1.083056801504130817e+04 9.996571235570845815e-01 9.982444969260474421e-01 9.982087974133839747e-01
1.083058808296538700e+04 9.998061834205020926e-01 9.989215494504890547e-01 9.988973039457971215e-01
1.083060815088946583e+04 9.998903851764082695e-01 9.993534561870229815e-01 9.993379324229165750e-01
1.083062821881354466e+04 9.999382683809646677e-01 9.996201419932843057e-01 9.996107227335460088e-01
1.083064828673762349e+04 9.999654744341867074e-01 9.997803315767430643e-01 9.997748865232171100e-01
1.083066835466170232e+04 9.999808255375548516e-01 9.998744336940084132e-01 9.998714171375968629e-01
1.083068842258578115e+04 9.999893921412583708e-01 9.999287819000869382e-01 9.999271694096849572e-01
1.083070849050985998e+04 9.999941086697645698e-01 9.999597900162482400e-01 9.999589517423076446e-01
1.083072855843393882e+04 9.999966687692029010e-01 9.999773350473940559e-01 9.999769074476001496e-01
1.083074862635801765e+04 9.999980405364709002e-01 9.999872064103328961e-01 9.999869903783442648e-01
1.083076869428209829e+04 9.999987692854152010e-01 9.999927369291686796e-01 9.999926278668022084e-01
1.083078876220617713e+04 9.999991566278566557e-01 9.999958240228268291e-01 9.999957686092060261e-01
1.083080883013025596e+04 9.999993659580528327e-01 9.999975412934782870e-01 9.999975128266058721e-01
1.083082889805433479e+04 9.999994838420693810e-01 9.999984940817697732e-01 9.999984792649465604e-01
1.083084896597841180e+04 9.999995551107394576e-01 9.999990226543836735e-01 9.999990148346874497e-01
1.083086903390249063e+04 9.999996024799009398e-01 9.999993174569943299e-01 9.999993132668433260e-01
1.083088910182656946e+04 9.999996372462924832e-01 9.999994844006662165e-01 9.999994821116072741e-01
1.083090916975064829e+04 9.999996649611613275e-01 9.999995818774775058e-01 9.999995805915218305e-01
1.083092923767472712e+04 9.999996883550860138e-01 9.999996417455473408e-01 9.999996409923903595e-01
1.083094930559880595e+04 9.999997088026995051e-01 9.999996811891129767e-01 9.999996807215562056e-01
1.083096937352288478e+04 9.999997270356693058e-01 9.999997093755281785e-01 9.999997090635891484e-01
1.083098944144696361e+04 9.999997434806957575e-01 9.999997311527369925e-01 9.999997309280973523e-01
1.083100950937104426e+04 9.999997584162625408e-01 9.999997490754171103e-01 9.999997489020905350e-01
1.083102957729512309e+04 9.999997720443790650e-01 9.999997644979783384e-01 9.999997643568331318e-01
1.083104964521920192e+04 9.999997845235247818e-01 9.999997781542223629e-01 9.999997780348663934e-01
1.083106971314328075e+04 9.999997959842645834e-01 9.999997904594484233e-01 9.999997903560060575e-01
1.083108978106735958e+04 9.999998065371945577e-01 9.999998016652814625e-01 9.999998015742266322e-01
1.083110984899143841e+04 9.999998162774637045e-01 9.999998119378840089e-01 9.999998118569329852e-01
1.083112991691551724e+04 9.999998252876830529e-01 9.999998213970802130e-01 9.999998213246301670e-01
1.083114998483959425e+04 9.999998336400193200e-01 9.999998301359057651e-01 9.999998300707524379e-01
1.083117005276367308e+04 9.999998413978077316e-01 9.999998382305200773e-01 9.999998381717081219e-01
1.083119012068775191e+04 9.999998486168495404e-01 9.999998457454083445e-01 9.999998456921530554e-01
1.083121018861183074e+04 9.999998553464775064e-01 9.999998527362979894e-01 9.999998526879401162e-01
1.083123025653590958e+04 9.999998616304476284e-01 9.999998592519450114e-01 9.999998592079223370e-01
1.083125032445999022e+04 9.999998675076858801e-01 9.999998653353350253e-01 9.999998652951649358e-01
1.083127039238406905e+04 9.999998730129205926e-01 9.999998710245708855e-01 9.999998709878338277e-01
1.083129046030814789e+04 9.999998781772188039e-01 9.999998763535586921e-01 9.999998763198905127e-01
1.083131052823222672e+04 9.999998830284418938e-01 9.999998813525747821e-01 9.999998813216574023e-01
1.083133059615630555e+04 9.999998875916410457e-01 9.999998860487301355e-01 9.999998860202847784e-01
1.083135066408038438e+04 9.999998918893893141e-01 9.999998904663701671e-01 9.999998904401513622e-01
1.083137073200446321e+04 9.999998959420750566e-01 9.999998946274081257e-01 9.999998946032006009e-01
1.083139079992854204e+04 9.999998997681514012e-01 9.999998985516167505e-01 9.999998985292282150e-01
1.083141086785262087e+04 9.999999033843534058e-01 9.999999022568780704e-01 9.999999022361396595e-01
1.083143093577669970e+04 9.999999068058887941e-01 9.999999057593959018e-01 9.999999057401562919e-01
1.083145100370077853e+04 9.999999100466038238e-01 9.999999090738865837e-01 9.999999090560121040e-01
1.083147107162485554e+04 9.999999131191257273e-01 9.999999122137399610e-01 9.999999121971099303e-01
1.083149113954893801e+04 9.999999160349920535e-01 9.999999151911623807e-01 9.999999151756695515e-01
1.083151120747301502e+04 9.999999188047602461e-01 9.999999180173004820e-01 9.999999180028485979e-01
1.083153127539709385e+04 9.999999214381088963e-01 9.999999207023531067e-01 9.999999206888549041e-01
1.083155134332117268e+04 9.999999239439225640e-01 9.999999232556622264e-01 9.999999232430396567e-01
1.083157141124525151e+04 9.999999263303700481e-01 9.999999256858043140e-01 9.999999256739872111e-01
1.083159147916933034e+04 9.999999286049722214e-01 9.999999280006635072e-01 9.999999279895877002e-01
1.083161154709340917e+04 9.999999307746634258e-01 9.999999302074938923e-01 9.999999301971022048e-01
1.083163161501748800e+04 9.999999328458466508e-01 9.999999323129855622e-01 9.999999323032258136e-01
1.083165168294156683e+04 9.999999348244394959e-01 9.999999343233140214e-01 9.999999343141385832e-01
1.083167175086564566e+04 9.999999367159200236e-01 9.999999362441867046e-01 9.999999362355508348e-01
1.083169181878972449e+04 9.999999385253656170e-01 9.999999380808859417e-01 9.999999380727510045e-01
1.083171188671380332e+04 9.999999402574859531e-01 9.999999398383068172e-01 9.999999398306371745e-01
1.083173195463788397e+04 9.999999419166560877e-01 9.999999415209916975e-01 9.999999415137531544e-01
1.083175202256196280e+04 9.999999435069447662e-01 9.999999431331573208e-01 9.999999431263205674e-01
1.083177209048604163e+04 9.999999450321390704e-01 9.999999446787284363e-01 9.999999446722654950e-01
1.083179215841012046e+04 9.999999464957677331e-01 9.999999461613555685e-01 9.999999461552416813e-01
1.083181222633419929e+04 9.999999479011233428e-01 9.999999475844414398e-01 9.999999475786528480e-01
1.083183229425827631e+04 9.999999492512789967e-01 9.999999489511617323e-01 9.999999489456772306e-01
1.083185236218235514e+04 9.999999505491075080e-01 9.999999502644792981e-01 9.999999502592785694e-01
1.083187243010643397e+04 9.999999517972969487e-01 9.999999515271650319e-01 9.999999515222299795e-01
1.083189249803051280e+04 9.999999529983626401e-01 9.999999527418105272e-01 9.999999527371243868e-01
1.083191256595459163e+04 9.999999541546632509e-01 9.999999539108432867e-01 9.999999539063904042e-01
1.083193263387867046e+04 9.999999552684097903e-01 9.999999550365381573e-01 9.999999550323040998e-01
1.083195270180274929e+04 9.999999563416787085e-01 9.999999561210272114e-01 9.999999561169993223e-01
1.083197276972682994e+04 9.999999573764205563e-01 9.999999571663156228e-01 9.999999571624802464e-01
1.083199283765090877e+04 9.999999583744688669e-01 9.999999581742843313e-01 9.999999581706300322e-01
1.083201290557498760e+04 9.999999593375490381e-01 9.999999591467028104e-01 9.999999591432194856e-01
1.083203297349906643e+04 9.999999602672857701e-01 9.999999600852363946e-01 9.999999600819132750e-01
1.083205304142314526e+04 9.999999611652107268e-01 9.999999609914501653e-01 9.999999609882782581e-01
1.083207310934722409e+04 9.999999620327667538e-01 9.999999618668148349e-01 9.999999618637817056e-01
1.083209317727130292e+04 9.999999628713170940e-01 9.999999627126968660e-01 9.999999627097875265e-01
1.083211324519538175e+04 9.999999636821482740e-01 9.999999635303365997e-01 9.999999635275216292e-01
1.083213331311945876e+04 9.999999644664756548e-01 9.999999643207756472e-01 9.999999643179978692e-01
1.083215338104353759e+04 9.999999652254486504e-01 9.999999650847101185e-01 9.999999650818546248e-01
1.083217344896761642e+04 9.999999659601550572e-01 9.999999658222167298e-01 9.999999658190631413e-01
1.083219351689169525e+04 9.999999666716243851e-01 9.999999665323238141e-01 9.999999665284865502e-01
1.083221358481577590e+04 9.999999673608324091e-01 9.999999672124516570e-01 9.999999672073185408e-01
1.083223365273985473e+04 9.999999680287032788e-01 9.999999678578679330e-01 9.999999678505649969e-01
1.083225372066393356e+04 9.999999686761137374e-01 9.999999684614240270e-01 9.999999684508467102e-01
1.083227378858801239e+04 9.999999693038954529e-01 9.999999690139091957e-01 9.999999689988388063e-01
1.083229385651209122e+04 9.999999699128392372e-01 9.999999695052549376e-01 9.999999694845574938e-01
1.083231392443617005e+04 9.999999705036948239e-01 9.999999699264988662e-01 9.999999698993613517e-01
1.083233399236024889e+04 9.999999710771766415e-01 9.999999702720265837e-01 9.999999702381465738e-01
