# transit_schema 1
# transit_product: a one-way transmission of the profile named below; this block adds comments only, and the columns are the spectrum
# adv_input ./output/Hydro_ioniz_adv.txt
# adv_schema 2
# adv_input_certified F no_stationary_claim (see the certification report of the run)
# adv_stationarity_operator face_flux_mass the mass row of the state, |R_1|/s_1 with s_1 the row's own largest term, which is the fractional change of the FACE mass flux across the cell; the same operator the stationary certification measures that row by, and its value for every row is the adv_mass_row column of Hydro_ioniz_adv.txt.
# adv_conditional_tol 1.0E-02 the correction of a corrected row is accurate to this fraction of itself in the mass flux: the terms the correction drops are the ones the mass divergence puts into the steady equations, each of them adv_mass_row times a term they keep, so the product is FIRST ORDER in that measure. A row at or below this fraction is corrected and is a CONDITIONAL correction to it; a row above it is retained. This is not the tolerance of a certified stationary state, which is a statement about the WHOLE state and is reported in the adv_input_certified line.
# adv_mass_row max 1.473e+00 over the 500 rows of the profile; the measure of every row is the adv_mass_row column of that file
# adv_model_restrictions the post-process reconstructs an H/He + trace-metal gas: the molecular (H2 H2p H3p HeHp) and oxygen (OH H2O CO) columns are NOT advection corrected and are the equilibrium solution, those species are absent from the particle and electron counts every equation here is solved with, and the H3+ infrared cooling is absent from its energy balance, so the metal and H/He columns inside a molecular layer inherit that approximation.
# input_provenance: git=43bc28cef587 tree=dirty run=2026-09-14T04:39:56
# input_provenance: ck_input=419172609532194995 ck_base=-1 ck_metals=-1
# input_provenance: recon=PLM base_bc=characteristic carrier=none restart_schema=3 resid_def=145 N=500
# transit_tool git=43bc28cef587 EXHALE_transit.py mtime=2026-09-09T19:33:43 exhale_transit_lib.py mtime=2026-09-09T19:52:38
# census sampled_rows 500 refused_rows 6 above_disk_cap 48
# census_refusal_reasons retained: 6 rows
# census_composition corrected: 469 rows, retained: 31 rows
# census_share_b[Rp] 1.0000 1.4397 2.0726 3.0230 4.3521 6.3477 9.1386 13.3289
# census_share       0.5365 0.0000 0.0000 0.0000 0.0000 0.0000 0.0000 0.0000
# census_share_max 0.5365 at b = 1.0000 Rp
# census_note a share of line-center optical depth carried by refused rows is a CONTRIBUTION diagnostic and not an uncertainty on the transit depth: the disk-averaged transmission averages exp(-tau) and is nonlinear in tau, so a saturated ray moves little when its optical depth moves
# override EXHALE_TRANSIT_RES_HETR=68000
# override EXHALE_TRANSIT_SAVE_PREFIX=tpm_turb/
# override EXHALE_TRANSIT_TURB=1
# lambda[A]  T_theo  T_instr  T_rot+instr  (Ly-alpha 1215.67)
1.212783511878241370e+03 9.994035449789753223e-01 9.994029834474890128e-01 9.994029693598290853e-01
1.212803556934642529e+03 9.993987549941861781e-01 9.993987452668909865e-01 9.993987431771569341e-01
1.212823601991043461e+03 9.993938989375176218e-01 9.993938909712026808e-01 9.993938906983730330e-01
1.212843647047444847e+03 9.993889753945411902e-01 9.993889672560432036e-01 9.993889669830120503e-01
1.212863692103846006e+03 9.993839829052709733e-01 9.993839745888382087e-01 9.993839743089909522e-01
1.212883737160246937e+03 9.993789199623152042e-01 9.993789114621237646e-01 9.993789111752235943e-01
1.212903782216648096e+03 9.993737850089406960e-01 9.993737763189288748e-01 9.993737760247312085e-01
1.212923827273049028e+03 9.993685764370627833e-01 9.993685675509199617e-01 9.993685672491692262e-01
1.212943872329450187e+03 9.993632925851387849e-01 9.993632834962963285e-01 9.993632831867260702e-01
1.212963917385851346e+03 9.993579317359775338e-01 9.993579224375960246e-01 9.993579221199277995e-01
1.212983962442252277e+03 9.993524921144464335e-01 9.993524825994036798e-01 9.993524822733472757e-01
1.213004007498653436e+03 9.993469718850793715e-01 9.993469621459598606e-01 9.993469618112132968e-01
1.213024052555054823e+03 9.993413691495852680e-01 9.993413591786645123e-01 9.993413588349111532e-01
1.213044097611455754e+03 9.993356819442360539e-01 9.993356717334689332e-01 9.993356713803794866e-01
1.213064142667856913e+03 9.993299082371477349e-01 9.993298977781526204e-01 9.993298974153820291e-01
1.213084187724258072e+03 9.993240459254327801e-01 9.993240352094783230e-01 9.993240348366667636e-01
1.213104232780659004e+03 9.993180928322308310e-01 9.993180818502175322e-01 9.993180814669890832e-01
1.213124277837060163e+03 9.993120467035985222e-01 9.993120354460441890e-01 9.993120350520058315e-01
1.213144322893461094e+03 9.993059052052633007e-01 9.993058936622846167e-01 9.993058932570252351e-01
1.213164367949862253e+03 9.992996659192237008e-01 9.992996540805176853e-01 9.992996536636077343e-01
1.213184413006263640e+03 9.992933263401951871e-01 9.992933141950192111e-01 9.992933137660091614e-01
1.213204458062664571e+03 9.992868838718869107e-01 9.992868714090380466e-01 9.992868709674576078e-01
1.213224503119065730e+03 9.992803358231031607e-01 9.992803230308968665e-01 9.992803225762533215e-01
1.213244548175466889e+03 9.992736794036597425e-01 9.992736662699059913e-01 9.992736658016844187e-01
1.213264593231867821e+03 9.992669117201017359e-01 9.992668982320794813e-01 9.992668977497398686e-01
1.213284638288268980e+03 9.992600297712094237e-01 9.992600159156415085e-01 9.992600154186180861e-01
1.213304683344670138e+03 9.992530304432850619e-01 9.992530162063095744e-01 9.992530156940097052e-01
1.213324728401071070e+03 9.992459105051973989e-01 9.992458958723378082e-01 9.992458953441395453e-01
1.213344773457472229e+03 9.992386666031756182e-01 9.992386515593086882e-01 9.992386510145598866e-01
1.213364818513873161e+03 9.992312952553324967e-01 9.992312797846542027e-01 9.992312792226707430e-01
1.213384863570274547e+03 9.992237928458954643e-01 9.992237769318850216e-01 9.992237763519480342e-01
1.213404908626675706e+03 9.992161556191307969e-01 9.992161392445093604e-01 9.992161386458652261e-01
1.213424953683076637e+03 9.992083796729326339e-01 9.992083628196238854e-01 9.992083622014791278e-01
1.213444998739477796e+03 9.992004609520557246e-01 9.992004436011384660e-01 9.992004429626601958e-01
1.213465043795878955e+03 9.991923952409643706e-01 9.991923773726245628e-01 9.991923767129357037e-01
1.213485088852279887e+03 9.991841781562661451e-01 9.991841597497439498e-01 9.991841590679222396e-01
1.213505133908681046e+03 9.991758051387015227e-01 9.991757861722345702e-01 9.991757854673093409e-01
1.213525178965082205e+03 9.991672714446506731e-01 9.991672518954131110e-01 9.991672511663604039e-01
1.213545224021483136e+03 9.991585721371186724e-01 9.991585519811536642e-01 9.991585512268956748e-01
1.213565269077884523e+03 9.991497020761626047e-01 9.991496812883111645e-01 9.991496805077099141e-01
1.213585314134285454e+03 9.991406559087029349e-01 9.991406344625259894e-01 9.991406336543818822e-01
1.213605359190686613e+03 9.991314280576805151e-01 9.991314059253744162e-01 9.991314050884205766e-01
1.213625404247087772e+03 9.991220127104960547e-01 9.991219898628005414e-01 9.991219889956974853e-01
1.213645449303488704e+03 9.991124038066708790e-01 9.991123802127703790e-01 9.991123793141025722e-01
1.213665494359889863e+03 9.991025950246690268e-01 9.991025706520831884e-01 9.991025697203532729e-01
1.213685539416291022e+03 9.990925797677998599e-01 9.990925545822684217e-01 9.990925536158907772e-01
1.213705584472691953e+03 9.990823511491322417e-01 9.990823251144852479e-01 9.990823241117799958e-01
1.213725629529093339e+03 9.990719019753221408e-01 9.990718750533430503e-01 9.990718740125289488e-01
1.213745674585494271e+03 9.990612247292713910e-01 9.990611968795451991e-01 9.990611957987330927e-01
1.213765719641895430e+03 9.990503115515066979e-01 9.990502827312571776e-01 9.990502816084405602e-01
1.213785764698296589e+03 9.990391542201746411e-01 9.990391243840857083e-01 9.990391232171333957e-01
1.213805809754697520e+03 9.990277441295263294e-01 9.990277132295494189e-01 9.990277120161946689e-01
1.213825854811098679e+03 9.990160722667670301e-01 9.990160402519097094e-01 9.990160389897406734e-01
1.213845899867499838e+03 9.990041291871185614e-01 9.990040960032169348e-01 9.990040946896648899e-01
1.213865944923900770e+03 9.989919049869524503e-01 9.989918705764219142e-01 9.989918692087497165e-01
1.213885989980301929e+03 9.989793892748148885e-01 9.989793535763815679e-01 9.989793521516691088e-01
1.213906035036703315e+03 9.989665711401687354e-01 9.989665340885752753e-01 9.989665326037051596e-01
1.213926080093104247e+03 9.989534391196494001e-01 9.989534006453366644e-01 9.989533990969794441e-01
1.213946125149505406e+03 9.989399811606221036e-01 9.989399411893838954e-01 9.989399395739786414e-01
1.213966170205906337e+03 9.989261845818124819e-01 9.989261430344172910e-01 9.989261413481542728e-01
1.213986215262307496e+03 9.989120360307384150e-01 9.989119928225222989e-01 9.989119910613221132e-01
1.214006260318708655e+03 9.988975214376912826e-01 9.988974764781131110e-01 9.988974746376022562e-01
1.214026305375109587e+03 9.988826259659387974e-01 9.988825791580950852e-01 9.988825772335835351e-01
1.214046350431510746e+03 9.988673339578358901e-01 9.988672851979355505e-01 9.988672831843875555e-01
1.214066395487911905e+03 9.988516288764727191e-01 9.988515780532624122e-01 9.988515759452666343e-01
1.214086440544312836e+03 9.988354932424590160e-01 9.988354402365976492e-01 9.988354380283355205e-01
1.214106485600714223e+03 9.988189085654086696e-01 9.988188532487842775e-01 9.988188509339930299e-01
1.214126530657115381e+03 9.988018552696386054e-01 9.988017975046209473e-01 9.988017950765540887e-01
1.214146575713516313e+03 9.987843126135350635e-01 9.987842522521577227e-01 9.987842497035399614e-01
1.214166620769917472e+03 9.987662586019921962e-01 9.987661954850557411e-01 9.987661928080359131e-01
1.214186665826318404e+03 9.987476698912518547e-01 9.987476038473371842e-01 9.987476010334344068e-01
1.214206710882719563e+03 9.987285216853857284e-01 9.987284525297691617e-01 9.987284495698122155e-01
1.214226755939120721e+03 9.987087876235877237e-01 9.987087151570421817e-01 9.987087120411040075e-01
1.214246800995521653e+03 9.986884396573090239e-01 9.986883636647786444e-01 9.986883603821040678e-01
1.214266846051923039e+03 9.986674479161689044e-01 9.986673681653011059e-01 9.986673647042232371e-01
1.214286891108324198e+03 9.986457805614243899e-01 9.986456968009355117e-01 9.986456931487855959e-01
1.214306936164725130e+03 9.986234036256000923e-01 9.986233155834579600e-01 9.986233117264632364e-01
1.214326981221126289e+03 9.986002808367221428e-01 9.986001882181149147e-01 9.986001841412834867e-01
1.214347026277527448e+03 9.985763734253418900e-01 9.985762759104073183e-01 9.985762715974024761e-01
1.214367071333928379e+03 9.985516399123249842e-01 9.985515371536000107e-01 9.985515325865929048e-01
1.214387116390329538e+03 9.985260358750372989e-01 9.985259274945961216e-01 9.985259226541053357e-01
1.214407161446730470e+03 9.984995136892885759e-01 9.984993992755180070e-01 9.984993941402261486e-01
1.214427206503131629e+03 9.984720222439514847e-01 9.984719013479129712e-01 9.984718958944591716e-01
1.214447251559533015e+03 9.984435066247722146e-01 9.984433787560916818e-01 9.984433729588382267e-01
1.214467296615933947e+03 9.984139077633616965e-01 9.984137723855779356e-01 9.984137662163414806e-01
1.214487341672335106e+03 9.983831620467741308e-01 9.983830185720655725e-01 9.983830119998178265e-01
1.214507386728736265e+03 9.983512008824245720e-01 9.983510486656222982e-01 9.983510416561428569e-01
1.214527431785137196e+03 9.983179502122854210e-01 9.983177885440678301e-01 9.983177810595519341e-01
1.214547476841538355e+03 9.982833299694363616e-01 9.982831580685807005e-01 9.982831500671882630e-01
1.214567521897939514e+03 9.982472534689759147e-01 9.982470704735227907e-01 9.982470619088632535e-01
1.214587566954340446e+03 9.982096267240827547e-01 9.982094316812428758e-01 9.982094225017821287e-01
1.214607612010741605e+03 9.981703476765833027e-01 9.981701395311893821e-01 9.981701296795677525e-01
1.214627657067142536e+03 9.981293053296914630e-01 9.981290829109562557e-01 9.981290723231999173e-01
1.214647702123543922e+03 9.980863787685710919e-01 9.980861407748672365e-01 9.980861293794767164e-01
1.214667747179945081e+03 9.980414360519789252e-01 9.980411810333048583e-01 9.980411687501976603e-01
1.214687792236346013e+03 9.979943329553675468e-01 9.979940592930857113e-01 9.979940460323626361e-01
1.214707837292747172e+03 9.979449115423550953e-01 9.979446174257076141e-01 9.979446030862154648e-01
1.214727882349148331e+03 9.978929985372645417e-01 9.978926819360612877e-01 9.978926664037075511e-01
1.214747927405549262e+03 9.978384034663031477e-01 9.978380620990429106e-01 9.978380452448133431e-01
1.214767972461950421e+03 9.977809165287090387e-01 9.977805478252324001e-01 9.977805295028538968e-01
1.214788017518351808e+03 9.977203061515274030e-01 9.977199072090857657e-01 9.977198872522580197e-01
1.214808062574752739e+03 9.976563161722725726e-01 9.976558837036523242e-01 9.976558619227541280e-01
1.214828107631153898e+03 9.975886625821566156e-01 9.975881928541739940e-01 9.975881690323357143e-01
1.214848152687554830e+03 9.975170297483308968e-01 9.975165185086070085e-01 9.975164923969986885e-01
1.214868197743955989e+03 9.974410660158717912e-01 9.974405084053137305e-01 9.974404797174738491e-01
1.214888242800357148e+03 9.973603785684262979e-01 9.973597690161781770e-01 9.973597374211556899e-01
1.214908287856758079e+03 9.972745273990401005e-01 9.972738594958657776e-01 9.972738246098888926e-01
1.214928332913159238e+03 9.971830182084843175e-01 9.971822845534712432e-01 9.971822459297690067e-01
1.214948377969560397e+03 9.970852940050948243e-01 9.970844860191675485e-01 9.970844431354806137e-01
1.214968423025961329e+03 9.969807251250126789e-01 9.969798328228953732e-01 9.969797850660579996e-01
1.214988468082362715e+03 9.968685973208913920e-01 9.968676090306776150e-01 9.968675556774660995e-01
1.215008513138763874e+03 9.967480974753082368e-01 9.967469994914256448e-01 9.967469396846251328e-01
1.215028558195164806e+03 9.966182963747766133e-01 9.966170725255844021e-01 9.966170052438577676e-01
1.215048603251565964e+03 9.964781278213251658e-01 9.964767589262631953e-01 9.964766829459419384e-01
1.215068648307966896e+03 9.963263631462289105e-01 9.963248263286141881e-01 9.963247401748295262e-01
1.215088693364368055e+03 9.961615799033616270e-01 9.961598477123205786e-01 9.961597495959304549e-01
1.215108738420769214e+03 9.959821231257875995e-01 9.959801624020241384e-01 9.959800501373302639e-01
1.215128783477170145e+03 9.957860569763086200e-01 9.957838273669014084e-01 9.957836982629034717e-01
1.215148828533571532e+03 9.955711038201797702e-01 9.955685557965239241e-01 9.955684065106915615e-01
1.215168873589972691e+03 9.953345665138215725e-01 9.953316386425798967e-01 9.953314649781868084e-01
1.215188918646373622e+03 9.950732275940179505e-01 9.950698423181901786e-01 9.950696388647232160e-01
1.215208963702774781e+03 9.947832132754912404e-01 9.947792498790518634e-01 9.947790064134651722e-01
1.215229008759175940e+03 9.944596517298819327e-01 9.944540539188966299e-01 9.944536801224749256e-01
1.215249053815576872e+03 9.940892218876222763e-01 9.940626579319653544e-01 9.940611044071516744e-01
1.215269098871978031e+03 9.934983657140454838e-01 9.932929293176969709e-01 9.932815729928972104e-01
1.215289143928378962e+03 9.911792480466222743e-01 9.903828365266705847e-01 9.903208844741865358e-01
1.215309188984780121e+03 9.821179125484577055e-01 9.805874860181483799e-01 9.804686681723525643e-01
1.215329234041181508e+03 9.599385213213896817e-01 9.628373869129851492e-01 9.630556487219796846e-01
1.215349279097582439e+03 9.624728737083000363e-01 9.645334914626952916e-01 9.646889781965213295e-01
1.215369324153983598e+03 9.825492063873676463e-01 9.808822111070040206e-01 9.807567625100300779e-01
1.215389369210384757e+03 9.883642905697569425e-01 9.876732446137738153e-01 9.876206386735428833e-01
1.215409414266785689e+03 9.883385050907858016e-01 9.881827705363437353e-01 9.881729094108182565e-01
1.215429459323186848e+03 9.870060024907172380e-01 9.869560819049902900e-01 9.869523387538051695e-01
1.215449504379588006e+03 9.852538187196504538e-01 9.851987335812729674e-01 9.851943861121472690e-01
1.215469549435988938e+03 9.830355506574728341e-01 9.829551507830994739e-01 9.829485954483457855e-01
1.215489594492390097e+03 9.801379051415165522e-01 9.799722503752360536e-01 9.799600934157679522e-01
1.215509639548791029e+03 9.758440074845214918e-01 9.753512457648227940e-01 9.753230746601735390e-01
1.215529684605192415e+03 9.673788351249921202e-01 9.664460188047189204e-01 9.663777015519400271e-01
1.215549729661593574e+03 9.510346435621895855e-01 9.488452504082913741e-01 9.485712706192508392e-01
1.215569774717994505e+03 9.163198015666125240e-01 9.067150891541030377e-01 9.044942717507991059e-01
1.215589819774395664e+03 8.015465587766010813e-01 7.406825148345125287e-01 7.327756361697415066e-01
1.215609864830796823e+03 1.662106374502385076e-01 2.210591156005534130e-01 2.269795575028979162e-01
1.215629909887197755e+03 5.678993893733033027e-10 1.967539649382056208e-02 2.381268879775351802e-02
1.215649954943598914e+03 8.933235943491580987e-53 6.783593124425776302e-05 5.440270579599925868e-04
1.215670000000000300e+03 4.910241343530129578e-96 1.070863334906483085e-08 3.248871390095056698e-06
1.215690045056401232e+03 2.128579263120727607e-53 6.464245757465325246e-05 5.195986266920251187e-04
1.215710090112802391e+03 3.519358820750730668e-10 1.876315757603568696e-02 2.279801625445124214e-02
1.215730135169203322e+03 1.583832469071200788e-01 2.147569951494533724e-01 2.208951847934456925e-01
1.215750180225604481e+03 7.989416443556446312e-01 7.377079960415076076e-01 7.297502906308458437e-01
1.215770225282005640e+03 9.157449295477038120e-01 9.059386268247275886e-01 9.036808392385115019e-01
1.215790270338406572e+03 9.507819429910767672e-01 9.485678591564803419e-01 9.482882791130152755e-01
1.215810315394807731e+03 9.672438052901112249e-01 9.663048099436896132e-01 9.662357400714468580e-01
1.215830360451208890e+03 9.757747852656988297e-01 9.752774313514465110e-01 9.752489897868910074e-01
1.215850405507609821e+03 9.800955570616047829e-01 9.799278566978371074e-01 9.799155940097182826e-01
1.215870450564011207e+03 9.830027734560399244e-01 9.829219821689432202e-01 9.829153918177901961e-01
1.215890495620412139e+03 9.852273284854866642e-01 9.851724483839142676e-01 9.851681262582761001e-01
1.215910540676813298e+03 9.869872739845482190e-01 9.869473980987406581e-01 9.869443583127188724e-01
1.215930585733214457e+03 9.884095505825233330e-01 9.883797020044848836e-01 9.883774914847771598e-01
1.215950630789615388e+03 9.895790498588069584e-01 9.895561804817448737e-01 9.895545309741832218e-01
1.215970675846016547e+03 9.905548658273082285e-01 9.905369972241718779e-01 9.905357393469897964e-01
1.215990720902417706e+03 9.913793442722760307e-01 9.913651469686044493e-01 9.913641697372816974e-01
1.216010765958818638e+03 9.920835751325985941e-01 9.920721297363531699e-01 9.920713581880855614e-01
1.216030811015219797e+03 9.926908637493718768e-01 9.926815186527010448e-01 9.926809008192175598e-01
1.216050856071621183e+03 9.932189978479512016e-01 9.932112812820003134e-01 9.932107803108707333e-01
1.216070901128022115e+03 9.936817701375439960e-01 9.936753340890989161e-01 9.936749233216454202e-01
1.216090946184423274e+03 9.940900261591786302e-01 9.940846096186396474e-01 9.940842694268414714e-01
1.216110991240824205e+03 9.944524009956365873e-01 9.944478052896046361e-01 9.944475209921915804e-01
1.216131036297225364e+03 9.947758471345079512e-01 9.947719190147416013e-01 9.947716794736114476e-01
1.216151081353626523e+03 9.950660191447616709e-01 9.950626389735484079e-01 9.950624356295389994e-01
1.216171126410027455e+03 9.953275583130849480e-01 9.953246316676022110e-01 9.953244578661850639e-01
1.216191171466428614e+03 9.955643061870439459e-01 9.955617578003663759e-01 9.955616083124123605e-01
1.216211216522830000e+03 9.957794668094774870e-01 9.957772361355093915e-01 9.957771068116333391e-01
1.216231261579230932e+03 9.959757313945648560e-01 9.959737693191651475e-01 9.959736568370323173e-01
1.216251306635632091e+03 9.961553751512430832e-01 9.961536415241029063e-01 9.961535432013890468e-01
1.216271351692033249e+03 9.963203332041572491e-01 9.963187949663621090e-01 9.963187086207174747e-01
1.216291396748434181e+03 9.964722606566182028e-01 9.964708904059181860e-01 9.964708142490149578e-01
1.216311441804835340e+03 9.966125805023197115e-01 9.966113553836369876e-01 9.966112879402212466e-01
1.216331486861236272e+03 9.967425221402140822e-01 9.967414229802831205e-01 9.967413630257582202e-01
1.216351531917637431e+03 9.968631525601039378e-01 9.968621631870300259e-01 9.968621096989235264e-01
1.216371576974038589e+03 9.969754017650469535e-01 9.969745084691389314e-01 9.969744605890573652e-01
1.216391622030439521e+03 9.970800836270812262e-01 9.970792747304860759e-01 9.970792317340716471e-01
1.216411667086840907e+03 9.971779130977630468e-01 9.971771786085696920e-01 9.971771398816007270e-01
1.216431712143242066e+03 9.972695204889270304e-01 9.972688518213599362e-01 9.972688168406185216e-01
1.216451757199642998e+03 9.973554633834450511e-01 9.973548531301630327e-01 9.973548214480153495e-01
1.216471802256044157e+03 9.974362366172891958e-01 9.974356783630653478e-01 9.974356495949678880e-01
1.216491847312445316e+03 9.975122806834010314e-01 9.975117688518968517e-01 9.975117426662136744e-01
1.216511892368846247e+03 9.975839888376712983e-01 9.975835185648274095e-01 9.975834946744898124e-01
1.216531937425247406e+03 9.976517131324920129e-01 9.976512801614645376e-01 9.976512583171027737e-01
1.216551982481648338e+03 9.977157695603533494e-01 9.977153701539550612e-01 9.977153501382209910e-01
1.216572027538049497e+03 9.977764424557723499e-01 9.977760733232073909e-01 9.977760549460553685e-01
1.216592072594450883e+03 9.978339882766152913e-01 9.978336465119282961e-01 9.978336296066794286e-01
1.216612117650851815e+03 9.978886388640502147e-01 9.978883218942072864e-01 9.978883063142515164e-01
1.216632162707252974e+03 9.979406042627075868e-01 9.979403098036281339e-01 9.979402954196509024e-01
1.216652207763654133e+03 9.979900751683927762e-01 9.979898011875663055e-01 9.979897878852065363e-01
1.216672252820055064e+03 9.980372250591443839e-01 9.980369697437238008e-01 9.980369574215856021e-01
1.216692297876456223e+03 9.980822120560001176e-01 9.980819737854615958e-01 9.980819623534311624e-01
1.216712342932857382e+03 9.981251805521891285e-01 9.981249578748280227e-01 9.981249472526271260e-01
1.216732387989258314e+03 9.981662626432092900e-01 9.981660542558602467e-01 9.981660443718142206e-01
1.216752433045659700e+03 9.982055793851195569e-01 9.982053841156046659e-01 9.982053749055813663e-01
1.216772478102060631e+03 9.982432419041499250e-01 9.982430586960462371e-01 9.982430501025425507e-01
1.216792523158461790e+03 9.982793523772816036e-01 9.982791802766673994e-01 9.982791722480192087e-01
1.216812568214862949e+03 9.983140049005463368e-01 9.983138430444400413e-01 9.983138355341396597e-01
1.216832613271263881e+03 9.983472862594020558e-01 9.983471338656618732e-01 9.983471268317622993e-01
1.216852658327665040e+03 9.983792766135363150e-01 9.983791329720128616e-01 9.983791263766120805e-01
1.216872703384066199e+03 9.984100501067328937e-01 9.984099145715136236e-01 9.984099083803029684e-01
1.216892748440467130e+03 9.984396754110350658e-01 9.984395473936300558e-01 9.984395415755006331e-01
1.216912793496868289e+03 9.984682162131834904e-01 9.984680951765307899e-01 9.984680897032256475e-01
1.216932838553269676e+03 9.984957316502743874e-01 9.984956171034600203e-01 9.984956119492739424e-01
1.216952883609670607e+03 9.985222767006913802e-01 9.985221681942894056e-01 9.985221633358001281e-01
1.216972928666071766e+03 9.985479025355652460e-01 9.985477996575222726e-01 9.985477950733558927e-01
1.216992973722472698e+03 9.985726568353615606e-01 9.985725592073525503e-01 9.985725548779749161e-01
1.217013018778873857e+03 9.985965840756036993e-01 9.985964913498019957e-01 9.985964872573378504e-01
1.217033063835275016e+03 9.986197257852396092e-01 9.986196376414485654e-01 9.986196337695153469e-01
1.217053108891675947e+03 9.986421207806994715e-01 9.986420369238009354e-01 9.986420332573664460e-01
1.217073153948077106e+03 9.986638053783407631e-01 9.986637255360170107e-01 9.986637220612707422e-01
1.217093199004478492e+03 9.986848135876036370e-01 9.986847375083051093e-01 9.986847342125430016e-01
1.217113244060879424e+03 9.987051772869414146e-01 9.987051047380642865e-01 9.987051016095878087e-01
1.217133289117280583e+03 9.987249263843229752e-01 9.987248571505750183e-01 9.987248541785972433e-01
1.217153334173681742e+03 9.987440889638777852e-01 9.987440228458065450e-01 9.987440200203728802e-01
1.217173379230082674e+03 9.987626914200851136e-01 9.987626282327516369e-01 9.987626255446639956e-01
1.217193424286483832e+03 9.987807585807224608e-01 9.987806981525010341e-01 9.987806955932534425e-01
1.217213469342884764e+03 9.987983138196463440e-01 9.987982559911390279e-01 9.987982535528572292e-01
1.217233514399285923e+03 9.988153791603809895e-01 9.988153237834301867e-01 9.988153214588172402e-01
1.217253559455687082e+03 9.988319753713357230e-01 9.988319223081264520e-01 9.988319200904153261e-01
1.217273604512088014e+03 9.988481220534277671e-01 9.988480711756703156e-01 9.988480690585787025e-01
1.217293649568489400e+03 9.988638377207701424e-01 9.988637889089522215e-01 9.988637868866431235e-01
1.217313694624890559e+03 9.988791398750288542e-01 9.988790930177321448e-01 9.988790910847777926e-01
1.217333739681291490e+03 9.988940450739948185e-01 9.988940000672701380e-01 9.988939982186185729e-01
1.217353784737692649e+03 9.989085689948540292e-01 9.989085257416473462e-01 9.989085239725929988e-01
1.217373829794093808e+03 9.989227264925990557e-01 9.989226849022240229e-01 9.989226832083795138e-01
1.217393874850494740e+03 9.989365316539756678e-01 9.989364916416312301e-01 9.989364900189026120e-01
1.217413919906895899e+03 9.989499978473384001e-01 9.989499593336638172e-01 9.989499577782292583e-01
1.217433964963296830e+03 9.989631377687355762e-01 9.989631006794010837e-01 9.989630991876885524e-01
1.217454010019697989e+03 9.989759634845342129e-01 9.989759277498656553e-01 9.989759263185337135e-01
1.217474055076099376e+03 9.989884864708572509e-01 9.989884520254894706e-01 9.989884506514098428e-01
1.217494100132500307e+03 9.990007176500840247e-01 9.990006844326432267e-01 9.990006831128869225e-01
1.217514145188901466e+03 9.990126674246647687e-01 9.990126353774730905e-01 9.990126341092928630e-01
1.217534190245302625e+03 9.990243457084347911e-01 9.990243147772426280e-01 9.990243135580609835e-01
1.217554235301703557e+03 9.990357619556532454e-01 9.990357320893903381e-01 9.990357309167866573e-01
1.217574280358104716e+03 9.990469251879336987e-01 9.990468963384794288e-01 9.990468952101795308e-01
1.217594325414505647e+03 9.990578440192354748e-01 9.990578161412090319e-01 9.990578150550742942e-01
1.217614370470906806e+03 9.990685266790746422e-01 9.990684997296412906e-01 9.990684986836585457e-01
1.217634415527308192e+03 9.990789810340917620e-01 9.990789549727845387e-01 9.990789539650581919e-01
1.217654460583709124e+03 9.990892146081113978e-01 9.990891893966671322e-01 9.990891884254098354e-01
1.217674505640110283e+03 9.990992346008096270e-01 9.990992102030177291e-01 9.990992092665436086e-01
1.217694550696511442e+03 9.991090479051042417e-01 9.991090242866682569e-01 9.991090233833865852e-01
1.217714595752912373e+03 9.991186611233676684e-01 9.991186382517767139e-01 9.991186373801853593e-01
1.217734640809313532e+03 9.991280805825579758e-01 9.991280584269697229e-01 9.991280575856473778e-01
1.217754685865714691e+03 9.991373123483483498e-01 9.991372908794798890e-01 9.991372900670836277e-01
1.217774730922115623e+03 9.991463622383427445e-01 9.991463414283718869e-01 9.991463406436299488e-01
1.217794775978516782e+03 9.991552358344458762e-01 9.991552156569175613e-01 9.991552148986262427e-01
1.217814821034917713e+03 9.991639384944488445e-01 9.991639189241917629e-01 9.991639181912097545e-01
1.217834866091319100e+03 9.991724753629022127e-01 9.991724563759498690e-01 9.991724556671952584e-01
1.217854911147720259e+03 9.991808513813230652e-01 9.991808329548415024e-01 9.991808322692878885e-01
1.217874956204121190e+03 9.991890712977889999e-01 9.991890534100102972e-01 9.991890527466831262e-01
1.217895001260522349e+03 9.991971396759695700e-01 9.991971223061302254e-01 9.991971216641044595e-01
1.217915046316923508e+03 9.992050609036350339e-01 9.992050440319183435e-01 9.992050434103143530e-01
1.217935091373324440e+03 9.992128392006773829e-01 9.992128228081613717e-01 9.992128222061428255e-01
1.217955136429725599e+03 9.992204786266883909e-01 9.992204626952957414e-01 9.992204621120669428e-01
1.217975181486126758e+03 9.992279830881175551e-01 9.992279676005705324e-01 9.992279670353749754e-01
1.217995226542527689e+03 9.992353563450456777e-01 9.992353412848241634e-01 9.992353407369415352e-01
1.218015271598929075e+03 9.992426020176023993e-01 9.992425873689039229e-01 9.992425868376472176e-01
1.218035316655330007e+03 9.992497235920426712e-01 9.992497093397456620e-01 9.992497088244608472e-01
1.218055361711731166e+03 9.992567244265196935e-01 9.992567105561492857e-01 9.992567100562121940e-01
1.218075406768132325e+03 9.992636077565597574e-01 9.992635942542552607e-01 9.992635937690709236e-01
1.218095451824533257e+03 9.992703767002708570e-01 9.992703635527565575e-01 9.992703630817578730e-01
1.218115496880934415e+03 9.992770342632940617e-01 9.992770214578509114e-01 9.992770210004958686e-01
1.218135541937335574e+03 9.992835833435171899e-01 9.992835708679553841e-01 9.992835704237272854e-01
1.218155586993736506e+03 9.992900267355636634e-01 9.992900145781989929e-01 9.992900141466031227e-01
1.218175632050137892e+03 9.992963671350718613e-01 9.992963552847015096e-01 9.992963548652662453e-01
1.218195677106539051e+03 9.993026071427751900e-01 9.993025955886558620e-01 9.993025951809304530e-01
1.218215722162939983e+03 9.993087492683965234e-01 9.993087380002246833e-01 9.993087376037773639e-01
1.218235767219341142e+03 9.993147959343666731e-01 9.993147849422566731e-01 9.993147845566757725e-01
1.218255812275742073e+03 9.993207494793732160e-01 9.993207387538407538e-01 9.993207383787308107e-01
1.218275857332143232e+03 9.993266121617528919e-01 9.993266016936963592e-01 9.993266013286807858e-01
1.218295902388544391e+03 9.993323861627401161e-01 9.993323759434233899e-01 9.993323755881403647e-01
1.218315947444945323e+03 9.993380735895611711e-01 9.993380636105997361e-01 9.993380632647033135e-01
1.218335992501346482e+03 9.993436764784087156e-01 9.993436667317520117e-01 9.993436663949116783e-01
1.218356037557747868e+03 9.993491967972776280e-01 9.993491872751963934e-01 9.993491869470938482e-01
1.218376082614148800e+03 9.993546364486818323e-01 9.993546271437540041e-01 9.993546268240857122e-01
1.218396127670549959e+03 9.993599972722594371e-01 9.993599881773568283e-01 9.993599878658319113e-01
1.218416172726951118e+03 9.993652810472608561e-01 9.993652721555372764e-01 9.993652718518761802e-01
1.218436217783352049e+03 9.993704894949387851e-01 9.993704807998174955e-01 9.993704805037524341e-01
1.218456262839753208e+03 9.993756242808301549e-01 9.993756157759935421e-01 9.993756154872680542e-01
1.218476307896154140e+03 9.993806870169509304e-01 9.993806786963282951e-01 9.993806784146956890e-01
1.218496352952555299e+03 9.993856792638901032e-01 9.993856711216488886e-01 9.993856708468726868e-01
1.218516398008956457e+03 9.993906025328243015e-01 9.993905945632031163e-01 9.993905942886264215e-01
1.218536443065357616e+03 9.993954582874429171e-01 9.993954485574112478e-01 9.993954464542719185e-01
1.218556488121758775e+03 9.994002479457994026e-01 9.993996864525689361e-01 9.993996722745382977e-01
