# EXHALE lower-atmosphere profile (docs/phase_e_flux_closure_design.md section 2)
# solution_id 34ccb7f817b43781274465301b31812876d52987f0f77f031b76c3256c8d010a
# source_code photochem
# source_version photochem 0.9.0, photochem_to_lower_profile.py
# mechanism zahnle_HHeNOC_rxns.yaml sha256 908cc51ef08cfce6
# stellar_flux lhs1140_sed_gj1132_at_b.txt sha256 37a95348aeb58b91 dilution 1.000000E+00
# p_match_bar 9.99999999999999955E-07
# p_top_bar 1.09672619374382266E-08
# p_deep_bar 1.67309812456356575E+01
# trial_flux_H 6.75248653221974615E+06
# trial_flux_He 6.88745787877650261E+07
# measured_flux_H 6.75310436706996895E+06
# measured_flux_He 6.88808775195381045E+07
# iteration 4
# reached_steady_state T
# notes F_H and F_He columns are the STATED trial fluxes; the header measured_flux_* are what the solution carries across its own top. measured elemental escape at the model top (r_top = 1.170402e+09 cm): H 6.753104e+06 g/s, He 6.888088e+07 g/s; imposed H 6.752487e+06, He 6.887458e+07; atomic-H share of the hydrogen nuclei at the top 1.021e-39 imposed, 2.092e-04 converged. climate solved: deep boundary 20 bar at 422.9 K, background He, tropopause 2.445 bar at 185.4 K, cold-trap f_H2O 5.980e-08 (deep 5.943e-05). cold trap at the match: O/H gas 9.0277e-07 vs all-carrier 9.0277e-07; C/H gas 2.7780e-04 vs all-carrier 2.7780e-04; N/H gas 8.1907e-05 vs all-carrier 8.1907e-05; chemistry q_H2O at the tropopause (2.445 bar) 2.7481e-07, at the match 8.3950e-08.
# units p[bar] r[R_J] T[K] n_tot[cm^-3] rho[g/cm^3] Kzz[cm^2/s] q_*[-] X_*[El/H nuclei] F_*[g/s]
# columns: p r T n_tot rho Kzz q_H2 q_H X_He X_C X_N X_O F_H F_He q_H2O q_CO q_CO2 q_CH4 q_NH3 q_HCN q_N2 q_OH q_C2H2
  1.67309812456356575E+01   1.56513182336762174E-01   3.94298467934724158E+02   3.07335720834242576E+20   1.99377302119162908E-03   1.00000000000000000E+09   4.88952402950553963E-02   2.78645066931324412E-28   9.70000000000000817E+00   2.77588000000007426E-04   8.18464999999997931E-05   6.06178000000013521E-04   6.75248653221974615E+06   6.88745787877650261E+07   5.94310715118473410E-05   4.74531467354918840E-24   1.06840639522106108E-23   2.72153596448928761E-05   8.02434457903863530E-06   8.47585182246556833E-31   3.63311286536527352E-11   6.06147222490795029E-39   1.28736027275198710E-46
  1.57974387193201604E+01   1.56550592022898394E-01   3.86011468542360433E+02   2.96417055444110475E+20   1.92294057619532988E-03   1.00000000000000000E+09   4.88952402953126766E-02   5.58372980151959354E-29   9.70000000011201102E+00   2.77587999999944922E-04   8.18461683671122870E-05   6.06178000007014648E-04   6.75248653221974615E+06   6.88745787877650261E+07   5.94310715128472871E-05   4.74531467357416178E-24   3.48331261014562135E-23   2.72153596450360823E-05   8.02434457908085143E-06   8.47585182251018393E-31   2.00741069696420618E-11   3.09915174472051255E-39   1.00000000001047631E-40
  1.40962691647858378E+01   1.56622528011298001E-01   3.69566078535488828E+02   2.76266865052394422E+20   1.79222058610914448E-03   1.00000000000000000E+09   4.88952406993681185E-02   3.30505211829978413E-14   9.70000163246997538E+00   2.77588046711200608E-04   8.18461821397749984E-05   6.06093959129094979E-04   6.75248653221974615E+06   6.88745787877650261E+07   5.94228224437413536E-05   1.22815267212929966E-17   3.66477500789344028E-22   2.72153597494934390E-05   8.02434415415296511E-06   1.57173537705722975E-15   2.02390947027067614E-11   1.98084593359760296E-25   3.95010876735456682E-15
  1.25130572676217628E+01   1.56694463979247356E-01   3.52370162414094921E+02   2.57205957036724879E+20   1.66856701786403960E-03   1.00000000000000000E+09   4.88952416375412827E-02   6.88768769937721953E-14   9.70000542614434380E+00   2.77588155273348161E-04   8.18462141490243348E-05   6.05898645208890552E-04   6.75248653221974615E+06   6.88745787877650261E+07   5.94036513310465045E-05   2.54592984808197251E-17   7.22551236097859525E-22   2.72153601423857718E-05   8.02434378069548983E-06   3.25925444867910236E-15   2.04162205465279190E-11   1.51671198813153304E-25   8.19446740831747298E-15
  1.10434617162684088E+01   1.56766399934049672E-01   3.35437896790283276E+02   2.38456860036765876E+20   1.54693612301831456E-03   1.00000000000000000E+09   4.88952438789985941E-02   1.09065885614586359E-13   9.70001449384942482E+00   2.77588414763883828E-04   8.18462906591497998E-05   6.05431803541326818E-04   6.75248653221974615E+06   6.88745787877650261E+07   5.93578283663811259E-05   3.96202275767117181E-17   1.10589247892577860E-21   2.72153612507995713E-05   8.02434358073361152E-06   5.07601515112945326E-15   2.06068556887469328E-11   8.13898132386556792E-26   1.27751109867465026E-14
  9.68568090745087318E+00   1.56838335862277856E-01   3.18970602525261995E+02   2.19935946087324582E+20   1.42678520894663503E-03   1.00000000000000000E+09   4.88952494067243157E-02   1.56200456330843593E-13   9.70003686053509995E+00   2.77589054835284711E-04   8.18464793826424709E-05   6.04280278340239537E-04   6.75248653221974615E+06   6.88745787877650261E+07   5.92448004610761090E-05   5.48905693102576607E-17   1.52054107621884512E-21   2.72153641770008787E-05   8.02434387371446784E-06   7.04116329914646001E-15   2.08129487328256478E-11   3.70663866565049571E-26   1.77515464152495863E-14
  8.43540013295705648E+00   1.56910271751637631E-01   3.01621952542560734E+02   2.02562691272897233E+20   1.31407874313848368E-03   1.00000000000000000E+09   4.88952634707282771E-02   2.13818461411223178E-13   9.70009377297193254E+00   2.77590683513218386E-04   8.18469595944394744E-05   6.01350203121360938E-04   6.75248653221974615E+06   6.88745787877650261E+07   5.89572012930353320E-05   7.13953959905007314E-17   1.97051081504937141E-21   2.72153718417552452E-05   8.02434551529165337E-06   9.17371712009374037E-15   2.10364183899065738E-11   1.46417252412243460E-26   2.31849099976154296E-14
  7.28930014888836819E+00   1.56982207564973497E-01   2.85205142360873481E+02   1.85116529189926765E+20   1.20089749955720748E-03   1.00000000000000000E+09   4.88953005720644679E-02   2.86603603499994203E-13   9.70024391890883209E+00   2.77594980283604655E-04   8.18482264870091261E-05   5.93620103575183584E-04   6.75248653221974615E+06   6.88745787877650261E+07   5.81984750140574538E-05   8.93229115065392386E-17   2.46114284372275496E-21   2.72153923145038129E-05   8.02435087735879743E-06   1.14989839629035759E-14   2.12798292373967205E-11   8.10107053304300331E-27   2.91530721239032552E-14
  6.24471385460757844E+00   1.57054143191319912E-01   2.68320068416537822E+02   1.68568376554725638E+20   1.09353726763346715E-03   1.00000000000000000E+09   4.88954021288837831E-02   3.79678365761243088E-13   9.70065494017104157E+00   2.77606742606124933E-04   8.18516945800447111E-05   5.72459124934344326E-04   6.75248653221974615E+06   6.88745787877650261E+07   5.61215926619317110E-05   1.08913017482215701E-16   2.99912769068359869E-21   2.72154486462491386E-05   8.02436674726023770E-06   1.40486686377018815E-14   2.15464073821933603E-11   9.39747301545344724E-27   3.57507879175717245E-14
  5.29727310118629280E+00   1.57126078299197475E-01   2.51511613631709082E+02   1.52549587405877412E+20   9.89599055340733376E-04   1.00000000000000000E+09   4.88956904843605294E-02   4.97440823684920172E-13   9.70182216240310957E+00   2.77640145372954564E-04   8.18615433071354814E-05   5.12365971599684691E-04   6.75248653221974615E+06   6.88745787877650261E+07   5.02245543461302639E-05   1.30428442535122322E-16   3.59199751707159247E-21   2.72156089305141489E-05   8.02441319191518679E-06   1.68584659703420756E-14   2.18398096074025094E-11   1.68485510319943356E-26   4.30822870914811474E-14
  4.44381200326774906E+00   1.57198011924098935E-01   2.34891848143859306E+02   1.37026463765486109E+20   8.88844767389664471E-04   1.00000000000000000E+09   4.88965248508121675E-02   6.45751046807509401E-13   9.70520107409489263E+00   2.77736840763231278E-04   8.18900537152504317E-05   3.38406420831317194E-04   6.75248653221974615E+06   6.88745787877650261E+07   3.31612269273482061E-05   1.54229047152599184E-16   4.24992246963627063E-21   2.72160731025368396E-05   8.02454914754672046E-06   1.99765739418643800E-14   2.21650769012073001E-11   2.57826612255525265E-26   5.12824373379882690E-14
  3.68058313098815848E+00   1.57269944439010601E-01   2.18114664741847292E+02   1.22221745755302609E+20   7.92738949843913238E-04   1.00000000000000000E+09   4.88977641060606982E-02   8.34194373224524573E-13   9.71022378827890797E+00   2.77880577374002330E-04   8.19324341164821970E-05   7.98175079760101580E-05   6.75248653221974615E+06   6.88745787877650261E+07   7.81765436428114609E-06   1.80765436110758763E-16   4.98538393761378537E-21   2.72167626079967456E-05   8.02475143553164016E-06   2.34621468486279928E-14   2.25281678742465856E-11   1.56172449338496575E-26   6.05122057682034273E-14
  3.00342158828577821E+00   1.57341879429204523E-01   2.01349880810964635E+02   1.08039269373170991E+20   7.00734232756150782E-04   1.00000000000000000E+09   4.88980763819419767E-02   1.07782443330525269E-12   9.71149022040251175E+00   2.77916819260083344E-04   8.19431199511666054E-05   1.46166422043122631E-05   6.75248653221974615E+06   6.88745787877650261E+07   1.43143638204771232E-06   2.10599829020300469E-16   5.81409340315308270E-21   2.72169361157733395E-05   8.02480145596418068E-06   2.73896515514636985E-14   2.29361249084036278E-11   8.13130034115266536E-27   7.09693702802640784E-14
  2.41774259796764612E+00   1.57413815094441217E-01   1.91456859438932980E+02   9.14651917083123712E+19   5.93233585598809763E-04   1.00000000000000000E+09   4.88981329405871676E-02   1.40432981498235289E-12   9.71171962041534975E+00   2.77923384065441033E-04   8.19450555684370747E-05   2.80623233975214367E-06   6.75248653221974615E+06   6.88745787877650261E+07   2.74813647063325988E-07   2.45090760226982415E-16   6.77398880319880689E-21   2.72169672396763481E-05   8.02480931567913475E-06   3.19388858422157456E-14   2.34077119948128802E-11   3.72462402112302132E-27   8.31276478740943180E-14
  1.92892371066620694E+00   1.57485750871348223E-01   1.85432908804378343E+02   7.53433554708697743E+19   4.88668727337321059E-04   1.00000000000000000E+09   4.88981420556974244E-02   1.85543197280829392E-12   9.71175658395546826E+00   2.77924441853236973E-04   8.19453674545159410E-05   9.03202085667322765E-07   6.75248653221974615E+06   6.88745787877650261E+07   8.84500339072281131E-08   2.86399512093583268E-16   7.92561209124588838E-21   2.72169718832279876E-05   8.02480910532886828E-06   3.73967761323947941E-14   2.39725081843956345E-11   2.56977116231199603E-27   9.77518461755648778E-14
  1.53361991436255396E+00   1.57557686657588236E-01   1.85432908804378343E+02   5.99028721177962332E+19   3.88523448400321641E-04   1.00000000000000000E+09   4.88981420585669554E-02   2.49321370898981642E-12   9.71175658386230012E+00   2.77924441837957799E-04   8.19453674498036189E-05   9.03202085613194501E-07   6.75248653221974615E+06   6.88745787877650261E+07   8.84500325568836755E-08   3.37505484475135450E-16   9.35267010042445486E-21   2.72169713498977209E-05   8.02480699132229717E-06   4.41600343697126241E-14   2.46712201307142053E-11   3.67164891124331307E-27   1.15906469366398482E-13
  1.21958297233566215E+00   1.57629622428235666E-01   1.85432908804378343E+02   4.76366550438481920E+19   3.08966111866031991E-04   1.00000000000000000E+09   4.88981420621267746E-02   3.39572332302539739E-12   9.71175658374526130E+00   2.77924441818744544E-04   8.19453674438779119E-05   9.03202085545127992E-07   6.75248653221974615E+06   6.88745787877650261E+07   8.84500308567766229E-08   4.01746025559183112E-16   1.11493622069856410E-20   2.72169706759014278E-05   8.02480432941109532E-06   5.26750997870413957E-14   2.55494495161224098E-11   5.37212551920721774E-27   1.38801976137696337E-13
  9.70053675829448347E-01   1.57701558184857205E-01   1.85432908804378343E+02   3.78900930709174436E+19   2.45750981540330551E-04   1.00000000000000000E+09   4.88981420665399250E-02   4.65945396483977585E-12   9.71175658359826421E+00   2.77924441794589279E-04   8.19453674364278438E-05   9.03202085459552254E-07   6.75248653221974615E+06   6.88745787877650261E+07   8.84500287167663046E-08   4.82477596064802815E-16   1.34109506126806244E-20   2.72169698241763449E-05   8.02480097817288680E-06   6.33934485911680136E-14   2.66530313965132253E-11   8.07119698173545223E-27   1.67668154218386333E-13
  7.71739724368831426E-01   1.57773493925686598E-01   1.85432908804378343E+02   3.01439917310310769E+19   1.95510619135910946E-04   1.00000000000000000E+09   4.88981420720067603E-02   6.41417255767712322E-12   9.71175658341368120E+00   2.77924441764227552E-04   8.19453674270634677E-05   9.03202085351985104E-07   6.75248653221974615E+06   6.88745787877650261E+07   8.84500260235979041E-08   5.83906765271671022E-16   1.62571248501567533E-20   2.72169687477860524E-05   8.02479676006114299E-06   7.68823254129136032E-14   2.80393764301911484E-11   1.24825156319211654E-26   2.04052868204301608E-13
  6.14096324373653912E-01   1.57845429650313313E-01   1.85432908804378343E+02   2.39864735991341015E+19   1.55573632917374810E-04   1.00000000000000000E+09   4.88981420787736806E-02   8.83266613171868764E-12   9.71175658318195012E+00   2.77924441726072960E-04   8.19453674152953205E-05   9.03202085216804575E-07   6.75248653221974615E+06   6.88745787877650261E+07   8.84500226350056732E-08   7.11303413292038751E-16   1.98382337721263382E-20   2.72169673872747970E-05   8.02479145226285606E-06   9.38542785774879720E-14   2.97803567657172397E-11   1.97738265078266204E-26   2.49904146290082228E-13
  4.88756525649745643E-01   1.57917365362076484E-01   1.85432908804378343E+02   1.90907273559397007E+19   1.23820360567078165E-04   1.00000000000000000E+09   4.88981420871443043E-02   1.21430932856658744E-11   9.71175658289109478E+00   2.77924441678134852E-04   8.19453674005094862E-05   9.03202085046958693E-07   6.75248653221974615E+06   6.88745787877650261E+07   8.84500183723192483E-08   8.71266751630084276E-16   2.43430993746396373E-20   2.72169656672872853E-05   8.02478477513563470E-06   1.15204192146743331E-13   3.19658978544285466E-11   3.18185685508371089E-26   3.07673456865709210E-13
  3.89080033878463794E-01   1.57989301056868092E-01   1.85432908804378343E+02   1.51973844984250573E+19   9.85685664652728233E-05   1.00000000000000000E+09   4.88981420974933176E-02   1.66445100073178723E-11   9.71175658252609963E+00   2.77924441617917613E-04   8.19453673819360866E-05   9.03202084833601788E-07   6.75248653221974615E+06   6.88745787877650261E+07   8.84500130111951373E-08   1.07205720259678458E-15   3.00088119085544713E-20   2.72169634922550397E-05   8.02477637765485471E-06   1.42055707871882999E-13   3.47084449374735624E-11   5.16198270516458869E-26   3.80445594924782758E-13
  3.09795783785211110E-01   1.58061236738188199E-01   1.85432908804378343E+02   1.21005583227780424E+19   7.84828920670746944E-05   1.00000000000000000E+09   4.88981421102839056E-02   2.27262816846585826E-11   9.71175658206817438E+00   2.77924441542291801E-04   8.19453673586097614E-05   9.03202084565644080E-07   6.75248653221974615E+06   6.88745787877650261E+07   8.84500062700006291E-08   1.32401033258542489E-15   3.71330060867785756E-20   2.72169607408895793E-05   8.02476581920344674E-06   1.75819405794086801E-13   3.81485118256482721E-11   8.39838363108232319E-26   4.72101985933154033E-13
  2.46718729179829621E-01   1.58133172404085393E-01   1.85432908804378343E+02   9.63678180278942515E+18   6.25031081968573516E-05   1.00000000000000000E+09   4.88981421260897345E-02   3.08923707611432630E-11   9.71175658149377341E+00   2.77924441447334827E-04   8.19453673293203514E-05   9.03202084229183429E-07   6.75248653221974615E+06   6.88745787877650261E+07   8.84499977952587899E-08   1.64005298618664870E-15   4.60892436293764375E-20   2.72169572591478459E-05   8.02475254681631555E-06   2.18265706699922496E-13   4.24615669323095239E-11   1.36541743422865598E-25   5.87525947109312948E-13
  1.96525392208392435E-01   1.58205108054367133E-01   1.85432908804378343E+02   7.67624059071524864E+18   4.97872532548733200E-05   1.00000000000000000E+09   4.88981421456222004E-02   4.17918770930724785E-11   9.71175658077343407E+00   2.77924441328130322E-04   8.19453672925513695E-05   9.03202083806794885E-07   6.75248653221974615E+06   6.88745787877650261E+07   8.84499871434136170E-08   2.03634667960288885E-15   5.73462841399926845E-20   2.72169528512393696E-05   8.02473586668364949E-06   2.71616202528581056E-13   4.78665689120643891E-11   2.21300376382360797E-25   7.32860610889162409E-13
  1.56575943409153012E-01   1.58277043689519559E-01   1.85432908804378343E+02   6.11582350158794035E+18   3.96665594218801196E-05   1.00000000000000000E+09   4.88981421697647425E-02   5.62576704959177256E-11   9.71175657987026142E+00   2.77924441178517740E-04   8.19453672464021956E-05   9.03202083276644587E-07   6.75248653221974615E+06   6.88745787877650261E+07   8.84499737579914766E-08   2.53308940724437398E-15   7.14922221533409308E-20   2.72169472681230402E-05   8.02471490836652120E-06   3.38658049000695823E-13   5.46365334548091493E-11   3.57055936171553907E-25   9.15832918607360029E-13
  1.24773136760422024E-01   1.58348979310002885E-01   1.85432908804378343E+02   4.87361254578030592E+18   3.16097156156033639E-05   1.00000000000000000E+09   4.88981421996153853E-02   7.53555313186716128E-11   9.71175657873808618E+00   2.77924440990779135E-04   8.19453671884919489E-05   9.03202082611379510E-07   6.75248653221974615E+06   6.88745787877650261E+07   8.84499569410007976E-08   3.15551457564582133E-15   8.92647128345392801E-20   2.72169401927846917E-05   8.02468857975116383E-06   4.22887214163625188E-13   6.31115956990511230E-11   5.73250190490651521E-25   1.14616046525065756E-12
  9.94504420572867032E-02   1.58420914915717331E-01   1.85432908804378343E+02   3.88451340310882509E+18   2.51945272257504465E-05   1.00000000000000000E+09   4.88981422365399321E-02   1.00446967772902869E-10   9.71175657731915720E+00   2.77924440755248953E-04   8.19453671158386533E-05   9.03202081776739608E-07   6.75248653221974615E+06   6.88745787877650261E+07   8.84499358171255146E-08   3.93513515168224545E-15   1.11588814340648461E-19   2.72169312213883086E-05   8.02465551020845585E-06   5.28687824541417307E-13   7.37151313447651624E-11   9.16339570327138496E-25   1.43606218024267727E-12
  7.92833128920599345E-02   1.58492850506646077E-01   1.85432908804378343E+02   3.09678956876504064E+18   2.00854369652350510E-05   1.00000000000000000E+09   4.88981422822374404E-02   1.33269710450472347E-10   9.71175657554120875E+00   2.77924440459822401E-04   8.19453670247079371E-05   9.03202080729820120E-07   6.75248653221974615E+06   6.88745787877650261E+07   8.84499092889039747E-08   4.91129272616017111E-15   1.39624356348428092E-19   2.72169198391400864E-05   8.02461397883643391E-06   6.61556658586350384E-13   8.69736157532624968E-11   1.46071650712822857E-24   1.80089906351636142E-12
  6.32187908350206190E-02   1.58564786082918519E-01   1.85432908804378343E+02   2.46931270738356429E+18   1.60156909687026461E-05   1.00000000000000000E+09   4.88981423388216430E-02   1.76040485381464094E-10   9.71175657331386155E+00   2.77924440089344284E-04   8.19453669104240970E-05   9.03202079416902535E-07   6.75248653221974615E+06   6.88745787877650261E+07   8.84498759806369871E-08   6.13308558003469059E-15   1.74825220498650973E-19   2.72169053893880057E-05   8.02456182436297036E-06   8.28384094196865636E-13   1.03541035726890309E-10   2.32738708912688657E-24   2.25997770409502115E-12
  5.04196450664291668E-02   1.58636721644070916E-01   1.85432908804378343E+02   1.96938075878752282E+18   1.27731872660700819E-05   1.00000000000000000E+09   4.88981424089216243E-02   2.31585088906164089E-10   9.71175657052413932E+00   2.77924439624845836E-04   8.19453667671349079E-05   9.03202077770748635E-07   6.75248653221974615E+06   6.88745787877650261E+07   8.84498341682048958E-08   7.66176766324336639E-15   2.19013512917550047E-19   2.72168870340818357E-05   8.02449633322276811E-06   1.03780563414551090E-12   1.24228824425540598E-10   3.71402796279003051E-24   2.83755738648944054E-12
  4.02200369370564262E-02   1.58708657189618602E-01   1.85432908804378343E+02   1.57098620502391629E+18   1.01892439527426996E-05   1.00000000000000000E+09   4.88981424958063113E-02   3.03502000115634476E-10   9.71175656703076307E+00   2.77924439042586985E-04   8.19453665875155947E-05   9.03202075707204534E-07   6.75248653221974615E+06   6.88745787877650261E+07   8.84497816912723374E-08   9.57373248543904666E-15   2.74472350715386929E-19   2.72168637032303027E-05   8.02441410153176305E-06   1.30064164857167551E-12   1.50042466266330956E-10   5.93997462138736760E-24   3.56411160196052141E-12
  3.20903243642941538E-02   1.58780592719640901E-01   1.85432908804378343E+02   1.25344133745936282E+18   8.12968282300759483E-06   1.00000000000000000E+09   4.88981426035377947E-02   3.96368743631149873E-10   9.71175656265718068E+00   2.77924438312864442E-04   8.19453663624015728E-05   9.03202073120977683E-07   6.75248653221974615E+06   6.88745787877650261E+07   8.84497158434822510E-08   1.19642232880359434E-14   3.44061909756637355E-19   2.72168340303976168E-05   8.02431086420087980E-06   1.63044735939496520E-12   1.82226113754714136E-10   9.51175304134427221E-24   4.47790718312235365E-12
  2.56091160750081225E-02   1.58852528236339968E-01   1.85432908804378343E+02   1.00028670136866342E+18   6.48774966153926034E-06   1.00000000000000000E+09   4.88981427371606506E-02   5.16004602515739754E-10   9.71175655718274378E+00   2.77924437398520592E-04   8.19453660803277022E-05   9.03202069880344717E-07   6.75248653221974615E+06   6.88745787877650261E+07   8.84496332351511494E-08   1.49519447384593283E-14   4.31364535281093818E-19   2.72167962705721312E-05   8.02418128062899316E-06   2.04420056197540233E-12   2.22316765782075411E-10   1.52230011371967589E-23   5.62697965440354983E-12
  2.04410777234804997E-02   1.58924463735860194E-01   1.85432908804378343E+02   7.98424207557671168E+17   5.17849170061050875E-06   1.00000000000000000E+09   4.88981429029342815E-02   6.69807830070769165E-10   9.71175655033180085E+00   2.77924436253082843E-04   8.19453657269543116E-05   9.03202065820560800E-07   6.75248653221974615E+06   6.88745787877650261E+07   8.84495296216124660E-08   1.86847932431377549E-14   5.40866156447834851E-19   2.72167481959007173E-05   8.02401866253530947E-06   2.56316140148328525E-12   2.72209763904409072E-10   2.46726507556808775E-23   7.07160248533254860E-12
  1.63193023717780016E-02   1.58996399222819274E-01   1.85432908804378343E+02   6.37428527024958848E+17   4.13429140150933446E-06   1.00000000000000000E+09   4.88981431086179669E-02   8.67189451711662726E-10   9.71175654176003711E+00   2.77924434818440508E-04   8.19453652843497133E-05   9.03202060735614282E-07   6.75248653221974615E+06   6.88745787877650261E+07   8.84493996886575374E-08   2.33469746510006101E-14   6.78183040674085236E-19   2.72166869638086074E-05   8.02381462627517269E-06   3.21394702745178389E-12   3.34237546413577168E-10   7.48958627105536444E-23   8.88737170571774310E-12
  1.30313037398504996E-02   1.59068334693270058E-01   1.85432908804378343E+02   5.08999990249138304E+17   3.30131801941379326E-06   1.00000000000000000E+09   4.88981433638198820E-02   1.12012884760594594E-09   9.71175653103744629E+00   2.77924433021944071E-04   8.19453647300950731E-05   9.03202054367947963E-07   6.75248653221974615E+06   6.88745787877650261E+07   8.84492367844058152E-08   2.91678419040421966E-14   8.50345160955762116E-19   2.72166089508972502E-05   8.02355864963240069E-06   4.02987455326810566E-12   4.11263722104117482E-10   1.65174555073366191E-21   1.11690570159529572E-11
  1.04078854706565957E-02   1.59140270148306257E-01   1.85432908804378343E+02   4.06529823019774976E+17   2.63670777074890472E-06   1.00000000000000000E+09   4.88981436804235212E-02   1.44387781656117526E-09   9.71175651762713343E+00   2.77924430772787481E-04   8.19453640361665430E-05   9.03202046395626112E-07   6.75248653221974615E+06   6.88745787877650261E+07   8.84490325842715318E-08   3.64328639447044708E-14   1.06615023663165300E-18   2.72165095447055709E-05   8.02323751233311034E-06   5.05263896220434672E-12   5.06794528432801775E-10   3.62492041824849169E-20   1.40354076574381851E-11
  8.31429405432483615E-03   1.59212205589841865E-01   1.85432908804378343E+02   3.24754581511148288E+17   2.10632253703437426E-06   1.00000000000000000E+09   4.88981440731073233E-02   1.85783935742465724E-09   9.71175650085888265E+00   2.77924427957493313E-04   8.19453631675416553E-05   9.03202036416328302E-07   6.75248653221974615E+06   6.88745787877650261E+07   8.84487766721743589E-08   4.54972344787294365E-14   1.33660596004735390E-18   2.72163828838669169E-05   8.02283460079165374E-06   6.33440906755747045E-12   6.25109536510201141E-10   4.78943930447872527E-19   1.76351477888613995E-11
  6.64318543347279175E-03   1.59284141015876735E-01   1.85432908804378343E+02   2.59481429361546048E+17   1.68296804219844704E-06   1.00000000000000000E+09   4.88981445599759243E-02   2.38664542363686634E-09   9.71175647989624125E+00   2.77924424434281047E-04   8.19453620804587576E-05   9.03202023927375737E-07   6.75248653221974615E+06   6.88745787877650261E+07   8.84484560158972322E-08   5.68027493174956494E-14   1.67548201277678025E-18   2.72162215352796855E-05   8.02232906039640401E-06   7.94044514635962072E-12   7.71412936741395796E-10   4.06925115266205068E-18   2.21544536472059096E-11
  5.30903233013051232E-03   1.59356076426709875E-01   1.85432908804378343E+02   2.07369689036178720E+17   1.34497701871380726E-06   1.00000000000000000E+09   4.88981451633255237E-02   3.06144729858268473E-09   9.71175645369544327E+00   2.77924420026043166E-04   8.19453607202470232E-05   9.03202008300826682E-07   6.75248653221974615E+06   6.88745787877650261E+07   8.84480543065085562E-08   7.08987284115338230E-14   2.09999742809767741E-18   2.72160160944367659E-05   8.02169478976367754E-06   9.95236741026975108E-12   9.52005719704550383E-10   2.40586783792908295E-17   2.78262720768179135E-11
  4.24367626433625605E-03   1.59428011822481785E-01   1.85432908804378343E+02   1.65757104606667296E+17   1.07508236706995409E-06   1.00000000000000000E+09   4.88981459105672298E-02   3.92139937249360090E-09   9.71175642095437652E+00   2.77924414511588767E-04   8.19453590186196588E-05   9.03201988752422649E-07   6.75248653221974615E+06   6.88745787877650261E+07   8.84475511227843457E-08   8.84679366611974181E-14   2.63167027932221051E-18   2.72157546917582847E-05   8.02089930417216427E-06   1.24722362755134021E-11   1.17447735683244077E-09   1.05965465596649561E-16   3.49419068247621362E-11
  3.39278924757488746E-03   1.59499947203174008E-01   1.85432908804378343E+02   1.32521636239046864E+17   8.59520770003999210E-07   1.00000000000000000E+09   4.88981468353383020E-02   5.01528137532160503E-09   9.71175638004891439E+00   2.77924407614724774E-04   8.19453568902966690E-05   9.03201964302870731E-07   6.75248653221974615E+06   6.88745787877650261E+07   8.84469208769076790E-08   1.10358669741132046E-13   3.29735268249967820E-18   2.72154223833340680E-05   8.01990253197678912E-06   1.56276449598385422E-11   1.44791298644196893E-09   3.68193378758411729E-16   4.38653459122959279E-11
  2.71305853387659264E-03   1.59571882568608242E-01   1.85432908804378343E+02   1.05971497162291600E+17   6.87319484357721413E-07   1.00000000000000000E+09   4.88981479788253778E-02   6.40322988798853431E-09   9.71175632895371876E+00   2.77924398990648603E-04   8.19453542287956174E-05   9.03201933729592794E-07   6.75248653221974615E+06   6.88745787877650261E+07   8.84461314980308045E-08   1.37624428418841301E-13   4.13046549171933361E-18   2.72150003985566551E-05   8.01865558779153103E-06   1.95780741486472204E-11   1.78310846201379873E-09   1.05805494054397403E-15   5.50508208436763920E-11
  2.16994621311805431E-03   1.59643817918543485E-01   1.85432908804378343E+02   8.47576438526722240E+16   5.49728762025970396E-07   1.00000000000000000E+09   4.88981493913130949E-02   8.15865565756582638E-09   9.71175626514366108E+00   2.77924388208989454E-04   8.19453509011808630E-05   9.03201895506585292E-07   6.75248653221974615E+06   6.88745787877650261E+07   8.84451428061024966E-08   1.71572930219557797E-13   5.17243992261697920E-18   2.72144652092899110E-05   8.01709947382833042E-06   2.45228196712209863E-11   2.19278076743549636E-09   2.61271016737504974E-15   6.90640996409532015E-11
  1.73590590641028498E-03   1.59715753255343318E-01   1.85432908804378343E+02   6.78041205297232480E+16   4.39770072008807683E-07   1.00000000000000000E+09   4.88981511339561525E-02   1.03705157918316876E-08   9.71175618547110631E+00   2.77924374732677916E-04   8.19453467415185972E-05   9.03201847729499732E-07   6.75248653221974615E+06   6.88745787877650261E+07   8.84439045096364345E-08   2.13826627317775201E-13   6.47437354203012060E-18   2.72137873748115994E-05   8.01516358764214932E-06   3.07108801992132808E-11   2.69175504797905165E-09   5.71780390908437075E-15   8.66080700359972808E-11
  1.38896301344542056E-03   1.59787688576140702E-01   1.85432908804378343E+02   5.42526039154577760E+16   3.51876423811180100E-07   1.00000000000000000E+09   4.88981532807553493E-02   1.31460643921046385E-08   9.71175608601327944E+00   2.77924357891623812E-04   8.19453415427163118E-05   9.03201788022308534E-07   6.75248653221974615E+06   6.88745787877650261E+07   8.84423537288860675E-08   2.66397429401274340E-13   8.09891450909341608E-18   2.72129301028428478E-05   8.01276398289696360E-06   3.84532864577900340E-11   3.29710169076714881E-09   1.13684518752885180E-14   1.08553308143333675E-10
  1.11158416656420003E-03   1.59859623881140195E-01   1.85432908804378343E+02   4.34182443474197920E+16   2.81605957752787393E-07   1.00000000000000000E+09   4.88981559206986272E-02   1.66139849146612925E-08   9.71175596188238188E+00   2.77924336849928841E-04   8.19453350463503666E-05   9.03201713421061939E-07   6.75248653221974615E+06   6.88745787877650261E+07   8.84404119130320192E-08   3.31778972572329855E-13   1.01223926990596501E-17   2.72118474485788482E-05   8.00980157574156406E-06   4.81384705820047154E-11   4.02818776673251056E-09   2.09451356164298492E-14   1.35974555759091676E-10
  8.89776796554869374E-04   1.59931559172616838E-01   1.85432908804378343E+02   3.47544950076909040E+16   2.25413831210855649E-07   1.00000000000000000E+09   4.88981591599968526E-02   2.09275212159398003E-08   9.71175580698941943E+00   2.77924310565054770E-04   8.19453269299853917E-05   9.03201620229132088E-07   6.75248653221974615E+06   6.88745787877650261E+07   8.84379809980082928E-08   4.13060543900504937E-13   1.26372130688445775E-17   2.72104820496125600E-05   8.00616080825891492E-06   6.02514190412043192E-11   4.90659798176860654E-09   3.63098052230295532E-14   1.70194312973046563E-10
  7.12371827613920159E-04   1.60003494447764516E-01   1.85432908804378343E+02   2.78250941385398200E+16   1.80470498348632654E-07   1.00000000000000000E+09   4.88981631242915785E-02   2.62670332722619129E-08   9.71175561375056340E+00   2.77924277736979388E-04   8.19453167913704550E-05   9.03201503836996071E-07   6.75248653221974615E+06   6.88745787877650261E+07   8.84349386345094270E-08   5.14067720944354307E-13   1.57545193615088515E-17   2.72087622629910912E-05   8.00170952041408454E-06   7.53975305072628514E-11   5.95587392838957567E-09   5.99107446337443572E-14   2.12835055579705318E-10
  5.70452141082056783E-04   1.60075429708367273E-01   1.85432908804378343E+02   2.22817409558514400E+16   1.44516918542269133E-07   1.00000000000000000E+09   4.88981679606569491E-02   3.28413006125672981E-08   9.71175537272209688E+00   2.77924236744895041E-04   8.19453041287411277E-05   9.03201358497884422E-07   6.75248653221974615E+06   6.88745787877650261E+07   8.84311322859149343E-08   6.39536005063690762E-13   1.96071366304135135E-17   2.72065985318344837E-05   7.99630095462702108E-06   9.43323164358786796E-11   7.20102158130995798E-09   9.48763959071002569E-14   2.65881903627667425E-10
  4.56897093051661807E-04   1.60147364954447952E-01   1.85432908804378343E+02   1.78463046024298640E+16   1.15749165606325192E-07   1.00000000000000000E+09   4.88981738391878334E-02   4.08868209103930859E-08   9.71175507214668166E+00   2.77924185568402201E-04   8.19452883162761835E-05   9.03201177048551845E-07   6.75248653221974615E+06   6.88745787877650261E+07   8.84263719473703754E-08   7.95325295297692705E-13   2.43528161987447600E-17   2.72038787706167437E-05   7.98977896925457954E-06   1.17998340220911693E-10   8.66775236679284001E-09   1.45087083430472376E-13   3.31757920522831023E-10
  3.66019447039341451E-04   1.60219300184765490E-01   1.85432908804378343E+02   1.42966428143556680E+16   9.27264492214947947E-08   1.00000000000000000E+09   4.88981809540126253E-02   5.06646966055477845E-08   9.71175469738950525E+00   2.77924121689413677E-04   8.19452685735176352E-05   9.03200950561786390E-07   6.75248653221974615E+06   6.88745787877650261E+07   8.84204211831919569E-08   9.88685015640506356E-13   3.01778321891881625E-17   2.72004625270810416E-05   7.98198725642490171E-06   1.47571090331051675E-10   1.03814614558318676E-08   2.15231558308770223E-13   4.13414632655875807E-10
  2.93275912758787891E-04   1.60291235399781962E-01   1.85432908804378343E+02   1.14552956261798220E+16   7.42977835481754126E-08   1.00000000000000000E+09   4.88981895237787373E-02   6.24560901426568348E-08   9.71175423023780837E+00   2.77924041970050784E-04   8.19452439272826447E-05   9.03200667914037567E-07   6.75248653221974615E+06   6.88745787877650261E+07   8.84129861376598487E-08   1.22858211850127007E-12   3.73010031028214545E-17   2.71961736476490402E-05   7.97278201139475144E-06   1.84515825384221349E-10   1.23660157215121220E-08   3.10869397452889633E-13   5.14440837463730293E-10
  2.35036322012275721E-04   1.60363170599803512E-01   1.85432908804378343E+02   9.18046942966998600E+15   5.95435108213169969E-08   1.00000000000000000E+09   4.88981997921661138E-02   7.65593371511112559E-08   9.71175364803064234E+00   2.77923942500660486E-04   8.19452131642322803E-05   9.03200315247462759E-07   6.75248653221974615E+06   6.88745787877650261E+07   8.84037021530684816E-08   1.52610710429661701E-12   4.59782248852804477E-17   2.71907911277742384E-05   7.96204537306815091E-06   2.30657838621817917E-10   1.46425179493318649E-08   4.38521530211903436E-13   6.39193318628197619E-10
  1.88399526331073624E-04   1.60435105784980242E-01   1.85432908804378343E+02   7.35884597426772100E+15   4.77286613166035097E-08   1.00000000000000000E+09   4.88982120297652492E-02   9.32931486923874500E-08   9.71175292257824552E+00   2.77923818410639729E-04   8.19451747718237246E-05   9.03199875300717089E-07   6.75248653221974615E+06   6.88745787877650261E+07   8.83921176289298142E-08   1.89497670242022362E-12   5.65076011391448955E-17   2.71840377625103319E-05   7.94969551245710738E-06   2.88269132553142312E-10   1.72282971989834505E-08   6.05795939544521460E-13   7.92953708213759426E-10
  1.51046529765131208E-04   1.60507040955305824E-01   1.85432908804378343E+02   5.89984576466483200E+15   3.82657463767051830E-08   1.00000000000000000E+09   4.88982265392342089E-02   1.13009680851236952E-07   9.71175201882021177E+00   2.77923663632948848E-04   8.19451268648175901E-05   9.03199326576483614E-07   6.75248653221974615E+06   6.88745787877650261E+07   8.83776747695856752E-08   2.35215605119229491E-12   6.92352503131932822E-17   2.71755661310460171E-05   7.93568980154692309E-06   3.60175237613012231E-10   2.01363810187195322E-08   8.21534422915601452E-13   9.82116403301482351E-10
  1.21123302399278902E-04   1.60578976110615917E-01   1.85432908804378343E+02   4.73105078133062400E+15   3.06850706792003657E-08   1.00000000000000000E+09   4.88982436654287200E-02   1.36118850594923558E-07   9.71175089315970297E+00   2.77923470610939502E-04   8.19450670938198686E-05   9.03198642305977244E-07   6.75248653221974615E+06   6.88745787877650261E+07   8.83596868521972717E-08   2.91862813453847388E-12   8.45618717040993820E-17   2.71649414145640065E-05   7.92001989010249980E-06   4.49886788136631642E-10   2.33755885205322175E-08   1.09600395715874962E-12   1.21441309354903999E-09
  9.71472576025491789E-05   1.60650911250586670E-01   1.85432908804378343E+02   3.79455150149046700E+15   2.46110394161393034E-08   1.00000000000000000E+09   4.88982638111938941E-02   1.63122274102070816E-07   9.71174949139598809E+00   2.77923229933301906E-04   8.19449925314754378E-05   9.03197789160916157E-07   6.75248653221974615E+06   6.88745787877650261E+07   8.83373115052072778E-08   3.62034327555207255E-12   1.02950133243444151E-16   2.71516209419533608E-05   7.90270024257381864E-06   5.61761197461624239E-10   2.69511790894995180E-08   1.44142912341918308E-12   1.49917981457353658E-09
  7.79325995937535658E-05   1.60722846374732747E-01   1.85432908804378343E+02   3.04403099069852900E+15   1.97432460329001485E-08   1.00000000000000000E+09   4.88982874580943666E-02   1.94651672247422972E-07   9.71174774615887060E+00   2.77922929879405572E-04   8.19448995308469179E-05   9.03196725651334739E-07   6.75248653221974615E+06   6.88745787877650261E+07   8.83095193329636920E-08   4.48938315842052961E-12   1.24932710243815381E-16   2.71349323626796782E-05   7.88375340113593403E-06   7.01199783525488201E-10   3.08657885523122059E-08   1.87377441378225448E-12   1.84767133455687742E-09
  6.25307218967515366E-05   1.60794781483818539E-01   1.85432908804378343E+02   2.44243687900434550E+15   1.58413729221835025E-08   1.00000000000000000E+09   4.88983151896756479E-02   2.31501439031573054E-07   9.71174557372571812E+00   2.77922555852886559E-04   8.19447835491665086E-05   9.03195400132471219E-07   6.75248653221974615E+06   6.88745787877650261E+07   8.82750580067714196E-08   5.56536118180528184E-12   1.51119919988816632E-16   2.71140570932500715E-05   7.86319584275349034E-06   8.74883927307909381E-10   3.51202584566065195E-08   2.41704214862015651E-12   2.27342207454567108E-09
  5.01826127298233833E-05   1.60866716578642682E-01   1.85432908804378343E+02   1.96012232544657300E+15   1.27131339248278335E-08   1.00000000000000000E+09   4.88983477135461822E-02   2.74640348480804668E-07   9.71174287007320025E+00   2.77922089675870950E-04   8.19446389284766275E-05   9.03193748325093118E-07   6.75248653221974615E+06   6.88745787877650261E+07   8.82324151031025201E-08   6.89703277000465763E-12   1.82204062807503444E-16   2.70880307577379353E-05   7.84102809235183951E-06   1.09104859072288637E-09   3.97139679916904518E-08   3.11021636817109290E-12   2.79263921071416456E-09
  4.02808409117002384E-05   1.60938651656288789E-01   1.85432908804378343E+02   1.57336119551747400E+15   1.02046439346479787E-08   1.00000000000000000E+09   4.88983858792965825E-02   3.25189714663102744E-07   9.71173950598073965E+00   2.77921508709463752E-04   8.19444586226102800E-05   9.03191690230054167E-07   6.75248653221974615E+06   6.88745787877650261E+07   8.81797884239335693E-08   8.54398382336042816E-12   2.18955422935950690E-16   2.70557712952047888E-05   7.81723147133428897E-06   1.35978102779193076E-09   4.46444409561585516E-08   4.01425403552391367E-12   3.42459332111621444E-09
  3.23391877354718858E-05   1.61010586720888721E-01   1.85432908804378343E+02   1.26316188852866750E+15   8.19272551331659819E-09   1.00000000000000000E+09   4.88984306927134696E-02   3.84367426147334632E-07   9.71173532095915348E+00   2.77920784757886192E-04   8.19442338574209636E-05   9.03189126288515445E-07   6.75248653221974615E+06   6.88745787877650261E+07   8.81150776941622342E-08   1.05781076131683392E-11   2.62204081056479113E-16   2.70161355121955474E-05   7.79177149113013445E-06   1.69331669403281324E-09   4.99062726035615828E-08   5.21436120303694302E-12   4.19195305907030624E-09
  2.59683821130562397E-05   1.61082521768513925E-01   1.85432908804378343E+02   1.01431955744461562E+15   6.57876169215338607E-09   1.00000000000000000E+09   4.88984833309630065E-02   4.53411535748712424E-07   9.71173011572401457E+00   2.77919882703537061E-04   8.19439537080308273E-05   9.03185932602742494E-07   6.75248653221974615E+06   6.88745787877650261E+07   8.80359128585881774E-08   1.30844262683758909E-11   3.12803783000386536E-16   2.69679926411856026E-05   7.76460560443440906E-06   2.10628624311728057E-09   5.54896706679806212E-08   6.81369513748715402E-12   5.12100206584842550E-09
  2.08567085272647061E-05   1.61154456800698509E-01   1.85432908804378343E+02   8.14658659558544500E+14   5.28378323855328684E-09   1.00000000000000000E+09   4.88985451656594461E-02   5.33503192067030367E-07   9.71172364286680256E+00   2.77918758807880833E-04   8.19436045729788899E-05   9.03181954987091604E-07   6.75248653221974615E+06   6.88745787877650261E+07   8.79397293364594612E-08   1.61607518668015973E-11   3.71579050552638024E-16   2.69102979955899027E-05   7.73569215195194170E-06   2.61585227816788763E-09   6.13790150236720014E-08   8.91870891318360242E-12   6.24168149565037245E-09
  1.67545061723127188E-05   1.61226391818455106E-01   1.85432908804378343E+02   6.54427496172699750E+14   4.24454170633476216E-09   1.00000000000000000E+09   4.88986178002138658E-02   6.25704297661886177E-07   9.71171559529475559E+00   2.77917358597836405E-04   8.19431695203214842E-05   9.03177001562818022E-07   6.75248653221974615E+06   6.88745787877650261E+07   8.78238899018672799E-08   1.99157758068028935E-11   4.39262643654576703E-16   2.68421533548038633E-05   7.70499805886563662E-06   3.24166661266211912E-09   6.75517954951679096E-08   1.16210495919451020E-11   7.58741587723849319E-09
  1.34617760263070627E-05   1.61298326820023624E-01   1.85432908804378343E+02   5.25814147449607938E+14   3.41036984194261939E-09   1.00000000000000000E+09   4.88987031259487323E-02   7.30916044514007365E-07   9.71170559190847094E+00   2.77915614238566529E-04   8.19426274747481410E-05   9.03170833541171743E-07   6.75248653221974615E+06   6.88745787877650261E+07   8.76858399754782080E-08   2.44654177245191601E-11   5.16434787382661297E-16   2.67628485311770669E-05   7.67250423396567116E-06   4.00558082454002925E-09   7.39781533633164672E-08   1.49832029703628654E-11   9.19469755883183319E-09
  1.08182707531256103E-05   1.61370261805707765E-01   1.85432908804378343E+02   4.22559386058531562E+14   2.74067098464295488E-09   1.00000000000000000E+09   4.88988033999400024E-02   8.49856995142345124E-07   9.71169315986089821E+00   2.77913441270438450E-04   8.19419522073549237E-05   9.03163153754038310E-07   6.75248653221974615E+06   6.88745787877650261E+07   8.75232733490968007E-08   2.99275975959527374E-11   6.03476347964569420E-16   2.66718850376191389E-05   7.63820874868301768E-06   4.93105727192121483E-09   8.06211061837785731E-08   1.90336734245370224E-11   1.11024229504097033E-08
  8.69556845176991761E-06   1.61442196775653968E-01   1.85432908804378343E+02   3.39647079488025188E+14   2.20291104985629279E-09   1.00000000000000000E+09   4.88989213472521625E-02   9.83056356503506698E-07   9.71167771258627788E+00   2.77910734559386435E-04   8.19411110805473418E-05   9.03153592386043939E-07   6.75248653221974615E+06   6.88745787877650261E+07   8.73342826102395104E-08   3.64159355213580860E-11   7.00545019319967016E-16   2.65689855414870397E-05   7.60212835289141320E-06   6.04225726072076090E-09   8.74374205329157606E-08   2.37734539239516052E-11   1.33509933469101101E-08
  6.99073186685415821E-06   1.61514131729846883E-01   1.85432908804378343E+02   2.73056520137863719E+14   1.77101216937103235E-09   1.00000000000000000E+09   4.88990602910460842E-02   1.13085861103658562E-06   9.71165852259597884E+00   2.77907363274576959E-04   8.19400634892112755E-05   9.03141689231919856E-07   6.75248653221974615E+06   6.88745787877650261E+07   8.71174731561536940E-08   4.40331457981172162E-11   8.07577805895878269E-16   2.64540926172870640E-05   7.56429886031509905E-06   7.36282826064922925E-09   9.43790203371587059E-08   2.91912430476268803E-11   1.59812159523556626E-08
  5.62123492623328762E-06   1.61586066668107597E-01   1.85432908804378343E+02   2.19564256943157094E+14   1.42406739310628569E-09   1.00000000000000000E+09   4.88992243154649370E-02   1.29343755783991888E-06   9.71163468780184758E+00   2.77903164663416446E-04   8.19387589252944080E-05   9.03126871641853873E-07   6.75248653221974615E+06   6.88745787877650261E+07   8.68720289086493872E-08   5.28649973345504148E-11   9.24316847411539480E-16   2.63273590223526295E-05   7.52477471326867589E-06   8.91446749141803729E-09   1.01394770490905596E-07   3.52823912142710019E-11   1.90330654396089879E-08
  4.52090250753012667E-06   1.61658001590089639E-01   1.85432908804378343E+02   1.76585503506692031E+14   1.14531207976884129E-09   1.00000000000000000E+09   4.88994184678456026E-02   1.47081943346392190E-06   9.71160508983620119E+00   2.77897936339263326E-04   8.19371345756614175E-05   9.03108427118328018E-07   6.75248653221974615E+06   6.88745787877650261E+07   8.65977278141259104E-08   6.29756210489952623E-11   1.05035103496393743E-15   2.61891306824192345E-05   7.48362784019066542E-06   1.07153921609021847E-08   1.08432448673099349E-07   4.20666299708023238E-11   2.25443878007142749E-08
  3.63666044149725473E-06   1.61729936495274146E-01   1.85432908804378343E+02   1.42047193912062531E+14   9.21300550879323579E-10   1.00000000000000000E+09   4.88996490085619948E-02   1.66291549449643974E-06   9.71156834247762113E+00   2.77891426729034757E-04   8.19351123417610369E-05   9.03085469281527808E-07   6.75248653221974615E+06   6.88745787877650261E+07   8.62949130188555174E-08   7.44046791709329600E-11   1.18516405757428148E-15   2.60399232767816942E-05   7.44094583646596725E-06   1.27788806736776983E-08   1.15440711539108246E-07   4.96015611946094304E-11   2.65496396588915477E-08
  2.92593355545290987E-06   1.61801871385334084E-01   1.85432908804378343E+02   1.14286350846139016E+14   7.41246917637213205E-10   1.00000000000000000E+09   4.88999237187836208E-02   1.86956436201305676E-06   9.71152272784813952E+00   2.77883323243055460E-04   8.19325951433492897E-05   9.03056895616160248E-07   6.75248653221974615E+06   6.88745787877650261E+07   8.59644300841731442E-08   8.71665527845428071E-11   1.32818037779576934E-15   2.58803936126662470E-05   7.39682951706387421E-06   1.51120509209928724E-08   1.22370876732376428E-07   5.79913222204652616E-11   3.10787527321535912E-08
  2.35456213115755092E-06   1.61873806258769209E-01   1.85432908804378343E+02   9.19687028808318750E+13   5.96497241590711918E-10   1.00000000000000000E+09   4.89002522788624869E-02   2.09058396446542110E-06   9.71146611750067379E+00   2.77873237624354588E-04   8.19294623361360583E-05   9.03021335037278523E-07   6.75248653221974615E+06   6.88745787877650261E+07   8.56075420305222773E-08   1.01251357444587104E-10   1.47880315144459159E-15   2.57113074962824430E-05   7.35138995758684256E-06   1.77150077370629665E-08   1.29178378544962537E-07   6.73917147430178352E-11   3.61561940763252508E-08
  1.89513316154642030E-06   1.61945741113951547E-01   1.85432908804378343E+02   7.40235037111500156E+13   4.80106779401314318E-10   1.00000000000000000E+09   4.89006467331520936E-02   2.32583247256008390E-06   9.71139587484159961E+00   2.77860687805024144E-04   8.19255640334006998E-05   9.02977082850757516E-07   6.75248653221974615E+06   6.88745787877650261E+07   8.52258333315898950E-08   1.16627346119860353E-10   1.63644103463099851E-15   2.55335062133542825E-05   7.30474521073645535E-06   2.05804303490290260E-08   1.35823806294001454E-07   7.80139779576996827E-11   4.18002619121716975E-08
  1.52564356545274992E-06   1.62017675954317347E-01   1.85432908804378343E+02   5.95913176027327500E+13   3.86501325008548671E-10   1.00000000000000000E+09   4.89011220610147887E-02   2.57527745298023532E-06   9.71130873450358578E+00   2.77845075438256479E-04   8.19207140727348766E-05   9.02922020116464499E-07   6.75248653221974615E+06   6.88745787877650261E+07   8.48211122131478853E-08   1.33244140006788111E-10   1.80052322804715366E-15   2.53478738571362693E-05   7.25701693033528565E-06   2.36935997092140079E-08   1.42273490677162525E-07   9.01294478826547958E-11   4.80226209662466710E-08
  1.22842911588575783E-06   1.62089610775440096E-01   1.85432908804378343E+02   4.79821835550877656E+13   3.11205866997016129E-10   1.00000000000000000E+09   4.89016968787296391E-02   2.83907271102622187E-06   9.71120065326220328E+00   2.77825658080361137E-04   8.19146813091623823E-05   9.02853513726315717E-07   6.75248653221974615E+06   6.88745787877650261E+07   8.43953184265451833E-08   1.51036229538852092E-10   1.97050358424622774E-15   2.51553075492164530E-05   7.20832714283718499E-06   2.70328044732050724E-08   1.48499654688862172E-07   1.04076971447044625E-10   5.48280476821586175E-08
  9.99999999999999955E-07   1.62157973060463811E-01   1.85432908804378343E+02   3.90597902105977422E+13   2.53336299525615264E-10   1.00000000000000000E+09   4.89023596667677307E-02   3.10380829534475592E-06   9.71107328207666320E+00   2.77802713796798369E-04   8.19075514398228278E-05   9.02772525017556800E-07   6.75248653221974615E+06   6.88745787877650261E+07   8.39725354327135318E-08   1.68988129183757735E-10   2.13714663686450651E-15   2.49665560090296173E-05   7.16125528190820253E-06   3.03943571029635834E-08   1.54183172336840611E-07   1.19470105333232609E-10   6.18475033885728269E-08
  9.89306098526931033E-07   1.62161545579698557E-01   1.85432908804378343E+02   3.86420886625268594E+13   2.50627138500335012E-10   1.00000000000000000E+09   4.89023943031613798E-02   3.11764301381231019E-06   9.71106662583323654E+00   2.77801514760014771E-04   8.19071788426320289E-05   9.02768292658738822E-07   6.75248653221974615E+06   6.88745787877650261E+07   8.39504413734370459E-08   1.69926270832468707E-10   2.14585517419046601E-15   2.49566921124721375E-05   7.15879537103006057E-06   3.05700272319577231E-08   1.54480185172374461E-07   1.20274529393552902E-10   6.22143305143771914E-08
  7.96883315247470503E-07   1.62233480365734040E-01   1.85432908804378343E+02   3.11260951158918203E+13   2.01879321882022061E-10   1.00000000000000000E+09   4.89032430155720635E-02   3.41177801837220764E-06   9.71090045734319851E+00   2.77771503383185620E-04   8.18978506985299626E-05   9.02662294834855970E-07   6.75248653221974615E+06   6.88745787877650261E+07   8.34884512109493280E-08   1.89827821661893597E-10   2.32605662025121748E-15   2.47528800845969142E-05   7.10853624357538109E-06   3.42718039722232365E-08   1.60198105611742070E-07   1.39236260286683056E-10   7.01722569081445515E-08
  6.42010519037700477E-07   1.62305415131981517E-01   1.85432908804378343E+02   2.50767961866095469E+13   1.62644316604345733E-10   1.00000000000000000E+09   4.89042785731303165E-02   3.72273796370519359E-06   9.71069448236835875E+00   2.77734208070687112E-04   8.18862553711816613E-05   9.02530477744706132E-07   6.75248653221974615E+06   6.88745787877650261E+07   8.30112436080675979E-08   2.10647279549530749E-10   2.51057105431123085E-15   2.45446773257168495E-05   7.05765764638644448E-06   3.81001648900695032E-08   1.65640840621936346E-07   1.61595835790297866E-10   7.86856152935714157E-08
  5.17336139800627634E-07   1.62377349878047195E-01   1.85432908804378343E+02   2.02070410889729805E+13   1.31059694567200462E-10   1.00000000000000000E+09   4.89055450269043276E-02   4.05237461457698357E-06   9.71043921811089206E+00   2.77687874098442539E-04   8.18718455086022757E-05   9.02366584495333693E-07   6.75248653221974615E+06   6.88745787877650261E+07   8.25205974335626108E-08   2.32284881142276194E-10   2.69881805251999831E-15   2.43328340798260399E-05   7.00625942033889271E-06   4.20135934564284426E-08   1.70799360480400455E-07   1.88136513732418497E-10   8.77311432128677399E-08
  4.16952576604477610E-07   1.62449284603169736E-01   1.85432908804378343E+02   1.62860801699390781E+13   1.05628839311703197E-10   1.00000000000000000E+09   4.89070969189819085E-02   4.40327140857987652E-06   9.71012293642958113E+00   2.77630327593982333E-04   8.18539428577728446E-05   9.02162855114551101E-07   6.75248653221974615E+06   6.88745787877650261E+07   8.20181439157997037E-08   2.54634689929758701E-10   2.89013862590482968E-15   2.41180411946994140E-05   6.95443258819666063E-06   4.59679719739724736E-08   1.75667283635838465E-07   2.19826716919192251E-10   9.72783580098963831E-08
  3.36111663904552368E-07   1.62521219306168946E-01   1.85432908804378343E+02   1.31284510794467539E+13   8.51488629202421670E-11   1.00000000000000000E+09   4.89090017487057646E-02   4.77890663548396893E-06   9.70973113595483817E+00   2.77558876520912128E-04   8.18317073988231766E-05   9.01909670781162823E-07   6.75248653221974615E+06   6.88745787877650261E+07   8.15053455542695302E-08   2.77583543488435543E-10   3.08375356040067844E-15   2.39009310903138969E-05   6.90225907560428840E-06   4.99175068106547007E-08   1.80239999702175147E-07   2.57857281114023593E-10   1.07289214005229063E-07
  2.70996384654284661E-07   1.62593153985380906E-01   1.85432908804378343E+02   1.05850619324268086E+13   6.86527723629758492E-11   1.00000000000000000E+09   4.89113430202047644E-02   5.18384181033689473E-06   9.70924589125945836E+00   2.77470188739999525E-04   8.18040993687430430E-05   9.01595116101139590E-07   6.75248653221974615E+06   6.88745787877650261E+07   8.09834830398467556E-08   3.01008963995254438E-10   3.27871625491054952E-15   2.36820828430181150E-05   6.84981185573474725E-06   5.38156396608030106E-08   1.84513857329171765E-07   3.03672451303058397E-10   1.17717540687765535E-07
  2.18537675994801028E-07   1.62665088638581756E-01   1.85432908804378343E+02   8.53603577746851074E+12   5.53630594870680412E-11   1.00000000000000000E+09   4.89142240115576291E-02   5.62393358129675737E-06   9.70864505086874985E+00   2.77360142055595139E-04   8.17698326057444231E-05   9.01204441568105275E-07   6.75248653221974615E+06   6.88745787877650261E+07   8.04536485262279740E-08   3.24776071769427640E-10   3.47386271004071973E-15   2.34620305043708121E-05   6.79715540693238012E-06   5.76159516556275743E-08   1.88485442329103427E-07   3.58981587099902327E-10   1.28508228552741575E-07
  1.76267392213079838E-07   1.62737023262891606E-01   1.85432908804378343E+02   6.88496736081204785E+12   4.46544510005984971E-11   1.00000000000000000E+09   4.89177724396388791E-02   6.10656395879841244E-06   9.70790124959211198E+00   2.77223640126494019E-04   8.17273173299770320E-05   9.00719404898972045E-07   6.75248653221974615E+06   6.88745787877650261E+07   7.99167437707731360E-08   3.48733595216551937E-10   3.66776329132295806E-15   2.32412736975170394E-05   6.74434635903500542E-06   6.12730585133213758E-08   1.92150953128636458E-07   4.25733394027163494E-10   1.39596138369925889E-07
  1.42200265832854725E-07   1.62808957854658765E-01   1.85432908804378343E+02   5.55431255132253516E+12   3.60240047740934338E-11   1.00000000000000000E+09   4.89221462344910513E-02   6.64088165212425397E-06   9.70698069303091415E+00   2.77054386934545379E-04   8.16745901125511952E-05   9.00117465994308689E-07   6.75248653221974615E+06   6.88745787877650261E+07   7.93734819239051609E-08   3.72709150824997100E-10   3.85868291122409370E-15   2.30202897091619979E-05   6.69143423381602645E-06   6.47434833213223898E-08   1.95505664175672756E-07   5.06031209966080603E-10   1.50904712040670500E-07
  1.14739129696543963E-07   1.62880892409316191E-01   1.85432908804378343E+02   4.48168633489357227E+12   2.90670990267501181E-11   1.00000000000000000E+09   4.89275406880864475E-02   7.23804020769474811E-06   9.70584166292603889E+00   2.76844611167534273E-04   8.16092283738597239E-05   8.99370805831652623E-07   6.75248653221974615E+06   6.88745787877650261E+07   7.88243920521307329E-08   3.96504073759470496E-10   4.04455769750558554E-15   2.27995466082383708E-05   6.63846224424873874E-06   6.79864844868156622E-08   1.98543454030795933E-07   6.01968868544847516E-10   1.62344258165906567E-07
  9.25988015567678988E-08   1.62952826925555461E-01   1.85432908804378343E+02   3.61688976256012598E+12   2.34581494296350026E-11   1.00000000000000000E+09   4.89341973122170495E-02   7.91139577946614871E-06   9.70443268099422873E+00   2.76584730410615583E-04   8.15282463014267326E-05   8.98445134698783738E-07   6.75248653221974615E+06   6.88745787877650261E+07   7.82698257600105020E-08   4.19888202970867591E-10   4.22299629099115725E-15   2.25795171731812692E-05   6.58546817619872881E-06   7.09648127970214421E-08   2.01256364009472485E-07   7.15374051377892060E-10   1.73809875394776132E-07
  7.47449446534266734E-08   1.63024761392872336E-01   1.85432908804378343E+02   2.91952185746558496E+12   1.89351201910237901E-11   1.00000000000000000E+09   4.89424148366064196E-02   8.67657857165535569E-06   9.70269025579523614E+00   2.76262943510956530E-04   8.14279686049773714E-05   8.97298249951986757E-07   6.75248653221974615E+06   6.88745787877650261E+07   7.77099654547868036E-08   4.42595145146500082E-10   4.39131203472151513E-15   2.23606934901338481E-05   6.53248541939120584E-06   7.36453736897964860E-08   2.03634146289400224E-07   8.47460429263303579E-10   1.85178965343389353E-07
  6.03449482837382616E-08   1.63096695806924569E-01   1.85432908804378343E+02   2.35706102023218652E+12   1.52870802598257966E-11   1.00000000000000000E+09   4.89525629044849642E-02   9.55127575495089217E-06   9.70053612171612478E+00   2.75864737992909093E-04   8.13038780674012228E-05   8.95878298273831583E-07   6.75248653221974615E+06   6.88745787877650261E+07   7.71448338402248901E-08   4.64318631405495152E-10   4.54658830296231854E-15   2.21436020651491034E-05   6.47954424925729755E-06   7.59997771904584723E-08   2.05663759187858389E-07   9.98409232125468037E-10   1.96308279617113920E-07
  4.87284576843325374E-08   1.63168630155665240E-01   1.85432908804378343E+02   1.90332333443601831E+12   1.23442040640035988E-11   1.00000000000000000E+09   4.89650991673278579E-02   1.05544872453035721E-05   9.69787386115978300E+00   2.75372298145119885E-04   8.11504324673287199E-05   8.94121692881926428E-07   6.75248653221974615E+06   6.88745787877650261E+07   7.65743042228088526E-08   4.84710605985663228E-10   4.68577354346599190E-15   2.19288193558449831E-05   6.42667349280486405E-06   7.80047650675701448E-08   2.07328772864937354E-07   1.16692010273849182E-09   2.07030451323082391E-07
  3.93556515943030615E-08   1.63240564431875429E-01   1.85432908804378343E+02   1.53722349487485425E+12   9.96973502873001935E-12   1.00000000000000000E+09   4.89805906602350169E-02   1.17049128738120699E-05   9.69458478040482774E+00   2.74763798686489583E-04   8.09608462464481848E-05   8.91950633538380027E-07   6.75248653221974615E+06   6.88745787877650261E+07   7.59981114700773542E-08   5.03381609694177378E-10   4.80579641816724968E-15   2.17169880258592309E-05   6.37390273886346079E-06   7.96425060225836737E-08   2.08608657060188982E-07   1.34978305227211171E-09   2.17149991007749560E-07
  3.17917418205444647E-08   1.63312498618473356E-01   1.85432908804378343E+02   1.24177876593995337E+12   8.05352536325154818E-12   1.00000000000000000E+09   4.89997407296875048E-02   1.30176738548727659E-05   9.69052288640938286E+00   2.74012569232794437E-04   8.07268324385782324E-05   8.89270178592548706E-07   6.75248653221974615E+06   6.88745787877650261E+07   7.54158645635262699E-08   5.19903804263656564E-10   4.90368633728708021E-15   2.15088353389224247E-05   6.32126530304410751E-06   8.09007412454367477E-08   2.09477928625114969E-07   1.54152137490350410E-09   2.26438781441249671E-07
  2.56864705170692478E-08   1.63384432699509918E-01   1.85432908804378343E+02   1.00330814964742896E+12   6.50684196077025072E-12   1.00000000000000000E+09   4.90234236549421526E-02   1.44972619639230104E-05   9.68550878621603495E+00   2.73086116874701778E-04   8.04383011232855994E-05   8.85964826876566085E-07   6.75248653221974615E+06   6.88745787877650261E+07   7.48270641201729379E-08   5.33816610158660912E-10   4.97668222305129094E-15   2.13051971356373635E-05   6.26880227408766495E-06   8.17727613103028906E-08   2.09905152062526935E-07   1.73413695753035827E-09   2.34631180283420397E-07
  2.07576225551091316E-08   1.63456366655530205E-01   1.85432908804378343E+02   8.10788382273334595E+11   5.25818947683260889E-12   1.00000000000000000E+09   4.90527302650035288E-02   1.61228198550308758E-05   9.67932230330452370E+00   2.71944999158473715E-04   8.00830123998972970E-05   8.81894587876436459E-07   6.75248653221974615E+06   6.88745787877650261E+07   7.42311309449037991E-08   5.44634382932423390E-10   5.02231314183437177E-15   2.11070527909214346E-05   6.21656808771390888E-06   8.22572362906534423E-08   2.09851838758856090E-07   1.91695972422705502E-09   2.41418965056436857E-07
  1.67777641770942578E-08   1.63528300463914811E-01   1.85432908804378343E+02   6.55335948960183716E+11   4.24995074680947523E-12   1.00000000000000000E+09   4.90890284504205479E-02   1.78212242079566619E-05   9.67169357873742364E+00   2.70541549290703211E-04   7.96461851704791319E-05   8.76890558219763517E-07   6.75248653221974615E+06   6.88745787877650261E+07   7.36274515782227629E-08   5.51854583376251039E-10   5.03843784942880108E-15   2.09155762911575818E-05   6.16463798840852777E-06   8.23580051988959690E-08   2.09271378930194473E-07   2.07657424772105135E-09   2.46446591956825102E-07
  1.35635745971716229E-08   1.63600234095733821E-01   1.85432908804378343E+02   5.29790378271316345E+11   3.43568408647524691E-12   1.00000000000000000E+09   4.91340422188609599E-02   1.94245084727741622E-05   9.66229240415229640E+00   2.68818471850837144E-04   7.91100686919983851E-05   8.70750090972487626E-07   6.75248653221974615E+06   6.88745787877650261E+07   7.30154428859439709E-08   5.54962567578528418E-10   5.02323522474618403E-15   2.07322058932920032E-05   6.11311738911062784E-06   8.20840074815725697E-08   2.08108223947973508E-07   2.19678005128316719E-09   2.49307515355830215E-07
  1.09672619374382266E-08   1.63672167518996353E-01   1.85432908804378343E+02   4.28378950461010864E+11   2.77794862378124338E-12   1.00000000000000000E+09   4.91899534428692428E-02   2.06078781649990157E-05   9.65071552417884959E+00   2.66707353925582126E-04   7.84534930108521974E-05   8.63231754561748801E-07   6.75248653221974615E+06   6.88745787877650261E+07   7.23946358333745610E-08   5.53423164289333746E-10   4.97514371559216469E-15   2.05587349967217751E-05   6.06215296103531714E-06   8.14496061049858873E-08   2.06297657534428356E-07   2.25853866708272300E-09   2.49542276856409331E-07
