# lambda[A]  T_theo  T_instr  T_rot+instr  (He I 10830)
1.082777601196789328e+04 9.999991330414341739e-01 9.999991114214776822e-01 9.999991099884585344e-01
1.082779604312439187e+04 9.999991148657221274e-01 9.999991002795851625e-01 9.999990991719475142e-01
1.082781607428089592e+04 9.999990960417531882e-01 9.999990863470146207e-01 9.999990855446359017e-01
1.082783610543739633e+04 9.999990765346797872e-01 9.999990699116350079e-01 9.999990693623234117e-01
1.082785613659389492e+04 9.999990563070652039e-01 9.999990513920101742e-01 9.999990510276610678e-01
1.082787616775039533e+04 9.999990353186349878e-01 9.999990312067280618e-01 9.999990309609018135e-01
1.082789619890689755e+04 9.999990135259946289e-01 9.999990096829335373e-01 9.999990095027191384e-01
1.082791623006339796e+04 9.999989908823173623e-01 9.999989870240938439e-01 9.999989868738438092e-01
1.082793626121989837e+04 9.999989673369870102e-01 9.999989633235402131e-01 9.999989631824948155e-01
1.082795629237639878e+04 9.999989428351914178e-01 9.999989385972120060e-01 9.999989384546864590e-01
1.082797632353290101e+04 9.999989173174544943e-01 9.999989128147561690e-01 9.999989126656756433e-01
1.082799635468940141e+04 9.999988907190862086e-01 9.999988859203202685e-01 9.999988857622179594e-01
1.082801638584590182e+04 9.999988629695257814e-01 9.999988578432044140e-01 9.999988576746062785e-01
1.082803641700240405e+04 9.999988339915300006e-01 9.999988285017593626e-01 9.999988283214443774e-01
1.082805644815890446e+04 9.999988037001413810e-01 9.999987978035226321e-01 9.999987976102224785e-01
1.082807647931540487e+04 9.999987720013103765e-01 9.999987656431995608e-01 9.999987654354600686e-01
1.082809651047190528e+04 9.999987387899874625e-01 9.999987318988841078e-01 9.999987316749701094e-01
1.082811654162840750e+04 9.999987039473664518e-01 9.999986964260993982e-01 9.999986961838832622e-01
1.082813657278490791e+04 9.999986673367702306e-01 9.999986590486054094e-01 9.999986587854045039e-01
1.082815660394140832e+04 9.999986287973586796e-01 9.999986195442253090e-01 9.999986192565610832e-01
1.082817663509790873e+04 9.999985881343511629e-01 9.999985776230037038e-01 9.999985773062454175e-01
1.082819666625441096e+04 9.999985451037117778e-01 9.999985328936791262e-01 9.999985325415033932e-01
1.082821669741091137e+04 9.999984993881253503e-01 9.999984848124923165e-01 9.999984844160845210e-01
1.082823672856741177e+04 9.999984505593916273e-01 9.999984326056343686e-01 9.999984321525021702e-01
1.082825675972391218e+04 9.999983980199330658e-01 9.999983751527343756e-01 9.999983746249633265e-01
1.082827679088041441e+04 9.999983409125442479e-01 9.999983108134482546e-01 9.999983101851487310e-01
1.082829682203691482e+04 9.999982779824938550e-01 9.999982371717976992e-01 9.999982364053936479e-01
1.082831685319341523e+04 9.999982073690663054e-01 9.999981506628476957e-01 9.999981497036994904e-01
1.082833688434991745e+04 9.999981262939737769e-01 9.999980460326312048e-01 9.999980448012751877e-01
1.082835691550641786e+04 9.999980306009658149e-01 9.999979155636999906e-01 9.999979139446515397e-01
1.082837694666291827e+04 9.999979140833791247e-01 9.999977479734295516e-01 9.999977457989902563e-01
1.082839697781941868e+04 9.999977675129939625e-01 9.999975268574220477e-01 9.999975238841277703e-01
1.082841700897592091e+04 9.999975772526015216e-01 9.999972285014762097e-01 9.999972243754615686e-01
1.082843704013242132e+04 9.999973232935943646e-01 9.999968188149446213e-01 9.999968130201820626e-01
1.082845707128891991e+04 9.999969765048947190e-01 9.999962490324626474e-01 9.999962408116657153e-01
1.082847710244542031e+04 9.999964948044598456e-01 9.999954496658213232e-01 9.999954378960561607e-01
1.082849713360192436e+04 9.999958178593139069e-01 9.999943219183458076e-01 9.999943049085788793e-01
1.082851716475842295e+04 9.999948597669402472e-01 9.999927253159216489e-01 9.999927004645442485e-01
1.082853719591492336e+04 9.999934989388906681e-01 9.999904594990314255e-01 9.999904226905758087e-01
1.082855722707142559e+04 9.999915640410748097e-01 9.999872366419606529e-01 9.999871811419156487e-01
1.082857725822792600e+04 9.999888142429445015e-01 9.999826381984529000e-01 9.999825525570679163e-01
1.082859728938442640e+04 9.999849110018239617e-01 9.999760444054472952e-01 9.999759083707792096e-01
1.082861732054092681e+04 9.999793768040913244e-01 9.999665148684462324e-01 9.999662912696543060e-01
1.082863735169742904e+04 9.999715330177203487e-01 9.999525791948012943e-01 9.999521976889781394e-01
1.082865738285392945e+04 9.999604029357368473e-01 9.999318600485210817e-01 9.999311846566182327e-01
1.082867741401042986e+04 9.999445545140067670e-01 9.999003835543599505e-01 9.998991486956380070e-01
1.082869744516693027e+04 9.999218347672655938e-01 9.998513125530619217e-01 9.998490001605317978e-01
1.082871747632343249e+04 9.998889031520842297e-01 9.997726389721768303e-01 9.997682512496145479e-01
1.082873750747993290e+04 9.998403819868835196e-01 9.996430674930981697e-01 9.996347284555708868e-01
1.082875753863643331e+04 9.997672632983564123e-01 9.994249206827582332e-01 9.994092264301182027e-01
1.082877756979293372e+04 9.996538581203159302e-01 9.990524972060753628e-01 9.990235585869250423e-01
1.082879760094943595e+04 9.994718940304465615e-01 9.984142150566379659e-01 9.983624473763734741e-01
1.082881763210593635e+04 9.991691175873729236e-01 9.973276599809127729e-01 9.972386321289296029e-01
1.082883766326243676e+04 9.986476353297214503e-01 9.955091982363144520e-01 9.953632770243767691e-01
1.082885769441893899e+04 9.977240745206300554e-01 9.925448902593903000e-01 9.923188918599578079e-01
1.082887772557543940e+04 9.960601789184717614e-01 9.878769119027455137e-01 9.875491688218825947e-01
1.082889775673193981e+04 9.930521082843911662e-01 9.808272624026850295e-01 9.803869163967038336e-01
1.082891778788844022e+04 9.876792666195670645e-01 9.706830623169224737e-01 9.701425955740198281e-01
1.082893781904494244e+04 9.783595981889069426e-01 9.568584263725001815e-01 9.562656696982120286e-01
1.082895785020144285e+04 9.629660841518857817e-01 9.391224020611068646e-01 9.385657618652665235e-01
1.082897788135794326e+04 9.393158764297836472e-01 9.178446178085605256e-01 9.174450383905130568e-01
1.082899791251444367e+04 9.064410659607573528e-01 8.941751171778459240e-01 8.940618677615980170e-01
1.082901794367094590e+04 8.663320221497472495e-01 8.700642449034921011e-01 8.703385285606742849e-01
1.082903797482744631e+04 8.247342038415784726e-01 8.480589185329199253e-01 8.487565586865166711e-01
1.082905800598394671e+04 7.896664445634535845e-01 8.308811170355631104e-01 8.319490233557410575e-01
1.082907803714044894e+04 7.684640461608196471e-01 8.208783679090692065e-01 8.221763633141150329e-01
1.082909806829694935e+04 7.655021664486711952e-01 8.194976028876242991e-01 8.208281444096383606e-01
1.082911809945344794e+04 7.813781369166181712e-01 8.269428517285000169e-01 8.281001102141108960e-01
1.082913813060994835e+04 8.128458636463752329e-01 8.421260308781957082e-01 8.429478165216156560e-01
1.082915816176645239e+04 8.533129039347776557e-01 8.629267723266110801e-01 8.633316072848624678e-01
1.082917819292295098e+04 8.946488585134010352e-01 8.866777467588056183e-01 8.866755409729134563e-01
1.082919822407945139e+04 9.301420329144211019e-01 9.107247363442330101e-01 9.104001650168941362e-01
1.082921825523595180e+04 9.566365036264076194e-01 9.329008002629263219e-01 9.323786771730097067e-01
1.082923828639245403e+04 9.743665160404605396e-01 9.518016808808369422e-01 9.512088130128065755e-01
1.082925831754895444e+04 9.853136106149366080e-01 9.668306593697574280e-01 9.662670867322161738e-01
1.082927834870545485e+04 9.917063944577723111e-01 9.780585291469575671e-01 9.775845382895267388e-01
1.082929837986195525e+04 9.953110580027705323e-01 9.859881659823741540e-01 9.856260338188810310e-01
1.082931841101845748e+04 9.973089178760921047e-01 9.913141103963064582e-01 9.910587625372194731e-01
1.082933844217495789e+04 9.984148823092912073e-01 9.947376086688484165e-01 9.945695278987743970e-01
1.082935847333145830e+04 9.990351730054567447e-01 9.968584512372299367e-01 9.967541902725592928e-01
1.082937850448796053e+04 9.993918085538007201e-01 9.981347274881487985e-01 9.980732505920968389e-01
1.082939853564446094e+04 9.996036779057922983e-01 9.988875050249558241e-01 9.988527495186847460e-01
1.082941856680096134e+04 9.997341480011430193e-01 9.993270310196680217e-01 9.993080224924635324e-01
1.082943859795746175e+04 9.998173139602837267e-01 9.995837431074032775e-01 9.995735882882729184e-01
1.082945862911396398e+04 9.998719256046424420e-01 9.997352523464146934e-01 9.997298972089616598e-01
1.082947866027046439e+04 9.999086236093610580e-01 9.998263661715478534e-01 9.998235461967857063e-01
1.082949869142696480e+04 9.999336759676096253e-01 9.998824781918683735e-01 9.998809769047677376e-01
1.082951872258346521e+04 9.999509195707528830e-01 9.999178800471706374e-01 9.999170615639993986e-01
1.082953875373996743e+04 9.999627861751468894e-01 9.999406466598087517e-01 9.999401836545718236e-01
1.082955878489646784e+04 9.999708578763298883e-01 9.999553961634984889e-01 9.999551205248519148e-01
1.082957881605296825e+04 9.999761761651954073e-01 9.999648070995831306e-01 9.999646312912650048e-01
1.082959884720947048e+04 9.999794178170021697e-01 9.999704373928274270e-01 9.999703141392211059e-01
1.082961887836597089e+04 9.999809953685830921e-01 9.999731596344043627e-01 9.999730614600789158e-01
1.082963890952247129e+04 9.999811118111191499e-01 9.999733856473628224e-01 9.999732943239966199e-01
1.082965894067897170e+04 9.999797844686926229e-01 9.999711714006944696e-01 9.999710721042232020e-01
1.082967897183547393e+04 9.999768449768878797e-01 9.999662472494262877e-01 9.999661246647982837e-01
1.082969900299197434e+04 9.999719173612872103e-01 9.999579918505795417e-01 9.999578265405293376e-01
1.082971903414847475e+04 9.999643725787961124e-01 9.999453503370793195e-01 9.999451139025625768e-01
1.082973906530497334e+04 9.999532543219405989e-01 9.999266809360775055e-01 9.999263279360021128e-01
1.082975909646147738e+04 9.999371662942995176e-01 9.998994921498526312e-01 9.998989451238164961e-01
1.082977912761797597e+04 9.999141040529715418e-01 9.998599954042431959e-01 9.998591158465228723e-01
1.082979915877447638e+04 9.998812023288711215e-01 9.998023301814397135e-01 9.998008613615712026e-01
1.082981918993097679e+04 9.998343466443948557e-01 9.997171936896561695e-01 9.997146481145355867e-01
1.082983922108747902e+04 9.997675565077879245e-01 9.995893824535568850e-01 9.995848236708927415e-01
1.082985925224397943e+04 9.996719672792518940e-01 9.993933678163278156e-01 9.993849993112025043e-01
1.082987928340047984e+04 9.995340801571066525e-01 9.990854133105550039e-01 9.990698368144261821e-01
1.082989931455698206e+04 9.993326367222956641e-01 9.985898709371973103e-01 9.985608271272130576e-01
1.082991934571348247e+04 9.990328534411306860e-01 9.977762900833138104e-01 9.977226919910918701e-01
1.082993937686998288e+04 9.985755367124721227e-01 9.964233152878951838e-01 9.963265222110661012e-01
1.082995940802648329e+04 9.978562972535592879e-01 9.941661113086415202e-01 9.939968027856073141e-01
1.082997943918298552e+04 9.966859631737315928e-01 9.904279793449601854e-01 9.901437755584674427e-01
1.082999947033948592e+04 9.947166217708870439e-01 9.843458074211651754e-01 9.838918375220132573e-01
1.083001950149598633e+04 9.913088878081215416e-01 9.747134840389380939e-01 9.740288924641405943e-01
1.083003953265248674e+04 9.853098956566047617e-01 9.599838709374662882e-01 9.590167631614217036e-01
1.083005956380898897e+04 9.747252763305437329e-01 9.383789074404658148e-01 9.371094380394034973e-01
1.083007959496548938e+04 9.563430101612839795e-01 9.081451846975702180e-01 9.066113835103776220e-01
1.083009962612198979e+04 9.255673451872572510e-01 8.679488626474044510e-01 8.662644774850889462e-01
1.083011965727849201e+04 8.770636305473913374e-01 8.173350072798601929e-01 8.156870934639703918e-01
1.083013968843499242e+04 8.070005914176673345e-01 7.571115267655533776e-01 7.557311877844619108e-01
1.083015971959149283e+04 7.167442430646973062e-01 6.895003960524198616e-01 6.886123432528508115e-01
1.083017975074799324e+04 6.152278730582080302e-01 6.179590108436374685e-01 6.177282007382944862e-01
1.083019978190449547e+04 5.160924595428997286e-01 5.466996294796032663e-01 5.471974305610725064e-01
1.083021981306099588e+04 4.306623420567504690e-01 4.800646296619974218e-01 4.812681781873558440e-01
1.083023984421749628e+04 3.633991130364620514e-01 4.219746196532219717e-01 4.237954143145740704e-01
1.083025987537399669e+04 3.133069537960647133e-01 3.756162218499017325e-01 3.779384244506922563e-01
1.083027990653049892e+04 2.781179502312964846e-01 3.434027324216740729e-01 3.461079667381568581e-01
1.083029993768699933e+04 2.570393364363738331e-01 3.270989129003925577e-01 3.300646733564298607e-01
1.083031996884349974e+04 2.511645461945691271e-01 3.279273240340007667e-01 3.310039541337251312e-01
1.083034000000000196e+04 2.631587946927566035e-01 3.465036435262190961e-01 3.494899277663800485e-01
1.083036003115650237e+04 2.971305869318244253e-01 3.825649461660727835e-01 3.852062897840634048e-01
1.083038006231300278e+04 3.576284950555003173e-01 4.346008311001338664e-01 4.366239429230746039e-01
1.083040009346950137e+04 4.462180009828465299e-01 4.995999563460373216e-01 5.007780286254223112e-01
1.083042012462600542e+04 5.565286039427594922e-01 5.731246602394179934e-01 5.733474742870917629e-01
1.083044015578250401e+04 6.730297893586179026e-01 6.498089035418311843e-01 6.491249280754319839e-01
1.083046018693900442e+04 7.776360328797445876e-01 7.241880751440611386e-01 7.227964728826835605e-01
1.083048021809550482e+04 8.588509452305481684e-01 7.916089942069125529e-01 7.898032619317211234e-01
1.083050024925200705e+04 9.148694064396236669e-01 8.489237516822466523e-01 8.470113861583586923e-01
1.083052028040850746e+04 9.502349821142866970e-01 8.947657094140691880e-01 8.929965997510124209e-01
1.083054031156500787e+04 9.712485395836712998e-01 9.293825656223906329e-01 9.279096844821154155e-01
1.083056034272150828e+04 9.832942317230093376e-01 9.541622064529403646e-01 9.530396627343333815e-01
1.083058037387801050e+04 9.901016451181512412e-01 9.710588086555538290e-01 9.702663431977722741e-01
1.083060040503451091e+04 9.939654694628675680e-01 9.820986962804916232e-01 9.815755349126077389e-01
1.083062043619101132e+04 9.962012176247074802e-01 9.890598873664926405e-01 9.887341010042037803e-01
1.083064046734751355e+04 9.975337407807176593e-01 9.933318631301210067e-01 9.931388449577991384e-01
1.083066049850401396e+04 9.983558275734272236e-01 9.959083963156998287e-01 9.957986136215160045e-01
1.083068052966051437e+04 9.988807177475653720e-01 9.974520581644401584e-01 9.973915285474022063e-01
1.083070056081701478e+04 9.992261774855043521e-01 9.983807882098928443e-01 9.983480881939532647e-01
1.083072059197351700e+04 9.994591614444011674e-01 9.989473825320279721e-01 9.989298700362740924e-01
1.083074062313001741e+04 9.996191601824107043e-01 9.993004148892598026e-01 9.992910020721106346e-01
1.083076065428651782e+04 9.997304092324629243e-01 9.995258786143550456e-01 9.995207392259316537e-01
1.083078068544301823e+04 9.998083625152027754e-01 9.996734575960153357e-01 9.996705771857963274e-01
1.083080071659952046e+04 9.998632111103420428e-01 9.997721768872962489e-01 9.997705078262677514e-01
1.083082074775602086e+04 9.999018608324298230e-01 9.998393674344470128e-01 9.998383645965764899e-01
1.083084077891252127e+04 9.999290877516973097e-01 9.998856828139960351e-01 9.998850588173608944e-01
1.083086081006902350e+04 9.999482418729915834e-01 9.999178833843520575e-01 9.999174829923076491e-01
1.083088084122552391e+04 9.999616934113787492e-01 9.999403906095244432e-01 9.999401271472716513e-01
1.083090087238202432e+04 9.999711265141690841e-01 9.999561713601954338e-01 9.999559945582290332e-01
1.083092090353852473e+04 9.999777387715776955e-01 9.999672560392987020e-01 9.999671355923672733e-01
1.083094093469502695e+04 9.999823801527846223e-01 9.999750533236865246e-01 9.999749702997483558e-01
1.083096096585152736e+04 9.999856515266961621e-01 9.999805487954558370e-01 9.999804910057473739e-01
1.083098099700802777e+04 9.999879753519896886e-01 9.999844348686504070e-01 9.999843942776619476e-01
1.083100102816452818e+04 9.999896467190642069e-01 9.999871983950386900e-01 9.999871696120095077e-01
1.083102105932103041e+04 9.999908702710711417e-01 9.999891811340626546e-01 9.999891604986973492e-01
1.083104109047753082e+04 9.999917868624799144e-01 9.999906221829435449e-01 9.999906071907898042e-01
1.083106112163402940e+04 9.999924927194786539e-01 9.999916880526890095e-01 9.999916769826930896e-01
1.083108115279052981e+04 9.999930531189480387e-01 9.999924940937046092e-01 9.999924857608368800e-01
1.083110118394703204e+04 9.999935120733081106e-01 9.999931197729859944e-01 9.999931133609422096e-01
1.083112121510353245e+04 9.999938991227961260e-01 9.999936195433098973e-01 9.999936144899629342e-01
1.083114124626003286e+04 9.999942340502824267e-01 9.999940305412223784e-01 9.999940264596112183e-01
1.083116127741653509e+04 9.999945301187366242e-01 9.999943780049739273e-01 9.999943746286178436e-01
1.083118130857303549e+04 9.999947962696691395e-01 9.999946790591506263e-01 9.999946762041953541e-01
1.083120133972953590e+04 9.999950385994091917e-01 9.999949453362964036e-01 9.999949428753601710e-01
1.083122137088603631e+04 9.999952613396368983e-01 9.999951847767312163e-01 9.999951826209121375e-01
1.083124140204253854e+04 9.999954675018674077e-01 9.999954028528293959e-01 9.999954009393817733e-01
1.083126143319903895e+04 9.999956592970193903e-01 9.999956033941319600e-01 9.999956016780783274e-01
1.083128146435553936e+04 9.999958384063442063e-01 9.999957891384680941e-01 9.999957875869200929e-01
1.083130149551203976e+04 9.999960061553109236e-01 9.999959620969907093e-01 9.999959606853243699e-01
1.083132152666854199e+04 9.999961636248682062e-01 9.999961237941878966e-01 9.999961225034798007e-01
1.083134155782504240e+04 9.999963117227278486e-01 9.999962754247725405e-01 9.999962742400838600e-01
1.083136158898154281e+04 9.999964512293442187e-01 9.999964179558800126e-01 9.999964168651105378e-01
1.083138162013804504e+04 9.999965828280062974e-01 9.999965521936161617e-01 9.999965511867350276e-01
1.083140165129454545e+04 9.999967071249722395e-01 9.999966788265772788e-01 9.999966778951013824e-01
1.083142168245104585e+04 9.999968246633701430e-01 9.999967984545754529e-01 9.999967975912150697e-01
1.083144171360754626e+04 9.999969359331627450e-01 9.999969116079292508e-01 9.999969108063393453e-01
1.083146174476404849e+04 9.999970413785943535e-01 9.999970187607231109e-01 9.999970180153261445e-01
1.083148177592054890e+04 9.999971414039802164e-01 9.999971203402134856e-01 9.999971196460681888e-01
1.083150180707704931e+04 9.999972363783745655e-01 9.999972167337407569e-01 9.999972160864465387e-01
1.083152183823354972e+04 9.999973266394515115e-01 9.999973082940096791e-01 9.999973076896272461e-01
1.083154186939005194e+04 9.999974124967911937e-01 9.999973953432642615e-01 9.999973947782564432e-01
1.083156190054655235e+04 9.999974942347233942e-01 9.999974781767054788e-01 9.999974776478853800e-01
1.083158193170305276e+04 9.999975721148096630e-01 9.999975570653478751e-01 9.999975565698380198e-01
1.083160196285955317e+04 9.999976463780241298e-01 9.999976322584714916e-01 9.999976317936680736e-01
1.083162199401605540e+04 9.999977172466895103e-01 9.999977039857450567e-01 9.999977035492866317e-01
1.083164202517255580e+04 9.999977849261972862e-01 9.999977724590878303e-01 9.999977720488302246e-01
1.083166205632905621e+04 9.999978496065401457e-01 9.999978378743202834e-01 9.999978374883111698e-01
1.083168208748555844e+04 9.999979114636866617e-01 9.999979004126235971e-01 9.999979000490850645e-01
1.083170211864205885e+04 9.999979706608117525e-01 9.999979602418508362e-01 9.999979598991592944e-01
1.083172214979855744e+04 9.999980273494021299e-01 9.999980175176929054e-01 9.999980171943657625e-01
1.083174218095505785e+04 9.999980816702530584e-01 9.999980723847327058e-01 9.999980720794110489e-01
1.083176221211156007e+04 9.999981337543625282e-01 9.999981249773847169e-01 9.999981246888243192e-01
1.083178224326806048e+04 9.999981837237450488e-01 9.999981754207520890e-01 9.999981751478106418e-01
1.083180227442456089e+04 9.999982316921626202e-01 9.999982238313912530e-01 9.999982235730193736e-01
1.083182230558106130e+04 9.999982777657876465e-01 9.999982703180085863e-01 9.999982700732411578e-01
1.083184233673756353e+04 9.999983220438081188e-01 9.999983149820914630e-01 9.999983147500383085e-01
1.083186236789406394e+04 9.999983646189706255e-01 9.999983579184763549e-01 9.999983576983185740e-01
1.083188239905056435e+04 9.999984055780803960e-01 9.999983992158723023e-01 9.999983990068519457e-01
1.083190243020706657e+04 9.999984450024531624e-01 9.999984389573279842e-01 9.999984387587452783e-01
1.083192246136356698e+04 9.999984829683282728e-01 9.999984772206657047e-01 9.999984770318739447e-01
1.083194249252006739e+04 9.999985195472459454e-01 9.999985140788715254e-01 9.999985138992703027e-01
1.083196252367656780e+04 9.999985548063916596e-01 9.999985496004535346e-01 9.999985494294875155e-01
1.083198255483307003e+04 9.999985888089126806e-01 9.999985838497690294e-01 9.999985836869221822e-01
1.083200258598957043e+04 9.999986216142054962e-01 9.999986168873254977e-01 9.999986167321190944e-01
1.083202261714607084e+04 9.999986532781814930e-01 9.999986487700541771e-01 9.999986486220425741e-01
1.083204264830257125e+04 9.999986838535115385e-01 9.999986795515609650e-01 9.999986794103296051e-01
1.083206267945907348e+04 9.999987133898478042e-01 9.999987092823601209e-01 9.999987091475234235e-01
1.083208271061557389e+04 9.999987419340307104e-01 9.999987380100850975e-01 9.999987378812832395e-01
1.083210274177207430e+04 9.999987695302796631e-01 9.999987657796856055e-01 9.999987656565825223e-01
1.083212277292857470e+04 9.999987962203649161e-01 9.999987926336068034e-01 9.999987925158894120e-01
1.083214280408507693e+04 9.999988220437725506e-01 9.999988186119562750e-01 9.999988184993318097e-01
1.083216283524157734e+04 9.999988470378492478e-01 9.999988437526577956e-01 9.999988436448515872e-01
1.083218286639807775e+04 9.999988712379450639e-01 9.999988680915914419e-01 9.999988679883482501e-01
1.083220289755457998e+04 9.999988946775367760e-01 9.999988916627283730e-01 9.999988915638077236e-01
1.083222292871108039e+04 9.999989173883477855e-01 9.999989144982485145e-01 9.999989144034249211e-01
1.083224295986758079e+04 9.999989394004570320e-01 9.999989366286540227e-01 9.999989365377167649e-01
1.083226299102408120e+04 9.999989607424019100e-01 9.999989580828755331e-01 9.999989579956267693e-01
1.083228302218058343e+04 9.999989814412701961e-01 9.999989788883660857e-01 9.999989788046192984e-01
1.083230305333708384e+04 9.999990015227895324e-01 9.999989990711926069e-01 9.999989989907734911e-01
1.083232308449358425e+04 9.999990210114082512e-01 9.999990186561201755e-01 9.999990185788643071e-01
1.083234311565008284e+04 9.999990399303714250e-01 9.999990376666870739e-01 9.999990375924396879e-01
1.083236314680658688e+04 9.999990583017908108e-01 9.999990561252801724e-01 9.999990560538948303e-01
1.083238317796308547e+04 9.999990761467116851e-01 9.999990740531995437e-01 9.999990739845397991e-01
1.083240320911958588e+04 9.999990934851742397e-01 9.999990914707236334e-01 9.999990914046595902e-01
1.083242324027608811e+04 9.999991103362685374e-01 9.999991083971658812e-01 9.999991083335757480e-01
1.083244327143258852e+04 9.999991267181913557e-01 9.999991248509311204e-01 9.999991247896995450e-01
1.083246330258908893e+04 9.999991426482943702e-01 9.999991408495655376e-01 9.999991407905833851e-01
1.083248333374558933e+04 9.999991581431311172e-01 9.999991564098049679e-01 9.999991563529696537e-01
1.083250336490209156e+04 9.999991732185008475e-01 9.999991715476186371e-01 9.999991714928327946e-01
1.083252339605859197e+04 9.999991878894901598e-01 9.999991862782531271e-01 9.999991862254249408e-01
1.083254342721509238e+04 9.999992021705100820e-01 9.999992006162686797e-01 9.999992005653105531e-01
1.083256345837159279e+04 9.999992160753329307e-01 9.999992145755786099e-01 9.999992145264092747e-01
1.083258348952809501e+04 9.999992296171265060e-01 9.999992281694823903e-01 9.999992281220227985e-01
1.083260352068459542e+04 9.999992428084841789e-01 9.999992414106968486e-01 9.999992413648736145e-01
1.083262355184109583e+04 9.999992556614573092e-01 9.999992543113888077e-01 9.999992542671296558e-01
1.083264358299759624e+04 9.999992681875806699e-01 9.999992668831947373e-01 9.999992668404292795e-01
1.083266361415409847e+04 9.999992803979004252e-01 9.999992791372285250e-01 9.999992790958723843e-01
1.083268364531059888e+04 9.999992923029970004e-01 9.999992910840153071e-01 9.999992910439265970e-01
1.083270367646709929e+04 9.999993039130113948e-01 9.999993027331864903e-01 9.999993026940310337e-01
1.083272370762360151e+04 9.999993152376642769e-01 9.999993140925028667e-01 9.999993140533881553e-01
1.083274373878010192e+04 9.999993262862783006e-01 9.999993251652128379e-01 9.999993251238769032e-01
1.083276376993660233e+04 9.999993370677967564e-01 9.999993359441280427e-01 9.999993358954175626e-01
1.083278380109310274e+04 9.999993475908030005e-01 9.999993464005882959e-01 9.999993463341962929e-01
1.083280383224960497e+04 9.999993578635353320e-01 9.999993564681547431e-01 9.999993563661767615e-01
1.083282386340610537e+04 9.999993678939073094e-01 9.999993660253534422e-01 9.999993658610902836e-01
1.083284389456260578e+04 9.999993776895202968e-01 9.999993748880544597e-01 9.999993746279234319e-01
1.083286392571910619e+04 9.999993872576784515e-01 9.999993828251049210e-01 9.999993824346867788e-01
1.083288395687560842e+04 9.999993966054039340e-01 9.999993896042984609e-01 9.999993890572868027e-01
1.083290398803210883e+04 9.999994057394480107e-01 9.999993950588165204e-01 9.999993943452322176e-01
