# lambda[A]  T_theo  T_instr  T_rot+instr  (He I 10830)
1.082810519024163477e+04 9.999998080581096183e-01 9.999998002570423816e-01 9.999997998210615746e-01
1.082812532366288178e+04 9.999998026835431597e-01 9.999997968343273813e-01 9.999997964806178752e-01
1.082814545708412879e+04 9.999997970366401034e-01 9.999997926134133186e-01 9.999997923377854647e-01
1.082816559050537398e+04 9.999997910959167458e-01 9.999997876226881521e-01 9.999997874145368781e-01
1.082818572392662099e+04 9.999997848375149490e-01 9.999997819195983739e-01 9.999997817642912734e-01
1.082820585734786800e+04 9.999997782348329922e-01 9.999997755690250845e-01 9.999997754508169745e-01
1.082822599076911320e+04 9.999997712580632747e-01 9.999997686232916516e-01 9.999997685277812742e-01
1.082824612419036021e+04 9.999997638735637073e-01 9.999997611079263216e-01 9.999997610234346856e-01
1.082826625761160722e+04 9.999997560429534360e-01 9.999997530130737555e-01 9.999997529308681798e-01
1.082828639103285423e+04 9.999997477217018593e-01 9.999997442868011621e-01 9.999997442004535664e-01
1.082830652445409942e+04 9.999997388567705148e-01 9.999997348243589990e-01 9.999997347286213589e-01
1.082832665787534643e+04 9.999997293824751665e-01 9.999997244460400170e-01 9.999997243354992182e-01
1.082834679129659344e+04 9.999997192130071211e-01 9.999997128542628122e-01 9.999997127217761239e-01
1.082836692471783863e+04 9.999997082287341854e-01 9.999996995563640301e-01 9.999996993910335030e-01
1.082838705813908564e+04 9.999996962511296106e-01 9.999996837318412268e-01 9.999996835160406272e-01
1.082840719156033265e+04 9.999996829972364054e-01 9.999996640099658718e-01 9.999996637146109091e-01
1.082842732498157966e+04 9.999996679980250880e-01 9.999996381032213444e-01 9.999996376799873410e-01
1.082844745840282485e+04 9.999996504542945086e-01 9.999996022101228510e-01 9.999996015784275993e-01
1.082846759182407186e+04 9.999996289866124322e-01 9.999995500509023527e-01 9.999995490758244454e-01
1.082848772524531887e+04 9.999996012089612529e-01 9.999994713202475793e-01 9.999994697743961325e-01
1.082850785866656588e+04 9.999995630143272418e-01 9.999993492132850381e-01 9.999993467093506450e-01
1.082852799208781107e+04 9.999995073975016524e-01 9.999991564693554436e-01 9.999991523371175584e-01
1.082854812550905808e+04 9.999994225452122354e-01 9.999988490178031153e-01 9.999988420720179461e-01
1.082856825893030509e+04 9.999992887800952523e-01 9.999983556765256187e-01 9.999983437638706452e-01
1.082858839235155028e+04 9.999990737264877749e-01 9.999975612076298370e-01 9.999975402979570660e-01
1.082860852577279729e+04 9.999987247277161151e-01 9.999962779160875836e-01 9.999962402518108862e-01
1.082862865919404430e+04 9.999981570076212911e-01 9.999941970397504543e-01 9.999941273685568621e-01
1.082864879261529131e+04 9.999972351902748358e-01 9.999908039569339602e-01 9.999906719919678943e-01
1.082866892603653650e+04 9.999957443072533536e-01 9.999852284562462668e-01 9.999849742768250893e-01
1.082868905945778351e+04 9.999933438412669240e-01 9.999759800383225539e-01 9.999754871529971112e-01
1.082870919287903052e+04 9.999894937694259189e-01 9.999604859866547679e-01 9.999595346856617883e-01
1.082872932630027572e+04 9.999833332799338281e-01 9.999343078200143564e-01 9.999325006549019124e-01
1.082874945972152273e+04 9.999734774999730069e-01 9.998898701103562381e-01 9.998865246659656147e-01
1.082876959314276974e+04 9.999576677366914801e-01 9.998145221786663983e-01 9.998085378318806171e-01
1.082878972656401675e+04 9.999321473519845460e-01 9.996878190152760357e-01 9.996775479211484905e-01
1.082880985998526194e+04 9.998904887550112974e-01 9.994781233683346366e-01 9.994613114033981116e-01
1.082882999340650895e+04 9.998212549457182741e-01 9.991390596985664230e-01 9.991129614080200838e-01
1.082885012682775596e+04 9.997031656952998224e-01 9.986069930633673097e-01 9.985687838124924776e-01
1.082887026024900479e+04 9.994953025782191691e-01 9.978014248124980057e-01 9.977490010897723804e-01
1.082889039367024998e+04 9.991190357162740288e-01 9.966306648567265780e-01 9.965638114434844930e-01
1.082891052709149699e+04 9.984302490773490080e-01 9.950048754874308843e-01 9.949265856406467323e-01
1.082893066051274400e+04 9.971892777643256434e-01 9.928571299154482777e-01 9.927746437979945160e-01
1.082895079393399101e+04 9.950538033417872796e-01 9.901703777175344667e-01 9.900953628287414432e-01
1.082897092735523620e+04 9.916380198183042394e-01 9.870047058052159317e-01 9.869520691734254836e-01
1.082899106077648321e+04 9.866746005787285778e-01 9.835163205600041536e-01 9.835014916292612597e-01
1.082901119419773022e+04 9.802580132410837477e-01 9.799589474422980562e-01 9.799940496418745317e-01
1.082903132761897723e+04 9.730517058540714137e-01 9.766611593432776850e-01 9.767510892288223667e-01
1.082905146104022242e+04 9.662861209448448951e-01 9.739795310381481608e-01 9.741192901518658243e-01
1.082907159446146943e+04 9.614483976814475197e-01 9.722357374432436528e-01 9.724101761695520540e-01
1.082909172788271644e+04 9.597537781896469111e-01 9.716526642241317679e-01 9.718390745734643010e-01
1.082911186130396163e+04 9.616534064237415302e-01 9.723070946886549493e-01 9.724800790152275942e-01
1.082913199472520864e+04 9.666423320439169187e-01 9.741129143238943522e-01 9.742500887826973655e-01
1.082915212814645565e+04 9.734741369399437794e-01 9.768399320917762196e-01 9.769266955327637891e-01
1.082917226156770266e+04 9.806633174685023269e-01 9.801626088936924441e-01 9.801945749403788710e-01
1.082919239498894785e+04 9.870070685485240469e-01 9.837243750746538229e-01 9.837069540079812491e-01
1.082921252841019486e+04 9.918779416811599470e-01 9.871999558926872753e-01 9.871455769769842403e-01
1.082923266183144187e+04 9.952094367603442349e-01 9.903409470460583508e-01 9.902651072333199522e-01
1.082925279525268706e+04 9.972820186820028354e-01 9.929970018232668894e-01 9.929144794189892487e-01
1.082927292867393408e+04 9.984823020930779780e-01 9.951131810716088433e-01 9.950354027366636878e-01
1.082929306209518109e+04 9.991473453879665678e-01 9.967102249089067056e-01 9.966441668936152354e-01
1.082931319551642810e+04 9.995106318121542710e-01 9.978570960401689227e-01 9.978055306106029532e-01
1.082933332893767329e+04 9.997115764724416875e-01 9.986442405422176760e-01 9.986068060025937720e-01
1.082935346235892030e+04 9.998259353163664320e-01 9.991629719475693117e-01 9.991374937601248396e-01
1.082937359578016731e+04 9.998930835737782630e-01 9.994928960864608580e-01 9.994765363083119025e-01
1.082939372920141432e+04 9.999335237458009118e-01 9.996966116618849485e-01 9.996866456616335661e-01
1.082941386262265951e+04 9.999583024719980173e-01 9.998195471779208754e-01 9.998137553042060199e-01
1.082943399604390652e+04 9.999736437276848244e-01 9.998925868545583961e-01 9.998893558737061982e-01
1.082945412946515353e+04 9.999831921691730852e-01 9.999356329007902389e-01 9.999338903537330348e-01
1.082947426288639872e+04 9.999891420118878216e-01 9.999609728765624928e-01 9.999600564105544098e-01
1.082949439630764573e+04 9.999928397101125466e-01 9.999759528011388232e-01 9.999754779106646563e-01
1.082951452972889274e+04 9.999951225303854718e-01 9.999848719819399712e-01 9.999846266652737681e-01
1.082953466315013975e+04 9.999965156262617949e-01 9.999902203562704983e-01 9.999900924080351583e-01
1.082955479657138494e+04 9.999973497119759580e-01 9.999934384988440339e-01 9.999933702272778557e-01
1.082957492999263195e+04 9.999978327733353156e-01 9.999953641201544396e-01 9.999953262920844299e-01
1.082959506341387896e+04 9.999980944443406239e-01 9.999964865869304109e-01 9.999964643283871801e-01
1.082961519683512415e+04 9.999982136271436950e-01 9.999970891511797966e-01 9.999970746428434865e-01
1.082963533025637116e+04 9.999982354262109130e-01 9.999973267862392046e-01 9.999973155498369515e-01
1.082965546367761817e+04 9.999981808532144578e-01 9.999972664758542962e-01 9.999972554296290284e-01
1.082967559709886518e+04 9.999980511383330661e-01 9.999969038478152550e-01 9.999968901344253869e-01
1.082969573052011037e+04 9.999978273508350890e-01 9.999961621191486572e-01 9.999961421223808600e-01
1.082971586394135738e+04 9.999974650831915390e-01 9.999948739124936425e-01 9.999948419990084547e-01
1.082973599736260439e+04 9.999968829739646070e-01 9.999927416478885389e-01 9.999926880312951516e-01
1.082975613078385140e+04 9.999959426367848181e-01 9.999892660585335546e-01 9.999891727055255641e-01
1.082977626420509660e+04 9.999944158779187076e-01 9.999836225421343538e-01 9.999834549975322728e-01
1.082979639762634361e+04 9.999919325437313100e-01 9.999744478208351106e-01 9.999741388166950573e-01
1.082981653104759062e+04 9.999878982943828376e-01 9.999594687946145033e-01 9.999588859779410255e-01
1.082983666446883581e+04 9.999813648929882781e-01 9.999348528473652742e-01 9.999337374368721942e-01
1.082985679789008282e+04 9.999708241165837785e-01 9.998940738654802374e-01 9.998919297395132411e-01
1.082987693131132983e+04 9.999538762473828557e-01 9.998259638440348818e-01 9.998218695057518035e-01
1.082989706473257684e+04 9.999266879580630540e-01 9.997114642365754200e-01 9.997037786653887315e-01
1.082991719815382203e+04 9.998830872940245307e-01 9.995184471132505521e-01 9.995043943412430520e-01
1.082993733157506904e+04 9.998130102900805172e-01 9.991939449884205127e-01 9.991691037909026241e-01
1.082995746499631605e+04 9.996997238078377812e-01 9.986533806196316032e-01 9.986111840831555231e-01
1.082997759841756306e+04 9.995145780246165179e-01 9.977671355851225332e-01 9.976985947647705189e-01
1.082999773183880825e+04 9.992065432018805149e-01 9.963461934568413891e-01 9.962401663171531752e-01
1.083001786526005526e+04 9.986809446627574749e-01 9.941305691427555491e-01 9.939749349240447618e-01
1.083003799868130227e+04 9.977580899657727542e-01 9.907863158025247419e-01 9.905703057162922320e-01
1.083005813210254746e+04 9.961018352715413915e-01 9.859181495413340546e-01 9.856357771187709282e-01
1.083007826552379447e+04 9.931204182273042358e-01 9.791039731249115974e-01 9.787580382379155175e-01
1.083009839894504148e+04 9.878787843764454957e-01 9.699539394698376560e-01 9.695596031734904363e-01
1.083011853236628849e+04 9.791179804717069501e-01 9.581902924738826544e-01 9.577769694556370617e-01
1.083013866578753368e+04 9.655042748608050340e-01 9.437365858664776841e-01 9.433470766119725903e-01
1.083015879920878069e+04 9.461440412657903254e-01 9.267986572376035737e-01 9.264850690616599493e-01
1.083017893263002770e+04 9.211760155999302313e-01 9.079175950339570811e-01 9.077344706046229783e-01
1.083019906605127289e+04 8.920559804440276741e-01 8.879781738647316569e-01 8.879740019246138427e-01
1.083021919947251990e+04 8.612608814702461535e-01 8.681639539565895181e-01 8.683725878544564791e-01
1.083023933289376691e+04 8.315835398079659546e-01 8.498598322442120212e-01 8.502932499245069442e-01
1.083025946631501392e+04 8.055444804063689457e-01 8.345115392605546578e-01 8.351550688840978509e-01
1.083027959973625912e+04 7.853005598560598433e-01 8.234580813001545208e-01 8.242689705995098759e-01
1.083029973315750613e+04 7.729051884042068554e-01 8.177578818801878313e-01 8.186679707902013714e-01
1.083031986657875314e+04 7.703964642997086498e-01 8.180333030572394248e-01 8.189563182104639960e-01
1.083034000000000196e+04 7.793346319177177906e-01 8.243608280874316074e-01 8.252040941116352002e-01
1.083036013342124716e+04 7.999155877735937281e-01 8.362328056990218084e-01 8.369118702577409419e-01
1.083038026684249417e+04 8.301980867337421799e-01 8.526079428268039662e-01 8.530611631439681819e-01
1.083040040026374118e+04 8.660610083763438105e-01 8.720506083857209045e-01 8.722499474089944194e-01
1.083042053368498819e+04 9.022087173371436952e-01 8.929369648796484649e-01 8.928917855404709947e-01
1.083044066710623338e+04 9.338880764925018285e-01 9.136865972506329481e-01 9.134391883871635365e-01
1.083046080052748039e+04 9.583550350787140015e-01 9.329699536854494379e-01 9.325841539798561675e-01
1.083048093394872740e+04 9.752419121321536100e-01 9.498489748549852063e-01 9.493954308714144252e-01
1.083050106736997259e+04 9.858426441146630470e-01 9.638285799608216076e-01 9.633709365393197110e-01
1.083052120079121960e+04 9.920338580113761129e-01 9.748222901694553189e-01 9.744077391582656178e-01
1.083054133421246661e+04 9.954925440018178584e-01 9.830565483782608416e-01 9.827122112592612257e-01
1.083056146763371362e+04 9.973974115925214878e-01 9.889484566405900567e-01 9.886830079642480174e-01
1.083058160105495881e+04 9.984593677118844823e-01 9.929894111927253242e-01 9.927979870700450737e-01
1.083060173447620582e+04 9.990679702859845968e-01 9.956561907873365813e-01 9.955262971133169714e-01
1.083062186789745283e+04 9.994273738896795045e-01 9.973574361839061542e-01 9.972740834009785615e-01
1.083064200131869984e+04 9.996447823636003260e-01 9.984123271276421629e-01 9.983615033507581282e-01
1.083066213473994503e+04 9.997784362977925054e-01 9.990521800135603314e-01 9.990225838994857277e-01
1.083068226816119204e+04 9.998613979902336579e-01 9.994345256202518124e-01 9.994179695603296887e-01
1.083070240158243905e+04 9.999131531145740714e-01 9.996612500637659382e-01 9.996522908002646313e-01
1.083072253500368424e+04 9.999454938170569962e-01 9.997955689819002512e-01 9.997908389910835636e-01
1.083074266842493125e+04 9.999656843639315174e-01 9.998754979960434719e-01 9.998730372215806073e-01
1.083076280184617826e+04 9.999782536459225213e-01 9.999234333472993841e-01 9.999221576376740028e-01
1.083078293526742527e+04 9.999860466999499486e-01 9.999524402900954456e-01 9.999517738348944196e-01
1.083080306868867046e+04 9.999908573070317441e-01 9.999701403229027674e-01 9.999697860732121857e-01
1.083082320210991747e+04 9.999938163889748877e-01 9.999810132225291914e-01 9.999808204017945901e-01
1.083084333553116448e+04 9.999956345557519111e-01 9.999877241292773888e-01 9.999876163887299052e-01
1.083086346895241149e+04 9.999967555520292706e-01 9.999918797313893659e-01 9.999918179842741672e-01
1.083088360237365669e+04 9.999974541328188193e-01 9.999944600002074191e-01 9.999944237972324679e-01
1.083090373579490370e+04 9.999978986911465251e-01 9.999960677631537509e-01 9.999960461033264858e-01
1.083092386921615071e+04 9.999981912695129482e-01 9.999970756429155117e-01 9.999970624346873338e-01
1.083094400263739590e+04 9.999983929782103598e-01 9.999977142765379412e-01 9.999977060588510769e-01
1.083096413605864291e+04 9.999985399974438138e-01 9.999981261936387034e-01 9.999981209593739040e-01
1.083098426947988992e+04 9.999986535336561344e-01 9.999983991408277761e-01 9.999983957086718833e-01
1.083100440290113693e+04 9.999987459290100578e-01 9.999985868521286125e-01 9.999985845198786638e-01
1.083102453632238212e+04 9.999988243531082732e-01 9.999987220338453220e-01 9.999987203814324488e-01
1.083104466974362913e+04 9.999988929974548135e-01 9.999988244744130172e-01 9.999988232494620988e-01
1.083106480316487614e+04 9.999989543580319884e-01 9.999989060883285319e-01 9.999989051386202199e-01
1.083108493658612133e+04 9.999990099723919945e-01 9.999989740322050569e-01 9.999989732654368524e-01
1.083110507000736834e+04 9.999990608365265654e-01 9.999990326132233154e-01 9.999990319729266108e-01
1.083112520342861535e+04 9.999991076373085930e-01 9.999990844462791628e-01 9.999990838974014418e-01
1.083114533684986236e+04 9.999991508807339891e-01 9.999991311479983214e-01 9.999991306682857184e-01
1.083116547027110755e+04 9.999991909623283659e-01 9.999991737483115983e-01 9.999991733231831104e-01
1.083118560369235456e+04 9.999992282059979587e-01 9.999992129318933110e-01 9.999992125514054475e-01
1.083120573711360157e+04 9.999992628858686006e-01 9.999992491784077675e-01 9.999992488354613185e-01
1.083122587053484858e+04 9.999992952390346357e-01 9.999992828433744707e-01 9.999992825326575741e-01
1.083124600395609377e+04 9.999993254734381720e-01 9.999993142046312844e-01 9.999993139219969240e-01
1.083126613737734078e+04 9.999993537730967885e-01 9.999993434891035760e-01 9.999993432311943264e-01
1.083128627079858779e+04 9.999993803018401017e-01 9.999993708884179489e-01 9.999993706524423764e-01
1.083130640421983298e+04 9.999994052061587091e-01 9.999993965682405506e-01 9.999993963518284401e-01
1.083132653764107999e+04 9.999994286174794800e-01 9.999994206740809854e-01 9.999994204751924132e-01
1.083134667106232700e+04 9.999994506540493822e-01 9.999994433351059309e-01 9.999994431519649840e-01
1.083136680448357401e+04 9.999994714225205472e-01 9.999994646667890175e-01 9.999994644978432712e-01
1.083138693790481921e+04 9.999994910193089614e-01 9.999994847728888026e-01 9.999994846167689078e-01
1.083140707132606622e+04 9.999995095317627536e-01 9.999995037469797676e-01 9.999995036024762474e-01
1.083142720474731323e+04 9.999995270391758284e-01 9.999995216737043169e-01 9.999995215397440296e-01
1.083144733816855842e+04 9.999995436136679405e-01 9.999995386298174971e-01 9.999995385054457619e-01
1.083146747158980543e+04 9.999995593209579647e-01 9.999995546850747319e-01 9.999995545694397858e-01
1.083148760501105244e+04 9.999995742210368022e-01 9.999995699030002072e-01 9.999995697953398821e-01
1.083150773843229945e+04 9.999995883687589071e-01 9.999995843415505625e-01 9.999995842411832925e-01
1.083152787185354464e+04 9.999996018143665344e-01 9.999995980537007556e-01 9.999995979600128093e-01
1.083154800527479165e+04 9.999996146039493716e-01 9.999996110879516564e-01 9.999996110003918082e-01
1.083156813869603866e+04 9.999996267798502148e-01 9.999996234887826851e-01 9.999996234068528889e-01
1.083158827211728567e+04 9.999996383810296763e-01 9.999996352970483837e-01 9.999996352202994432e-01
1.083160840553853086e+04 9.999996494433857075e-01 9.999996465503285803e-01 9.999996464783543759e-01
1.083162853895977787e+04 9.999996600000378155e-01 9.999996572832460240e-01 9.999996572156774066e-01
1.083164867238102488e+04 9.999996700815854123e-01 9.999996675277387226e-01 9.999996674642409600e-01
1.083166880580227007e+04 9.999996797163351880e-01 9.999996773133090766e-01 9.999996772535776346e-01
1.083168893922351708e+04 9.999996889305022840e-01 9.999996866672482554e-01 9.999996866110049121e-01
1.083170907264476409e+04 9.999996977483981420e-01 9.999996956148283767e-01 9.999996955618215555e-01
1.083172920606601110e+04 9.999997061925910424e-01 9.999997041794862485e-01 9.999997041294841349e-01
1.083174933948725629e+04 9.999997142840576503e-01 9.999997123829759138e-01 9.999997123357678985e-01
1.083176947290850330e+04 9.999997220423143540e-01 9.999997202455210843e-01 9.999997202009115460e-01
1.083178960632975031e+04 9.999997294855396124e-01 9.999997277859332678e-01 9.999997277437459031e-01
1.083180973975099732e+04 9.999997366306804247e-01 9.999997350217374459e-01 9.999997349818087189e-01
1.083182987317224251e+04 9.999997434935569141e-01 9.999997419692726597e-01 9.999997419314519131e-01
1.083185000659349134e+04 9.999997500889444835e-01 9.999997486437888217e-01 9.999997486079384990e-01
1.083187014001473835e+04 9.999997564306611908e-01 9.999997550595346452e-01 9.999997550255265155e-01
1.083189027343598536e+04 9.999997625316391359e-01 9.999997612298334726e-01 9.999997611975504075e-01
1.083191040685723056e+04 9.999997684039929613e-01 9.999997671671557731e-01 9.999997671364886376e-01
1.083193054027847757e+04 9.999997740590809148e-01 9.999997728831853117e-01 9.999997728540340747e-01
1.083195067369972458e+04 9.999997795075598050e-01 9.999997783888765479e-01 9.999997783611483948e-01
1.083197080712096977e+04 9.999997847594398470e-01 9.999997836945124785e-01 9.999997836681199237e-01
1.083199094054221678e+04 9.999997898241280714e-01 9.999997888097476029e-01 9.999997887846113764e-01
1.083201107396346379e+04 9.999997947104732887e-01 9.999997937436591045e-01 9.999997937197045994e-01
1.083203120738471080e+04 9.999997994268046142e-01 9.999997985047847093e-01 9.999997984819438690e-01
1.083205134080595599e+04 9.999998039809693262e-01 9.999998031011665400e-01 9.999998030793737502e-01
1.083207147422720300e+04 9.999998083803638416e-01 9.999998075403759845e-01 9.999998075195719593e-01
1.083209160764845001e+04 9.999998126319658009e-01 9.999998118295541083e-01 9.999998118096827815e-01
1.083211174106969702e+04 9.999998167423633788e-01 9.999998159754385219e-01 9.999998159564484901e-01
1.083213187449094221e+04 9.999998207177791532e-01 9.999998199843905811e-01 9.999998199662327725e-01
1.083215200791218922e+04 9.999998245640948635e-01 9.999998238624200342e-01 9.999998238450489296e-01
1.083217214133343623e+04 9.999998282868746147e-01 9.999998276152085586e-01 9.999998275985825247e-01
1.083219227475468142e+04 9.999998318913837503e-01 9.999998312481316320e-01 9.999998312322105898e-01
1.083221240817592843e+04 9.999998353826103914e-01 9.999998347662776288e-01 9.999998347510240526e-01
1.083223254159717544e+04 9.999998387652795362e-01 9.999998381744658049e-01 9.999998381598451669e-01
1.083225267501842245e+04 9.999998420438723779e-01 9.999998414772631739e-01 9.999998414632418342e-01
1.083227280843966764e+04 9.999998452226397383e-01 9.999998446789989393e-01 9.999998446655459228e-01
1.083229294186091465e+04 9.999998483056171672e-01 9.999998477837757083e-01 9.999998477708579303e-01
1.083231307528216166e+04 9.999998512966368214e-01 9.999998507954659388e-01 9.999998507830435424e-01
1.083233320870340685e+04 9.999998541993412315e-01 9.999998537176842950e-01 9.999998537056936643e-01
1.083235334212465386e+04 9.999998570171926282e-01 9.999998565536856177e-01 9.999998565420032959e-01
1.083237347554590087e+04 9.999998597534849321e-01 9.999998593061115715e-01 9.999998592944747688e-01
1.083239360896714788e+04 9.999998624113535239e-01 9.999998619764505214e-01 9.999998619643144515e-01
1.083241374238839308e+04 9.999998649937834605e-01 9.999998645640434392e-01 9.999998645503547223e-01
1.083243387580964009e+04 9.999998675036183560e-01 9.999998670645098287e-01 9.999998670474049556e-01
1.083245400923088710e+04 9.999998699435685978e-01 9.999998694676931477e-01 9.999998694441947222e-01
1.083247414265213411e+04 9.999998723162196734e-01 9.999998717556239924e-01 9.999998717214696464e-01
1.083249427607337930e+04 9.999998746240368330e-01 9.999998739014961391e-01 9.999998738512750895e-01
1.083251440949462631e+04 9.999998768693740825e-01 9.999998758708906754e-01 9.999998757986185982e-01
1.083253454291587332e+04 9.999998790544782912e-01 9.999998776261170841e-01 9.999998775262227690e-01
1.083255467633711851e+04 9.999998811814961863e-01 9.999998791333944981e-01 9.999998790018790329e-01
1.083257480975836552e+04 9.999998832524790160e-01 9.999998803710895556e-01 9.999998802064722359e-01
