# lambda[A]  T_theo  T_instr  T_rot+instr  (He I 10830)
1.082820000000000073e+04 9.999999520765857630e-01 9.999999498439908763e-01 9.999999497642243496e-01
1.082822014256971852e+04 9.999999505622445550e-01 9.999999488549107252e-01 9.999999487897782702e-01
1.082824028513943813e+04 9.999999489585525980e-01 9.999999476273628840e-01 9.999999475760219525e-01
1.082826042770915410e+04 9.999999472571468040e-01 9.999999461630603159e-01 9.999999461234547748e-01
1.082828057027887371e+04 9.999999454485130057e-01 9.999999444681377803e-01 9.999999444373783852e-01
1.082830071284858968e+04 9.999999435216971877e-01 9.999999425434143996e-01 9.999999425182006796e-01
1.082832085541830929e+04 9.999999414638269801e-01 9.999999403714047164e-01 9.999999403482624505e-01
1.082834099798802708e+04 9.999999392592084924e-01 9.999999378978342568e-01 9.999999378729791388e-01
1.082836114055774487e+04 9.999999368875012173e-01 9.999999350013941690e-01 9.999999349700474660e-01
1.082838128312746267e+04 9.999999343198626711e-01 9.999999314394282246e-01 9.999999313943764845e-01
1.082840142569718046e+04 9.999999315106977704e-01 9.999999267481346488e-01 9.999999266771318895e-01
1.082842156826689825e+04 9.999999283801249694e-01 9.999999200612929018e-01 9.999999199425521068e-01
1.082844171083661786e+04 9.999999247772969335e-01 9.999999097878206067e-01 9.999999095822159623e-01
1.082846185340633383e+04 9.999999204053404700e-01 9.999998930504268024e-01 9.999998926879968275e-01
1.082848199597605162e+04 9.999999146715496945e-01 9.999998647274013219e-01 9.999998640839404818e-01
1.082850213854576941e+04 9.999999063962413670e-01 9.999998158459387776e-01 9.999998147023102524e-01
1.082852228111548720e+04 9.999998932623204162e-01 9.999997309308882310e-01 9.999997289019584290e-01
1.082854242368520681e+04 9.999998708033348560e-01 9.999995836907012992e-01 9.999995801006087426e-01
1.082856256625492279e+04 9.999998305945599908e-01 9.999993300813330155e-01 9.999993237437846405e-01
1.082858270882464240e+04 9.999997571080706527e-01 9.999988972663553799e-01 9.999988860982624850e-01
1.082860285139435837e+04 9.999996223911928883e-01 9.999981661994621351e-01 9.999981465477757459e-01
1.082862299396407798e+04 9.999993772909352430e-01 9.999969443836385086e-01 9.999969098746952501e-01
1.082864313653379395e+04 9.999989373191895403e-01 9.999949237069575281e-01 9.999948633381537944e-01
1.082866327910351356e+04 9.999981603364919147e-01 9.999916161024295924e-01 9.999915112085298041e-01
1.082868342167323135e+04 9.999968118313928844e-01 9.999862573600312166e-01 9.999860770545342392e-01
1.082870356424294914e+04 9.999945112890835652e-01 9.999776674693000578e-01 9.999773622849295052e-01
1.082872370681266693e+04 9.999906491932750718e-01 9.999640559520269756e-01 9.999635498304824122e-01
1.082874384938238290e+04 9.999842572104458149e-01 9.999427653854490172e-01 9.999419470551048628e-01
1.082876399195210251e+04 9.999738020976226549e-01 9.999099592935495329e-01 9.999086755109067859e-01
1.082878413452182031e+04 9.999568552428286239e-01 9.998602854396065887e-01 9.998583404205608760e-01
1.082880427709153810e+04 9.999295665223937313e-01 9.997865839937464250e-01 9.997837510990356114e-01
1.082882441966125589e+04 9.998858562002362893e-01 9.996797587615230407e-01 9.996758111177515005e-01
1.082884456223097368e+04 9.998162658934757197e-01 9.995289769756396936e-01 9.995237418464397727e-01
1.082886470480069147e+04 9.997065396459139386e-01 9.993223873754627506e-01 9.993158235243713161e-01
1.082888484737041108e+04 9.995363067504754451e-01 9.990485183601170993e-01 9.990408061473687873e-01
1.082890498994012705e+04 9.992787176458263199e-01 9.986984106970747677e-01 9.986900329686919653e-01
1.082892513250984666e+04 9.989023816096604946e-01 9.982683428428813510e-01 9.982601249713660696e-01
1.082894527507956263e+04 9.983770659871539221e-01 9.977627463073566183e-01 9.977558218726714223e-01
1.082896541764928224e+04 9.976838416265957354e-01 9.971966527294261473e-01 9.971923324700945335e-01
1.082898556021900004e+04 9.968286086503390653e-01 9.965968674578195019e-01 9.965964144607080133e-01
1.082900570278871601e+04 9.958558043457218512e-01 9.960011321203356971e-01 9.960054803042066585e-01
1.082902584535843562e+04 9.948563563831543943e-01 9.954548779021533678e-01 9.954643617775046360e-01
1.082904598792815159e+04 9.939600534928487718e-01 9.950057444167068610e-01 9.950199215731727609e-01
1.082906613049787120e+04 9.933063288022122572e-01 9.946967001922630836e-01 9.947143340014025226e-01
1.082908627306758717e+04 9.930060216186703537e-01 9.945591320003759339e-01 9.945783609833614980e-01
1.082910641563730678e+04 9.931121967313439880e-01 9.946074616929807544e-01 9.946261262300983841e-01
1.082912655820702457e+04 9.936059186436475565e-01 9.948365903638612950e-01 9.948526370026855581e-01
1.082914670077674236e+04 9.944014600460773234e-01 9.952228077132697637e-01 9.952346656722815821e-01
1.082916684334646015e+04 9.953687315474837316e-01 9.957279382334238704e-01 9.957347719453039092e-01
1.082918698591617976e+04 9.963685632972003603e-01 9.963057031668162145e-01 9.963074851860697079e-01
1.082920712848589574e+04 9.972889402486069255e-01 9.969088073720407950e-01 9.969062118447096221e-01
1.082922727105561535e+04 9.980632605789625522e-01 9.974952389087041738e-01 9.974894061401510248e-01
1.082924741362533132e+04 9.986685417694758371e-01 9.980326582320807605e-01 9.980249087466825930e-01
1.082926755619504911e+04 9.991135116385383430e-01 9.985003811474489899e-01 9.984919567069572288e-01
1.082928769876476690e+04 9.994244613531119148e-01 9.988890994343615493e-01 9.988809843040054037e-01
1.082930784133448469e+04 9.996332044547607820e-01 9.991989468859415746e-01 9.991917883066872008e-01
1.082932798390420430e+04 9.997692257857546672e-01 9.994367152789437325e-01 9.994308314130272430e-01
1.082934812647392027e+04 9.998560860917798943e-01 9.996129701422200586e-01 9.996084155359665768e-01
1.082936826904363988e+04 9.999108639294668199e-01 9.997395989200651423e-01 9.997362535923915994e-01
1.082938841161335586e+04 9.999451518879260981e-01 9.998280546027124016e-01 9.998257095439541109e-01
1.082940855418307547e+04 9.999664985432183961e-01 9.998883246888244924e-01 9.998867479378545919e-01
1.082942869675279326e+04 9.999797105107870454e-01 9.999285044351414742e-01 9.999274828238052804e-01
1.082944883932251105e+04 9.999878226239188317e-01 9.999547897999597756e-01 9.999541489968637453e-01
1.082946898189222884e+04 9.999927496627165624e-01 9.999717083117755090e-01 9.999713173408766309e-01
1.082948912446194663e+04 9.999957011006550545e-01 9.999824455342555263e-01 9.999822123493460335e-01
1.082950926703166442e+04 9.999974399054514240e-01 9.999891748946274639e-01 9.999890382400126176e-01
1.082952940960138039e+04 9.999984445530568644e-01 9.999933428873278851e-01 9.999932637837934957e-01
1.082954955217110000e+04 9.999990118636639114e-01 9.999958930751247088e-01 9.999958475959852544e-01
1.082956969474081779e+04 9.999993231482250389e-01 9.999974305920766859e-01 9.999974044407151652e-01
1.082958983731053559e+04 9.999994869897176342e-01 9.999983370274946326e-01 9.999983217948890113e-01
1.082960997988025338e+04 9.999995667544584466e-01 9.999988474031267227e-01 9.999988381319058206e-01
1.082963012244997299e+04 9.999995979294772352e-01 9.999990995627578982e-01 9.999990932121312071e-01
1.082965026501968896e+04 9.999995985494504191e-01 9.999991637006081513e-01 9.999991581684345432e-01
1.082967040758940857e+04 9.999995747301957394e-01 9.999990570051018324e-01 9.999990504420178672e-01
1.082969055015912454e+04 9.999995223548514556e-01 9.999987458465104950e-01 9.999987360526543245e-01
1.082971069272884415e+04 9.999994250772694659e-01 9.999981355473887001e-01 9.999981192563733856e-01
1.082973083529856012e+04 9.999992478709748278e-01 9.999970452857441794e-01 9.999970171015168940e-01
1.082975097786827973e+04 9.999989242182063531e-01 9.999951627118328634e-01 9.999951133585490703e-01
1.082977112043799752e+04 9.999983335363328285e-01 9.999919689425325053e-01 9.999918822997678758e-01
1.082979126300771350e+04 9.999972633656863952e-01 9.999866192186146474e-01 9.999864673337194310e-01
1.082981140557743311e+04 9.999953478875276414e-01 9.999777572332824160e-01 9.999774921467485811e-01
1.082983154814714908e+04 9.999919699983965682e-01 9.999632319112208290e-01 9.999627727819068168e-01
1.082985169071686869e+04 9.999861075100252572e-01 9.999396751472572342e-01 9.999388890185071377e-01
1.082987183328658648e+04 9.999760933019279374e-01 9.999018904632530624e-01 9.999005654186107206e-01
1.082989197585630427e+04 9.999592411743902787e-01 9.998420013413463758e-01 9.998398122525024023e-01
1.082991211842602206e+04 9.999312584306483398e-01 9.997483232902834027e-01 9.997447933737853010e-01
1.082993226099573985e+04 9.998853162090506341e-01 9.996039675377065281e-01 9.995984337629513217e-01
1.082995240356545764e+04 9.998105762225411031e-01 9.993852685029057659e-01 9.993768650926474484e-01
1.082997254613517725e+04 9.996898922756931594e-01 9.990602574101080657e-01 9.990479376717325000e-01
1.082999268870489323e+04 9.994963745708250746e-01 9.985875708514254656e-01 9.985701904934246587e-01
1.083001283127461284e+04 9.991886543511917518e-01 9.979163522404342901e-01 9.978928334551478985e-01
1.083003297384432881e+04 9.987052129506694964e-01 9.969878153766893458e-01 9.969573971431430204e-01
1.083005311641404660e+04 9.979592039898272926e-01 9.957391139811920810e-01 9.957016697362720548e-01
1.083007325898376439e+04 9.968366817477841701e-01 9.941099262920692903e-01 9.940662994111226780e-01
1.083009340155348218e+04 9.952023673593702879e-01 9.920516891237178836e-01 9.920039686388738565e-01
1.083011354412320179e+04 9.929168171432025680e-01 9.895387475932532206e-01 9.894903930394318703e-01
1.083013368669291776e+04 9.898662346547072444e-01 9.865799608960109657e-01 9.865356956640137787e-01
1.083015382926263737e+04 9.860021014932606187e-01 9.832287205591465629e-01 9.831941497615465098e-01
1.083017397183235335e+04 9.813832883527122686e-01 9.795890959491544425e-01 9.795700601480979985e-01
1.083019411440207296e+04 9.762039262800076278e-01 9.758160502573560713e-01 9.758177865544122032e-01
1.083021425697179075e+04 9.707816037148191413e-01 9.721083775280946471e-01 9.721346104623672657e-01
1.083023439954150854e+04 9.655080165976409612e-01 9.686940919204439782e-01 9.687462091752896409e-01
1.083025454211122633e+04 9.608070282709804122e-01 9.658092790043206755e-01 9.658857565369680653e-01
1.083027468468094412e+04 9.571165787931366076e-01 9.636726971570316325e-01 9.637689212371566283e-01
1.083029482725066191e+04 9.548543206384790816e-01 9.624594909715221691e-01 9.625680756742339694e-01
1.083031496982038152e+04 9.543315806799038681e-01 9.622780319929800097e-01 9.623896475757466318e-01
1.083033511239009749e+04 9.556649757110657895e-01 9.631539161213367173e-01 9.632585346372668500e-01
1.083035525495981528e+04 9.587560392742200399e-01 9.650243575235287752e-01 9.651127105982059140e-01
1.083037539752953307e+04 9.633078933715485404e-01 9.677446146587084241e-01 9.678095796304160281e-01
1.083039554009925087e+04 9.688467378555263299e-01 9.711058922996992360e-01 9.711435106781186599e-01
1.083041568266897048e+04 9.747783502311143655e-01 9.748618576776326705e-01 9.748717607159183007e-01
1.083043582523868645e+04 9.805094014173715289e-01 9.787591016618913953e-01 9.787442596951874130e-01
1.083045596780840606e+04 9.855859406680145263e-01 9.825661163618200078e-01 9.825320003257542734e-01
1.083047611037812203e+04 9.897615224743762097e-01 9.860959134682103500e-01 9.860493019841929385e-01
1.083049625294784164e+04 9.929827898620112725e-01 9.892191204113005565e-01 9.891668549832776103e-01
1.083051639551755761e+04 9.953336687615164102e-01 9.918667290364929778e-01 9.918146937943059793e-01
1.083053653808727722e+04 9.969708030210668870e-01 9.940239192651645350e-01 9.939764186273261082e-01
1.083055668065699501e+04 9.980687637377533283e-01 9.957179207312593094e-01 9.956774938488741622e-01
1.083057682322671280e+04 9.987846068200885163e-01 9.970034052059039142e-01 9.969709999866293026e-01
1.083059696579643060e+04 9.992422855139290183e-01 9.979484922783856682e-01 9.979238569496784450e-01
1.083061710836614657e+04 9.995312557425733990e-01 9.986234440676102775e-01 9.986055869361654125e-01
1.083063725093586618e+04 9.997122414487099595e-01 9.990929538668490428e-01 9.990805567296374701e-01
1.083065739350558397e+04 9.998248854986168110e-01 9.994119497072879721e-01 9.994036726874969689e-01
1.083067753607530176e+04 9.998945224876822913e-01 9.996242184788504126e-01 9.996188823435925297e-01
1.083069767864501955e+04 9.999372021127193033e-01 9.997629230243836318e-01 9.997595872839118991e-01
1.083071782121473734e+04 9.999630717676636360e-01 9.998521378372617896e-01 9.998501069697877108e-01
1.083073796378445513e+04 9.999785430529415375e-01 9.999087360425792381e-01 9.999075262668267738e-01
1.083075810635417474e+04 9.999876548033866941e-01 9.999442060279202238e-01 9.999434975624128530e-01
1.083077824892389071e+04 9.999929328759176173e-01 9.999661876898284785e-01 9.999657779392195911e-01
1.083079839149361032e+04 9.999959386704306841e-01 9.999796660166531126e-01 9.999794310013638832e-01
1.083081853406332630e+04 9.999976226243273425e-01 9.999878441035995325e-01 9.999877099895821964e-01
1.083083867663304591e+04 9.999985527537589292e-01 9.999927540103301649e-01 9.999926776959823238e-01
1.083085881920276370e+04 9.999990616463055870e-01 9.999956705145280900e-01 9.999956271683340114e-01
1.083087896177247967e+04 9.999993398223533392e-01 9.999973848606693583e-01 9.999973602815710461e-01
1.083089910434219928e+04 9.999994939668769289e-01 9.999983828653199458e-01 9.999983689561454669e-01
1.083091924691191525e+04 9.999995824601020100e-01 9.999989593758131790e-01 9.999989515222268421e-01
1.083093938948163486e+04 9.999996365320847902e-01 9.999992910963740878e-01 9.999992866688611759e-01
1.083095953205135083e+04 9.999996725337882975e-01 9.999994824905769075e-01 9.999994799923408451e-01
1.083097967462107044e+04 9.999996988656469910e-01 9.999995944214270516e-01 9.999995930031543301e-01
1.083099981719078824e+04 9.999997197837933172e-01 9.999996618138216053e-01 9.999996609963001104e-01
1.083101995976050603e+04 9.999997374343301271e-01 9.999997044016478709e-01 9.999997039166057533e-01
1.083104010233022382e+04 9.999997529113971995e-01 9.999997331685721580e-01 9.999997328672369790e-01
1.083106024489994343e+04 9.999997667931329604e-01 9.999997541441768556e-01 9.999997539448729489e-01
1.083108038746965940e+04 9.999997794064694467e-01 9.999997706017943466e-01 9.999997704600948056e-01
1.083110053003937901e+04 9.999997909550752961e-01 9.999997843074160953e-01 9.999997841993124581e-01
1.083112067260909498e+04 9.999998015801190299e-01 9.999997962159217213e-01 9.999997961284506909e-01
1.083114081517881277e+04 9.999998113889011497e-01 9.999998068518033412e-01 9.999998067779053423e-01
1.083116095774853056e+04 9.999998204684520386e-01 9.999998165134685868e-01 9.999998164492056585e-01
1.083118110031824835e+04 9.999998288922317125e-01 9.999998253809169180e-01 9.999998253239964496e-01
1.083120124288796796e+04 9.999998367236661023e-01 9.999998335715998277e-01 9.999998335205981803e-01
1.083122138545768394e+04 9.999998440182261694e-01 9.999998411690422806e-01 9.999998411230057727e-01
1.083124152802740355e+04 9.999998508248026940e-01 9.999998482374198305e-01 9.999998481956561269e-01
1.083126167059711952e+04 9.999998571867088071e-01 9.999998548290217615e-01 9.999998547909947355e-01
1.083128181316683913e+04 9.999998631424670270e-01 9.999998609881524114e-01 9.999998609534270777e-01
1.083130195573655692e+04 9.999998687264514130e-01 9.999998667532737917e-01 9.999998667214849979e-01
1.083132209830627471e+04 9.999998739694225813e-01 9.999998721582613603e-01 9.999998721290958015e-01
1.083134224087599250e+04 9.999998788989830079e-01 9.999998772332169272e-01 9.999998772064027097e-01
1.083136238344571029e+04 9.999998835399624975e-01 9.999998820050433057e-01 9.999998819803442851e-01
1.083138252601542808e+04 9.999998879147499187e-01 9.999998864978826285e-01 9.999998864750909711e-01
1.083140266858514406e+04 9.999998920435800853e-01 9.999998907334687326e-01 9.999998907124014735e-01
1.083142281115486367e+04 9.999998959447796709e-01 9.999998947314207021e-01 9.999998947119153048e-01
1.083144295372458146e+04 9.999998996349803715e-01 9.999998985094892268e-01 9.999998984914016953e-01
1.083146309629429925e+04 9.999999031293075324e-01 9.999999020837749830e-01 9.999999020669764205e-01
1.083148323886401704e+04 9.999999064415415750e-01 9.999999054689050482e-01 9.999999054532819898e-01
1.083150338143373665e+04 9.999999095842597718e-01 9.999999086782020985e-01 9.999999086636520707e-01
1.083152352400345262e+04 9.999999125689613688e-01 9.999999117238189683e-01 9.999999117102502666e-01
1.083154366657317223e+04 9.999999154061790518e-01 9.999999146168607744e-01 9.999999146041919085e-01
1.083156380914288820e+04 9.999999181055739816e-01 9.999999173674986030e-01 9.999999173556539667e-01
1.083158395171260781e+04 9.999999206760213921e-01 9.999999199850539977e-01 9.999999199739679767e-01
1.083160409428232379e+04 9.999999231256889720e-01 9.999999224780931062e-01 9.999999224677043053e-01
1.083162423685204340e+04 9.999999254621009248e-01 9.999999248544929609e-01 9.999999248447476452e-01
1.083164437942176119e+04 9.999999276922005853e-01 9.999999271215121999e-01 9.999999271123606315e-01
1.083166452199147716e+04 9.999999298224032662e-01 9.999999292858471334e-01 9.999999292772439041e-01
1.083168466456119677e+04 9.999999318586436647e-01 9.999999313536819256e-01 9.999999313455867345e-01
1.083170480713091274e+04 9.999999338064182730e-01 9.999999333307385552e-01 9.999999333231139875e-01
1.083172494970063235e+04 9.999999356708252352e-01 9.999999352223173377e-01 9.999999352151295318e-01
1.083174509227035014e+04 9.999999374565973209e-01 9.999999370333326754e-01 9.999999370265504339e-01
1.083176523484006793e+04 9.999999391681352323e-01 9.999999387683474739e-01 9.999999387619422642e-01
1.083178537740978572e+04 9.999999408095322506e-01 9.999999404316030072e-01 9.999999404255485169e-01
1.083180551997950352e+04 9.999999423846019919e-01 9.999999420270455630e-01 9.999999420213179224e-01
1.083182566254922131e+04 9.999999438969010557e-01 9.999999435583524221e-01 9.999999435529298708e-01
1.083184580511894092e+04 9.999999453497487867e-01 9.999999450289513980e-01 9.999999450238140630e-01
1.083186594768865689e+04 9.999999467462465930e-01 9.999999464420435968e-01 9.999999464371720492e-01
1.083188609025837650e+04 9.999999480892945991e-01 9.999999478006191822e-01 9.999999477959973238e-01
1.083190623282809247e+04 9.999999493816086327e-01 9.999999491074749169e-01 9.999999491030864274e-01
1.083192637539781026e+04 9.999999506257325477e-01 9.999999503652291510e-01 9.999999503610591534e-01
1.083194651796752987e+04 9.999999518240511032e-01 9.999999515763360325e-01 9.999999515723709820e-01
1.083196666053724584e+04 9.999999529788028418e-01 9.999999527430959434e-01 9.999999527393232945e-01
1.083198680310696545e+04 9.999999540920908592e-01 9.999999538676680455e-01 9.999999538640763630e-01
1.083200694567668143e+04 9.999999551658919072e-01 9.999999549520808273e-01 9.999999549486595640e-01
1.083202708824640104e+04 9.999999562020652766e-01 9.999999559982427622e-01 9.999999559949809269e-01
1.083204723081611701e+04 9.999999572023625660e-01 9.999999570079470823e-01 9.999999570048363484e-01
1.083206737338583662e+04 9.999999581684314576e-01 9.999999579828838803e-01 9.999999579799153659e-01
1.083208751595555441e+04 9.999999591018294831e-01 9.999999589246462151e-01 9.999999589218110385e-01
1.083210765852527220e+04 9.999999600040214709e-01 9.999999598347335539e-01 9.999999598320250538e-01
1.083212780109498999e+04 9.999999608763948666e-01 9.999999607145637626e-01 9.999999607119751666e-01
1.083214794366470778e+04 9.999999617202580682e-01 9.999999615654723284e-01 9.999999615629949767e-01
1.083216808623442557e+04 9.999999625368490852e-01 9.999999623887156908e-01 9.999999623863425890e-01
1.083218822880414336e+04 9.999999633273379818e-01 9.999999631854653570e-01 9.999999631831830715e-01
1.083220837137386116e+04 9.999999640928335376e-01 9.999999639567813681e-01 9.999999639545684715e-01
1.083222851394357895e+04 9.999999648343855796e-01 9.999999647035484607e-01 9.999999647013583237e-01
1.083224865651329674e+04 9.999999655529885345e-01 9.999999654263332927e-01 9.999999654240722124e-01
1.083226879908301453e+04 9.999999662495865360e-01 9.999999661251232075e-01 9.999999661226101066e-01
1.083228894165273414e+04 9.999999669250748680e-01 9.999999667989117880e-01 9.999999667958272553e-01
1.083230908422245011e+04 9.999999675803030730e-01 9.999999674451562903e-01 9.999999674409907335e-01
1.083232922679216972e+04 9.999999682160789494e-01 9.999999680592411844e-01 9.999999680532640767e-01
1.083234936936188569e+04 9.999999688331696612e-01 9.999999686342089245e-01 9.999999686254934517e-01
1.083236951193160530e+04 9.999999694323051802e-01 9.999999691610865771e-01 9.999999691486071152e-01
1.083238965450132127e+04 9.999999700141796177e-01 9.999999696300411189e-01 9.999999696128427651e-01
1.083240979707104088e+04 9.999999705794542226e-01 9.999999700322819152e-01 9.999999700096786626e-01
1.083242993964075868e+04 9.999999711287580473e-01 9.999999703622451941e-01 9.999999703339823576e-01
