# lambda[A]  T (H-alpha, LaRT 2D cylindrical Ly-a)
6.561000000000000000e+03 9.999998163435869225e-01
6.561018000000000029e+03 9.999998125868200249e-01
6.561036000000000058e+03 9.999998087133191715e-01
6.561054000000000087e+03 9.999998047181851701e-01
6.561072000000000116e+03 9.999998005962573711e-01
6.561090000000000146e+03 9.999997963420986791e-01
6.561108000000000175e+03 9.999997919499757915e-01
6.561126000000000204e+03 9.999997874138412124e-01
6.561144000000000233e+03 9.999997827273104933e-01
6.561162000000000262e+03 9.999997778836409168e-01
6.561180000000000291e+03 9.999997728757061832e-01
6.561198000000000320e+03 9.999997676959702098e-01
6.561216000000000349e+03 9.999997623364578203e-01
6.561234000000000378e+03 9.999997567887248806e-01
6.561252000000000407e+03 9.999997510438228820e-01
6.561270000000000437e+03 9.999997450922638587e-01
6.561288000000000466e+03 9.999997389239800860e-01
6.561305999999999585e+03 9.999997325282798943e-01
6.561323999999999614e+03 9.999997258938027045e-01
6.561341999999999643e+03 9.999997190084660703e-01
6.561359999999999673e+03 9.999997118594098344e-01
6.561377999999999702e+03 9.999997044329365092e-01
6.561395999999999731e+03 9.999996967144431093e-01
6.561413999999999760e+03 9.999996886883483205e-01
6.561431999999999789e+03 9.999996803380134525e-01
6.561449999999999818e+03 9.999996716456523993e-01
6.561467999999999847e+03 9.999996625922381588e-01
6.561485999999999876e+03 9.999996531573936975e-01
6.561503999999999905e+03 9.999996433192767098e-01
6.561521999999999935e+03 9.999996330544497214e-01
6.561539999999999964e+03 9.999996223377375371e-01
6.561557999999999993e+03 9.999996111420695888e-01
6.561576000000000022e+03 9.999995994383040765e-01
6.561594000000000051e+03 9.999995871950341231e-01
6.561612000000000080e+03 9.999995743783706148e-01
6.561630000000000109e+03 9.999995609517008388e-01
6.561648000000000138e+03 9.999995468754183658e-01
6.561666000000000167e+03 9.999995321066176279e-01
6.561684000000000196e+03 9.999995165987515255e-01
6.561702000000000226e+03 9.999995003012395189e-01
6.561720000000000255e+03 9.999994831590167665e-01
6.561738000000000284e+03 9.999994651120077682e-01
6.561756000000000313e+03 9.999994460944980901e-01
6.561774000000000342e+03 9.999994260343608721e-01
6.561792000000000371e+03 9.999994048520784995e-01
6.561810000000000400e+03 9.999993824594439751e-01
6.561828000000000429e+03 9.999993587577753473e-01
6.561846000000000458e+03 9.999993336353552031e-01
6.561864000000000487e+03 9.999993069636374798e-01
6.561882000000000517e+03 9.999992785914884053e-01
6.561899999999999636e+03 9.999992483362867279e-01
6.561917999999999665e+03 9.999992159700504812e-01
6.561935999999999694e+03 9.999991811977327894e-01
6.561953999999999724e+03 9.999991436233083286e-01
6.561971999999999753e+03 9.999991026970179719e-01
6.561989999999999782e+03 9.999990576338537718e-01
6.562007999999999811e+03 9.999990072886555392e-01
6.562025999999999840e+03 9.999989499665001835e-01
6.562043999999999869e+03 9.999988831377415455e-01
6.562061999999999898e+03 9.999988030141825357e-01
6.562079999999999927e+03 9.999987039253229737e-01
6.562097999999999956e+03 9.999985774099622304e-01
6.562115999999999985e+03 9.999984109067230342e-01
6.562134000000000015e+03 9.999981858846982430e-01
6.562152000000000044e+03 9.999978751985920677e-01
6.562170000000000073e+03 9.999974393756785318e-01
6.562188000000000102e+03 9.999968214353326390e-01
6.562206000000000131e+03 9.999959396905572229e-01
6.562224000000000160e+03 9.999946777597495950e-01
6.562242000000000189e+03 9.999928706855343297e-01
6.562260000000000218e+03 9.999902855534896773e-01
6.562278000000000247e+03 9.999865942362351490e-01
6.562296000000000276e+03 9.999813347349318926e-01
6.562314000000000306e+03 9.999738558977598890e-01
6.562332000000000335e+03 9.999632378812288724e-01
6.562350000000000364e+03 9.999481773429100828e-01
6.562368000000000393e+03 9.999268215556678108e-01
6.562386000000000422e+03 9.998965282787903863e-01
6.562404000000000451e+03 9.998535155149341769e-01
6.562422000000000480e+03 9.997923414559495292e-01
6.562440000000000509e+03 9.997051117434344603e-01
6.562458000000000538e+03 9.995802485906351009e-01
6.562476000000000568e+03 9.994006275510899373e-01
6.562494000000000597e+03 9.991411350502907851e-01
6.562511999999999716e+03 9.987669507412565428e-01
6.562529999999999745e+03 9.982375249359145553e-01
6.562547999999999774e+03 9.975273120175234265e-01
6.562565999999999804e+03 9.966712158163839597e-01
6.562583999999999833e+03 9.957992023175507024e-01
6.562601999999999862e+03 9.950697619684523154e-01
6.562619999999999891e+03 9.945354240355160913e-01
6.562637999999999920e+03 9.941433704350487455e-01
6.562655999999999949e+03 9.938331609713831893e-01
6.562673999999999978e+03 9.935726941546419999e-01
6.562692000000000007e+03 9.933503225305846396e-01
6.562710000000000036e+03 9.931628474180544952e-01
6.562728000000000065e+03 9.930094062359602347e-01
6.562746000000000095e+03 9.928896498765664713e-01
6.562764000000000124e+03 9.928033870505110769e-01
6.562782000000000153e+03 9.927505480440418362e-01
6.562800000000000182e+03 9.927311702495532630e-01
6.562818000000000211e+03 9.927453670070218728e-01
6.562836000000000240e+03 9.927932993679254858e-01
6.562854000000000269e+03 9.928751657099554873e-01
6.562872000000000298e+03 9.929912043482199691e-01
6.562890000000000327e+03 9.931416957903451692e-01
6.562908000000000357e+03 9.933270032655238113e-01
6.562926000000000386e+03 9.935479428180734596e-01
6.562944000000000415e+03 9.938076177029152580e-01
6.562962000000000444e+03 9.941175223271582206e-01
6.562980000000000473e+03 9.945095159123384931e-01
6.562998000000000502e+03 9.950437171714816564e-01
6.563016000000000531e+03 9.957727998059797692e-01
6.563034000000000560e+03 9.966446770722722226e-01
6.563052000000000589e+03 9.975015342239402782e-01
6.563070000000000618e+03 9.982135786141055345e-01
6.563088000000000648e+03 9.987455805900452566e-01
6.563105999999999767e+03 9.991226525857831442e-01
6.563123999999999796e+03 9.993850209175190180e-01
6.563141999999999825e+03 9.995673179156432386e-01
6.563159999999999854e+03 9.996945667740587682e-01
6.563177999999999884e+03 9.997838611792752017e-01
6.563195999999999913e+03 9.998467821919537757e-01
6.563213999999999942e+03 9.998912459266200425e-01
6.563231999999999971e+03 9.999227250968001357e-01
6.563250000000000000e+03 9.999450360989701192e-01
6.563268000000000029e+03 9.999608556413810412e-01
6.563286000000000058e+03 9.999720689679980623e-01
6.563304000000000087e+03 9.999800088792690778e-01
6.563322000000000116e+03 9.999856211063112843e-01
6.563340000000000146e+03 9.999895789953616720e-01
6.563358000000000175e+03 9.999923631716954864e-01
6.563376000000000204e+03 9.999943170971822282e-01
6.563394000000000233e+03 9.999956860873945308e-01
6.563412000000000262e+03 9.999966449606619845e-01
6.563430000000000291e+03 9.999973178135994623e-01
6.563448000000000320e+03 9.999977922753091608e-01
6.563466000000000349e+03 9.999981298336413360e-01
6.563484000000000378e+03 9.999983733294727228e-01
6.563502000000000407e+03 9.999985523884507010e-01
6.563520000000000437e+03 9.999986873419444144e-01
6.563538000000000466e+03 9.999987920398809571e-01
6.563556000000000495e+03 9.999988758528572941e-01
6.563574000000000524e+03 9.999989450843961292e-01
6.563592000000000553e+03 9.999990039573820599e-01
6.563610000000000582e+03 9.999990552959703294e-01
6.563628000000000611e+03 9.999991009919902973e-01
6.563646000000000640e+03 9.999991423205405461e-01
6.563664000000000669e+03 9.999991801512768674e-01
6.563682000000000698e+03 9.999992150884100539e-01
6.563700000000000728e+03 9.999992475625631982e-01
6.563717999999999847e+03 9.999992778905049118e-01
6.563735999999999876e+03 9.999993063137013749e-01
6.563753999999999905e+03 9.999993330230559918e-01
6.563771999999999935e+03 9.999993581747446125e-01
6.563789999999999964e+03 9.999993819003576423e-01
6.563807999999999993e+03 9.999994043134449173e-01
6.563826000000000022e+03 9.999994255137891752e-01
6.563844000000000051e+03 9.999994455902638801e-01
6.563862000000000080e+03 9.999994646227962081e-01
6.563880000000000109e+03 9.999994826837702577e-01
6.563898000000000138e+03 9.999994998390709933e-01
6.563916000000000167e+03 9.999995161488898221e-01
6.563934000000000196e+03 9.999995316683775171e-01
6.563952000000000226e+03 9.999995464481803431e-01
6.563970000000000255e+03 9.999995605348996897e-01
6.563988000000000284e+03 9.999995739714859777e-01
6.564006000000000313e+03 9.999995867975856045e-01
6.564024000000000342e+03 9.999995990498456999e-01
6.564042000000000371e+03 9.999996107621869079e-01
6.564060000000000400e+03 9.999996219660440833e-01
6.564078000000000429e+03 9.999996326905845612e-01
6.564096000000000458e+03 9.999996429629025574e-01
6.564114000000000487e+03 9.999996528081948055e-01
6.564132000000000517e+03 9.999996622499180976e-01
6.564150000000000546e+03 9.999996713099330581e-01
6.564168000000000575e+03 9.999996800086329296e-01
6.564186000000000604e+03 9.999996883650605906e-01
6.564204000000000633e+03 9.999996963970160246e-01
6.564222000000000662e+03 9.999997041211509119e-01
6.564240000000000691e+03 9.999997115530587788e-01
6.564258000000000720e+03 9.999997187073539351e-01
6.564276000000000749e+03 9.999997255977446375e-01
6.564294000000000779e+03 9.999997322371001474e-01
6.564311999999999898e+03 9.999997386375122366e-01
6.564329999999999927e+03 9.999997448103503661e-01
6.564347999999999956e+03 9.999997507663136442e-01
6.564365999999999985e+03 9.999997565154770118e-01
6.564384000000000015e+03 9.999997620673359844e-01
6.564402000000000044e+03 9.999997674308447326e-01
6.564420000000000073e+03 9.999997726144543853e-01
6.564438000000000102e+03 9.999997776261448923e-01
6.564456000000000131e+03 9.999997824734583318e-01
6.564474000000000160e+03 9.999997871635255553e-01
6.564492000000000189e+03 9.999997917030946093e-01
6.564510000000000218e+03 9.999997960985538281e-01
6.564528000000000247e+03 9.999998003559551485e-01
6.564546000000000276e+03 9.999998044810355369e-01
6.564564000000000306e+03 9.999998084792367514e-01
6.564582000000000335e+03 9.999998123557218843e-01
6.564600000000000364e+03 9.999998161153941245e-01
