# lambda[A]  T_theo  T_instr  T_rot+instr  (He I 10830)
1.082820000000000073e+04 9.999999535465418088e-01 9.999999513875295065e-01 9.999999513108399629e-01
1.082822003684838273e+04 9.999999520891869054e-01 9.999999504374449399e-01 9.999999503747938334e-01
1.082824007369676474e+04 9.999999505466049543e-01 9.999999492602839046e-01 9.999999492108898602e-01
1.082826011054514674e+04 9.999999489109204776e-01 9.999999478588229573e-01 9.999999478207691750e-01
1.082828014739352693e+04 9.999999471732164968e-01 9.999999462413220463e-01 9.999999462119326665e-01
1.082830018424190712e+04 9.999999453233183733e-01 9.999999444135759807e-01 9.999999443898448526e-01
1.082832022109028912e+04 9.999999433494685119e-01 9.999999423689901468e-01 9.999999423478656002e-01
1.082834025793867113e+04 9.999999412377705843e-01 9.999999400755243961e-01 9.999999400538913674e-01
1.082836029478705314e+04 9.999999389711367037e-01 9.999999374552117626e-01 9.999999374294450405e-01
1.082838033163543514e+04 9.999999365271081686e-01 9.999999343474051949e-01 9.999999343123444628e-01
1.082840036848381715e+04 9.999999338732085130e-01 9.999999304400297717e-01 9.999999303871027756e-01
1.082842040533219551e+04 9.999999309568866623e-01 9.999999251419853241e-01 9.999999250559271635e-01
1.082844044218057752e+04 9.999999276839783846e-01 9.999999173515434769e-01 9.999999172046755147e-01
1.082846047902895953e+04 9.999999238733593421e-01 9.999999050454111416e-01 9.999999047876686475e-01
1.082848051587734153e+04 9.999999191636933515e-01 9.999998845648152557e-01 9.999998841063294508e-01
1.082850055272572354e+04 9.999999128266088277e-01 9.999998493986677062e-01 9.999998485793382130e-01
1.082852058957410372e+04 9.999999034026587630e-01 9.999997881450237713e-01 9.999997866811920488e-01
1.082854062642248391e+04 9.999998880119167488e-01 9.999996811480431624e-01 9.999996785385392162e-01
1.082856066327086592e+04 9.999998610856370984e-01 9.999994950231152480e-01 9.999994903828731685e-01
1.082858070011924792e+04 9.999998120993508488e-01 9.999991738430761279e-01 9.999991656078350832e-01
1.082860073696762811e+04 9.999997216352222162e-01 9.999986250820165345e-01 9.999986104864601044e-01
1.082862077381601011e+04 9.999995547290144726e-01 9.999976973885260634e-01 9.999976715562832741e-01
1.082864081066439212e+04 9.999992499185372807e-01 9.999961457592997371e-01 9.999961001541789463e-01
1.082866084751277413e+04 9.999987016339750845e-01 9.999935776157806711e-01 9.999934974998283543e-01
1.082868088436115431e+04 9.999977324225289843e-01 9.999893707246176877e-01 9.999892311884900353e-01
1.082870092120953450e+04 9.999960497062755360e-01 9.999825513216421546e-01 9.999823114805710400e-01
1.082872095805791650e+04 9.999931787619769086e-01 9.999716194172982853e-01 9.999712146439392324e-01
1.082874099490629851e+04 9.999883582613341426e-01 9.999543104039231300e-01 9.999536431827393823e-01
1.082876103175468052e+04 9.999803750710273276e-01 9.999272913186793010e-01 9.999262226146746757e-01
1.082878106860306252e+04 9.999672984462187886e-01 9.998858107346529911e-01 9.998841556643206507e-01
1.082880110545144453e+04 9.999460486777861368e-01 9.998233566211862655e-01 9.998208903206047271e-01
1.082882114229982290e+04 9.999117067057352592e-01 9.997314260081002768e-01 9.997279069984053024e-01
1.082884117914820490e+04 9.998564621905278171e-01 9.995995653252049973e-01 9.995947829420122055e-01
1.082886121599658691e+04 9.997681631803929658e-01 9.994158811670360576e-01 9.994097291842268804e-01
1.082888125284496891e+04 9.996286589597387362e-01 9.991682177256580033e-01 9.991607873421241015e-01
1.082890128969334910e+04 9.994125950067496156e-01 9.988461159962677138e-01 9.988377889270869670e-01
1.082892132654173110e+04 9.990879709511323314e-01 9.984434904131503918e-01 9.984350007058303555e-01
1.082894136339011311e+04 9.986202731782649611e-01 9.979616928564154499e-01 9.979541203817131612e-01
1.082896140023849330e+04 9.979817201149446815e-01 9.974123420353183667e-01 9.974070077786021393e-01
1.082898143708687530e+04 9.971655752788999294e-01 9.968190837902706214e-01 9.968173401655987531e-01
1.082900147393525549e+04 9.962026917498778555e-01 9.962174369652474493e-01 9.962203817079798851e-01
1.082902151078363750e+04 9.951738376419688725e-01 9.956521559407169875e-01 9.956603343731798006e-01
1.082904154763201950e+04 9.942074275260186500e-01 9.951720979442522097e-01 9.951852798827383051e-01
1.082906158448040151e+04 9.934540445129780295e-01 9.948232930285809683e-01 9.948404042203643494e-01
1.082908162132878351e+04 9.930451167809557500e-01 9.946415523435120365e-01 9.946608029062413703e-01
1.082910165817716188e+04 9.930558973576028015e-01 9.946462726346148031e-01 9.946654667388546978e-01
1.082912169502554389e+04 9.934843626284204365e-01 9.948369428749589405e-01 9.948538955459317323e-01
1.082914173187392589e+04 9.942517954205811748e-01 9.951932375590876179e-01 9.952061885764387217e-01
1.082916176872230790e+04 9.952248305406543594e-01 9.956786727188814412e-01 9.956865885779446756e-01
1.082918180557068990e+04 9.962530691195200516e-01 9.962469001225799925e-01 9.962495924874253950e-01
1.082920184241907009e+04 9.972100780834703970e-01 9.968491142274423789e-01 9.968471622262496945e-01
1.082922187926745028e+04 9.980177007320394367e-01 9.974409195867285360e-01 9.974354409214664097e-01
1.082924191611583228e+04 9.986473236737531955e-01 9.979873493601619794e-01 9.979797011983333466e-01
1.082926195296421429e+04 9.991071236265071098e-01 9.984653729284898027e-01 9.984568683508645570e-01
1.082928198981259629e+04 9.994255168077925688e-01 9.988639374886368882e-01 9.988556406922031172e-01
1.082930202666097648e+04 9.996370602814046435e-01 9.991821335063446607e-01 9.991747604108448533e-01
1.082932206350935849e+04 9.997734806397461371e-01 9.994263351727610267e-01 9.994202511477489059e-01
1.082934210035774049e+04 9.998597633831359799e-01 9.996071434725138927e-01 9.996024275805150960e-01
1.082936213720612068e+04 9.999137232271089193e-01 9.997367401117250862e-01 9.997332788445973950e-01
1.082938217405450268e+04 9.999472565934290902e-01 9.998269677566772318e-01 9.998245473969855635e-01
1.082940221090288287e+04 9.999679987729187536e-01 9.998881896518378998e-01 9.998865686571634104e-01
1.082942224775126488e+04 9.999807559355258224e-01 9.999288072262403348e-01 9.999277623529567727e-01
1.082944228459964688e+04 9.999885370430411369e-01 9.999552377106919465e-01 9.999545863340355556e-01
1.082946232144802889e+04 9.999932287773227735e-01 9.999721533039502841e-01 9.999717586123454405e-01
1.082948235829641089e+04 9.999960166530483807e-01 9.999828256464159404e-01 9.999825919764407933e-01
1.082950239514478926e+04 9.999976445215821297e-01 9.999894744759608711e-01 9.999893385838333204e-01
1.082952243199317127e+04 9.999985759761390591e-01 9.999935682374812007e-01 9.999934901897978845e-01
1.082954246884155327e+04 9.999990964952470973e-01 9.999960590001882865e-01 9.999960144958329744e-01
1.082956250568993528e+04 9.999993789998490312e-01 9.999975539653841450e-01 9.999975286234075167e-01
1.082958254253831728e+04 9.999995261277264680e-01 9.999984345862250601e-01 9.999984200463473138e-01
1.082960257938669747e+04 9.999995973220806578e-01 9.999989361445439373e-01 9.999989275638490049e-01
1.082962261623507948e+04 9.999996258799015436e-01 9.999991990304294420e-01 9.999991935373376828e-01
1.082964265308345966e+04 9.999996293125015256e-01 9.999993001856292141e-01 9.999992959300182394e-01
1.082966268993184167e+04 9.999996151687927659e-01 9.999992703359047441e-01 9.999992658689011993e-01
1.082968272678022367e+04 9.999995835726369631e-01 9.999991001385702960e-01 9.999990939274003843e-01
1.082970276362860386e+04 9.999995269617023563e-01 9.999987361808397868e-01 9.999987260979109616e-01
1.082972280047698587e+04 9.999994267602988485e-01 9.999980656487706954e-01 9.999980482628070266e-01
1.082974283732536787e+04 9.999992458478089707e-01 9.999968861068374570e-01 9.999968555381960611e-01
1.082976287417374806e+04 9.999989145552078407e-01 9.999948537646959901e-01 9.999947997312605974e-01
1.082978291102213007e+04 9.999983063607688072e-01 9.999913993580988869e-01 9.999913038126221343e-01
1.082980294787051025e+04 9.999971972346035631e-01 9.999855947855625926e-01 9.999854262189761256e-01
1.082982298471889226e+04 9.999951993678124484e-01 9.999759454807647385e-01 9.999756495644402943e-01
1.082984302156727426e+04 9.999916552585841334e-01 9.999600732196061159e-01 9.999595580919000692e-01
1.082986305841565627e+04 9.999854707703668133e-01 9.999342429398715426e-01 9.999333573584658907e-01
1.082988309526403827e+04 9.999748537844787011e-01 9.998926787583295450e-01 9.998911819716657101e-01
1.082990313211241664e+04 9.999569045803131662e-01 9.998266157172605029e-01 9.998241398365994570e-01
1.082992316896079865e+04 9.999269685706900779e-01 9.997230558926125665e-01 9.997190653214634848e-01
1.082994320580918065e+04 9.998776029142436572e-01 9.995632541553183259e-01 9.995570123966951437e-01
1.082996324265756266e+04 9.997969211093172825e-01 9.993210623882747834e-01 9.993116235032891703e-01
1.082998327950594467e+04 9.996659811523429529e-01 9.989614140359969197e-01 9.989476619599316765e-01
1.083000331635432485e+04 9.994548474719612274e-01 9.984394160867964274e-01 9.984201762930576818e-01
1.083002335320270686e+04 9.991171558646768647e-01 9.977006866797404339e-01 9.976749271657217033e-01
1.083004339005108704e+04 9.985837041346806719e-01 9.966836584328550019e-01 9.966507779581494919e-01
1.083006342689946905e+04 9.977569768785403692e-01 9.953244723426224461e-01 9.952846444624968703e-01
1.083008346374785106e+04 9.965103760686900847e-01 9.935647472427017179e-01 9.935192557191809826e-01
1.083010350059623124e+04 9.946972693663070908e-01 9.913619205597840045e-01 9.913133967736023067e-01
1.083012353744461325e+04 9.921741710465507014e-01 9.887011064907482716e-01 9.886535748711428040e-01
1.083014357429299525e+04 9.888384607513439617e-01 9.856066875119670057e-01 9.855653479236545778e-01
1.083016361114137726e+04 9.846748143103114526e-01 9.821513667596363240e-01 9.821220907415711965e-01
1.083018364798975563e+04 9.797962957636294767e-01 9.784603490092661504e-01 9.784489279328750788e-01
1.083020368483813763e+04 9.744564492702451064e-01 9.747087669935542431e-01 9.747200090362748703e-01
1.083022372168651964e+04 9.690163050034471537e-01 9.711113769537497165e-01 9.711481939130165442e-01
1.083024375853490164e+04 9.638918972623176096e-01 9.679047624075601819e-01 9.679674106657002453e-01
1.083026379538328365e+04 9.595233554832773848e-01 9.653236158910308840e-01 9.654092554856181785e-01
1.083028383223166566e+04 9.563556298761634045e-01 9.635739185317061528e-01 9.636766260443482279e-01
1.083030386908004402e+04 9.547842469978149449e-01 9.628068041365448471e-01 9.629181129906499992e-01
1.083032390592842603e+04 9.550595707770576093e-01 9.630973530549790107e-01 9.632072977605957709e-01
1.083034394277680803e+04 9.572189774421466790e-01 9.644322847170132551e-01 9.645308066588832441e-01
1.083036397962519004e+04 9.610770570917032130e-01 9.667093630131795567e-01 9.667878250451440447e-01
1.083038401647357205e+04 9.662375546986140540e-01 9.697493559502127214e-01 9.698018516268602784e-01
1.083040405332195223e+04 9.721305286086079356e-01 9.733189458069199107e-01 9.733431097116307384e-01
1.083042409017033424e+04 9.781111290794054502e-01 9.771606660500732344e-01 9.771578021391155167e-01
1.083044412701871443e+04 9.836114537545591618e-01 9.810244250395893095e-01 9.809989430598382576e-01
1.083046416386709643e+04 9.882614104795237608e-01 9.846949668931850308e-01 9.846532969914212341e-01
1.083048420071547662e+04 9.919175076427974025e-01 9.880108185096443396e-01 9.879600986065725232e-01
1.083050423756385862e+04 9.946183365148364430e-01 9.908725061820405910e-01 9.908193639195235214e-01
1.083052427441224063e+04 9.965113139094898820e-01 9.932403820610034018e-01 9.931900611837450876e-01
1.083054431126062264e+04 9.977830906392736177e-01 9.951245097452979804e-01 9.950804563306088202e-01
1.083056434810900464e+04 9.986107894182004729e-01 9.965701878141403069e-01 9.965340703360379138e-01
1.083058438495738301e+04 9.991378560089284599e-01 9.976427121601607606e-01 9.976147489006992330e-01
1.083060442180576501e+04 9.994689589844605315e-01 9.984141421446831588e-01 9.983935719878720416e-01
1.083062445865414702e+04 9.996752758462192912e-01 9.989535966861473604e-01 9.989391484881707806e-01
1.083064449550252903e+04 9.998030949735349227e-01 9.993214134523532577e-01 9.993116808439577170e-01
1.083066453235091103e+04 9.998818007216880854e-01 9.995666510945785399e-01 9.995603367581974430e-01
1.083068456919929304e+04 9.999298727377669005e-01 9.997269944773402583e-01 9.997230318070745581e-01
1.083070460604767322e+04 9.999589187130046852e-01 9.998300720454440516e-01 9.998276555546199429e-01
1.083072464289605341e+04 9.999762348246569177e-01 9.998953725664373460e-01 9.998939337468016886e-01
1.083074467974443542e+04 9.999863987618679007e-01 9.999362133239698691e-01 9.999353726803779097e-01
1.083076471659281742e+04 9.999922641910418131e-01 9.999614623268263669e-01 9.999609780012445048e-01
1.083078475344119761e+04 9.999955900903272354e-01 9.999769035140556594e-01 9.999766271103092130e-01
1.083080479028957961e+04 9.999974440661492103e-01 9.999862471643138351e-01 9.999860903276052149e-01
1.083082482713796162e+04 9.999984621317353772e-01 9.999918413287789409e-01 9.999917526168130566e-01
1.083084486398634363e+04 9.999990153335481802e-01 9.999951548222517639e-01 9.999951047326147702e-01
1.083086490083472381e+04 9.999993153256219180e-01 9.999970966306271913e-01 9.999970683894434664e-01
1.083088493768310400e+04 9.999994800477989276e-01 9.999982232481993139e-01 9.999982073536007876e-01
1.083090497453148600e+04 9.999995736770653787e-01 9.999988714855784222e-01 9.999988625585412017e-01
1.083092501137986801e+04 9.999996303257031594e-01 9.999992426637088760e-01 9.999992376582337306e-01
1.083094504822825002e+04 9.999996677261716593e-01 9.999994554922974066e-01 9.999994526844619980e-01
1.083096508507663202e+04 9.999996949168711291e-01 9.999995789541064051e-01 9.999995773707623936e-01
1.083098512192501039e+04 9.999997164382299353e-01 9.999996525248876500e-01 9.999996516195153173e-01
1.083100515877339240e+04 9.999997345594942022e-01 9.999996984434793568e-01 9.999996979114601503e-01
1.083102519562177440e+04 9.999997504277389204e-01 9.999997290465408861e-01 9.999997287196675799e-01
1.083104523247015641e+04 9.999997646447773558e-01 9.999997510805925804e-01 9.999997508669205004e-01
1.083106526931853841e+04 9.999997775494710028e-01 9.999997681918908476e-01 9.999997680416414791e-01
1.083108530616691860e+04 9.999997893527448056e-01 9.999997823372374084e-01 9.999997822236472711e-01
1.083110534301530060e+04 9.999998002010486164e-01 9.999997945679673927e-01 9.999997944766716440e-01
1.083112537986368079e+04 9.999998102059537430e-01 9.999998054571562767e-01 9.999998053803832443e-01
1.083114541671206280e+04 9.999998194581053435e-01 9.999998153279574531e-01 9.999998152614046898e-01
1.083116545356044480e+04 9.999998280340556267e-01 9.999998243734169456e-01 9.999998243146011045e-01
1.083118549040882499e+04 9.999998359998846231e-01 9.999998327183270419e-01 9.999998326657176806e-01
1.083120552725720700e+04 9.999998434133380298e-01 9.999998404507390859e-01 9.999998404033192401e-01
1.083122556410558900e+04 9.999998503252586213e-01 9.999998476379228229e-01 9.999998475949581911e-01
1.083124560095397101e+04 9.999998567806357430e-01 9.999998543344758017e-01 9.999998542954016134e-01
1.083126563780235119e+04 9.999998628194358696e-01 9.999998605865434431e-01 9.999998605509001770e-01
1.083128567465073138e+04 9.999998684772795077e-01 9.999998664341079868e-01 9.999998664015113947e-01
1.083130571149911339e+04 9.999998737860056330e-01 9.999998719123310842e-01 9.999998718824534283e-01
1.083132574834749539e+04 9.999998787741538608e-01 9.999998770524168856e-01 9.999998770249741709e-01
1.083134578519587740e+04 9.999998834673693437e-01 9.999998818822197766e-01 9.999998818569647563e-01
1.083136582204425940e+04 9.999998878887529363e-01 9.999998864267074516e-01 9.999998864034231882e-01
1.083138585889264141e+04 9.999998920591621765e-01 9.999998907083312849e-01 9.999998906868254878e-01
1.083140589574101978e+04 9.999998959974707446e-01 9.999998947473364153e-01 9.999998947274408856e-01
1.083142593258940178e+04 9.999998997207909524e-01 9.999998985620236480e-01 9.999998985435878396e-01
1.083144596943778379e+04 9.999999032446720282e-01 9.999999021689723877e-01 9.999999021518637399e-01
1.083146600628616579e+04 9.999999065832677614e-01 9.999999055832362593e-01 9.999999055673353121e-01
1.083148604313454598e+04 9.999999097494868261e-01 9.999999088185094198e-01 9.999999088037107020e-01
1.083150607998292799e+04 9.999999127551226774e-01 9.999999118872747728e-01 9.999999118734832493e-01
1.083152611683130817e+04 9.999999156109679044e-01 9.999999148009308669e-01 9.999999147880609396e-01
1.083154615367969018e+04 9.999999183269157044e-01 9.999999175699042508e-01 9.999999175578796473e-01
1.083156619052807218e+04 9.999999209120485899e-01 9.999999202037507251e-01 9.999999201925021675e-01
1.083158622737645237e+04 9.999999233747179916e-01 9.999999227112392752e-01 9.999999227007045910e-01
1.083160626422483438e+04 9.999999257226143135e-01 9.999999251004302314e-01 9.999999250905529102e-01
1.083162630107321638e+04 9.999999279628284388e-01 9.999999273787454346e-01 9.999999273694755164e-01
1.083164633792159839e+04 9.999999301019071307e-01 9.999999295530267451e-01 9.999999295443169345e-01
1.083166637476997857e+04 9.999999321459041024e-01 9.999999316295906659e-01 9.999999316213987743e-01
1.083168641161835876e+04 9.999999341004237596e-01 9.999999336142758599e-01 9.999999336065641398e-01
1.083170644846674077e+04 9.999999359706596147e-01 9.999999355124876699e-01 9.999999355052205940e-01
1.083172648531512277e+04 9.999999377614322560e-01 9.999999373292352001e-01 9.999999373223809052e-01
1.083174652216350478e+04 9.999999394772187689e-01 9.999999390691673984e-01 9.999999390626974627e-01
1.083176655901188678e+04 9.999999411221843770e-01 9.999999407366017001e-01 9.999999407304884791e-01
1.083178659586026697e+04 9.999999427002064234e-01 9.999999423355550032e-01 9.999999423297749601e-01
1.083180663270864716e+04 9.999999442148993500e-01 9.999999438697669829e-01 9.999999438642963590e-01
1.083182666955702916e+04 9.999999456696343492e-01 9.999999453427221852e-01 9.999999453375411074e-01
1.083184670640541117e+04 9.999999470675599023e-01 9.999999467576731194e-01 9.999999467527629360e-01
1.083186674325379317e+04 9.999999484116206538e-01 9.999999481176573557e-01 9.999999481129990819e-01
1.083188678010217336e+04 9.999999497045701791e-01 9.999999494255124022e-01 9.999999494210914941e-01
1.083190681695055537e+04 9.999999509489883032e-01 9.999999506838961327e-01 9.999999506796962701e-01
1.083192685379893737e+04 9.999999521472914266e-01 9.999999518952970012e-01 9.999999518913057495e-01
1.083194689064731756e+04 9.999999533017490672e-01 9.999999530620470312e-01 9.999999530582505125e-01
1.083196692749569957e+04 9.999999544144891894e-01 9.999999541863345831e-01 9.999999541827213623e-01
1.083198696434407975e+04 9.999999554875141916e-01 9.999999552702156791e-01 9.999999552667744318e-01
1.083200700119246176e+04 9.999999565227054577e-01 9.999999563156195537e-01 9.999999563123401769e-01
1.083202703804084376e+04 9.999999575218330161e-01 9.999999573243634199e-01 9.999999573212369208e-01
1.083204707488922577e+04 9.999999584865661983e-01 9.999999582981575763e-01 9.999999582951742960e-01
1.083206711173760777e+04 9.999999594184764140e-01 9.999999592386115133e-01 9.999999592357644573e-01
1.083208714858598614e+04 9.999999603190460329e-01 9.999999601472436828e-01 9.999999601445234143e-01
1.083210718543436815e+04 9.999999611896757123e-01 9.999999610254848292e-01 9.999999610228849090e-01
1.083212722228275015e+04 9.999999620316869509e-01 9.999999618746844288e-01 9.999999618721981953e-01
1.083214725913113216e+04 9.999999628463284163e-01 9.999999626961114663e-01 9.999999626937293717e-01
1.083216729597951417e+04 9.999999636347824961e-01 9.999999634909468860e-01 9.999999634886568289e-01
1.083218733282789435e+04 9.999999643981668518e-01 9.999999642602583894e-01 9.999999642580367221e-01
1.083220736967627454e+04 9.999999651375405252e-01 9.999999650049316013e-01 9.999999650027318054e-01
1.083222740652465654e+04 9.999999658539062697e-01 9.999999657255297381e-01 9.999999657232551131e-01
1.083224744337303855e+04 9.999999665482158795e-01 9.999999664220272644e-01 9.999999664194950677e-01
1.083226748022142056e+04 9.999999672213714108e-01 9.999999670934017759e-01 9.999999670902908200e-01
1.083228751706980074e+04 9.999999678742281795e-01 9.999999677371014251e-01 9.999999677329018954e-01
1.083230755391818275e+04 9.999999685076005340e-01 9.999999683485252255e-01 9.999999683425118135e-01
1.083232759076656475e+04 9.999999691222607456e-01 9.999999689207774711e-01 9.999999689120339097e-01
1.083234762761494494e+04 9.999999697189433379e-01 9.999999694450081300e-01 9.999999694325238941e-01
1.083236766446332513e+04 9.999999702983470851e-01 9.999999699115559304e-01 9.999999698943927706e-01
1.083238770131170713e+04 9.999999708611364557e-01 9.999999703118158667e-01 9.999999702893008768e-01
1.083240773816008914e+04 9.999999714079449431e-01 9.999999706403679411e-01 9.999999706122510990e-01
