# lambda[A]  T_theo  T_instr  T_rot+instr  (Ly-alpha 1215.67)
1.214099999999999909e+03 9.997229869554631332e-01 9.997221766255499631e-01 9.997221626687918805e-01
1.214114499999999907e+03 9.997194816370281734e-01 9.997194221154284133e-01 9.997194178436256129e-01
1.214129000000000133e+03 9.997158898744851196e-01 9.997158669605255010e-01 9.997158662894132242e-01
1.214143500000000131e+03 9.997122086318598333e-01 9.997121851868461251e-01 9.997121846857918159e-01
1.214157999999999902e+03 9.997084347506570712e-01 9.997084104740815436e-01 9.997084099558936066e-01
1.214172499999999900e+03 9.997045649440847725e-01 9.997045398016543016e-01 9.997045392641501493e-01
1.214187000000000126e+03 9.997005957909190776e-01 9.997005697469593111e-01 9.997005691892656420e-01
1.214201499999999896e+03 9.996965237289853201e-01 9.996964967460661988e-01 9.996964961672625272e-01
1.214215999999999894e+03 9.996923450482192441e-01 9.996923170870423148e-01 9.996923164861575284e-01
1.214230500000000120e+03 9.996880558832867969e-01 9.996880269025603116e-01 9.996880262785683424e-01
1.214245000000000118e+03 9.996836522057082064e-01 9.996836221620168939e-01 9.996836215138332760e-01
1.214259499999999889e+03 9.996791298154688032e-01 9.996790986631296505e-01 9.996790979896076346e-01
1.214273999999999887e+03 9.996744843320611862e-01 9.996744520229695619e-01 9.996744513228955631e-01
1.214288500000000113e+03 9.996697111849160988e-01 9.996696776683793306e-01 9.996696769404675997e-01
1.214302999999999884e+03 9.996648056031797180e-01 9.996647708257366816e-01 9.996647700686247529e-01
1.214317499999999882e+03 9.996597626047749596e-01 9.996597265100010121e-01 9.996597257222429311e-01
1.214332000000000107e+03 9.996545769846947316e-01 9.996545395129927680e-01 9.996545386930537624e-01
1.214346500000000106e+03 9.996492433024670721e-01 9.996492043908374869e-01 9.996492035370873053e-01
1.214360999999999876e+03 9.996437558687147895e-01 9.996437154505110056e-01 9.996437145612167008e-01
1.214375500000000102e+03 9.996381087307475433e-01 9.996380667354080041e-01 9.996380658087251625e-01
1.214390000000000100e+03 9.996322956570934393e-01 9.996322520098522846e-01 9.996322510438180320e-01
1.214404500000000098e+03 9.996263101208913149e-01 9.996262647424635217e-01 9.996262637349858649e-01
1.214418999999999869e+03 9.996201452820386857e-01 9.996200980882801179e-01 9.996200970371271755e-01
1.214433500000000095e+03 9.996137939679935469e-01 9.996137448695284755e-01 9.996137437723185970e-01
1.214448000000000093e+03 9.996072486531077939e-01 9.996071975549256639e-01 9.996071964091147732e-01
1.214462499999999864e+03 9.996005014363678054e-01 9.996004482373817002e-01 9.996004470402493070e-01
1.214477000000000089e+03 9.995935440173895348e-01 9.995934886099556715e-01 9.995934873585908820e-01
1.214491500000000087e+03 9.995863676705170064e-01 9.995863099399086016e-01 9.995863086311933543e-01
1.214506000000000085e+03 9.995789632168401440e-01 9.995789030406697639e-01 9.995789016712610664e-01
1.214520499999999856e+03 9.995713209939339761e-01 9.995712582415212655e-01 9.995712568078325422e-01
1.214535000000000082e+03 9.995634308231005072e-01 9.995633653547768560e-01 9.995633638529562992e-01
1.214549500000000080e+03 9.995552819738631189e-01 9.995552136402044985e-01 9.995552120661094220e-01
1.214563999999999851e+03 9.995468631254292857e-01 9.995467917664111468e-01 9.995467901155842272e-01
1.214578500000000076e+03 9.995381623248179581e-01 9.995380877688796462e-01 9.995380860365181697e-01
1.214593000000000075e+03 9.995291669412925684e-01 9.995290890043003751e-01 9.995290871852242631e-01
1.214607500000000073e+03 9.995198636166952033e-01 9.995197821007932859e-01 9.995197801894094569e-01
1.214621999999999844e+03 9.995102382112464046e-01 9.995101529035753662e-01 9.995101508938376567e-01
1.214636500000000069e+03 9.995002757442834618e-01 9.995001864155567128e-01 9.995001843009215792e-01
1.214651000000000067e+03 9.994899603293755375e-01 9.994898667322847929e-01 9.994898645056610187e-01
1.214665499999999838e+03 9.994792751031419398e-01 9.994791769705794193e-01 9.994791746242732700e-01
1.214680000000000064e+03 9.994682021470501221e-01 9.994680991901099265e-01 9.994680967157626439e-01
1.214694500000000062e+03 9.994567224013227724e-01 9.994566143070640063e-01 9.994566116955811985e-01
1.214709000000000060e+03 9.994448155700076386e-01 9.994447019989334269e-01 9.994446992404086849e-01
1.214723499999999831e+03 9.994324600160987560e-01 9.994323405993218445e-01 9.994323376829453709e-01
1.214738000000000056e+03 9.994196326454585222e-01 9.994195069814997279e-01 9.994195038954608590e-01
1.214752500000000055e+03 9.994063087781012156e-01 9.994061764292745398e-01 9.994061731606485033e-01
1.214766999999999825e+03 9.993924620052037078e-01 9.993923224935259420e-01 9.993923190281466251e-01
1.214781500000000051e+03 9.993780640299604334e-01 9.993779168325128692e-01 9.993779131548279349e-01
1.214796000000000049e+03 9.993630844901294497e-01 9.993629290337979754e-01 9.993629251267051039e-01
1.214810500000000047e+03 9.993474907598047796e-01 9.993473264152986646e-01 9.993473222599588146e-01
1.214825000000000273e+03 9.993312477275752004e-01 9.993310738026228712e-01 9.993310693782482268e-01
1.214839500000000044e+03 9.993143175478172990e-01 9.993141332794102105e-01 9.993141285630195991e-01
1.214854000000000042e+03 9.992966593613646920e-01 9.992964639069111810e-01 9.992964588730527398e-01
1.214868500000000040e+03 9.992782289812469632e-01 9.992780214084611146e-01 9.992780160288939895e-01
1.214883000000000038e+03 9.992589785385136425e-01 9.992587578138543147e-01 9.992587520571813986e-01
1.214897500000000036e+03 9.992388560824083665e-01 9.992386210578327876e-01 9.992386148890790576e-01
1.214912000000000035e+03 9.992178051282478712e-01 9.992175545260240099e-01 9.992175479061508048e-01
1.214926500000000260e+03 9.991957641453400596e-01 9.991954965406055766e-01 9.991954894259469366e-01
1.214941000000000031e+03 9.991726659760449269e-01 9.991723797767488868e-01 9.991723721183589646e-01
1.214955500000000029e+03 9.991484371756481631e-01 9.991481305994530659e-01 9.991481223423471780e-01
1.214970000000000027e+03 9.991229972610503607e-01 9.991226683086843474e-01 9.991226593909580123e-01
1.214984500000000025e+03 9.990962578542640360e-01 9.990959042787233013e-01 9.990958946305170674e-01
1.214999000000000024e+03 9.990681217043341222e-01 9.990677409752054539e-01 9.990677305174947564e-01
1.215013500000000022e+03 9.990384815684317799e-01 9.990380708304638091e-01 9.990380594736365527e-01
1.215028000000000247e+03 9.990072189294306737e-01 9.990067749542713704e-01 9.990067625964453857e-01
1.215042500000000018e+03 9.989742025229999545e-01 9.989737216527654340e-01 9.989737081777970706e-01
1.215057000000000016e+03 9.989392866420032657e-01 9.989387647230117961e-01 9.989387499981224883e-01
1.215071500000000015e+03 9.989023091794135834e-01 9.989017414839460596e-01 9.989017253568841515e-01
1.215086000000000013e+03 9.988630893625413121e-01 9.988624704958743994e-01 9.988624527914975459e-01
1.215100500000000011e+03 9.988214251205350669e-01 9.988207489096256886e-01 9.988207294257623881e-01
1.215115000000000009e+03 9.987770900128591922e-01 9.987763493718191388e-01 9.987763278742189943e-01
1.215129500000000235e+03 9.987298296273583453e-01 9.987290163930373499e-01 9.987289926091530434e-01
1.215144000000000005e+03 9.986793573302751303e-01 9.986784620584634453e-01 9.986784356697112619e-01
1.215158500000000004e+03 9.986253492134045118e-01 9.986243609215630368e-01 9.986243315535494602e-01
1.215173000000000002e+03 9.985674380285440854e-01 9.985663438625869137e-01 9.985663110724957159e-01
1.215187500000000000e+03 9.985052058120559293e-01 9.985039905972413754e-01 9.985039538569404627e-01
1.215201999999999998e+03 9.984381747496070547e-01 9.984368203247901974e-01 9.984367789933333848e-01
1.215216499999999996e+03 9.983657955084223046e-01 9.983642787360569315e-01 9.983642319082478567e-01
1.215231000000000222e+03 9.982874304151720946e-01 9.982856922338582129e-01 9.982856364181343922e-01
1.215245499999999993e+03 9.982022766376147382e-01 9.981996628693107221e-01 9.981995637820840761e-01
1.215259999999999991e+03 9.981078865664138045e-01 9.980967935034321670e-01 9.980963697656578537e-01
1.215274499999999989e+03 9.979784255477364141e-01 9.979059441212376758e-01 9.979036022380205484e-01
1.215289000000000215e+03 9.975945717049554684e-01 9.972852062935467776e-01 9.972745296057865527e-01
1.215303499999999985e+03 9.960168413910056584e-01 9.953362776619639751e-01 9.953081356744961639e-01
1.215317999999999984e+03 9.916457746056439593e-01 9.912172571176186553e-01 9.912052333574054019e-01
1.215332500000000209e+03 9.851807323974778319e-01 9.870042652249222392e-01 9.870683718703416876e-01
1.215346999999999980e+03 9.864786660918406502e-01 9.876744283549785397e-01 9.877193846906631158e-01
1.215361499999999978e+03 9.927372501993367848e-01 9.920375917736324878e-01 9.920140798754454314e-01
1.215376000000000204e+03 9.958415283167632026e-01 9.952428236515924453e-01 9.952185499477266273e-01
1.215390500000000202e+03 9.965408218381918148e-01 9.963219519685283521e-01 9.963143861879538710e-01
1.215404999999999973e+03 9.964161001293281306e-01 9.963664715281421724e-01 9.963647174007274065e-01
1.215419499999999971e+03 9.961194721347376158e-01 9.961026627836331304e-01 9.961020049474980098e-01
1.215434000000000196e+03 9.957614991359733381e-01 9.957456303695308986e-01 9.957450221428771897e-01
1.215448499999999967e+03 9.953415069237890878e-01 9.953218306713349506e-01 9.953210698518061283e-01
1.215462999999999965e+03 9.948440584418094534e-01 9.948187894816280519e-01 9.948177915829062856e-01
1.215477500000000191e+03 9.942471631021471135e-01 9.942139635530641284e-01 9.942126196911039715e-01
1.215492000000000189e+03 9.935197796526699099e-01 9.934743871615813182e-01 9.934724861389644390e-01
1.215506499999999960e+03 9.926153362264475977e-01 9.925419377324091741e-01 9.925387559905953783e-01
1.215520999999999958e+03 9.914375108064588105e-01 9.912331012226327509e-01 9.912257188426216725e-01
1.215535500000000184e+03 9.895241293698994189e-01 9.888150494311483962e-01 9.887973748992104905e-01
1.215549999999999955e+03 9.847728342336777851e-01 9.837177825853526958e-01 9.836799813249463842e-01
1.215564499999999953e+03 9.759171333575534790e-01 9.741009660665662651e-01 9.739915686568608733e-01
1.215579000000000178e+03 9.602774420923941845e-01 9.551850498138731993e-01 9.546227492319785402e-01
1.215593500000000176e+03 9.266014163946055815e-01 9.051862046420214858e-01 9.021461199582107016e-01
1.215607999999999947e+03 8.179515797315277670e-01 7.362602117514466249e-01 7.303900917859791342e-01
1.215622499999999945e+03 3.536125770417702374e-01 3.794756865483971398e-01 3.800917468452333914e-01
1.215637000000000171e+03 1.556742431699493275e-03 8.371103822896711066e-02 9.018116129593307939e-02
1.215651499999999942e+03 7.642268879166064930e-13 4.224873725247790292e-03 6.657834834796425190e-03
1.215665999999999940e+03 4.378580604758719229e-27 4.861464462933370341e-05 2.054099979096708696e-04
1.215680500000000166e+03 1.100297845828154940e-21 5.910981909925866256e-04 1.131901170780052254e-03
1.215695000000000164e+03 1.414014980338185746e-07 1.726982144941546088e-02 2.140864311785829754e-02
1.215709499999999935e+03 4.997513222356010643e-02 1.678452063340128975e-01 1.745111139265233535e-01
1.215723999999999933e+03 6.229828355234848791e-01 5.545279252990090724e-01 5.502705564494146939e-01
1.215738500000000158e+03 8.841383974846389604e-01 8.340678513062881327e-01 8.288753468161541571e-01
1.215753000000000156e+03 9.449107701974507334e-01 9.339265324902860099e-01 9.323917342586542922e-01
1.215767499999999927e+03 9.683128239030063256e-01 9.651918272059125670e-01 9.649306242799962074e-01
1.215782000000000153e+03 9.802811514831495376e-01 9.789818346674359351e-01 9.789174197966585833e-01
1.215796500000000151e+03 9.873679898291286561e-01 9.863862235332430117e-01 9.863590310955614449e-01
1.215810999999999922e+03 9.905195889986623259e-01 9.900833347638793303e-01 9.900710449818406200e-01
1.215825500000000147e+03 9.919916911494550682e-01 9.918706001189457888e-01 9.918656336124260786e-01
1.215840000000000146e+03 9.930312274162602648e-01 9.929740365960683102e-01 9.929715783401135143e-01
1.215854500000000144e+03 9.938516454993950866e-01 9.938123321827447842e-01 9.938107125362506400e-01
1.215868999999999915e+03 9.945179303001597804e-01 9.944885376168004498e-01 9.944873607017832295e-01
1.215883500000000140e+03 9.950686013563658783e-01 9.950460008791746080e-01 9.950451166453554430e-01
1.215898000000000138e+03 9.955302996961961082e-01 9.955125745496643530e-01 9.955118955591506502e-01
1.215912499999999909e+03 9.959221808367469952e-01 9.959080461358551517e-01 9.959075152178006318e-01
1.215927000000000135e+03 9.962583637466870812e-01 9.962469289129393113e-01 9.962465072244404141e-01
1.215941500000000133e+03 9.965494720511444138e-01 9.965401040796157961e-01 9.965397645214598699e-01
1.215956000000000131e+03 9.968036427478303985e-01 9.967958819019236971e-01 9.967956051383906058e-01
1.215970499999999902e+03 9.970272055635164277e-01 9.970207115965130651e-01 9.970204835575111613e-01
1.215985000000000127e+03 9.972251518886957600e-01 9.972196687961543127e-01 9.972194790641381035e-01
1.215999500000000126e+03 9.974014656400729262e-01 9.973967979993478838e-01 9.973966387414443524e-01
1.216013999999999896e+03 9.975593613543373150e-01 9.975553580875925475e-01 9.975552233328270901e-01
1.216028500000000122e+03 9.977014585685579640e-01 9.976980015660441570e-01 9.976978867062331613e-01
1.216043000000000120e+03 9.978299115265341079e-01 9.978269075192344184e-01 9.978268089579813704e-01
1.216057500000000118e+03 9.979465069497549523e-01 9.979438816007752955e-01 9.979437965025034218e-01
1.216071999999999889e+03 9.980527385776269966e-01 9.980504321210939001e-01 9.980503582289095288e-01
1.216086500000000115e+03 9.981498645526302171e-01 9.981478285341044421e-01 9.981477640358490389e-01
1.216101000000000113e+03 9.982389519780856535e-01 9.982371467935815534e-01 9.982370902221512354e-01
1.216115499999999884e+03 9.983209117881305383e-01 9.983193048110429180e-01 9.983192549694321904e-01
1.216130000000000109e+03 9.983965262424269183e-01 9.983950903884284411e-01 9.983950462928272707e-01
1.216144500000000107e+03 9.984664707690644736e-01 9.984651833901120321e-01 9.984651442263390297e-01
1.216159000000000106e+03 9.985313314511636840e-01 9.985301734782678906e-01 9.985301385681444319e-01
1.216173499999999876e+03 9.985916191365971084e-01 9.985905744114649263e-01 9.985905431866604065e-01
1.216188000000000102e+03 9.986477809145529738e-01 9.986468356650795020e-01 9.986468076466161747e-01
1.216202500000000100e+03 9.987002095254305933e-01 9.986993519511219164e-01 9.986993267331987223e-01
1.216217000000000098e+03 9.987492511370047454e-01 9.987484710787164488e-01 9.987484483158466375e-01
1.216231500000000096e+03 9.987952118189353801e-01 9.987945004935778748e-01 9.987944798902914645e-01
1.216246000000000095e+03 9.988383629715170686e-01 9.988377127571071989e-01 9.988376940596477294e-01
1.216260500000000093e+03 9.988789459069848942e-01 9.988783501669793452e-01 9.988783331565638246e-01
1.216274999999999864e+03 9.989171757381328787e-01 9.989166286766617553e-01 9.989166131639766188e-01
1.216289500000000089e+03 9.989532446960008860e-01 9.989527412376132398e-01 9.989527270582877483e-01
1.216304000000000087e+03 9.989873249732184046e-01 9.989868606622687164e-01 9.989868476731338376e-01
1.216318500000000085e+03 9.990195711704314974e-01 9.990191420863415717e-01 9.990191301623216891e-01
1.216333000000000084e+03 9.990501224083888632e-01 9.990497250938731311e-01 9.990497141253859015e-01
1.216347500000000082e+03 9.990791041568045650e-01 9.990787355567698480e-01 9.990787254475490542e-01
1.216362000000000080e+03 9.991066298221015218e-01 9.991062872314100396e-01 9.991062778966662838e-01
1.216376500000000306e+03 9.991328021289859196e-01 9.991324831476402490e-01 9.991324745125056417e-01
1.216391000000000076e+03 9.991577143251368920e-01 9.991574168197044914e-01 9.991574088179137059e-01
1.216405500000000075e+03 9.991814512336335552e-01 9.991811733039644983e-01 9.991811658767288939e-01
1.216420000000000073e+03 9.992040901740001368e-01 9.992038301244413612e-01 9.992038232194867531e-01
1.216434500000000071e+03 9.992257017696181132e-01 9.992254580840737033e-01 9.992254516548169097e-01
1.216449000000000069e+03 9.992463506566823250e-01 9.992461219769666059e-01 9.992461159818066818e-01
1.216463500000000067e+03 9.992660961077012294e-01 9.992658812147205971e-01 9.992658756164264355e-01
1.216478000000000293e+03 9.992849925807005818e-01 9.992847903780751606e-01 9.992847851432606898e-01
1.216492500000000064e+03 9.993030902037711716e-01 9.993028997035580119e-01 9.993028948022232294e-01
1.216507000000000062e+03 9.993204352032450943e-01 9.993202555134782505e-01 9.993202509186147608e-01
1.216521500000000060e+03 9.993370702826825935e-01 9.993369005964868323e-01 9.993368962837323455e-01
1.216536000000000058e+03 9.993530349588758410e-01 9.993528745449409278e-01 9.993528704922788330e-01
1.216550500000000056e+03 9.993683658602428022e-01 9.993682140544817294e-01 9.993682102419795266e-01
1.216565000000000055e+03 9.993830969922854468e-01 9.993829531905146224e-01 9.993829496000938839e-01
1.216579500000000280e+03 9.993972599741475227e-01 9.993971236256613544e-01 9.993971202408973298e-01
1.216594000000000051e+03 9.994108842498007350e-01 9.994107548517202622e-01 9.994107516576656858e-01
1.216608500000000049e+03 9.994239972769181080e-01 9.994238743692139826e-01 9.994238713522441975e-01
1.216623000000000047e+03 9.994366246960950662e-01 9.994365078571999517e-01 9.994365050048743537e-01
1.216637500000000273e+03 9.994487904827443758e-01 9.994486793256763812e-01 9.994486766266185152e-01
1.216652000000000044e+03 9.994605170836847741e-01 9.994604112526221940e-01 9.994604086964140599e-01
1.216666500000000042e+03 9.994718255402055274e-01 9.994717247074484945e-01 9.994717222845342919e-01
1.216681000000000267e+03 9.994827355991324769e-01 9.994826394624120036e-01 9.994826371640156415e-01
1.216695500000000038e+03 9.994932658132674730e-01 9.994931740933514774e-01 9.994931719114004132e-01
1.216710000000000036e+03 9.995034336323734836e-01 9.995033460709369377e-01 9.995033439979970069e-01
1.216724500000000035e+03 9.995132554857510954e-01 9.995131718434761003e-01 9.995131698726917868e-01
1.216739000000000260e+03 9.995227468573120166e-01 9.995226669121927143e-01 9.995226650372334154e-01
1.216753500000000031e+03 9.995319223539568254e-01 9.995318458997815014e-01 9.995318441147951205e-01
1.216768000000000029e+03 9.995407957679585120e-01 9.995407226129477962e-01 9.995407209125182213e-01
1.216782500000000255e+03 9.995493801339716544e-01 9.995493100995584967e-01 9.995493084786668536e-01
1.216797000000000025e+03 9.995576877812180072e-01 9.995576207009466696e-01 9.995576191549370160e-01
1.216811500000000024e+03 9.995657303813271222e-01 9.995656660998624155e-01 9.995656646244117649e-01
1.216826000000000249e+03 9.995735189922653197e-01 9.995734573644972087e-01 9.995734559555862209e-01
1.216840500000000247e+03 9.995810640987233819e-01 9.995810049889566340e-01 9.995810036428457446e-01
1.216855000000000018e+03 9.995883756493093575e-01 9.995883189305287964e-01 9.995883176437343476e-01
1.216869500000000016e+03 9.995954630908345795e-01 9.995954086440369535e-01 9.995954074133116540e-01
1.216884000000000242e+03 9.996023353999644590e-01 9.996022831135503717e-01 9.996022819358638678e-01
1.216898500000000013e+03 9.996090011124673103e-01 9.996089508816886626e-01 9.996089497542099966e-01
1.216913000000000011e+03 9.996154683502764815e-01 9.996154200767292108e-01 9.996154189968120551e-01
1.216927500000000236e+03 9.996217448465535282e-01 9.996216984377143122e-01 9.996216974028827584e-01
1.216942000000000235e+03 9.996278379689190752e-01 9.996277933377214486e-01 9.996277923456547976e-01
1.216956500000000005e+03 9.996337547410114599e-01 9.996337118050410142e-01 9.996337108514152803e-01
1.216971000000000004e+03 9.996395018625046092e-01 9.996394601312406092e-01 9.996394589180777057e-01
1.216985500000000229e+03 9.996450857277158208e-01 9.996449879207747191e-01 9.996449810007800307e-01
1.217000000000000000e+03 9.996505124429083677e-01 9.996492576821509601e-01 9.996492353935186870e-01
