# lambda[A]  T_theo  T_instr  T_rot+instr  (H-alpha 6562.8)
6.560891754112098170e+03 9.999999999436067766e-01 9.999999999430499997e-01 9.999999999430393416e-01
6.560910836570977153e+03 9.999999999424583619e-01 9.999999999422782837e-01 9.999999999422725105e-01
6.560929919029855228e+03 9.999999999412745311e-01 9.999999999412176876e-01 9.999999999412155782e-01
6.560949001488735121e+03 9.999999999400539519e-01 9.999999999400198680e-01 9.999999999400190909e-01
6.560968083947614105e+03 9.999999999387945149e-01 9.999999999387618743e-01 9.999999999387614302e-01
6.560987166406493088e+03 9.999999999374955539e-01 9.999999999374615811e-01 9.999999999374611370e-01
6.561006248865372072e+03 9.999999999361545155e-01 9.999999999361189884e-01 9.999999999361184333e-01
6.561025331324251056e+03 9.999999999347697344e-01 9.999999999347327639e-01 9.999999999347323199e-01
6.561044413783130040e+03 9.999999999333391010e-01 9.999999999333006873e-01 9.999999999333001321e-01
6.561063496242009023e+03 9.999999999318613941e-01 9.999999999318209820e-01 9.999999999318204269e-01
6.561082578700888007e+03 9.999999999303333942e-01 9.999999999302914278e-01 9.999999999302908726e-01
6.561101661159766991e+03 9.999999999287536578e-01 9.999999999287098040e-01 9.999999999287089159e-01
6.561120743618645974e+03 9.999999999271196316e-01 9.999999999270735573e-01 9.999999999270726692e-01
6.561139826077525868e+03 9.999999999254286509e-01 9.999999999253805782e-01 9.999999999253794680e-01
6.561158908536403942e+03 9.999999999236779402e-01 9.999999999236274251e-01 9.999999999236264259e-01
6.561177990995282926e+03 9.999999999218649460e-01 9.999999999218116553e-01 9.999999999218109892e-01
6.561197073454161909e+03 9.999999999199858935e-01 9.999999999199304934e-01 9.999999999199296052e-01
6.561216155913040893e+03 9.999999999180386734e-01 9.999999999179803867e-01 9.999999999179793875e-01
6.561235238371920786e+03 9.999999999160193997e-01 9.999999999159583375e-01 9.999999999159572273e-01
6.561254320830799770e+03 9.999999999139244089e-01 9.999999999138602380e-01 9.999999999138593498e-01
6.561273403289677844e+03 9.999999999117501481e-01 9.999999999116826466e-01 9.999999999116813143e-01
6.561292485748556828e+03 9.999999999094922876e-01 9.999999999094211223e-01 9.999999999094200120e-01
6.561311568207436721e+03 9.999999999071461643e-01 9.999999999070714463e-01 9.999999999070701140e-01
6.561330650666315705e+03 9.999999999047078925e-01 9.999999999046290666e-01 9.999999999046276233e-01
6.561349733125194689e+03 9.999999999021719210e-01 9.999999999020889874e-01 9.999999999020873220e-01
6.561368815584073673e+03 9.999999998995331429e-01 9.999999998994456574e-01 9.999999998994442141e-01
6.561387898042951747e+03 9.999999998967861181e-01 9.999999998966937476e-01 9.999999998966920822e-01
6.561406980501831640e+03 9.999999998939245183e-01 9.999999998938268186e-01 9.999999998938251533e-01
6.561426062960710624e+03 9.999999998909423482e-01 9.999999998908386534e-01 9.999999998908369880e-01
6.561445145419589608e+03 9.999999998878319474e-01 9.999999998877224794e-01 9.999999998877208141e-01
6.561464227878468591e+03 9.999999998845866545e-01 9.999999998844709692e-01 9.999999998844688598e-01
6.561483310337347575e+03 9.999999998811981428e-01 9.999999998810753521e-01 9.999999998810732427e-01
6.561502392796227468e+03 9.999999998776577526e-01 9.999999998775276344e-01 9.999999998775254140e-01
6.561521475255105543e+03 9.999999998739561580e-01 9.999999998738182683e-01 9.999999998738160478e-01
6.561540557713984526e+03 9.999999998700842552e-01 9.999999998699370396e-01 9.999999998699347081e-01
6.561559640172863510e+03 9.999999998660302758e-01 9.999999998658740674e-01 9.999999998658716249e-01
6.561578722631742494e+03 9.999999998617830066e-01 9.999999998616169172e-01 9.999999998616141417e-01
6.561597805090622387e+03 9.999999998573301241e-01 9.999999998571528215e-01 9.999999998571500459e-01
6.561616887549501371e+03 9.999999998526581946e-01 9.999999998524692346e-01 9.999999998524656819e-01
6.561635970008379445e+03 9.999999998477521190e-01 9.999999998475500584e-01 9.999999998475463947e-01
6.561655052467258429e+03 9.999999998425960213e-01 9.999999998423800829e-01 9.999999998423765302e-01
6.561674134926137413e+03 9.999999998371730259e-01 9.999999998369416554e-01 9.999999998369379917e-01
6.561693217385017306e+03 9.999999998314635929e-01 9.999999998312157912e-01 9.999999998312116833e-01
6.561712299843896290e+03 9.999999998254478495e-01 9.999999998251818401e-01 9.999999998251770661e-01
6.561731382302774364e+03 9.999999998191028139e-01 9.999999998188169315e-01 9.999999998188116024e-01
6.561750464761653348e+03 9.999999998124039502e-01 9.999999998120964184e-01 9.999999998120909783e-01
6.561769547220532331e+03 9.999999998053248351e-01 9.999999998049932115e-01 9.999999998049875494e-01
6.561788629679412225e+03 9.999999997978353816e-01 9.999999997974774457e-01 9.999999997974712285e-01
6.561807712138291208e+03 9.999999997899032822e-01 9.999999997895164805e-01 9.999999997895097081e-01
6.561826794597170192e+03 9.999999997814928987e-01 9.999999997810734564e-01 9.999999997810666841e-01
6.561845877056048266e+03 9.999999997725640410e-01 9.999999997721090716e-01 9.999999997721014111e-01
6.561864959514927250e+03 9.999999997630728554e-01 9.999999997625776960e-01 9.999999997625694803e-01
6.561884041973807143e+03 9.999999997529700480e-01 9.999999997524291473e-01 9.999999997524197104e-01
6.561903124432686127e+03 9.999999997421991083e-01 9.999999997416052500e-01 9.999999997415950359e-01
6.561922206891565111e+03 9.999999997306957544e-01 9.999999997300386134e-01 9.999999997300272891e-01
6.561941289350444094e+03 9.999999997183836031e-01 9.999999997176471922e-01 9.999999997176343136e-01
6.561960371809322169e+03 9.999999997051679523e-01 9.999999997043280686e-01 9.999999997043127475e-01
6.561979454268202062e+03 9.999999996909265665e-01 9.999999996899404664e-01 9.999999996899224808e-01
6.561998536727081046e+03 9.999999996754901366e-01 9.999999996742847674e-01 9.999999996742621189e-01
6.562017619185960029e+03 9.999999996586068640e-01 9.999999996570557714e-01 9.999999996570256844e-01
6.562036701644839013e+03 9.999999996398840629e-01 9.999999996377648692e-01 9.999999996377219036e-01
6.562055784103718906e+03 9.999999996186792472e-01 9.999999996156075932e-01 9.999999996155428672e-01
6.562074866562597890e+03 9.999999995939163888e-01 9.999999995892314697e-01 9.999999995891296622e-01
6.562093949021475964e+03 9.999999995637698369e-01 9.999999995563542132e-01 9.999999995561905664e-01
6.562113031480354948e+03 9.999999995251394047e-01 9.999999995131324537e-01 9.999999995128637797e-01
6.562132113939233932e+03 9.999999994727871711e-01 9.999999994531436620e-01 9.999999994527011271e-01
6.562151196398113825e+03 9.999999993979582502e-01 9.999999993657840980e-01 9.999999993650574570e-01
6.562170278856992809e+03 9.999999992862083076e-01 9.999999992337854637e-01 9.999999992326020770e-01
6.562189361315871793e+03 9.999999991140672284e-01 9.999999990294617946e-01 9.999999990275550976e-01
6.562208443774749867e+03 9.999999988440262388e-01 9.999999987091506837e-01 9.999999987061189977e-01
6.562227526233628851e+03 9.999999984171752399e-01 9.999999982051810399e-01 9.999999982004292853e-01
6.562246608692508744e+03 9.999999977426548003e-01 9.999999974145319381e-01 9.999999974071964726e-01
6.562265691151387728e+03 9.999999966829268283e-01 9.999999961832292117e-01 9.999999961720847930e-01
6.562284773610266711e+03 9.999999950337448151e-01 9.999999942854551627e-01 9.999999942687970433e-01
6.562303856069145695e+03 9.999999924977042154e-01 9.999999913963703024e-01 9.999999913718784494e-01
6.562322938528023769e+03 9.999999886503972979e-01 9.999999870578687444e-01 9.999999870224567378e-01
6.562342020986903663e+03 9.999999828985688399e-01 9.999999806369223032e-01 9.999999805865751323e-01
6.562361103445782646e+03 9.999999744304013394e-01 9.999999712769092053e-01 9.999999712065187341e-01
6.562380185904661630e+03 9.999999621590991428e-01 9.999999578433884651e-01 9.999999577465995548e-01
6.562399268363540614e+03 9.999999446624091570e-01 9.999999388671581002e-01 9.999999387362235037e-01
6.562418350822418688e+03 9.999999201224326617e-01 9.999999124890007751e-01 9.999999123146413593e-01
6.562437433281298581e+03 9.999998862719239323e-01 9.999998764121197370e-01 9.999998761833733818e-01
6.562456515740177565e+03 9.999998403548875370e-01 9.999998278695615417e-01 9.999998275735899611e-01
6.562475598199056549e+03 9.999997791102576139e-01 9.999997636146115143e-01 9.999997632364567846e-01
6.562494680657935533e+03 9.999996987874312238e-01 9.999996799417437687e-01 9.999996794640846343e-01
6.562513763116814516e+03 9.999995952010244382e-01 9.999995727434428661e-01 9.999995721464959297e-01
6.562532845575694409e+03 9.999994638291729299e-01 9.999994376007476093e-01 9.999994368624648411e-01
6.562551928034572484e+03 9.999992999529300208e-01 9.999992698785374889e-01 9.999992689745448304e-01
6.562571010493451467e+03 9.999990988134236369e-01 9.999990646931169458e-01 9.999990635925329885e-01
6.562590092952330451e+03 9.999988556764144443e-01 9.999988162368056432e-01 9.999988148785360353e-01
6.562609175411209435e+03 9.999985653185851087e-01 9.999985146365777400e-01 9.999985128350373786e-01
6.562628257870089328e+03 9.999982189935419097e-01 9.999981343526481714e-01 9.999981314803176868e-01
6.562647340328968312e+03 9.999977921053594399e-01 9.999975957118900638e-01 9.999975897897978028e-01
6.562666422787846386e+03 9.999972016185124657e-01 9.999966511182227791e-01 9.999966369269056576e-01
6.562685505246725370e+03 9.999961679322659780e-01 9.999946160383389460e-01 9.999945837294182960e-01
6.562704587705604354e+03 9.999937634942582809e-01 9.999899867601276249e-01 9.999899275983509250e-01
6.562723670164484247e+03 9.999871899053612845e-01 9.999805307581721703e-01 9.999804556918651111e-01
6.562742752623363231e+03 9.999709585000394751e-01 9.999649005583496342e-01 9.999648540649942463e-01
6.562761835082242214e+03 9.999437393660008944e-01 9.999453795032273717e-01 9.999454145777986191e-01
6.562780917541120289e+03 9.999180267084668561e-01 9.999285771640958886e-01 9.999287036140911411e-01
6.562800000000000182e+03 9.999079582361610763e-01 9.999219067765766633e-01 9.999220727853114221e-01
6.562819082458879166e+03 9.999180265953464541e-01 9.999285768696897225e-01 9.999287033194214080e-01
6.562838164917758149e+03 9.999437386815750450e-01 9.999453788943925003e-01 9.999454139696565269e-01
6.562857247376637133e+03 9.999709573172637089e-01 9.999648997402773576e-01 9.999648532482720009e-01
6.562876329835516117e+03 9.999871889392107915e-01 9.999805299589560326e-01 9.999804548929381864e-01
6.562895412294396010e+03 9.999937629454047627e-01 9.999899861504467635e-01 9.999899269874201746e-01
6.562914494753274084e+03 9.999961676252387965e-01 9.999946156346563031e-01 9.999945833240234672e-01
6.562933577212153068e+03 9.999972014088982508e-01 9.999966508484964267e-01 9.999966366559406294e-01
6.562952659671032052e+03 9.999977919245485181e-01 9.999975955040178999e-01 9.999975895812986959e-01
6.562971742129911036e+03 9.999982188145867257e-01 9.999981341650882039e-01 9.999981312925159127e-01
6.562990824588790929e+03 9.999985651346778859e-01 9.999985144525704861e-01 9.999985126509626232e-01
6.563009907047669913e+03 9.999988554894091441e-01 9.999988160529030834e-01 9.999988146946231504e-01
6.563028989506547987e+03 9.999990986280657967e-01 9.999990645115826027e-01 9.999990634109947596e-01
6.563048071965426971e+03 9.999992997743336609e-01 9.999992697034261191e-01 9.999992687994183616e-01
6.563067154424305954e+03 9.999994636618081412e-01 9.999994374361010907e-01 9.999994366977902338e-01
6.563086236883185848e+03 9.999995950483124840e-01 9.999995725925374668e-01 9.999995719955513396e-01
6.563105319342064831e+03 9.999996986516086483e-01 9.999996798068162551e-01 9.999996793291094921e-01
6.563124401800942906e+03 9.999997789923970037e-01 9.999997634968237348e-01 9.999997631186154923e-01
6.563143484259821889e+03 9.999998402550184240e-01 9.999998277690910209e-01 9.999998274730627079e-01
6.563162566718700873e+03 9.999998861892295254e-01 9.999998763283237668e-01 9.999998760995201241e-01
6.563181649177580766e+03 9.999999200554742229e-01 9.999999124206210288e-01 9.999999122462059908e-01
6.563200731636459750e+03 9.999999446093587041e-01 9.999999388125300204e-01 9.999999386815429103e-01
6.563219814095338734e+03 9.999999621179455067e-01 9.999999578006383283e-01 9.999999577038014564e-01
6.563238896554216808e+03 9.999999743991240253e-01 9.999999712441186572e-01 9.999999711736854424e-01
6.563257979013095792e+03 9.999999828752649256e-01 9.999999806122554791e-01 9.999999805618716708e-01
6.563277061471975685e+03 9.999999886333620358e-01 9.999999870396585333e-01 9.999999870042162176e-01
6.563296143930854669e+03 9.999999924854767741e-01 9.999999913831659759e-01 9.999999913586495870e-01
6.563315226389733652e+03 9.999999950251163838e-01 9.999999942760423588e-01 9.999999942593646995e-01
6.563334308848612636e+03 9.999999966769326232e-01 9.999999961766229406e-01 9.999999961654638669e-01
6.563353391307490710e+03 9.999999977385455319e-01 9.999999974099587075e-01 9.999999974026126948e-01
6.563372473766370604e+03 9.999999984143863596e-01 9.999999982020503220e-01 9.999999981972904628e-01
6.563391556225249587e+03 9.999999988421444108e-01 9.999999987070221641e-01 9.999999987039849270e-01
6.563410638684128571e+03 9.999999991127954679e-01 9.999999990280165063e-01 9.999999990261059235e-01
6.563429721143007555e+03 9.999999992853392250e-01 9.999999992327976983e-01 9.999999992316115360e-01
6.563448803601886539e+03 9.999999993973509582e-01 9.999999993650966479e-01 9.999999993643682306e-01
6.563467886060766432e+03 9.999999994723467456e-01 9.999999994526510561e-01 9.999999994522068558e-01
6.563486968519644506e+03 9.999999995248043394e-01 9.999999995127639707e-01 9.999999995124940755e-01
6.563506050978523490e+03 9.999999995635011629e-01 9.999999995560644450e-01 9.999999995558996879e-01
6.563525133437402474e+03 9.999999995936890151e-01 9.999999995889908844e-01 9.999999995888888549e-01
6.563544215896281457e+03 9.999999996184778528e-01 9.999999996153977611e-01 9.999999996153328130e-01
6.563563298355161351e+03 9.999999996396996549e-01 9.999999996375755762e-01 9.999999996375321665e-01
6.563582380814040334e+03 9.999999996584332251e-01 9.999999996568791349e-01 9.999999996568491589e-01
6.563601463272918409e+03 9.999999996753249354e-01 9.999999996741176789e-01 9.999999996740952524e-01
6.563620545731797392e+03 9.999999996907673605e-01 9.999999996897803722e-01 9.999999996897624976e-01
6.563639628190677286e+03 9.999999997050137424e-01 9.999999997041730815e-01 9.999999997041580935e-01
6.563658710649556269e+03 9.999999997182335010e-01 9.999999997174968680e-01 9.999999997174841004e-01
6.563677793108435253e+03 9.999999997305497601e-01 9.999999997298920640e-01 9.999999997298808507e-01
6.563696875567314237e+03 9.999999997420562226e-01 9.999999997414623643e-01 9.999999997414520392e-01
6.563715958026192311e+03 9.999999997528303819e-01 9.999999997522891482e-01 9.999999997522799333e-01
6.563735040485072204e+03 9.999999997629364090e-01 9.999999997624409165e-01 9.999999997624324788e-01
6.563754122943951188e+03 9.999999997724303702e-01 9.999999997719752898e-01 9.999999997719675182e-01
6.563773205402830172e+03 9.999999997813618924e-01 9.999999997809426722e-01 9.999999997809355667e-01
6.563792287861709156e+03 9.999999997897749404e-01 9.999999997893879167e-01 9.999999997893815884e-01
6.563811370320587230e+03 9.999999997977095934e-01 9.999999997973515464e-01 9.999999997973455512e-01
6.563830452779467123e+03 9.999999998052014893e-01 9.999999998048695327e-01 9.999999998048638705e-01
6.563849535238346107e+03 9.999999998122827138e-01 9.999999998119750710e-01 9.999999998119700750e-01
6.563868617697225091e+03 9.999999998189835759e-01 9.999999998186978045e-01 9.999999998186930306e-01
6.563887700156104074e+03 9.999999998253311650e-01 9.999999998250648225e-01 9.999999998250603817e-01
6.563906782614983058e+03 9.999999998313490179e-01 9.999999998311012162e-01 9.999999998310967753e-01
6.563925865073862951e+03 9.999999998370603382e-01 9.999999998368288567e-01 9.999999998368249710e-01
6.563944947532741025e+03 9.999999998424853320e-01 9.999999998422693936e-01 9.999999998422656189e-01
6.563964029991620009e+03 9.999999998476433172e-01 9.999999998474411456e-01 9.999999998474375928e-01
6.563983112450498993e+03 9.999999998525511691e-01 9.999999998523618761e-01 9.999999998523588784e-01
6.564002194909377977e+03 9.999999998572246529e-01 9.999999998570474613e-01 9.999999998570446857e-01
6.564021277368257870e+03 9.999999998616793118e-01 9.999999998615131114e-01 9.999999998615105579e-01
6.564040359827136854e+03 9.999999998659284683e-01 9.999999998657719269e-01 9.999999998657694844e-01
6.564059442286014928e+03 9.999999998699836690e-01 9.999999998698368975e-01 9.999999998698345660e-01
6.564078524744893912e+03 9.999999998738576812e-01 9.999999998737194584e-01 9.999999998737171270e-01
6.564097607203772895e+03 9.999999998775601640e-01 9.999999998774301568e-01 9.999999998774282695e-01
6.564116689662652789e+03 9.999999998811022195e-01 9.999999998809794288e-01 9.999999998809774304e-01
6.564135772121531772e+03 9.999999998844922855e-01 9.999999998843763782e-01 9.999999998843746019e-01
6.564154854580410756e+03 9.999999998877386886e-01 9.999999998876295537e-01 9.999999998876275553e-01
6.564173937039288830e+03 9.999999998908504217e-01 9.999999998907470600e-01 9.999999998907452836e-01
6.564193019498167814e+03 9.999999998938340351e-01 9.999999998937364465e-01 9.999999998937347812e-01
6.564212101957047707e+03 9.999999998966968562e-01 9.999999998966044856e-01 9.999999998966029313e-01
6.564231184415926691e+03 9.999999998994451023e-01 9.999999998993575057e-01 9.999999998993561734e-01
6.564250266874805675e+03 9.999999999020851016e-01 9.999999999020020569e-01 9.999999999020003916e-01
6.564269349333684659e+03 9.999999999046221832e-01 9.999999999045432464e-01 9.999999999045420251e-01
6.564288431792562733e+03 9.999999999070616763e-01 9.999999999069870693e-01 9.999999999069855150e-01
6.564307514251442626e+03 9.999999999094086878e-01 9.999999999093378555e-01 9.999999999093364123e-01
6.564326596710321610e+03 9.999999999116677696e-01 9.999999999116001570e-01 9.999999999115990468e-01
6.564345679169200594e+03 9.999999999138431406e-01 9.999999999137788587e-01 9.999999999137778595e-01
6.564364761628079577e+03 9.999999999159391306e-01 9.999999999158778463e-01 9.999999999158769581e-01
6.564383844086959471e+03 9.999999999179592924e-01 9.999999999179010057e-01 9.999999999179001176e-01
6.564402926545838454e+03 9.999999999199077338e-01 9.999999999198521117e-01 9.999999999198512235e-01
6.564422009004716529e+03 9.999999999217873414e-01 9.999999999217343838e-01 9.999999999217332736e-01
6.564441091463595512e+03 9.999999999236013348e-01 9.999999999235505976e-01 9.999999999235497095e-01
6.564460173922474496e+03 9.999999999253529337e-01 9.999999999253046390e-01 9.999999999253036398e-01
6.564479256381354389e+03 9.999999999270448026e-01 9.999999999269985063e-01 9.999999999269978401e-01
6.564498338840233373e+03 9.999999999286797170e-01 9.999999999286355301e-01 9.999999999286349750e-01
6.564517421299111447e+03 9.999999999302603415e-01 9.999999999302182641e-01 9.999999999302174869e-01
6.564536503757990431e+03 9.999999999317888966e-01 9.999999999317485955e-01 9.999999999317480404e-01
6.564555586216869415e+03 9.999999999332674916e-01 9.999999999332290779e-01 9.999999999332285228e-01
6.564574668675749308e+03 9.999999999346987911e-01 9.999999999346618207e-01 9.999999999346612656e-01
6.564593751134628292e+03 9.999999999360843495e-01 9.999999999360491554e-01 9.999999999360486003e-01
6.564612833593507276e+03 9.999999999374261650e-01 9.999999999373920812e-01 9.999999999373917481e-01
6.564631916052385350e+03 9.999999999387261251e-01 9.999999999386933736e-01 9.999999999386928184e-01
6.564650998511264334e+03 9.999999999399858952e-01 9.999999999399521444e-01 9.999999999399511452e-01
6.564670080970144227e+03 9.999999999412071405e-01 9.999999999411506302e-01 9.999999999411485208e-01
6.564689163429023210e+03 9.999999999423917485e-01 9.999999999422116703e-01 9.999999999422060082e-01
6.564708245887902194e+03 9.999999999435408293e-01 9.999999999429839415e-01 9.999999999429735054e-01
