# lambda[A]  T_theo  T_instr  T_rot+instr  (Ly-alpha 1215.67)
1.214099999999999909e+03 9.993666611925604570e-01 9.993646827362197005e-01 9.993646386914597501e-01
1.214115046809051819e+03 9.993575839299732033e-01 9.993574579275188441e-01 9.993574451566373806e-01
1.214130093618103729e+03 9.993482867284613214e-01 9.993482330348327780e-01 9.993482310382795220e-01
1.214145140427155411e+03 9.993387622426346262e-01 9.993387071128725374e-01 9.993387055063199798e-01
1.214160187236207321e+03 9.993290027986067026e-01 9.993289457868693715e-01 9.993289441219513902e-01
1.214175234045259231e+03 9.993190003749270467e-01 9.993189413946490518e-01 9.993189396661816826e-01
1.214190280854310913e+03 9.993087465821610671e-01 9.993086855418552572e-01 9.993086837466843564e-01
1.214205327663362823e+03 9.992982326409989291e-01 9.992981694436695594e-01 9.992981675784483597e-01
1.214220374472414505e+03 9.992874493587822204e-01 9.992873839015210535e-01 9.992873819626943988e-01
1.214235421281466643e+03 9.992763871043102153e-01 9.992763192778596482e-01 9.992763172616474510e-01
1.214250468090518325e+03 9.992650357807828509e-01 9.992649654690616279e-01 9.992649633714426605e-01
1.214265514899570007e+03 9.992533847967219884e-01 9.992533118763108346e-01 9.992533096930055203e-01
1.214280561708621917e+03 9.992414230347046455e-01 9.992413473742873808e-01 9.992413451007361447e-01
1.214295608517673827e+03 9.992291388177118039e-01 9.992290602774694941e-01 9.992290579088122238e-01
1.214310655326725737e+03 9.992165198728963915e-01 9.992164383038480979e-01 9.992164358349003850e-01
1.214325702135777419e+03 9.992035532925411800e-01 9.992034685358268664e-01 9.992034659610539160e-01
1.214340748944829102e+03 9.991902254919640125e-01 9.991901373780650575e-01 9.991901346915547100e-01
1.214355795753881239e+03 9.991765221641011330e-01 9.991764305119930079e-01 9.991764277074240974e-01
1.214370842562932921e+03 9.991624282304746307e-01 9.991623328467010845e-01 9.991623299173111317e-01
1.214385889371984831e+03 9.991479277882223675e-01 9.991478284658897868e-01 9.991478254044379170e-01
1.214400936181036514e+03 9.991330040528398904e-01 9.991329005705186228e-01 9.991328973692458204e-01
1.214415982990088423e+03 9.991176392962413111e-01 9.991175314167677346e-01 9.991175280673525450e-01
1.214431029799140333e+03 9.991018147797138260e-01 9.991017022488840604e-01 9.991016987423961826e-01
1.214446076608192016e+03 9.990855106813104625e-01 9.990853932264499582e-01 9.990853895532960660e-01
1.214461123417243698e+03 9.990687060171430378e-01 9.990685833455456022e-01 9.990685794954129451e-01
1.214476170226295835e+03 9.990513785560309890e-01 9.990512503532501531e-01 9.990512463150419409e-01
1.214491217035347518e+03 9.990335047268623647e-01 9.990333706548398807e-01 9.990333664166056726e-01
1.214506263844399427e+03 9.990150595179853044e-01 9.990149192130003408e-01 9.990149147618594405e-01
1.214521310653451110e+03 9.989960163678628380e-01 9.989958694382821136e-01 9.989958647603379704e-01
1.214536357462502792e+03 9.989763470461399120e-01 9.989761930699484482e-01 9.989761881501943996e-01
1.214551404271554929e+03 9.989560215241860552e-01 9.989558600462697946e-01 9.989558548684863704e-01
1.214566451080606612e+03 9.989350078340691885e-01 9.989348383632256079e-01 9.989348329098638457e-01
1.214581497889658522e+03 9.989132719147857387e-01 9.989130939204301507e-01 9.989130881724846978e-01
1.214596544698710431e+03 9.988907774444594212e-01 9.988905903529863295e-01 9.988905842898540000e-01
1.214611591507762114e+03 9.988674856570430860e-01 9.988672888478068446e-01 9.988672824471275247e-01
1.214626638316814024e+03 9.988433551418915979e-01 9.988431479427554160e-01 9.988431411802359827e-01
1.214641685125865706e+03 9.988183416243723300e-01 9.988181233067690012e-01 9.988181161559881449e-01
1.214656731934917843e+03 9.987923977254358210e-01 9.987921674988794463e-01 9.987921599310675136e-01
1.214671778743969526e+03 9.987654726978074660e-01 9.987652297037805660e-01 9.987652216875724243e-01
1.214686825553021208e+03 9.987375121361348196e-01 9.987372554412647929e-01 9.987372469424243837e-01
1.214701872362073118e+03 9.987084576580698148e-01 9.987081862464964876e-01 9.987081772276064084e-01
1.214716919171124800e+03 9.986782465528362129e-01 9.986779593176483560e-01 9.986779497377598069e-01
1.214731965980176938e+03 9.986468113933240076e-01 9.986465071269349236e-01 9.986464969411716908e-01
1.214747012789228620e+03 9.986140796071820702e-01 9.986137569904769418e-01 9.986137461495889767e-01
1.214762059598280302e+03 9.985799730016887699e-01 9.985796305917573612e-01 9.985796190416135198e-01
1.214777106407332440e+03 9.985444072363702794e-01 9.985440434526066111e-01 9.985440311336168939e-01
1.214792153216384122e+03 9.985072912364147957e-01 9.985069043447115655e-01 9.985068911911716416e-01
1.214807200025436032e+03 9.984685265387672759e-01 9.984681146335110391e-01 9.984681005728511805e-01
1.214822246834487714e+03 9.984280065615435129e-01 9.984275675450330345e-01 9.984275524969601356e-01
1.214837293643539397e+03 9.983856157857872171e-01 9.983851473446562208e-01 9.983851312201664774e-01
1.214852340452591534e+03 9.983412288368155307e-01 9.983407284149490302e-01 9.983407111151960667e-01
1.214867387261643216e+03 9.982947094502234719e-01 9.982941742175660549e-01 9.982941556325520827e-01
1.214882434070695126e+03 9.982459093050521926e-01 9.982453361216111487e-01 9.982453161286765075e-01
1.214897480879746809e+03 9.981946667036679655e-01 9.981940520778608272e-01 9.981940305399286117e-01
1.214912527688798718e+03 9.981408050742587301e-01 9.981401451146262316e-01 9.981401218781673634e-01
1.214927574497850628e+03 9.980841312677124488e-01 9.980834216268112957e-01 9.980833965194685353e-01
1.214942621306902311e+03 9.980244336155712492e-01 9.980236694246429341e-01 9.980236422524553230e-01
1.214957668115954448e+03 9.979614797097970946e-01 9.979606555025484216e-01 9.979606260466976630e-01
1.214972714925006130e+03 9.978950138579891771e-01 9.978941234814520111e-01 9.978940914944374185e-01
1.214987761734057813e+03 9.978247541590472558e-01 9.978237906691127534e-01 9.978237558702386378e-01
1.215002808543109722e+03 9.977503891340461228e-01 9.977493446726952708e-01 9.977493067427305462e-01
1.215017855352161405e+03 9.976715738344078543e-01 9.976704394850413049e-01 9.976703980598741195e-01
1.215032902161213315e+03 9.975879253341578545e-01 9.975866909505436420e-01 9.975866456136155414e-01
1.215047948970265224e+03 9.974990174939970533e-01 9.974976714972710878e-01 9.974976217705155968e-01
1.215062995779316907e+03 9.974043748612475557e-01 9.974029039979376288e-01 9.974028493308766397e-01
1.215078042588368817e+03 9.973034655398410608e-01 9.973018545919800637e-01 9.973017943485354975e-01
1.215093089397420727e+03 9.971956928265601761e-01 9.971939242623353294e-01 9.971938577047870789e-01
1.215108136206472409e+03 9.970803853606243772e-01 9.970784389104662138e-01 9.970783651798132974e-01
1.215123183015524319e+03 9.969567854696302911e-01 9.969546376075792971e-01 9.969545556993111290e-01
1.215138229824576001e+03 9.968240353092644446e-01 9.968216586119971190e-01 9.968215673459245307e-01
1.215153276633628138e+03 9.966811602771497025e-01 9.966785226213653592e-01 9.966784206036135574e-01
1.215168323442679821e+03 9.965270490149819027e-01 9.965241125537356304e-01 9.965239981280467063e-01
1.215183370251731503e+03 9.963604290626624227e-01 9.963571488824853883e-01 9.963570200662119625e-01
1.215198417060783413e+03 9.961798368169427764e-01 9.961761590907902697e-01 9.961760134869137584e-01
1.215213463869835323e+03 9.959835796803442332e-01 9.959794388819859234e-01 9.959792735402467345e-01
1.215228510678887233e+03 9.957696865835469202e-01 9.957649987401532288e-01 9.957648094837464603e-01
1.215243557487938915e+03 9.955358370846379978e-01 9.955303822929655322e-01 9.955301491121398838e-01
1.215258604296990598e+03 9.952790937582245423e-01 9.952692246872769655e-01 9.952686599025509784e-01
1.215273651106042735e+03 9.949876361156479998e-01 9.949153559269788838e-01 9.949112366314791789e-01
1.215288697915094417e+03 9.944551523316910169e-01 9.938727820368742361e-01 9.938413030828960881e-01
1.215303744724146327e+03 9.916484861040846255e-01 9.893137305242559743e-01 9.891922383098918914e-01
1.215318791533198009e+03 9.787716983563706785e-01 9.757912216456712251e-01 9.757190916058025021e-01
1.215333838342249919e+03 9.510634957253681909e-01 9.596725409021636954e-01 9.599955780819474649e-01
1.215348885151301829e+03 9.630627153439595967e-01 9.655413541888835383e-01 9.656705882945528785e-01
1.215363931960353511e+03 9.855749096883044125e-01 9.819084539191870187e-01 9.817712433009774253e-01
1.215378978769405421e+03 9.910439265604620296e-01 9.897242210421126618e-01 9.896477215303313146e-01
1.215394025578457331e+03 9.911405147668446158e-01 9.909061313592396614e-01 9.908928922548141394e-01
1.215409072387509013e+03 9.903778168334556042e-01 9.903309200779257804e-01 9.903282976515188629e-01
1.215424119196560923e+03 9.894401526606323438e-01 9.894018086134638290e-01 9.893999156381735327e-01
1.215439166005612606e+03 9.883410626433828394e-01 9.882940143122023180e-01 9.882916882764054556e-01
1.215454212814664743e+03 9.870419990095652407e-01 9.869823509264604722e-01 9.869793281277667862e-01
1.215469259623716425e+03 9.854894357718326781e-01 9.854124548284076690e-01 9.854084407451398908e-01
1.215484306432768108e+03 9.836098586685838585e-01 9.835084772499173011e-01 9.835030183558814976e-01
1.215499353241820018e+03 9.812998733144130403e-01 9.811630777870185005e-01 9.811554359969661965e-01
1.215514400050871927e+03 9.784096759154303768e-01 9.782186469276058505e-01 9.782074855340437969e-01
1.215529446859923837e+03 9.747122002906647431e-01 9.744175033182820300e-01 9.743996151417562146e-01
1.215544493668975520e+03 9.697939928157425227e-01 9.691720712481837197e-01 9.691391058348580723e-01
1.215559540478027202e+03 9.622711444381401025e-01 9.610186746247717515e-01 9.609484862882672340e-01
1.215574587287079339e+03 9.495004875187249560e-01 9.469177230314487215e-01 9.466712272220206836e-01
1.215589634096131022e+03 9.264332422024088576e-01 9.165869889769272527e-01 9.148294820497225865e-01
1.215604680905182704e+03 8.694216693256874295e-01 8.063138226282356991e-01 8.006731221791750785e-01
1.215619727714234614e+03 5.312226604584725509e-01 4.914152736602708793e-01 4.882970833861237092e-01
1.215634774523286524e+03 6.305236490873916038e-04 1.144100519079961353e-01 1.220138348377260568e-01
1.215649821332338433e+03 3.254266803959095133e-33 4.577763863089801336e-03 7.763909949541346854e-03
1.215664868141390116e+03 1.541530024209430207e-104 2.859687930378191533e-05 1.782203306424353718e-04
1.215679914950441798e+03 9.260083441243289649e-85 3.300889131565374474e-04 7.350425057093400594e-04
1.215694961759493935e+03 1.973217516417303187e-18 1.324357724490952265e-02 1.749298680587445948e-02
1.215710008568545618e+03 3.617658998376318408e-02 1.720339444198657752e-01 1.796047746232320441e-01
1.215725055377597528e+03 7.140774990738100181e-01 6.099116626711282851e-01 6.037026554661710787e-01
1.215740102186649210e+03 8.942350558009544148e-01 8.596007627671751194e-01 8.547809606941179084e-01
1.215755148995700893e+03 9.352638599777974848e-01 9.291657448812601361e-01 9.282487410563904362e-01
1.215770195804753030e+03 9.540473265479085807e-01 9.521135529157215283e-01 9.519613074626150917e-01
1.215785242613804712e+03 9.650084031531909190e-01 9.639424341639205585e-01 9.638878125979742917e-01
1.215800289422856622e+03 9.714560586035836387e-01 9.709799624019126441e-01 9.709529431372566632e-01
1.215815336231908532e+03 9.759336279583918916e-01 9.756807514936133297e-01 9.756654842425995788e-01
1.215830383040960214e+03 9.793548113482438700e-01 9.791831354833726575e-01 9.791732490770682640e-01
1.215845429850012124e+03 9.820491293857629422e-01 9.819246228576389290e-01 9.819177467767732370e-01
1.215860476659063806e+03 9.842151677392523279e-01 9.841221619883644411e-01 9.841172028660148952e-01
1.215875523468115944e+03 9.859862760258009118e-01 9.859152016802401608e-01 9.859115272353833337e-01
1.215890570277167626e+03 9.874554148632020967e-01 9.874000519048000690e-01 9.873972674510400616e-01
1.215905617086219308e+03 9.886892351131387757e-01 9.886453979026361694e-01 9.886432470197669131e-01
1.215920663895271218e+03 9.897366625005451501e-01 9.897014537224516628e-01 9.896997644550917794e-01
1.215935710704322901e+03 9.906343425444252837e-01 9.906057078134582472e-01 9.906043616966133669e-01
1.215950757513375038e+03 9.914102072044487235e-01 9.913866591599933553e-01 9.913855726524569700e-01
1.215965804322426720e+03 9.920858762992993407e-01 9.920663182688018722e-01 9.920654312411044673e-01
1.215980851131478403e+03 9.926783133477042886e-01 9.926619235548881370e-01 9.926611919392159811e-01
1.215995897940530540e+03 9.932009913663532030e-01 9.931871450736370344e-01 9.931865360490019778e-01
1.216010944749582222e+03 9.936647289111668613e-01 9.936529449662819813e-01 9.936524337320207234e-01
1.216025991558634132e+03 9.940782995770131025e-01 9.940682030305050265e-01 9.940677705999367841e-01
1.216041038367685815e+03 9.944488829804780661e-01 9.944401785059423515e-01 9.944398101699426507e-01
1.216056085176737497e+03 9.947824029820790948e-01 9.947748556900363193e-01 9.947745399293609347e-01
1.216071131985789634e+03 9.950837844820394906e-01 9.950772058767851647e-01 9.950769335804374727e-01
1.216086178794841317e+03 9.953571505957294896e-01 9.953513881632867211e-01 9.953511520590307970e-01
1.216101225603893226e+03 9.956059756108192049e-01 9.956009050069098976e-01 9.956006992410830758e-01
1.216116272412944909e+03 9.958332047586815339e-01 9.958287238835958899e-01 9.958285437074506641e-01
1.216131319221996819e+03 9.960413488093855516e-01 9.960373732695736448e-01 9.960372148026219730e-01
1.216146366031048728e+03 9.962325593783155631e-01 9.962290189791872530e-01 9.962288790288724716e-01
1.216161412840100411e+03 9.964086893242513066e-01 9.964055253379080490e-01 9.964054012609381283e-01
1.216176459649152548e+03 9.965713415310762935e-01 9.965685045518565266e-01 9.965683941466623175e-01
1.216191506458204231e+03 9.967219085708993731e-01 9.967193568205350296e-01 9.967192582432075065e-01
1.216206553267255913e+03 9.968616051594937355e-01 9.968593031386180359e-01 9.968592148367018124e-01
1.216221600076307823e+03 9.969914948763025642e-01 9.969894122845536222e-01 9.969893329445365104e-01
1.216236646885359505e+03 9.971125122909113569e-01 9.971106231565801670e-01 9.971105516619664932e-01
1.216251693694411415e+03 9.972254813869394496e-01 9.972237633610739893e-01 9.972236987586916568e-01
1.216266740503463325e+03 9.973311309826592419e-01 9.973295647629828453e-01 9.973295062357394603e-01
1.216281787312515007e+03 9.974301077004070759e-01 9.974286765583560976e-01 9.974286234030858012e-01
1.216296834121566917e+03 9.975229869233686042e-01 9.975216763135236198e-01 9.975216279228699134e-01
1.216311880930618827e+03 9.976102820901985302e-01 9.976090793260118383e-01 9.976090351735322770e-01
1.216326927739670509e+03 9.976924526094927970e-01 9.976913465926827707e-01 9.976913062205454708e-01
1.216341974548722419e+03 9.977699106224434678e-01 9.977688916161381316e-01 9.977688546249040558e-01
1.216357021357774101e+03 9.978430267998062986e-01 9.978420862375764200e-01 9.978420522776868529e-01
1.216372068166826239e+03 9.979121353259193805e-01 9.979112656504205425e-01 9.979112344150656844e-01
1.216387114975877921e+03 9.979775381957634028e-01 9.979767327219594142e-01 9.979767039410878393e-01
1.216402161784929604e+03 9.980395089296957289e-01 9.980387617285781943e-01 9.980387351638423388e-01
1.216417208593981513e+03 9.980982957930952804e-01 9.980976015925716593e-01 9.980975770330511310e-01
1.216432255403033423e+03 9.981541245939978824e-01 9.981534786942228843e-01 9.981534559527932560e-01
1.216447302212085333e+03 9.982072011202157702e-01 9.982065993210890165e-01 9.982065782313290780e-01
1.216462349021137015e+03 9.982577132677278309e-01 9.982571518066962746e-01 9.982571322202451469e-01
1.216477395830188698e+03 9.983058329042235890e-01 9.983053084028029600e-01 9.983052901870984597e-01
1.216492442639240835e+03 9.983517175049138048e-01 9.983512269226205715e-01 9.983512099589549882e-01
1.216507489448292517e+03 9.983955115921634427e-01 9.983950521867425154e-01 9.983950363685876184e-01
1.216522536257344427e+03 9.984373480057568973e-01 9.984369172987715979e-01 9.984369025303356793e-01
1.216537583066396110e+03 9.984773490266258822e-01 9.984769447736210335e-01 9.984769309685942451e-01
1.216552629875448019e+03 9.985156273735050769e-01 9.985152475380705273e-01 9.985152346185425243e-01
1.216567676684499929e+03 9.985522870891367919e-01 9.985519298203084926e-01 9.985519177158220794e-01
1.216582723493551612e+03 9.985874243302294007e-01 9.985870879427489744e-01 9.985870765894764300e-01
1.216597770302603521e+03 9.986211280733392481e-01 9.986208110303597119e-01 9.986208003703813674e-01
1.216612817111655431e+03 9.986534807470961450e-01 9.986531816449992771e-01 9.986531716256730196e-01
1.216627863920707114e+03 9.986845587997628115e-01 9.986842763547810753e-01 9.986842669281884577e-01
1.216642910729759024e+03 9.987144332098183419e-01 9.987141662462278857e-01 9.987141573686851848e-01
1.216657957538810706e+03 9.987431699462423484e-01 9.987429173859069254e-01 9.987429090175344859e-01
1.216673004347862843e+03 9.987708303842713908e-01 9.987705912373576744e-01 9.987705833416993251e-01
1.216688051156914526e+03 9.987974716815992693e-01 9.987972450383166834e-01 9.987972375820003412e-01
1.216703097965966208e+03 9.988231471193920186e-01 9.988229321426176366e-01 9.988229250950581006e-01
1.216718144775018118e+03 9.988479064118900297e-01 9.988477023305759595e-01 9.988476956637066806e-01
1.216733191584070028e+03 9.988717959879243047e-01 9.988716020911861948e-01 9.988715957792216882e-01
1.216748238393121937e+03 9.988948592472481902e-01 9.988946748790512586e-01 9.988946688982749400e-01
1.216763285202173620e+03 9.989171367942355495e-01 9.989169613486166277e-01 9.989169556771898550e-01
1.216778332011225302e+03 9.989386666512187762e-01 9.989384995679726487e-01 9.989384941857646361e-01
1.216793378820277439e+03 9.989594844534517293e-01 9.989593252142326962e-01 9.989593201026684133e-01
1.216808425629329122e+03 9.989796236274645080e-01 9.989794717522624268e-01 9.989794668941847089e-01
1.216823472438380804e+03 9.989991155544054591e-01 9.989989705983487456e-01 9.989989659778937270e-01
1.216838519247432714e+03 9.990179897197596359e-01 9.990178512702122537e-01 9.990178468726983452e-01
1.216853566056484624e+03 9.990362738507012619e-01 9.990361415246279408e-01 9.990361373364551323e-01
1.216868612865536534e+03 9.990539940422215048e-01 9.990538674837876609e-01 9.990538634923459282e-01
1.216883659674588216e+03 9.990711748730276565e-01 9.990710537514141398e-01 9.990710499450004001e-01
1.216898706483639899e+03 9.990878395121325362e-01 9.990877235195422257e-01 9.990877198872861742e-01
1.216913753292692036e+03 9.991040098169516881e-01 9.991038986667918342e-01 9.991038951985878880e-01
1.216928800101743718e+03 9.991197064236545522e-01 9.991195998488733299e-01 9.991195965353190100e-01
1.216943846910795628e+03 9.991349488304303028e-01 9.991348465819996916e-01 9.991348434143384472e-01
1.216958893719847310e+03 9.991497554742857501e-01 9.991496573198108688e-01 9.991496542898823385e-01
1.216973940528898993e+03 9.991641438019219779e-01 9.991640495243677700e-01 9.991640466245602648e-01
1.216988987337951130e+03 9.991781303351847665e-01 9.991780397317120421e-01 9.991780369549206897e-01
1.217004034147002812e+03 9.991917307315528740e-01 9.991916436124479439e-01 9.991916409520344988e-01
1.217019080956054722e+03 9.992049598400676302e-01 9.992048760277622010e-01 9.992048734775206276e-01
1.217034127765106632e+03 9.992178317530855391e-01 9.992177510812575436e-01 9.992177486353818194e-01
1.217049174574158314e+03 9.992303598541992793e-01 9.992302821669440949e-01 9.992302798199963476e-01
1.217064221383210224e+03 9.992425568626310817e-01 9.992424820134373498e-01 9.992424797575050199e-01
1.217079268192261907e+03 9.992544348743946925e-01 9.992543622744257670e-01 9.992543595371188303e-01
1.217094315001314044e+03 9.992660054004748327e-01 9.992658436057078042e-01 9.992658271570079576e-01
1.217109361810365726e+03 9.992772794022760641e-01 9.992748219533098553e-01 9.992747656749287888e-01
