# lambda[A]  T_theo  T_instr  T_rot+instr  (He I 10830)
1.082820000000000073e+04 9.999999535846156862e-01 9.999999514549411384e-01 9.999999513695232434e-01
1.082822006565405718e+04 9.999999521414207893e-01 9.999999505179610892e-01 9.999999504482682822e-01
1.082824013130811181e+04 9.999999506152477124e-01 9.999999493586271271e-01 9.999999493038171927e-01
1.082826019696216645e+04 9.999999489986324264e-01 9.999999479818992842e-01 9.999999479398976598e-01
1.082828026261622108e+04 9.999999472831777592e-01 9.999999464003080929e-01 9.999999463682585077e-01
1.082830032827027571e+04 9.999999454594069581e-01 9.999999446283345250e-01 9.999999446031613282e-01
1.082832039392433035e+04 9.999999435165827233e-01 9.999999426772877564e-01 9.999999426561619886e-01
1.082834045957838680e+04 9.999999414424929345e-01 9.999999405517879802e-01 9.999999405323926061e-01
1.082836052523243961e+04 9.999999392231874173e-01 9.999999382479274335e-01 9.999999382284953109e-01
1.082838059088649607e+04 9.999999368426588653e-01 9.999999357521187626e-01 9.999999357312903125e-01
1.082840065654054888e+04 9.999999342824397175e-01 9.999999330388325003e-01 9.999999330153777066e-01
1.082842072219460533e+04 9.999999315210855722e-01 9.999999300643712674e-01 9.999999300367585775e-01
1.082844078784865815e+04 9.999999285334574273e-01 9.999999267516562762e-01 9.999999267173421691e-01
1.082846085350271460e+04 9.999999252896167867e-01 9.999999229562386294e-01 9.999999229103162524e-01
1.082848091915676741e+04 9.999999217528401374e-01 9.999999183938086400e-01 9.999999183262942015e-01
1.082850098481082387e+04 9.999999178754959139e-01 9.999999124900145198e-01 9.999999123802505441e-01
1.082852105046487850e+04 9.999999135896157076e-01 9.999999040761022862e-01 9.999999038812368291e-01
1.082854111611893313e+04 9.999999087843768342e-01 9.999998907842648777e-01 9.999998904155149582e-01
1.082856118177298777e+04 9.999999032520791031e-01 9.999998678679129505e-01 9.999998671416457929e-01
1.082858124742704240e+04 9.999998965606828882e-01 9.999998259371826181e-01 9.999998244739664033e-01
1.082860131308109703e+04 9.999998877610423165e-01 9.999997466745702557e-01 9.999997436911114423e-01
1.082862137873515167e+04 9.999998747356175777e-01 9.999995948334040596e-01 9.999995887168281472e-01
1.082864144438920812e+04 9.999998527978281038e-01 9.999993034792572510e-01 9.999992909302353183e-01
1.082866151004326275e+04 9.999998117811328413e-01 9.999987471369158332e-01 9.999987214923112822e-01
1.082868157569731738e+04 9.999997301882426193e-01 9.999976937561368961e-01 9.999976418352287677e-01
1.082870164135137202e+04 9.999995637976507590e-01 9.999957207279899229e-01 9.999956172133289689e-01
1.082872170700542665e+04 9.999992241039106222e-01 9.999920725343383054e-01 9.999918706279840031e-01
1.082874177265948128e+04 9.999985384918235187e-01 9.999854292907677245e-01 9.999850464951909323e-01
1.082876183831353592e+04 9.999971779231051627e-01 9.999735504577277334e-01 9.999728493674624463e-01
1.082878190396759055e+04 9.999945265684843099e-01 9.999527645254685515e-01 9.999515311653637273e-01
1.082880196962164700e+04 9.999894453617486079e-01 9.999173061625541425e-01 9.999152331065596089e-01
1.082882203527569982e+04 9.999798350508080080e-01 9.998585712452582319e-01 9.998552589591940265e-01
1.082884210092975627e+04 9.999618110320612763e-01 9.997644744712699261e-01 9.997594696962128769e-01
1.082886216658380908e+04 9.999281401418235182e-01 9.996192402052533899e-01 9.996121302678812048e-01
1.082888223223786554e+04 9.998654000371096640e-01 9.994040860728448106e-01 9.993946573300198644e-01
1.082890229789191835e+04 9.997493631710674400e-01 9.990992836111304287e-01 9.990877275428576842e-01
1.082892236354597480e+04 9.995390203902390081e-01 9.986878975360667932e-01 9.986750126323875598e-01
1.082894242920002762e+04 9.991722446500813648e-01 9.981610484271304928e-01 9.981483529804510146e-01
1.082896249485408407e+04 9.985701118589616065e-01 9.975238546317861665e-01 9.975135155696576161e-01
1.082898256050813870e+04 9.976591780842223312e-01 9.968004875596760961e-01 9.967950028683013608e-01
1.082900262616219334e+04 9.964155240694041460e-01 9.960363544617740761e-01 9.960380057419385702e-01
1.082902269181624979e+04 9.949176789534989185e-01 9.952956487291183540e-01 9.953058444882713074e-01
1.082904275747030260e+04 9.933756008060113940e-01 9.946535403590115454e-01 9.946722548095614513e-01
1.082906282312435906e+04 9.920997204481142306e-01 9.941839297472822023e-01 9.942094567246256842e-01
1.082908288877841187e+04 9.914026447349444382e-01 9.939454015057854752e-01 9.939745632652169371e-01
1.082910295443246832e+04 9.914733255591057226e-01 9.939690644789561658e-01 9.939978604185583100e-01
1.082912302008652296e+04 9.922920429940759179e-01 9.942517922008344833e-01 9.942763056188311799e-01
1.082914308574057759e+04 9.936395835418979638e-01 9.947569110476494059e-01 9.947741892462955704e-01
1.082916315139463222e+04 9.951945029154015687e-01 9.954221249711430186e-01 9.954307587750874653e-01
1.082918321704868686e+04 9.966587268188934479e-01 9.961722899827928357e-01 9.961725378117866070e-01
1.082920328270274149e+04 9.978454522715839436e-01 9.969333933643583778e-01 9.969268654771716864e-01
1.082922334835679612e+04 9.986976768113072778e-01 9.976441597521854554e-01 9.976332232868500016e-01
1.082924341401085076e+04 9.992520493021359584e-01 9.982629240554131700e-01 9.982500525441486694e-01
1.082926347966490721e+04 9.995856161538887452e-01 9.987691656228643300e-01 9.987564265922629358e-01
1.082928354531896002e+04 9.997753131928802661e-01 9.991606701386558376e-01 9.991494528718103396e-01
1.082930361097301648e+04 9.998794611468112548e-01 9.994481774464351043e-01 9.994391606102317471e-01
1.082932367662706929e+04 9.999356581710682201e-01 9.996494650409292193e-01 9.996427523962473360e-01
1.082934374228112574e+04 9.999657975486467842e-01 9.997843161747450580e-01 9.997796446237178225e-01
1.082936380793517856e+04 9.999819208908705681e-01 9.998710841466583732e-01 9.998680240606899750e-01
1.082938387358923501e+04 9.999905048005914843e-01 9.999249068085198644e-01 9.999230093967629296e-01
1.082940393924328782e+04 9.999950304809458457e-01 9.999572182091931438e-01 9.999560988182778498e-01
1.082942400489734428e+04 9.999973813493550079e-01 9.999760652206899358e-01 9.999754336574101510e-01
1.082944407055140073e+04 9.999985793634956766e-01 9.999867878585870784e-01 9.999864452416670213e-01
1.082946413620545354e+04 9.999991761971590565e-01 9.999927592580816205e-01 9.999925794953355984e-01
1.082948420185950999e+04 9.999994657653134000e-01 9.999960239885881119e-01 9.999959321852430749e-01
1.082950426751356281e+04 9.999996016512467945e-01 9.999977798124838335e-01 9.999977338656428349e-01
1.082952433316761926e+04 9.999996622192758311e-01 9.999987092535603805e-01 9.999986865536583114e-01
1.082954439882167208e+04 9.999996863896455368e-01 9.999991926744028481e-01 9.999991815176598742e-01
1.082956446447572853e+04 9.999996929312651162e-01 9.999994382391740322e-01 9.999994327320090859e-01
1.082958453012978316e+04 9.999996906077225356e-01 9.999995580950364893e-01 9.999995553233852474e-01
1.082960459578383779e+04 9.999996833576364486e-01 9.999996117004308349e-01 9.999996102346018212e-01
1.082962466143789243e+04 9.999996728538830260e-01 9.999996298693621943e-01 9.999996290009723898e-01
1.082964472709194706e+04 9.999996597214063643e-01 9.999996277488467644e-01 9.999996271053194219e-01
1.082966479274600169e+04 9.999996440868350600e-01 9.999996114203781872e-01 9.999996107607093121e-01
1.082968485840005633e+04 9.999996257937354693e-01 9.999995805812692540e-01 9.999995796635123835e-01
1.082970492405411096e+04 9.999996044237643433e-01 9.999995282812944586e-01 9.999995267293133594e-01
1.082972498970816741e+04 9.999995791341633744e-01 9.999994375130528690e-01 9.999994346094831510e-01
1.082974505536222023e+04 9.999995481899818239e-01 9.999992731750781960e-01 9.999992674670299397e-01
1.082976512101627668e+04 9.999995078623966638e-01 9.999989660899523125e-01 9.999989545934665491e-01
1.082978518667032949e+04 9.999994499771339695e-01 9.999983827322436181e-01 9.999983593173678020e-01
1.082980525232438595e+04 9.999993566557022762e-01 9.999972691417584603e-01 9.999972213011698585e-01
1.082982531797844240e+04 9.999991894057325137e-01 9.999951487450100540e-01 9.999950513062325630e-01
1.082984538363249521e+04 9.999988671997567247e-01 9.999911396273435393e-01 9.999909429993218968e-01
1.082986544928655167e+04 9.999982237285282016e-01 9.999836353843850612e-01 9.999832447112905198e-01
1.082988551494060448e+04 9.999969262589610830e-01 9.999697647063816586e-01 9.999690052514875749e-01
1.082990558059466093e+04 9.999943250179798016e-01 9.999445123288899229e-01 9.999430765253394249e-01
1.082992564624871375e+04 9.999891779708732775e-01 9.998993605655087658e-01 9.998967351345535715e-01
1.082994571190277020e+04 9.999791510303703834e-01 9.998203218313419516e-01 9.998157012144011091e-01
1.082996577755682301e+04 9.999599053882531896e-01 9.996853171056038212e-01 9.996775234170893754e-01
1.082998584321087947e+04 9.999234044331037907e-01 9.994610557900901471e-01 9.994485040374700979e-01
1.083000590886493410e+04 9.998547248199237680e-01 9.990999114878870158e-01 9.990806756110677256e-01
1.083002597451898873e+04 9.997260869978248365e-01 9.985377321148668495e-01 9.985097711013624089e-01
1.083004604017304337e+04 9.994862431282232063e-01 9.976939483178348667e-01 9.976555293225687349e-01
1.083006610582709800e+04 9.990437582591490395e-01 9.964755378203205005e-01 9.964258381114998731e-01
1.083008617148115263e+04 9.982461908195366940e-01 9.947861203972704347e-01 9.947259104667033336e-01
1.083010623713520727e+04 9.968656785814024035e-01 9.925405444898403040e-01 9.924727780024096280e-01
1.083012630278926190e+04 9.946124996444385413e-01 9.896838546181224716e-01 9.896139549783609102e-01
1.083014636844331835e+04 9.912002151246274151e-01 9.862118606419434386e-01 9.861475279584925868e-01
1.083016643409737117e+04 9.864629387158440066e-01 9.821892271887188164e-01 9.821396929635964890e-01
1.083018649975142762e+04 9.804779077868267523e-01 9.777605891072386202e-01 9.777353836057618430e-01
1.083020656540548043e+04 9.736127073748028771e-01 9.731509030409489780e-01 9.731583199768593095e-01
1.083022663105953689e+04 9.664487224596711723e-01 9.686528844803153904e-01 9.686983937929054544e-01
1.083024669671359152e+04 9.596291600164132962e-01 9.646015027493368699e-01 9.646863774060869812e-01
1.083026676236764615e+04 9.537502193793522265e-01 9.613376855724452552e-01 9.614581018212200458e-01
1.083028682802170260e+04 9.493681973404189955e-01 9.591654195024542640e-01 9.593122789470029943e-01
1.083030689367575542e+04 9.470609062596696548e-01 9.583082668156327477e-01 9.584679464736167720e-01
1.083032695932981187e+04 9.473845365913556860e-01 9.588727305833537606e-01 9.590288360526090239e-01
1.083034702498386469e+04 9.506539256969049889e-01 9.608262708544215158e-01 9.609622175039849168e-01
1.083036709063792114e+04 9.566645500219809195e-01 9.639962788667066906e-01 9.640982123958022898e-01
1.083038715629197395e+04 9.645871529457873406e-01 9.680925175948765782e-01 9.681518513084754751e-01
1.083040722194603040e+04 9.731708040599552634e-01 9.727500150956011060e-01 9.727648611148642654e-01
1.083042728760008322e+04 9.811609803346371672e-01 9.775838477540681470e-01 9.775589118107889108e-01
1.083044735325413967e+04 9.876947076918420887e-01 9.822438293162873979e-01 9.821888282788399094e-01
1.083046741890819430e+04 9.924650405745408799e-01 9.864573442200715858e-01 9.863844819591507385e-01
1.083048748456224894e+04 9.956244002665355364e-01 9.900524451393529768e-01 9.899737370085621713e-01
1.083050755021630357e+04 9.975562063200084095e-01 9.929593302819162970e-01 9.928845067718845563e-01
1.083052761587035820e+04 9.986685346206880531e-01 9.951941046521909362e-01 9.951295141893388152e-01
1.083054768152441284e+04 9.992841915178798384e-01 9.968323437113018048e-01 9.967808804114945964e-01
1.083056774717846747e+04 9.996177896098511484e-01 9.979806213623229061e-01 9.979423966495667431e-01
1.083058781283252210e+04 9.997969875318963862e-01 9.987523292585391843e-01 9.987256792760138557e-01
1.083060787848657856e+04 9.998929044179297732e-01 9.992510762690239856e-01 9.992335423565327224e-01
1.083062794414063137e+04 9.999440114825792758e-01 9.995620448956168413e-01 9.995511077714225312e-01
1.083064800979468782e+04 9.999710087177021700e-01 9.997497410368539894e-01 9.997432443712093164e-01
1.083066807544874246e+04 9.999850850015666870e-01 9.998598118721148120e-01 9.998561202563539529e-01
1.083068814110279709e+04 9.999923060955840937e-01 9.999227585514451899e-01 9.999207419762421445e-01
1.083070820675685172e+04 9.999959466693378873e-01 9.999579889322840476e-01 9.999569242091680410e-01
1.083072827241090636e+04 9.999977536176494208e-01 9.999773504394128265e-01 9.999768038475137510e-01
1.083074833806496281e+04 9.999986420684910948e-01 9.999878285843107895e-01 9.999875540212290748e-01
1.083076840371901562e+04 9.999990807395445769e-01 9.999934262961761577e-01 9.999932904773068953e-01
1.083078846937307208e+04 9.999993036971678295e-01 9.999963848929677157e-01 9.999963183236756370e-01
1.083080853502712489e+04 9.999994247452850260e-01 9.999979359717842131e-01 9.999979034638311060e-01
1.083082860068118134e+04 9.999994977658689388e-01 9.999987457712711247e-01 9.999987298741384034e-01
1.083084866633523416e+04 9.999995476638369185e-01 9.999991697455384854e-01 9.999991619175950808e-01
1.083086873198929061e+04 9.999995857508875430e-01 9.999993950650994945e-01 9.999993911540508984e-01
1.083088879764334342e+04 9.999996171462740557e-01 9.999995189974251186e-01 9.999995169904019043e-01
1.083090886329739988e+04 9.999996442196436020e-01 9.999995914124653051e-01 9.999995903346580173e-01
1.083092892895145451e+04 9.999996681405273202e-01 9.999996375377165903e-01 9.999996369173993482e-01
1.083094899460550914e+04 9.999996895545593123e-01 9.999996699796648292e-01 9.999996695887934939e-01
1.083096906025956378e+04 9.999997088712447857e-01 9.999996949828809933e-01 9.999996947112227419e-01
1.083098912591361841e+04 9.999997263847963946e-01 9.999997156364435202e-01 9.999997154305039215e-01
1.083100919156767304e+04 9.999997423254020079e-01 9.999997334876785660e-01 9.999997333211465556e-01
1.083102925722172768e+04 9.999997568821191729e-01 9.999997493393011361e-01 9.999997491988349418e-01
1.083104932287578413e+04 9.999997702142469080e-01 9.999997636359032605e-01 9.999997635143502706e-01
1.083106938852983876e+04 9.999997824578739092e-01 9.999997766481432127e-01 9.999997765413425332e-01
1.083108945418389339e+04 9.999997937302356199e-01 9.999997885593967517e-01 9.999997884646718571e-01
1.083110951983794803e+04 9.999998041329241083e-01 9.999997995063073519e-01 9.999997994217649788e-01
1.083112958549200266e+04 9.999998137543971710e-01 9.999998095979778512e-01 9.999998095221773742e-01
1.083114965114605729e+04 9.999998226720040462e-01 9.999998189253769265e-01 9.999998188571611601e-01
1.083116971680011193e+04 9.999998309536372032e-01 9.999998275662831393e-01 9.999998275046962926e-01
1.083118978245416656e+04 9.999998386591066879e-01 9.999998355881675183e-01 9.999998355324041244e-01
1.083120984810822301e+04 9.999998458412781011e-01 9.999998430500695035e-01 9.999998429994441107e-01
1.083122991376227583e+04 9.999998525470290556e-01 9.999998500039585236e-01 9.999998499578829358e-01
1.083124997941633228e+04 9.999998588180515346e-01 9.999998564957817138e-01 9.999998564537482260e-01
1.083127004507038509e+04 9.999998646915316813e-01 9.999998625663110152e-01 9.999998625278789799e-01
1.083129011072444155e+04 9.999998702007276696e-01 9.999998682518435045e-01 9.999998682166291175e-01
1.083131017637849436e+04 9.999998753754618663e-01 9.999998735847877018e-01 9.999998735524576743e-01
1.083133024203255081e+04 9.999998802425387190e-01 9.999998785941643931e-01 9.999998785644260701e-01
1.083135030768660363e+04 9.999998848261101303e-01 9.999998833060261827e-01 9.999998832786214376e-01
1.083137037334066008e+04 9.999998891479834340e-01 9.999998877438212030e-01 9.999998877185225510e-01
1.083139043899471471e+04 9.999998932278941766e-01 9.999998919287009791e-01 9.999998919053078028e-01
1.083141050464876935e+04 9.999998970837374879e-01 9.999998958797917670e-01 9.999998958581257646e-01
1.083143057030282398e+04 9.999999007317720290e-01 9.999998996144211505e-01 9.999998995943247815e-01
1.083145063595687861e+04 9.999999041867979610e-01 9.999999031483250977e-01 9.999999031296568086e-01
1.083147070161093507e+04 9.999999074623124873e-01 9.999999064958164929e-01 9.999999064784500513e-01
1.083149076726498970e+04 9.999999105706443014e-01 9.999999096699426770e-01 9.999999096537663945e-01
1.083151083291904433e+04 9.999999135230749348e-01 9.999999126826165652e-01 9.999999126675280792e-01
1.083153089857309897e+04 9.999999163299441163e-01 9.999999155447345522e-01 9.999999155306433796e-01
1.083155096422715360e+04 9.999999190007426986e-01 9.999999182662805408e-01 9.999999182531043029e-01
1.083157102988120823e+04 9.999999215441962575e-01 9.999999208564140929e-01 9.999999208440814025e-01
1.083159109553526287e+04 9.999999239683377006e-01 9.999999233235578044e-01 9.999999233119996056e-01
1.083161116118931750e+04 9.999999262805721045e-01 9.999999256754603660e-01 9.999999256646168178e-01
1.083163122684337395e+04 9.999999284877350014e-01 9.999999279192658408e-01 9.999999279090818760e-01
1.083165129249742677e+04 9.999999305961464469e-01 9.999999300615667330e-01 9.999999300519932799e-01
1.083167135815148322e+04 9.999999326116537635e-01 9.999999321084588333e-01 9.999999320994492624e-01
1.083169142380553603e+04 9.999999345396776151e-01 9.999999340655811864e-01 9.999999340570953077e-01
1.083171148945959249e+04 9.999999363852446477e-01 9.999999359381593900e-01 9.999999359301590118e-01
1.083173155511364530e+04 9.999999381530244591e-01 9.999999377310416770e-01 9.999999377234920495e-01
1.083175162076770175e+04 9.999999398473596868e-01 9.999999394487300020e-01 9.999999394416001497e-01
1.083177168642175457e+04 9.999999414722918756e-01 9.999999410954122370e-01 9.999999410886725171e-01
1.083179175207581102e+04 9.999999430315866800e-01 9.999999426749830445e-01 9.999999426686076998e-01
1.083181181772986565e+04 9.999999445287561795e-01 9.999999441910759623e-01 9.999999441850403459e-01
1.083183188338392029e+04 9.999999459670805280e-01 9.999999456470768378e-01 9.999999456413583010e-01
1.083185194903797674e+04 9.999999473496244962e-01 9.999999470461485851e-01 9.999999470407260338e-01
1.083187201469202955e+04 9.999999486792547909e-01 9.999999483912470621e-01 9.999999483861018446e-01
1.083189208034608600e+04 9.999999499586557095e-01 9.999999496851371683e-01 9.999999496802518539e-01
1.083191214600013882e+04 9.999999511903424620e-01 9.999999509304076106e-01 9.999999509257659902e-01
1.083193221165419527e+04 9.999999523766737175e-01 9.999999521294857807e-01 9.999999521250717560e-01
1.083195227730824990e+04 9.999999535198645928e-01 9.999999532846451933e-01 9.999999532804453306e-01
1.083197234296230454e+04 9.999999546219942026e-01 9.999999543980195860e-01 9.999999543940200075e-01
1.083199240861635917e+04 9.999999556850189819e-01 9.999999554716073602e-01 9.999999554677923008e-01
1.083201247427041380e+04 9.999999567107789034e-01 9.999999565072623664e-01 9.999999565036111759e-01
1.083203253992446844e+04 9.999999577010058038e-01 9.999999575066697011e-01 9.999999575031478516e-01
1.083205260557852307e+04 9.999999586573330435e-01 9.999999584712604417e-01 9.999999584677990994e-01
1.083207267123257770e+04 9.999999595813005016e-01 9.999999594020366755e-01 9.999999593984990609e-01
1.083209273688663416e+04 9.999999604743602388e-01 9.999999602992450942e-01 9.999999602953709710e-01
1.083211280254068697e+04 9.999999613378838248e-01 9.999999611618600737e-01 9.999999611571962488e-01
1.083213286819474342e+04 9.999999621731673338e-01 9.999999619869205381e-01 9.999999619807465878e-01
1.083215293384879624e+04 9.999999629814368962e-01 9.999999627688730408e-01 9.999999627601631191e-01
1.083217299950285269e+04 9.999999637638514738e-01 9.999999634992647879e-01 9.999999634867202669e-01
1.083219306515690550e+04 9.999999645215087440e-01 9.999999641671699635e-01 9.999999641493594327e-01
1.083221313081096196e+04 9.999999652554484308e-01 9.999999647606384601e-01 9.999999647362306510e-01
1.083223319646501477e+04 9.999999659666565233e-01 9.999999652690563234e-01 9.999999652370952230e-01
1.083225326211907122e+04 9.999999666560667189e-01 9.999999656858324926e-01 9.999999656459626074e-01
