# EXHALE lower-atmosphere profile (docs/phase_e_flux_closure_design.md section 2)
# solution_id d90bfac9a413565fdc6cb6107585da3c4bca4e526cd4d913f0bda08c59b18806
# source_code photochem
# source_version photochem 0.9.0, photochem_to_lower_profile.py
# mechanism zahnle_HHeNOC_rxns.yaml sha256 908cc51ef08cfce6
# stellar_flux lhs1140_sed_gj1132_at_b.txt sha256 37a95348aeb58b91 dilution 1.000000E+00
# p_match_bar 9.99999999999999955E-07
# p_top_bar 1.10533577074087586E-08
# p_deep_bar 1.67309812450336146E+01
# trial_flux_H 2.50588921765855737E+07
# trial_flux_He 5.55884532260667309E+07
# measured_flux_H 2.50614787799163833E+07
# measured_flux_He 5.55942044179250374E+07
# iteration 5
# reached_steady_state T
# notes F_H and F_He columns are the STATED trial fluxes; the header measured_flux_* are what the solution carries across its own top. measured elemental escape at the model top (r_top = 1.173814e+09 cm): H 2.506148e+07 g/s, He 5.559420e+07 g/s; imposed H 2.505889e+07, He 5.558845e+07; atomic-H share of the hydrogen nuclei at the top 2.593e-40 imposed, 1.101e-04 converged. climate solved: deep boundary 20 bar at 561.4 K, background He, tropopause 1.004 bar at 185.0 K, cold-trap f_H2O 1.354e-07 (deep 2.341e-04). cold trap at the match: O/H gas 4.9698e-07 vs all-carrier 4.9698e-07; C/H gas 2.7780e-04 vs all-carrier 2.7780e-04; N/H gas 8.1882e-05 vs all-carrier 8.1882e-05; chemistry q_H2O at the tropopause (1.004 bar) 4.2246e-07, at the match 1.8639e-07.
# units p[bar] r[R_J] T[K] n_tot[cm^-3] rho[g/cm^3] Kzz[cm^2/s] q_*[-] X_*[El/H nuclei] F_*[g/s]
# columns: p r T n_tot rho Kzz q_H2 q_H X_He X_C X_N X_O F_H F_He q_H2O q_CO q_CO2 q_CH4 q_NH3 q_HCN q_N2 q_OH q_C2H2
  1.67309812450336146E+01   1.56028227936548469E-01   5.25502458535955498E+02   2.30602163498544202E+20   1.38810228534158803E-03   1.00000000000000000E+09   1.92578117247845210E-01   9.66017287514527782E-21   2.08999999999999675E+00   2.77587999999999674E-04   8.18464999999998338E-05   6.06178000000004631E-04   2.50588921765855737E+07   5.55884532260667309E+07   2.34074338136210433E-04   1.32018446964594875E-17   1.38986601591831698E-18   1.07190012452519209E-04   3.15726207588917877E-05   7.45085755537280322E-23   1.61150766631429416E-08   2.63154954506067528E-29   1.82328014073779462E-34
  1.59965388843249983E+01   1.56070094959111672E-01   5.17309858635096930E+02   2.23971102742079799E+20   1.34818678901415601E-03   1.00000000000000000E+09   1.92578117511263108E-01   3.94883032438475192E-21   2.09000000798588781E+00   2.77587999992228113E-04   8.18234196893121991E-05   6.06178002316217065E-04   2.50588921765855737E+07   5.55884532260667309E+07   2.34074339351869788E-04   1.32018447145176507E-17   1.87324226770995733E-18   1.07190012599139121E-04   3.15726208020784062E-05   7.45085756556447560E-23   1.16588704494506309E-08   8.24447816685564286E-30   3.94999381702845536E-35
  1.46274335304868526E+01   1.56151645776824582E-01   5.00980499330009195E+02   2.11477432611325051E+20   1.27298154645162295E-03   1.00000000000000000E+09   1.92578117528184239E-01   1.24741365669606935E-14   2.09000000886118986E+00   2.77588000105174928E-04   8.18234197225484303E-05   6.06177792306632364E-04   2.50588921765855737E+07   5.55884532260667309E+07   2.34074258177538507E-04   2.61388448834991228E-17   1.87340468663734045E-18   1.07190012434425243E-04   3.15726200261900059E-05   3.11357187952962106E-15   1.16591951837463705E-08   1.66641287542332207E-23   5.30402751895672354E-15
  1.33365326377245701E+01   1.56233196578459299E-01   4.84118575526437041E+02   1.99529862237166305E+20   1.20106353331294029E-03   1.00000000000000000E+09   1.92578117561185952E-01   2.56579745244450859E-14   2.09000001063528229E+00   2.77588000337268353E-04   8.18234197909011566E-05   6.06177367457685543E-04   2.50588921765855737E+07   5.55884532260667309E+07   2.34074093962191755E-04   3.98385812301213834E-17   1.87357678083894012E-18   1.07190012268277115E-04   3.15726192065481391E-05   6.41259317432123071E-15   1.16595392493292353E-08   2.01473809932177705E-23   1.09278611085972119E-14
  1.21202893484738841E+01   1.56314747357207129E-01   4.66666332670223085E+02   1.88114916914104861E+20   1.13235163870313614E-03   1.00000000000000000E+09   1.92578117627697804E-01   3.97664587520417857E-14   2.09000001428881088E+00   2.77588000818776415E-04   8.18234199327690109E-05   6.06176493504157724E-04   2.50588921765855737E+07   5.55884532260667309E+07   2.34073756156190783E-04   5.43387107457234365E-17   1.87375926552936195E-18   1.07190012109656114E-04   3.15726183425903690E-05   9.91069929622542760E-15   1.16599040392201209E-08   1.73100517468300504E-23   1.69053790637869453E-14
  1.09770111691405603E+01   1.56396298120280747E-01   4.50040138456847046E+02   1.76664616016132473E+20   1.06342692097545380E-03   1.00000000000000000E+09   1.92578117765781764E-01   5.54029451247279802E-14   2.09000002195884349E+00   2.77588001833454069E-04   8.18234202317922547E-05   6.06174659710751211E-04   2.50588921765855737E+07   5.55884532260667309E+07   2.34073047347058139E-04   6.96993372511857389E-17   1.87395322869269198E-18   1.07190011978536038E-04   3.15726174353298216E-05   1.36287065973965779E-14   1.16602916725635426E-08   1.31814372187634914E-23   2.32880197214428780E-14
  9.90586770260941840E+00   1.56477848848445705E-01   4.33618313039902318E+02   1.65463278528989954E+20   9.96000827598490963E-04   1.00000000000000000E+09   1.92578118059970382E-01   7.36248246242439441E-14   2.09000003839592186E+00   2.77588004012210377E-04   8.18234208739404139E-05   6.06170730935436694E-04   2.50588921765855737E+07   5.55884532260667309E+07   2.34071528772815358E-04   8.60003128222568388E-17   1.87416007172988864E-18   1.07190011920452833E-04   3.15726164919076692E-05   1.75935837818946758E-14   1.16607048785023596E-08   9.22182102925528857E-24   3.01422068847423526E-14
  8.90417397801013877E+00   1.56559399562732293E-01   4.16567735660988205E+02   1.54819166419798884E+20   9.31928928403109218E-04   1.00000000000000000E+09   1.92578118701193457E-01   9.58378750904825061E-14   2.09000007433294144E+00   2.77588008780566063E-04   8.18234222794080615E-05   6.06162142661274437E-04   2.50588921765855737E+07   5.55884532260667309E+07   2.34068209180834095E-04   1.03306133162058506E-16   1.87438105445019670E-18   1.07190012040352082E-04   3.15726155376030204E-05   2.18295636833371686E-14   1.16611460888627124E-08   5.84873903281104423E-24   3.75342932499519621E-14
  7.96895932646583827E+00   1.56640950251597272E-01   3.99369502124387452E+02   1.44525150613870100E+20   8.69964410007852194E-04   1.00000000000000000E+09   1.92578120131753600E-01   1.23806605161349574E-13   2.09000015463201150E+00   2.77588019440627547E-04   8.18234254215424278E-05   6.06142954252423443E-04   2.50588921765855737E+07   5.55884532260667309E+07   2.34060792360794753E-04   1.21686433211145990E-16   1.87461754425314924E-18   1.07190012582970143E-04   3.15726146383994911E-05   2.63627964113009648E-14   1.16616179406680332E-08   3.44049912827850083E-24   4.55388390975540563E-14
  7.09912564063567331E+00   1.56722500920596003E-01   3.83165931129580770E+02   1.34194492587594301E+20   8.07779297888892053E-04   1.00000000000000000E+09   1.92578123408330470E-01   1.59847765121784183E-13   2.09000033868471746E+00   2.77588043880455096E-04   8.18234326254711113E-05   6.06098974235672289E-04   2.50588921765855737E+07   5.55884532260667309E+07   2.34043792940267397E-04   1.41262954925462838E-16   1.87487162776556426E-18   1.07190014134142785E-04   3.15726139575569424E-05   3.12330486751017512E-14   1.16621245077977907E-08   1.98603347165284091E-24   5.42598274383796608E-14
  6.29281937355536414E+00   1.56804051554364776E-01   3.66264190020157116E+02   1.24442155218390073E+20   7.49075307701110881E-04   1.00000000000000000E+09   1.92578131104864575E-01   2.07012140203976571E-13   2.09000077117471106E+00   2.77588101316556110E-04   8.18234495555612129E-05   6.05995631366596280E-04   2.50588921765855737E+07   5.55884532260667309E+07   2.34003848242778794E-04   1.62161423980668053E-16   1.87514552761196890E-18   1.07190018124233500E-04   3.15726139065458400E-05   3.64824096554194551E-14   1.16626701681857757E-08   1.03060129952550347E-24   6.38121895900287399E-14
  5.54693640991377279E+00   1.56885602165841270E-01   3.49150138448442249E+02   1.15068826980535402E+20   6.92652613184049849E-04   1.00000000000000000E+09   1.92578149666299991E-01   2.69405187770613732E-13   2.09000181437464150E+00   2.77588239864948324E-04   8.18234903947632282E-05   6.05746362642612009E-04   2.50588921765855737E+07   5.55884532260667309E+07   2.33907499475100299E-04   1.84501625507245223E-16   1.87544147052387467E-18   1.07190028138218896E-04   3.15726155316253191E-05   4.21523290378617193E-14   1.16632594349547914E-08   4.86173291066896000E-25   7.43161492087713805E-14
  4.86004733641502806E+00   1.56967152724393683E-01   3.32898742766337250E+02   1.05741401339326251E+20   6.36505908622220749E-04   1.00000000000000000E+09   1.92578195827551840E-01   3.52919852516425887E-13   2.09000440895678530E+00   2.77588584462883309E-04   8.18235919702903382E-05   6.05126399435657069E-04   2.50588921765855737E+07   5.55884532260667309E+07   2.33667868100259548E-04   2.08481192641233855E-16   1.87576285880186132E-18   1.07190053487246271E-04   3.15726215608720079E-05   4.83048826652268863E-14   1.16638995457624725E-08   2.21282628728931026E-25   8.59367117150339027E-14
  4.23001455362233436E+00   1.57048703207014390E-01   3.15830442080447028E+02   9.70073387875079619E+19   5.83930162957402212E-04   1.00000000000000000E+09   1.92578314156301611E-01   4.65876650241273009E-13   2.09001106011444016E+00   2.77589467843242894E-04   8.18238523603813649E-05   6.03537140006494806E-04   2.50588921765855737E+07   5.55884532260667309E+07   2.33053581545512287E-04   2.34310270750306912E-16   1.87611362166947401E-18   1.07190118974281445E-04   3.15726392842982772E-05   5.50070727521580479E-14   1.16645998846379164E-08   8.67807285730973300E-26   9.88567089781605187E-14
  3.65436488544532256E+00   1.57130253493309224E-01   2.99259248236781332E+02   8.84465802680543150E+19   5.32395721004763124E-04   1.00000000000000000E+09   1.92578627846207717E-01   6.20274469470922332E-13   2.09002869278869197E+00   2.77591809757250178E-04   8.18245426761415266E-05   5.99323908166809029E-04   2.50588921765855737E+07   5.55884532260667309E+07   2.31425082536482126E-04   2.62256686577003406E-16   1.87649906605103056E-18   1.07190293165091252E-04   3.15726888794188223E-05   6.23376532025409231E-14   1.16653757588994728E-08   3.34820257572089106E-26   1.13287603737960784E-13
  3.13129922232629587E+00   1.57211803299211805E-01   2.82599782991036079E+02   8.02545129517225574E+19   4.83075773200909080E-04   1.00000000000000000E+09   1.92579489769427181E-01   8.32989638859252284E-13   2.09007714349676554E+00   2.77598244835931146E-04   8.18264395164135786E-05   5.87746878951994406E-04   2.50588921765855737E+07   5.55884532260667309E+07   2.26950441616274515E-04   2.92715170268523355E-16   1.87692800881743750E-18   1.07190772464513031E-04   3.15728281727780858E-05   7.03998441878295216E-14   1.16662588431566378E-08   1.59617007416681474E-26   1.29495917843922639E-13
  2.65834061077352768E+00   1.57293351720962704E-01   2.65716211888981604E+02   7.24618288381621535E+19   4.36147214974618249E-04   1.00000000000000000E+09   1.92581945069680099E-01   1.12319660295412304E-12   2.09021517194124984E+00   2.77616577379776049E-04   8.18318433212515049E-05   5.54765749835419049E-04   2.50588921765855737E+07   5.55884532260667309E+07   2.14203813549904631E-04   3.26121263300736744E-16   1.87741672899216343E-18   1.07192138598126695E-04   3.15732284833351748E-05   7.93108303329245020E-14   1.16673240876824885E-08   1.60970499371317579E-26   1.47780760129618573E-13
  2.23359020067987535E+00   1.57374896065730491E-01   2.49403029400090986E+02   6.48662047423956664E+19   3.90371044880284256E-04   1.00000000000000000E+09   1.92589171721683244E-01   1.50625479546817238E-12   2.09062151500080695E+00   2.77670546724491677E-04   8.18477516324337198E-05   4.57672342190063508E-04   2.50588921765855737E+07   5.55884532260667309E+07   1.76686799002941157E-04   3.63044221222399244E-16   1.87800444776312736E-18   1.07196160432232381E-04   3.15744107908594039E-05   8.92298898043582006E-14   1.16687798210180152E-08   2.63087587590022171E-26   1.68526324421611187E-13
  1.85493680450845866E+00   1.57456429110823193E-01   2.32657372071054112E+02   5.77469454957520650E+19   3.47380070152479581E-04   1.00000000000000000E+09   1.92609630087215100E-01   2.00040784213246782E-12   2.09177254818574099E+00   2.77823423742938971E-04   8.18928145327563829E-05   1.82639390141410671E-04   2.50588921765855737E+07   5.55884532260667309E+07   7.04775780208647431E-05   4.04194898339213968E-16   1.87878372640992565E-18   1.07207547035939501E-04   3.15777620975586635E-05   1.00353824494815693E-13   1.16711579570120769E-08   2.59123084024916306E-26   1.92189513666490144E-13
  1.51987884987393862E+00   1.57537970473103306E-01   2.16268493252332831E+02   5.09017172683837440E+19   3.06135078268096237E-04   1.00000000000000000E+09   1.92620258507762543E-01   2.63786462646314606E-12   2.09237093039767430E+00   2.77902899191021402E-04   8.19162411681550871E-05   3.96592988036188862E-05   2.50588921765855737E+07   5.55884532260667309E+07   1.53003476729842802E-05   4.50418335185989868E-16   1.87954238528778525E-18   1.07213462151494162E-04   3.15795014530085354E-05   1.12915464407085835E-13   1.16730856515832581E-08   1.53584843204478491E-26   2.19291331888573895E-13
  1.22674006537814195E+00   1.57619518790397761E-01   2.00671954351747360E+02   4.42774485008716841E+19   2.66281809464996274E-04   1.00000000000000000E+09   1.92622685757553203E-01   3.47353344858032100E-12   2.09250762349317876E+00   2.77921054369434936E-04   8.19215926916140125E-05   6.99724055392446588E-06   2.50588921765855737E+07   5.55884532260667309E+07   2.69935604791264693E-06   5.03004628793567845E-16   1.88031474824034449E-18   1.07214812341826653E-04   3.15798958017176725E-05   1.27269083928526991E-13   1.16746972000669551E-08   8.00211595237614409E-27   2.50596222212481716E-13
  9.73774120522353126E-01   1.57701068730106558E-01   1.85775622733816505E+02   3.79652461417493381E+19   2.28318552723291891E-04   1.00000000000000000E+09   1.92623124346709390E-01   4.58955836737077584E-12   2.09253232432659653E+00   2.77924335045317693E-04   8.19225597219622935E-05   1.09510944537964606E-06   2.50588921765855737E+07   5.55884532260667309E+07   4.22461115910857787E-07   5.63737300126478225E-16   1.88118684974574913E-18   1.07215055495693472E-04   3.15799635450862248E-05   1.43905518985009189E-13   1.16764182183193729E-08   4.08840498379729982E-27   2.87148251892399605E-13
  7.65665422674088436E-01   1.57782619068733754E-01   1.85021978846153360E+02   2.99731530068162068E+19   1.80254873535721838E-04   1.00000000000000000E+09   1.92623168783339016E-01   6.16056639018980213E-12   2.09253482646003519E+00   2.77924667344030219E-04   8.19226576717604140E-05   4.97228176558251477E-07   2.50588921765855737E+07   5.55884532260667309E+07   1.91815856867452565E-07   6.37702367826559578E-16   1.88224730417525448E-18   1.07215079038796527E-04   3.15799657465691376E-05   1.64226183681434443E-13   1.16784871900854332E-08   3.36860167329774295E-27   3.31969761953227165E-13
  6.01887479123355051E-01   1.57864169383802461E-01   1.85021978846153360E+02   2.35618129935198618E+19   1.41697859428230902E-04   1.00000000000000000E+09   1.92623168794723770E-01   8.40845266434972095E-12   2.09253482640315669E+00   2.77924667301077490E-04   8.19226576585098507E-05   4.97228176474444132E-07   2.50588921765855737E+07   5.55884532260667309E+07   1.91815854222968905E-07   7.31477962463871825E-16   1.88359492163560949E-18   1.07215077522989529E-04   3.15799592856971323E-05   1.90060057178906644E-13   1.16811100139271250E-08   4.98201966528046248E-27   3.89142789167093051E-13
  4.73259724537506254E-01   1.57945719675241625E-01   1.85021978846153360E+02   1.85264813003895562E+19   1.11415990938117061E-04   1.00000000000000000E+09   1.92623168809030965E-01   1.15787032145614465E-11   2.09253482633089360E+00   2.77924667246448880E-04   8.19226576416571070E-05   4.97228176367852341E-07   2.50588921765855737E+07   5.55884532260667309E+07   1.91815850855020932E-07   8.50590526196984392E-16   1.88531121987103101E-18   1.07215075581351828E-04   3.15799510571816003E-05   2.22961552674237739E-13   1.16844453853716917E-08   7.38707002979048170E-27   4.62179769735881174E-13
  3.72213037187723583E-01   1.58027269945760496E-01   1.85021978846153360E+02   1.45708529918925414E+19   8.76273264500966029E-05   1.00000000000000000E+09   1.92623168827010277E-01   1.59965263505892202E-11   2.09253482623910880E+00   2.77924667176988004E-04   8.19226576202282305E-05   4.97228176232315634E-07   2.50588921765855737E+07   5.55884532260667309E+07   1.91815846566769517E-07   1.00184992831828651E-15   1.88749651124490285E-18   1.07215073094047521E-04   3.15799405792465659E-05   2.64853661101078975E-13   1.16886858178521280E-08   1.10631393078017278E-26   5.55439504095891551E-13
  2.92813600244528571E-01   1.58108820193092942E-01   1.85021978846153360E+02   1.14626396630970450E+19   6.89349119284508855E-05   1.00000000000000000E+09   1.92623168849603066E-01   2.20937189292022636E-11   2.09253482612255715E+00   2.77924667088689983E-04   8.19226575929877322E-05   4.97228176060018015E-07   2.50588921765855737E+07   5.55884532260667309E+07   1.91815841108113969E-07   1.19387933373407222E-15   1.89027825158466295E-18   1.07215069907064318E-04   3.15799272392269862E-05   3.18179714311484545E-13   1.16940753490173231E-08   1.68890316718786154E-26   6.74473997934215112E-13
  2.30408433482707314E-01   1.58190370417143372E-01   1.85021978846153360E+02   9.01969323195837030E+18   5.42433311022494409E-05   1.00000000000000000E+09   1.92623168877993717E-01   3.04386775163444648E-11   2.09253482597459461E+00   2.77924666976474516E-04   8.19226575583679778E-05   4.97228175841043799E-07   2.50588921765855737E+07   5.55884532260667309E+07   1.91815834161360791E-07   1.43759356304474248E-15   1.89381834432778952E-18   1.07215065822339423E-04   3.15799102585584806E-05   3.86043405736854373E-13   1.17009231830576109E-08   2.64267219944867879E-26   8.26354094431784685E-13
  1.81348010290452721E-01   1.58271920620751155E-01   1.85021978846153360E+02   7.09914735464175923E+18   4.26934032661664581E-05   1.00000000000000000E+09   1.92623168913673454E-01   4.17744329094858276E-11   2.09253482578680439E+00   2.77924666833899165E-04   8.19226575143812316E-05   4.97228175562817828E-07   2.50588921765855737E+07   5.55884532260667309E+07   1.91815825323056860E-07   1.74680241429520747E-15   1.89832239924708649E-18   1.07215060584957403E-04   3.15798886487157946E-05   4.72386280359449440E-13   1.17096208897084953E-08   4.23274522033461836E-26   1.02008379314700391E-12
  1.42769142089886142E-01   1.58353470800670471E-01   1.85021978846153360E+02   5.58891810154725274E+18   3.36110693863908664E-05   1.00000000000000000E+09   1.92623168958522356E-01   5.70673435579447558E-11   2.09253482554852388E+00   2.77924666652795119E-04   8.19226574585068049E-05   4.97228175209395872E-07   2.50588921765855737E+07   5.55884532260667309E+07   1.91815814080967709E-07   2.13897138128653735E-15   1.90405146587452197E-18   1.07215053866556041E-04   3.15798611553682099E-05   5.82212664693708654E-13   1.17206640704942624E-08   6.89308530996069419E-26   1.26712707065921888E-12
  1.12424993292574119E-01   1.58435020958250100E-01   1.85021978846153360E+02   4.40104963076406630E+18   2.64673737952546189E-05   1.00000000000000000E+09   1.92623169014911749E-01   7.75698765616629283E-11   2.09253482524625634E+00   2.77924666422807974E-04   8.19226573875499197E-05   4.97228174760567195E-07   2.50588921765855737E+07   5.55884532260667309E+07   1.91815799784909712E-07   2.63618051660019732E-15   1.91133689937000944E-18   1.07215045243807042E-04   3.15798261873442366E-05   7.21874645785843138E-13   1.17346796286237506E-08   1.13248855077739481E-25   1.58207738199755414E-12
  8.85519626709335012E-02   1.58516571094773517E-01   1.85021978846153360E+02   3.46650305419308493E+18   2.08471250699235023E-05   1.00000000000000000E+09   1.92623169085834212E-01   1.04901537914843052E-10   2.09253482486291320E+00   2.77924666130816228E-04   8.19226572974616503E-05   4.97228174190717521E-07   2.50588921765855737E+07   5.55884532260667309E+07   1.91815781609805252E-07   3.26633263369983839E-15   1.92059919041988498E-18   1.07215034170499461E-04   3.15797817265147076E-05   8.99433040722266397E-13   1.17524600579685586E-08   1.86618814416380668E-25   1.98350803817268805E-12
  6.97654095617684794E-02   1.58598121208423787E-01   1.85021978846153360E+02   2.73107447907853824E+18   1.64243476337903426E-05   1.00000000000000000E+09   1.92623169175065945E-01   1.41153008044135905E-10   2.09253482437687222E+00   2.77924665760196081E-04   8.19226571831123786E-05   4.97228173467396807E-07   2.50588921765855737E+07   5.55884532260667309E+07   1.91815758508897445E-07   4.06467514479381434E-15   1.93237181027268225E-18   1.07215019941319493E-04   3.15797252138926178E-05   1.12511450639152868E-12   1.17750065100299950E-08   3.07363146794071703E-25   2.49505172932892831E-12
  5.49779543284185171E-02   1.58679671299606750E-01   1.85021978846153360E+02   2.15219675368423603E+18   1.29430478464306745E-05   1.00000000000000000E+09   1.92623169287373136E-01   1.89020396769114220E-10   2.09253482376077438E+00   2.77924665289891188E-04   8.19226570380045624E-05   4.97228172549500342E-07   2.50588921765855737E+07   5.55884532260667309E+07   1.91815729154520592E-07   5.07571625725702754E-15   1.94733139916474193E-18   1.07215001644872046E-04   3.15796534056088723E-05   1.41189025211352088E-12   1.18035828187643973E-08   5.04953807534482235E-25   3.14677010468098276E-12
  4.33354500696895573E-02   1.58761221368462602E-01   1.85021978846153360E+02   1.69643298115988736E+18   1.02021403027825398E-05   1.00000000000000000E+09   1.92623169428769447E-01   2.51979191951827525E-10   2.09253482298001314E+00   2.77924664693237386E-04   8.19226568539101099E-05   4.97228171384975411E-07   2.50588921765855737E+07   5.55884532260667309E+07   1.91815691863132389E-07   6.35563682745201226E-15   1.96633597619409672E-18   1.07214978102793088E-04   3.15795621900197946E-05   1.77620852353231999E-12   1.18397831760585832E-08   8.26613285715796630E-25   3.97689017090152618E-12
  3.41667909144830612E-02   1.58842771414865830E-01   1.85021978846153360E+02   1.33751168787937971E+18   8.04363157602353453E-06   1.00000000000000000E+09   1.92623169606839340E-01   3.34510599375189229E-10   2.09253482199083019E+00   2.77924663936479394E-04   8.19226566204123456E-05   4.97228169907922322E-07   2.50588921765855737E+07   5.55884532260667309E+07   1.91815644500449387E-07   7.97532492140000909E-15   1.99047329010963492E-18   1.07214947790943975E-04   3.15794463543761663E-05   2.23892148797499591E-12   1.18856167709765583E-08   1.34805205794038636E-24   5.03400413574256363E-12
  2.69445570542374696E-02   1.58924321438424776E-01   1.85021978846153360E+02   1.05478621258219686E+18   6.34335517243438531E-06   1.00000000000000000E+09   1.92623169831144497E-01   4.42396427713620583E-10   2.09253482073789820E+00   2.77924662976891841E-04   8.19226563243265443E-05   4.97228168034929506E-07   2.50588921765855737E+07   5.55884532260667309E+07   1.91815584361437219E-07   1.00241923354680356E-14   2.02112198734471513E-18   1.07214908737627703E-04   3.15792992863374024E-05   2.82645782653108548E-12   1.19436134491916023E-08   2.19134835924609596E-24   6.37985421976046729E-12
  2.12541491541725878E-02   1.59005871440714791E-01   1.85021978846153360E+02   8.32026425331832320E+17   5.00370507710552479E-06   1.00000000000000000E+09   1.92623170113731285E-01   5.83102111419135536E-10   2.09253481915129225E+00   2.77924661760412829E-04   8.19226559489690708E-05   4.97228165660449668E-07   2.50588921765855737E+07   5.55884532260667309E+07   1.91815508018523436E-07   1.26149725854627627E-14   2.06002897596586177E-18   1.07214858392505168E-04   3.15791125924432732E-05   3.57230580199625152E-12   1.20169553292666758E-08   3.55559148185299306E-24   8.09285518320426242E-12
  1.67695748958171277E-02   1.59087421420947561E-01   1.85021978846153360E+02   6.56470854405478528E+17   3.94793536106907361E-06   1.00000000000000000E+09   1.92623170469766958E-01   7.66269205691219786E-10   2.09253481714264877E+00   2.77924660218649964E-04   8.19226554732333141E-05   4.97228162650953465E-07   2.50588921765855737E+07   5.55884532260667309E+07   1.91815411129669874E-07   1.58897501842311942E-14   2.10940724981745347E-18   1.07214793458403087E-04   3.15788756140530336E-05   4.51888854897094442E-12   1.21096403394331243E-08   5.77048596501137094E-24   1.02725465424491354E-11
  1.32344493042957818E-02   1.59168971377099261E-01   1.85021978846153360E+02   5.18082914823566464E+17   3.11568723071142438E-06   1.00000000000000000E+09   1.92623170918338249E-01   1.00433754701490546E-09   2.09253481460033930E+00   2.77924658265104837E-04   8.19226548704243466E-05   4.97228158837555550E-07   2.50588921765855737E+07   5.55884532260667309E+07   1.91815288195750148E-07   2.00275339394786638E-14   2.17205955357177818E-18   1.07214709676479943E-04   3.15785748222917841E-05   5.71993473432374817E-12   1.22266848146770110E-08   9.38779134618377598E-24   1.30452158527362768E-11
  1.04470825270715356E-02   1.59250521313375970E-01   1.85021978846153360E+02   4.08967146466059456E+17   2.45947835525575552E-06   1.00000000000000000E+09   1.92623171483452954E-01   1.31331863197226583E-09   2.09253481138338060E+00   2.77924655790405247E-04   8.19226541067870242E-05   4.97228154006705576E-07   2.50588921765855737E+07   5.55884532260667309E+07   1.91815132253917214E-07   2.52537657556260125E-14   2.25153467645552731E-18   1.07214601553214854E-04   3.15781930717066409E-05   7.24347470956630331E-12   1.23743736099133184E-08   1.53278536164633463E-23   1.65709968320826566E-11
  8.24877284251823890E-03   1.59332071225800342E-01   1.85021978846153360E+02   3.22910925850323840E+17   1.94194677748757986E-06   1.00000000000000000E+09   1.92623172195297204E-01   1.71375539530609958E-09   2.09253480731374575E+00   2.77924652656289938E-04   8.19226531396488573E-05   4.97228147888438261E-07   2.50588921765855737E+07   5.55884532260667309E+07   1.91814934490170555E-07   3.18522550419853191E-14   2.35232493534572781E-18   1.07214462015333266E-04   3.15777086778404093E-05   9.17562626352845613E-12   1.25605676085201988E-08   2.51037278985562049E-23   2.10528251712464944E-11
  6.51461371113016587E-03   1.59413621115370718E-01   1.85021978846153360E+02   2.55024593982641792E+17   1.53368668670123911E-06   1.00000000000000000E+09   1.92623173091806710E-01   2.23192936621147480E-09   2.09253480216670695E+00   2.77924648688022274E-04   8.19226519150778891E-05   4.97228140141558782E-07   2.50588921765855737E+07   5.55884532260667309E+07   1.91814683749946576E-07   4.01801521561820867E-14   2.48011564129618870E-18   1.07214281975878770E-04   3.15770942570666694E-05   1.16253768972518084E-11   1.27950799584428650E-08   4.11663770260154474E-23   2.67477353382425851E-11
  5.14627321691696858E-03   1.59495170984377099E-01   1.85021978846153360E+02   2.01458796463361120E+17   1.21154853668911218E-06   1.00000000000000000E+09   1.92623174220623999E-01   2.90140181082043943E-09   2.09253479565864042E+00   2.77924643664820151E-04   8.19226503649272833E-05   4.97228130334949603E-07   2.50588921765855737E+07   5.55884532260667309E+07   1.91814365920037235E-07   5.06867282032965979E-14   2.64210015626832518E-18   1.07214049790841501E-04   3.15763152406016659E-05   1.47306234624063942E-11   1.30901336956240521E-08   6.78027890059717043E-23   3.39811093472619393E-11
  4.06632132573558208E-03   1.59576720830512747E-01   1.85021978846153360E+02   1.59182415271522208E+17   9.57303554674907068E-07   1.00000000000000000E+09   1.92623175641528505E-01   3.76499221831263903E-09   2.09253478743168042E+00   2.77924637307789635E-04   8.19226484031094902E-05   4.97228117924005066E-07   2.50588921765855737E+07   5.55884532260667309E+07   1.91813963148195294E-07   6.39369202961297655E-14   2.84737768832021040E-18   1.07213750580551805E-04   3.15753279580398638E-05   1.86657978939078627E-11   1.34609143509194863E-08   1.58062277643546210E-22   4.31646501615682311E-11
  3.21377207783263416E-03   1.59658270654089773E-01   1.85021978846153360E+02   1.25808061021600416E+17   7.56594273104980803E-07   1.00000000000000000E+09   1.92623177429447234E-01   4.87730788854382576E-09   2.09253477703440671E+00   2.77924629264716700E-04   8.19226459208983440E-05   4.97228102220924467E-07   2.50588921765855737E+07   5.55884532260667309E+07   1.91813452858038179E-07   8.06408403781851160E-14   3.10745543146088913E-18   1.07213365382859743E-04   3.15740771773872968E-05   2.36514932248941133E-11   1.39262312640421025E-08   2.84078801913614706E-21   5.48190561875427011E-11
  2.54057965693216649E-03   1.59739820455158443E-01   1.85021978846153360E+02   9.94549061877200000E+16   5.98109625447624530E-07   1.00000000000000000E+09   1.92623179678175938E-01   6.30794494457571760E-09   2.09253476389751292E+00   2.77924619090896363E-04   8.19226427810073682E-05   4.97228082357269700E-07   2.50588921765855737E+07   5.55884532260667309E+07   1.91812806505808434E-07   1.01690743686612597E-13   3.43688226508525881E-18   1.07212870095382574E-04   3.15724929867813839E-05   2.99666116162291832E-11   1.45093000237149678E-08   7.21039258311393751E-20   6.96026290295328388E-11
  2.00888355563545425E-03   1.59821370233506843E-01   1.85021978846153360E+02   7.86408428575054080E+16   4.72936396124385307E-07   1.00000000000000000E+09   1.92623182504966850E-01   8.14548199510988285E-09   2.09253474730320832E+00   2.77924606224981975E-04   8.19226388101270894E-05   4.97228057236790184E-07   2.50588921765855737E+07   5.55884532260667309E+07   1.91811988011135287E-07   1.28207324653495472E-13   3.85404824886930078E-18   1.07212234151353678E-04   3.15704869105969631E-05   3.79636914337425153E-11   1.52386548365876584E-08   1.07657131428805258E-18   8.83473664851239958E-11
  1.58884216304313935E-03   1.59902919990003611E-01   1.85021978846153360E+02   6.21976751806954480E+16   3.74049198276329934E-07   1.00000000000000000E+09   1.92623186056161994E-01   1.05023854208068523E-08   2.09253472634670867E+00   2.77924589958561093E-04   8.19226337895218336E-05   4.97228025475996830E-07   2.50588921765855737E+07   5.55884532260667309E+07   1.91810951773331502E-07   1.61597671616728335E-13   4.38219256924891453E-18   1.07211418857378415E-04   3.15679471676894656E-05   4.80882405715350069E-11   1.61491925304542074E-08   9.98366243972078946E-18   1.12104487729915964E-10
  1.25692867615406984E-03   1.59984469725120121E-01   1.85021978846153360E+02   4.92044101945258640E+16   2.95909292953025760E-07   1.00000000000000000E+09   1.92623190514082221E-01   1.35209036183452511E-08   2.09253469988779761E+00   2.77924569397838426E-04   8.19226274431832314E-05   4.97227985329314931E-07   2.50588921765855737E+07   5.55884532260667309E+07   1.91809640154033854E-07   2.03627786557962928E-13   5.05067067274512943E-18   1.07210375300951109E-04   3.15647330386116138E-05   6.09031171301721857E-11   1.72833378861097881E-08   6.27172119533758658E-17   1.42201793701756126E-10
  9.94590347730082633E-04   1.60066019436333723E-01   1.85021978846153360E+02   3.89347720150418720E+16   2.34148945883365658E-07   1.00000000000000000E+09   1.92623196105427080E-01   1.73798573761176827E-08   2.09253466648992559E+00   2.77924543415392902E-04   8.19226194229087234E-05   4.97227934594851740E-07   2.50588921765855737E+07   5.55884532260667309E+07   1.91807980270442003E-07   2.56513277227063445E-13   5.89653314092044834E-18   1.07209041709464803E-04   3.15606685024089089E-05   7.71192672621310912E-11   1.86923015769496723E-08   2.87745416305852120E-16   1.80315687136764364E-10
  7.87193346640777331E-04   1.60147569126331102E-01   1.85021978846153360E+02   3.08158967691231160E+16   1.85323023852567886E-07   1.00000000000000000E+09   1.92623203111475377E-01   2.23020475734192512E-08   2.09253462434362314E+00   2.77924510589446134E-04   8.19226092895087720E-05   4.97227870495765911E-07   2.50588921765855737E+07   5.55884532260667309E+07   1.91805879917562471E-07   3.23032670404632052E-13   6.96645664317817988E-18   1.07207340108251301E-04   3.15555355307106704E-05   9.76344672116034280E-11   2.04373762289467393E-08   1.02695679150340975E-15   2.28560888609293671E-10
  6.23192187643401637E-04   1.60229118792671377E-01   1.85021978846153360E+02   2.43958186431504480E+16   1.46713459778586884E-07   1.00000000000000000E+09   1.92623211880324635E-01   2.85622308920492992E-08   2.09253457117025876E+00   2.77924469127430510E-04   8.19225964891416824E-05   4.97227789530970318E-07   2.50588921765855737E+07   5.55884532260667309E+07   1.91803222424146453E-07   4.06668819670325671E-13   8.31904241103852431E-18   1.07205172079704748E-04   3.15490672816271545E-05   1.23582139399285977E-10   2.25911831601870385E-08   3.00250134647741137E-15   2.89600835964870626E-10
  4.93475776829997411E-04   1.60310668438318399E-01   1.85021978846153360E+02   1.93178698241658960E+16   1.16175297091556068E-07   1.00000000000000000E+09   1.92623222841232344E-01   3.64963760345701199E-08   2.09253450410108899E+00   2.77924416769816498E-04   8.19225803235167186E-05   4.97227687287279311E-07   2.50588921765855737E+07   5.55884532260667309E+07   1.91799860213223106E-07   5.11785184741414890E-13   1.00274752487667856E-17   1.07202413365798467E-04   3.15409408239613869E-05   1.56392842012812396E-10   2.52387429382834881E-08   7.49737186923496057E-15   3.66781731389805862E-10
  3.90852392424603844E-04   1.60392218060337238E-01   1.85021978846153360E+02   1.53005192794365480E+16   9.20154426215226763E-08   1.00000000000000000E+09   1.92623236520949370E-01   4.65135376686571294E-08   2.09253441952530084E+00   2.77924350669123490E-04   8.19225599123786475E-05   4.97227558203089803E-07   2.50588921765855737E+07   5.55884532260667309E+07   1.91795606754210662E-07   6.43845451835563990E-13   1.21825298309942352E-17   1.07198906981470613E-04   3.15307686149057827E-05   1.97871693081137551E-10   2.84781968639854695E-08   1.65321744350586571E-14   4.64293682926021199E-10
  3.09643985948739227E-04   1.60473767659489619E-01   1.85021978846153360E+02   1.21214910503181260E+16   7.28971559613520482E-08   1.00000000000000000E+09   1.92623253561877011E-01   5.91113273050729721E-08   2.09253431289917646E+00   2.77924267237749810E-04   8.19225341462801235E-05   4.97227395271165991E-07   2.50588921765855737E+07   5.55884532260667309E+07   1.91790226471736310E-07   8.09687099228577741E-13   1.48959149911986648E-17   1.07194454420338127E-04   3.15180885850093151E-05   2.50295810343336670E-10   3.24209531612362200E-08   3.30610032448408820E-14   5.87363653440625655E-10
  2.45366522127720462E-04   1.60555317236274836E-01   1.85021978846153360E+02   9.60525066523081400E+15   5.77647942858654226E-08   1.00000000000000000E+09   1.92623274741932665E-01   7.48944649808416382E-08   2.09253417850642975E+00   2.77924161956606957E-04   8.19225016271280253E-05   4.97227189664902474E-07   2.50588921765855737E+07   5.55884532260667309E+07   1.91783422068219094E-07   1.01786208924966033E-12   1.83039377006283589E-17   1.07188804446472981E-04   3.15023544880187637E-05   3.16536850976448718E-10   3.71909744551899839E-08   6.12286920492305405E-14   7.42486825378552805E-10
  1.94478050419698897E-04   1.60636866790929145E-01   1.85021978846153360E+02   7.61314301139358500E+15   4.57845027196168145E-08   1.00000000000000000E+09   1.92623300996023122E-01   9.45941040700970982E-08   2.09253400915735099E+00   2.77924029134520999E-04   8.19224605933461570E-05   4.97226930268466610E-07   2.50588921765855737E+07   5.55884532260667309E+07   1.91774818662078284E-07   1.27906096273236198E-12   2.25714318428661520E-17   1.07181638878330965E-04   3.14829303003690420E-05   4.00214934671035097E-10   4.29228787252853688E-08   1.06696422636427712E-13   9.37705082641321145E-10
  1.54180109203115617E-04   1.60718416323422736E-01   1.85021978846153360E+02   6.03561799566818600E+15   3.62974604129540242E-08   1.00000000000000000E+09   1.92623333438973393E-01   1.19084460737215242E-07   2.09253379581121024E+00   2.77923861605771283E-04   8.19224088256778664E-05   4.97226603086208497E-07   2.50588921765855737E+07   5.55884532260667309E+07   1.91763944116643773E-07   1.60664050772995657E-12   2.78958486329848503E-17   1.07172554664068293E-04   3.14590939735467294E-05   5.05891640434545028E-10   4.97585340328077428E-08   1.76984264090764275E-13   1.18294331602562934E-09
  1.22261134785591488E-04   1.60799965833459457E-01   1.85021978846153360E+02   4.78610054887558700E+15   2.87830154984533182E-08   1.00000000000000000E+09   1.92623373390090419E-01   1.49392436443753929E-07   2.09253352710242080E+00   2.77923650349915592E-04   8.19223435286324400E-05   4.97226190500444121E-07   2.50588921765855737E+07   5.55884532260667309E+07   1.91750204884976111E-07   2.01728027760096141E-12   3.45113783202271771E-17   1.07161041409652101E-04   3.14300569305431542E-05   6.39311438126780166E-10   5.78419535540267255E-08   2.81759197262045042E-13   1.49041627149721308E-09
  9.69729613490966888E-05   1.60881515320475288E-01   1.85021978846153360E+02   3.79615602581254400E+15   2.28296103984179656E-08   1.00000000000000000E+09   1.92623422400901106E-01   1.86695784687828053E-07   2.09253318874614580E+00   2.77923384013992929E-04   8.19222611813035195E-05   4.97225670338839360E-07   2.50588921765855737E+07   5.55884532260667309E+07   1.91732856619919824E-07   2.53179985459005399E-12   4.26929820848861962E-17   1.07146453356998732E-04   3.13950056412632135E-05   8.07703052519239098E-10   6.73126136205635623E-08   4.33029801022034466E-13   1.87512095372435706E-09
  7.69333958048106967E-05   1.60963064783638199E-01   1.85021978846153360E+02   3.01167634779438550E+15   1.81118457527344208E-08   1.00000000000000000E+09   1.92623482289916187E-01   2.32309840953932074E-07   2.09253276279279010E+00   2.77923048312082486E-04   8.19221573496878237E-05   4.97225014702720323E-07   2.50588921765855737E+07   5.55884532260667309E+07   1.91710968748120892E-07   3.17617707271041640E-12   5.27602456313793750E-17   1.07127974562658065E-04   3.13531663293012533E-05   1.02015521884678277E-09   7.82978325456150853E-08   6.45254586516142196E-13   2.35543233395496128E-09
  6.10493439933939956E-05   1.61044614224527788E-01   1.85021978846153360E+02   2.38987065928748450E+15   1.43723825956448585E-08   1.00000000000000000E+09   1.92623555190613915E-01   2.87674077197399493E-07   2.09253222669321648E+00   2.77922625270778079E-04   8.19220264506423688E-05   4.97224188495195737E-07   2.50588921765855737E+07   5.55884532260667309E+07   1.91683382252297173E-07   3.98281761448297934E-12   6.50809987547051802E-17   1.07104575594812356E-04   3.13038815238680159E-05   1.28808527394102910E-09   9.09054125972521340E-08   9.35382810891246806E-13   2.95382333125086478E-09
  4.84561386093206544E-05   1.61126163642488857E-01   1.85021978846153360E+02   1.89689022600003275E+15   1.14076587827860049E-08   1.00000000000000000E+09   1.92623643620591645E-01   3.54360740850003693E-07   2.09253155212690389E+00   2.77922092281041478E-04   8.19218614551133427E-05   4.97223147572371697E-07   2.50588921765855737E+07   5.55884532260667309E+07   1.91648660137226784E-07   4.99213874426069442E-12   8.00746710181020081E-17   1.07074959454387953E-04   3.12466754528620912E-05   1.62582371916390766E-09   1.05218066108853578E-07   1.32279035438396583E-12   3.69773372727262306E-09
  3.84696428505308579E-05   1.61207713036950417E-01   1.85021978846153360E+02   1.50595345843029175E+15   9.05661311160680849E-09   1.00000000000000000E+09   1.92623750581037367E-01   4.34128324600092871E-07   2.09253070353329207E+00   2.77921420906715390E-04   8.19216535151327466E-05   4.97221836421287709E-07   2.50588921765855737E+07   5.55884532260667309E+07   1.91605030573325160E-07   6.25454479026737279E-12   9.82154040683953530E-17   1.07037493787039102E-04   3.11812849496116072E-05   2.05134276781647335E-09   1.21290961328268560E-07   1.82893747317030419E-12   4.62061670782526001E-09
  3.05484306467688349E-05   1.61289262407283474E-01   1.85021978846153360E+02   1.19586539861740900E+15   7.19178169562577284E-09   1.00000000000000000E+09   1.92623879695985850E-01   5.29031461337009977E-07   2.09252963627157351E+00   2.77920575387104738E-04   8.19213914951140003E-05   4.97220185243513539E-07   2.50588921765855737E+07   5.55884532260667309E+07   1.91550323520507859E-07   7.83288963986568157E-12   1.20035098986660805E-16   1.06990126079412498E-04   3.11076448535460890E-05   2.58716173916779166E-09   1.39152995087206526E-07   2.47645833815863770E-12   5.76319573607240310E-09
  2.42639164587370424E-05   1.61370811755889076E-01   1.85021978846153360E+02   9.49848405093641000E+14   5.71226584712779780E-09   1.00000000000000000E+09   1.92624035399533655E-01   6.41583459544890954E-07   2.09252829431547482E+00   2.77919510754826298E-04   8.19210613829821429E-05   4.97218106292259097E-07   2.50588921765855737E+07   5.55884532260667309E+07   1.91481902403327664E-07   9.80554035805140009E-12   1.46126928932183463E-16   1.06930279779408674E-04   3.10258330407898276E-05   3.26146632726675030E-09   1.58811327967080465E-07   3.28773653638461672E-12   7.17496728542013361E-09
  1.92767581043750081E-05   1.61452361079917006E-01   1.85021978846153360E+02   7.54618405151299875E+14   4.53817677209374925E-09   1.00000000000000000E+09   1.92624223176131315E-01   7.74950487297488407E-07   2.09252660736623941E+00   2.77918170469668158E-04   8.19206455503590877E-05   4.97215489271723772E-07   2.50588921765855737E+07   5.55884532260667309E+07   1.91396592777100430E-07   1.22701634528520984E-11   1.77150234001118522E-16   1.06854737671817541E-04   3.09359916618762870E-05   4.10947851667078475E-09   1.80257626131996604E-07   4.28447767192673908E-12   8.91598111031981846E-09
  1.53182108185792225E-05   1.61533910379634271E-01   1.85021978846153360E+02   5.99654970773542125E+14   3.60624589719941291E-09   1.00000000000000000E+09   1.92624449855044844E-01   9.33128974669270354E-07   2.09252448723783768E+00   2.77916483443493422E-04   8.19201218230694020E-05   4.97212195558129343E-07   2.50588921765855737E+07   5.55884532260667309E+07   1.91290611471400762E-07   1.53483056170035327E-11   2.13837335332195319E-16   1.06759543214491820E-04   3.08382462943758431E-05   5.17509851632223637E-09   2.03473678138603981E-07   5.49147313101309577E-12   1.10589015927610050E-08
  1.21753901921301741E-05   1.61615459654982446E-01   1.85021978846153360E+02   4.76624413666051688E+14   2.86635543501841474E-09   1.00000000000000000E+09   1.92624723958123689E-01   1.12102507957653400E-06   2.09252182333196401E+00   2.77914360299088940E-04   8.19194623132490300E-05   4.97208050939814564E-07   2.50588921765855737E+07   5.55884532260667309E+07   1.91159506295560481E-07   1.91906411791384813E-11   2.57000622854004212E-16   1.06639983172903611E-04   3.07326450647230014E-05   6.51279038038300762E-09   2.28433975286213367E-07   6.94619007774853251E-12   1.36912752444918928E-08
  9.67962180458000702E-06   1.61697008905568013E-01   1.85021978846153360E+02   3.78923713680990625E+14   2.27879562622817573E-09   1.00000000000000000E+09   1.92625056105580478E-01   1.34435740675169395E-06   2.09251847697505688E+00   2.77911688666102215E-04   8.19186319519120214E-05   4.97202836495733440E-07   2.50588921765855737E+07   5.55884532260667309E+07   1.90998128018023923E-07   2.39823213769267790E-11   3.07534876553941352E-16   1.06490716771838299E-04   3.06191335839438802E-05   8.18957951073254686E-09   2.55103791346181560E-07   8.70992807294786459E-12   1.69178019457331628E-08
  7.69722887696910385E-06   1.61778558130657668E-01   1.85021978846153360E+02   3.01319887284609250E+14   1.81209594605116934E-09   1.00000000000000000E+09   1.92625459499805834E-01   1.60937025921660200E-06   2.09251427433274495E+00   2.77908327268211767E-04   8.19175866453906944E-05   4.97196277133586122E-07   2.50588921765855737E+07   5.55884532260667309E+07   1.90800664723457631E-07   2.99472380478397702E-11   3.66408200492982895E-16   1.06306061289499431E-04   3.04975676972541379E-05   1.02868733155502948E-08   2.83433065608735837E-07   1.08720687901074424E-11   2.08622871477510149E-08
  6.12224604330564153E-06   1.61860107329174691E-01   1.85021978846153360E+02   2.39664756912347375E+14   1.44130976182863849E-09   1.00000000000000000E+09   1.92625950525997264E-01   1.92243290669431603E-06   2.09250899754657693E+00   2.77904098495378833E-04   8.19162709598654455E-05   4.97188027185912254E-07   2.50588921765855737E+07   5.55884532260667309E+07   1.90560764435016427E-07   3.73494953244848192E-11   4.34637787958020680E-16   1.06080368372855319E-04   3.03677514475684046E-05   1.29016460007313434E-08   3.13348069179925435E-07   1.35428602027435198E-11   2.56689082298013921E-08
  4.87065517878867539E-06   1.61941656501032122E-01   1.85021978846153360E+02   1.90669303580940281E+14   1.14665731662955757E-09   1.00000000000000000E+09   1.92626549521194845E-01   2.28963924043666931E-06   2.09250237364973612E+00   2.77898779080320711E-04   8.19146152142028665E-05   4.97177652308771476E-07   2.50588921765855737E+07   5.55884532260667309E+07   1.90271753886231993E-07   4.64903645996918587E-11   5.13252758872521442E-16   1.05808392409188708E-04   3.02294818219277552E-05   1.61464183439511934E-08   3.44743518774720638E-07   1.68393891930204048E-11   3.15024739135289065E-08
  3.87582426885678374E-06   1.62023205646688179E-01   1.85021978846153360E+02   1.51725114387756438E+14   9.12451935676876957E-10   1.00000000000000000E+09   1.92627281767736219E-01   2.71649212336944916E-06   2.09249406070870281E+00   2.77892088405324146E-04   8.19125318312669166E-05   4.97164606735933054E-07   2.50588921765855737E+07   5.55884532260667309E+07   1.89926937658050805E-07   5.76996636267937935E-11   6.03251321828412389E-16   1.05485579243440130E-04   3.00825865262053176E-05   2.01474800104159799E-08   3.77477350561814016E-07   2.08746564138389685E-11   3.85474420942959789E-08
  3.08489738979576294E-06   1.62104754761420417E-01   1.85021978846153360E+02   1.20763062737958359E+14   7.26250146001202843E-10   1.00000000000000000E+09   1.92628178768383534E-01   3.20769703808219847E-06   2.09248363050103370E+00   2.77883673849313787E-04   8.19099107602885612E-05   4.97148204702688499E-07   2.50588921765855737E+07   5.55884532260667309E+07   1.89519943685622770E-07   7.13216489897928959E-11   7.05560520385997703E-16   1.05108255806736684E-04   2.99269499998260667E-05   2.50409676441750862E-08   4.11369301329329496E-07   2.57566469323452919E-11   4.70055333023235133E-08
  2.45593680392542442E-06   1.62186303849207514E-01   1.85021978846153360E+02   9.61414312560141875E+13   5.78178861030536712E-10   1.00000000000000000E+09   1.92629279865223685E-01   3.76704596442873036E-06   2.09247054686917755E+00   2.77873092439772404E-04   8.19066137360419122E-05   4.97127584556252124E-07   2.50588921765855737E+07   5.55884532260667309E+07   1.89045074387519334E-07   8.76967198630845464E-11   8.21004314017191765E-16   1.04673739020523358E-04   2.97625295156947471E-05   3.09667032875390684E-08   4.46203386250723830E-07   3.15973878061652264E-11   5.70918238145433830E-08
  1.95565994648404835E-06   1.62267852903820869E-01   1.85021978846153360E+02   7.65573226495553594E+13   4.60402616274213933E-10   1.00000000000000000E+09   1.92630634276139606E-01   4.39736100765976258E-06   2.09245413867831331E+00   2.77859787892267363E-04   8.19024670823688384E-05   4.97101663700240624E-07   2.50588921765855737E+07   5.55884532260667309E+07   1.88497625609730143E-07   1.07141117177552337E-10   9.50282187450640906E-16   1.04180392024523895E-04   2.95893652564850519E-05   3.80600650777296681E-08   4.81733650244838439E-07   3.85275690155994056E-11   6.90292582135781782E-08
  1.55764705708013339E-06   1.62349401926544873E-01   1.85021978846153360E+02   6.09764946801741094E+13   3.66701605453078254E-10   1.00000000000000000E+09   1.92632303641282726E-01   5.10047838761671301E-06   2.09243356604261210E+00   2.77843061892779750E-04   8.18972526953938579E-05   4.97069082061995872E-07   2.50588921765855737E+07   5.55884532260667309E+07   1.87874143091512640E-07   1.29927149864309040E-10   1.09395779167909629E-15   1.03627646358421513E-04   2.94075870984051476E-05   4.64425381508921823E-08   5.17692235176298506E-07   4.67123497905307777E-11   8.30416239391767835E-08
  1.24092124512239937E-06   1.62430950915512018E-01   1.85021978846153360E+02   4.85777746362912578E+13   2.92137396025968878E-10   1.00000000000000000E+09   1.92634365196742346E-01   5.87727014951379035E-06   2.09240777815675205E+00   2.77822038193647298E-04   8.18906967523554678E-05   4.97028131202990964E-07   2.50588921765855737E+07   5.55884532260667309E+07   1.87172594884300823E-07   1.56266252652958929E-10   1.25245571356923689E-15   1.03015995001170787E-04   2.92174187821671930E-05   5.62118928061491742E-08   5.53798727360964398E-07   5.63664750751146323E-11   9.93451845202619560E-08
  9.99999999999999955E-07   1.62508463749752086E-01   1.85021978846153360E+02   3.91465411904522109E+13   2.35419270632763188E-10   1.00000000000000000E+09   1.92636789489960519E-01   6.68562104288703650E-06   2.09237706015824143E+00   2.77796925372214587E-04   8.18828634632251550E-05   4.96979212691423195E-07   2.50588921765855737E+07   5.55884532260667309E+07   1.86431059399628278E-07   1.84810204996277547E-10   1.41747143933756675E-15   1.02380065714028395E-04   2.90289902692310540E-05   6.68776986637157621E-08   5.87989478254167984E-07   6.72049766433121672E-11   1.17209155081609779E-07
  9.88823341001562173E-07   1.62512499867139476E-01   1.85021978846153360E+02   3.87090136485982266E+13   2.32788043932353260E-10   1.00000000000000000E+09   1.92636915723662400E-01   6.72771212532313271E-06   2.09237546066250468E+00   2.77795617739791834E-04   8.18824555814237821E-05   4.96976665489310942E-07   2.50588921765855737E+07   5.55884532260667309E+07   1.86392447416304570E-07   1.86296497472705680E-10   1.42606385950250609E-15   1.02346952678256337E-04   2.90191787379563012E-05   6.74330704920622657E-08   5.89769801287389900E-07   6.77693407910240787E-11   1.18139337584898605E-07
  7.88120127715567587E-07   1.62594048778989170E-01   1.85021978846153360E+02   3.08521770426419258E+13   1.85538151341883763E-10   1.00000000000000000E+09   1.92640076459706461E-01   7.65100913028192896E-06   2.09233496997523982E+00   2.77762422603293859E-04   8.18720979915214776E-05   4.96911990871784348E-07   2.50588921765855737E+07   5.55884532260667309E+07   1.85534642836930516E-07   2.20075262550179535E-10   1.61493854783631984E-15   1.01622978930822658E-04   2.88132765007538625E-05   8.01307684327191658E-08   6.25328283307451963E-07   8.12821984790357038E-11   1.39596792194574813E-07
  6.28297381466368410E-07   1.62675597647712000E-01   1.85021978846153360E+02   2.45956693234264570E+13   1.47912432587388544E-10   1.00000000000000000E+09   1.92643999207987138E-01   8.64578429500512346E-06   2.09228425136882779E+00   2.77720725964484996E-04   8.18590831935396530E-05   4.96830725758974891E-07   2.50588921765855737E+07   5.55884532260667309E+07   1.84601485307023674E-07   2.57576846313735136E-10   1.81910892321142305E-15   1.00847363937163844E-04   2.86002041588010275E-05   9.42844071209109950E-08   6.60210899521711824E-07   9.73705359501914048E-11   1.63853799774619669E-07
  5.00999292378125592E-07   1.62757146468861941E-01   1.85021978846153360E+02   1.96123894354677031E+13   1.17943741262735791E-10   1.00000000000000000E+09   1.92648873938525839E-01   9.71033275761322405E-06   2.09222073684182996E+00   2.77668364717292620E-04   8.18427332392136428E-05   4.96728627161893114E-07   2.50588921765855737E+07   5.55884532260667309E+07   1.83596452636417699E-07   2.98694075567182894E-10   2.03847663043444282E-15   1.00024083505547383E-04   2.83805231526143544E-05   1.09825718440598405E-07   6.94174141411037628E-07   1.16635428467655550E-10   1.91000904142554110E-07
  3.99583854098549888E-07   1.62838695236661002E-01   1.85021978846153360E+02   1.56423258035085312E+13   9.40683989929938492E-11   1.00000000000000000E+09   1.92654938251324848E-01   1.08429340594154400E-05   2.09214121782849061E+00   2.77602630473291578E-04   8.18221986543513275E-05   4.96600373704301241E-07   2.50588921765855737E+07   5.55884532260667309E+07   1.82523955713899031E-07   3.43242485286404258E-10   2.27280578303299813E-15   9.91576352320481283E-05   2.81548475878757822E-05   1.26638727937211267E-07   7.26997876359736596E-07   1.39858750522307415E-10   2.21074510721421755E-07
  3.18770150334611899E-07   1.62920243945197524E-01   1.85021978846153360E+02   1.24787488203605293E+13   7.50431587952050097E-11   1.00000000000000000E+09   1.92662489161095268E-01   1.20422145429446951E-05   2.09204168663353274E+00   2.77520133767666932E-04   8.17964156417479762E-05   4.96439295183986939E-07   2.50588921765855737E+07   5.55884532260667309E+07   1.81389070736612091E-07   3.90965442289541998E-10   2.52169711774860247E-15   9.82528710488858457E-05   2.79238258098511522E-05   1.44561548302658394E-07   7.58486537565659397E-07   1.68068633375741313E-10   2.54049348179978718E-07
  2.54358479823464200E-07   1.63001792586743910E-01   1.85021978846153360E+02   9.95725470755005078E+12   5.98793162276682128E-11   1.00000000000000000E+09   1.92671897775434087E-01   1.33075519001414798E-05   2.09191713901045828E+00   2.77416635104393774E-04   8.17640528687678202E-05   4.96237036100749695E-07   2.50588921765855737E+07   5.55884532260667309E+07   1.80197268111855414E-07   4.41538592949338564E-10   2.78453889820270614E-15   9.73148417150619454E-05   2.76881221881710122E-05   1.63389243770420686E-07   7.88467935291010126E-07   2.02633109010872650E-10   2.89831654961294317E-07
  2.03008227059718460E-07   1.63083341147396116E-01   1.85021978846153360E+02   7.94706992259394434E+12   4.77904151708400331E-11   1.00000000000000000E+09   1.92683627575831878E-01   1.46395189278200752E-05   2.09176132850983398E+00   2.77286835092051677E-04   8.17234454290664375E-05   4.95983137913214830E-07   2.50588921765855737E+07   5.55884532260667309E+07   1.78954157417597873E-07   4.94572158515903652E-10   3.06042584891050132E-15   9.63486663809707964E-05   2.74484008470123572E-05   1.82877100910492149E-07   8.16789924548030991E-07   2.45390237225557955E-10   3.28252715397822887E-07
  1.62061523931566758E-07   1.63164889617949865E-01   1.85021978846153360E+02   6.34414812197453516E+12   3.81507338013965417E-11   1.00000000000000000E+09   1.92698257180755061E-01   1.60403708360370004E-05   2.09156646102768828E+00   2.77124114297098707E-04   8.16725130737702373E-05   4.95664521755731605E-07   2.50588921765855737E+07   5.55884532260667309E+07   1.77665261344918133E-07   5.49609805005068950E-10   3.34803678593788310E-15   9.53594364817621985E-05   2.72053125964320103E-05   2.02743923437738836E-07   8.43315329717059401E-07   2.98818598270889851E-10   3.69062223557294384E-07
  1.29403230701662398E-07   1.63246437976950098E-01   1.85021978846153360E+02   5.06568890084021777E+12   3.04623209437532818E-11   1.00000000000000000E+09   1.92716508680399939E-01   1.75145864926565324E-05   2.09132281530569397E+00   2.76920211575267883E-04   8.16086592463455919E-05   4.95264849994923540E-07   2.50588921765855737E+07   5.55884532260667309E+07   1.76335825379851103E-07   6.06123026649680525E-10   3.64546307054472198E-15   9.43521599164726902E-05   2.69594858745390757E-05   2.22675382873536115E-07   8.67915654272809741E-07   3.66235890869722575E-10   4.11920867579730810E-07
  1.03349730495172108E-07   1.63327986208459064E-01   1.85021978846153360E+02   4.04578448185139014E+12   2.43288157606283222E-11   1.00000000000000000E+09   1.92739282893804320E-01   1.90694755896800442E-05   2.09101827188471345E+00   2.76664827561142260E-04   8.15286468381982749E-05   4.94763741459905521E-07   2.50588921765855737E+07   5.55884532260667309E+07   1.74970665990030599E-07   6.63500201798220234E-10   3.94998599345739280E-15   9.33317497647131696E-05   2.67115222713243619E-05   2.42327898179182169E-07   8.90464185239364610E-07   4.51976800239720548E-10   4.56391492994298875E-07
  8.25605878528647472E-08   1.63409534282634994E-01   1.85021978846153360E+02   3.23196145309011816E+12   1.94346501547721943E-11   1.00000000000000000E+09   1.92767703224309805E-01   2.07158577535845846E-05   2.09063772909749668E+00   2.76345137780882892E-04   8.14284459347408823E-05   4.94135811654238773E-07   2.50588921765855737E+07   5.55884532260667309E+07   1.73574058681437915E-07   7.21029788085508604E-10   4.25781458229665692E-15   9.23030606201231930E-05   2.64619970484143638E-05   2.61333859052612757E-07   9.10829122557073560E-07   5.61440353322863604E-10   5.01928229825399650E-07
  6.59683544917046368E-08   1.63491082166991569E-01   1.85021978846153360E+02   2.58243290637586914E+12   1.55285234315007318E-11   1.00000000000000000E+09   1.92803170200565366E-01   2.24687929273429249E-05   2.09016238000922749E+00   2.75945197668743341E-04   8.13030481942630105E-05   4.93349506053648964E-07   2.50588921765855737E+07   5.55884532260667309E+07   1.72149667693155145E-07   7.77877701377224698E-10   4.56381743943224314E-15   9.12709733120153064E-05   2.62114647821628845E-05   2.79309117205337096E-07   9.28867300092938233E-07   7.00823723414437986E-10   5.47863082831361561E-07
  5.27227817828153773E-08   1.63572629821003346E-01   1.85021978846153360E+02   2.06391454873620581E+12   1.24102686295555468E-11   1.00000000000000000E+09   1.92847429312645119E-01   2.43482761533048417E-05   2.08956881869440947E+00   2.75445219913438293E-04   8.11462419822834256E-05   4.92365692110369026E-07   2.50588921765855737E+07   5.55884532260667309E+07   1.70700520178887952E-07   8.33060039958781888E-10   4.86130986181359924E-15   9.02405253380751280E-05   2.59604698767161548E-05   2.95863454162237659E-07   9.44418898017285569E-07   8.76311574845241468E-10   5.93389695311614210E-07
  4.21464730441492308E-08   1.63654177193773703E-01   1.85021978846153360E+02   1.64988864305507178E+12   9.92041204652998551E-12   1.00000000000000000E+09   1.92902655399894513E-01   2.63797062622143943E-05   2.08882793782663700E+00   2.74820703536473709E-04   8.09503421183906265E-05   4.91135974391569775E-07   2.50588921765855737E+07   5.55884532260667309E+07   1.69229028426710432E-07   8.85414249231046240E-10   5.14198083385835718E-15   8.92170812783761835E-05   2.57095615197825087E-05   3.10614194811349216E-07   9.57303276100699884E-07   1.09252482619477818E-09   6.37544271648134376E-07
  3.36996218078086239E-08   1.63735724221612061E-01   1.85021978846153360E+02   1.31922363320204199E+12   7.93187181290489163E-12   1.00000000000000000E+09   1.92971557664619181E-01   2.85937480645669651E-05   2.08790357227524437E+00   2.74041394705051020E-04   8.07058683159770843E-05   4.89600698368161210E-07   2.50588921765855737E+07   5.55884532260667309E+07   1.67737063165001573E-07   9.33574677373511796E-10   5.39604863217453851E-15   8.82065358098850153E-05   2.54593129522944684E-05   3.23202386353256370E-07   9.67315710697395747E-07   1.35019321947683715E-09   6.79183928106544283E-07
  2.69519681798885181E-08   1.63817270825059591E-01   1.85021978846153360E+02   1.05507633251776318E+12   6.34335577422766628E-12   1.00000000000000000E+09   1.93057510569287910E-01   3.10246355587014651E-05   2.08675083539244177E+00   2.73070062703634100E-04   8.04011674749429220E-05   4.87686613690953406E-07   2.50588921765855737E+07   5.55884532260667309E+07   1.66226079310272342E-07   9.75961908795360989E-10   5.61270569504279140E-15   8.72155410706710530E-05   2.52103456904814529E-05   3.33310180931133713E-07   9.74224444645430713E-07   1.64328068185823402E-09   7.16962997493418293E-07
  2.15604907026044593E-08   1.63898816905297590E-01   1.85021978846153360E+02   8.44018637375867432E+11   5.07410964888348942E-12   1.00000000000000000E+09   1.93164717974476680E-01   3.37041209801722044E-05   2.08531408626821158E+00   2.71861082445211063E-04   8.00219774820564497E-05   4.85304181028215896E-07   2.50588921765855737E+07   5.55884532260667309E+07   1.64697294180546519E-07   1.01079818091597434E-09   5.78085143906887177E-15   8.62517491257449686E-05   2.49633605205366975E-05   3.40677429010355926E-07   9.77767127858960925E-07   1.95605114890746113E-09   7.49308083135227816E-07
  1.72516566744004733E-08   1.63980362340913788E-01   1.85021978846153360E+02   6.75342688607958008E+11   4.05973836503459741E-12   1.00000000000000000E+09   1.93298422359988342E-01   3.66427327197140848E-05   2.08352445800154262E+00   2.70358829717317912E-04   7.95509349094401433E-05   4.82344533877755675E-07   2.50588921765855737E+07   5.55884532260667309E+07   1.63151920967435059E-07   1.03616126166164051E-09   5.89003071124496751E-15   8.53240623103150683E-05   2.47191793213911863E-05   3.45115191510325845E-07   9.77645560893567095E-07   2.26066322627735145E-09   7.74393272980933185E-07
  1.38072962360554969E-08   1.64061906985625477E-01   1.85021978846153360E+02   5.40507890833522278E+11   3.24888054707958685E-12   1.00000000000000000E+09   1.93465183173649857E-01   3.97718981103799659E-05   2.08129686959219340E+00   2.68495919924747973E-04   7.89670371503720575E-05   4.78676157245626086E-07   2.50588921765855737E+07   5.55884532260667309E+07   1.61591480420763724E-07   1.05008146270939003E-09   5.93142215733039299E-15   8.44429094045810204E-05   2.44788075819137957E-05   3.46514218684733386E-07   9.73517933803933811E-07   2.51572782934195839E-09   7.90118905406093994E-07
  1.10533577074087586E-08   1.64143450655383966E-01   1.85021978846153360E+02   4.32700722785879395E+11   2.60056147497179389E-12   1.00000000000000000E+09   1.93673322383447338E-01   4.26997872936370410E-05   2.07852643315742869E+00   2.66191357896637063E-04   7.82450824727604939E-05   4.74141429182299309E-07   2.50588921765855737E+07   5.55884532260667309E+07   1.60018351940697559E-07   1.05065861660693348E-09   5.89868817422544661E-15   8.36207563999336165E-05   2.42435517824855829E-05   3.44848641927208230E-07   9.64989435185541908E-07   2.66581995104738787E-09   7.94100146783883091E-07
