# lambda[A]  T_theo  T_instr  T_rot+instr  (H-beta 4861.35)
4.860000000000000000e+03 9.999999999814475071e-01 9.999999999812544393e-01 9.999999999812508866e-01
4.860013500000000022e+03 9.999999999810695872e-01 9.999999999810030848e-01 9.999999999810009754e-01
4.860026999999999134e+03 9.999999999806803430e-01 9.999999999806582496e-01 9.999999999806574724e-01
4.860040499999999156e+03 9.999999999802788864e-01 9.999999999802663408e-01 9.999999999802660078e-01
4.860054000000000087e+03 9.999999999798648842e-01 9.999999999798530048e-01 9.999999999798527828e-01
4.860067500000000109e+03 9.999999999794377814e-01 9.999999999794254579e-01 9.999999999794252359e-01
4.860081000000000131e+03 9.999999999789962457e-01 9.999999999789838112e-01 9.999999999789834781e-01
4.860094499999999243e+03 9.999999999785412763e-01 9.999999999785279536e-01 9.999999999785278426e-01
4.860108000000000175e+03 9.999999999780709858e-01 9.999999999780568860e-01 9.999999999780567750e-01
4.860121500000000196e+03 9.999999999775851522e-01 9.999999999775702753e-01 9.999999999775701642e-01
4.860134999999999309e+03 9.999999999770826653e-01 9.999999999770673442e-01 9.999999999770669001e-01
4.860148499999999331e+03 9.999999999765631920e-01 9.999999999765472047e-01 9.999999999765467606e-01
4.860162000000000262e+03 9.999999999760257330e-01 9.999999999760091907e-01 9.999999999760088576e-01
4.860175500000000284e+03 9.999999999754699553e-01 9.999999999754523028e-01 9.999999999754520807e-01
4.860189000000000306e+03 9.999999999748939716e-01 9.999999999748757640e-01 9.999999999748755419e-01
4.860202499999999418e+03 9.999999999742981149e-01 9.999999999742787971e-01 9.999999999742784640e-01
4.860215999999999440e+03 9.999999999736803868e-01 9.999999999736601808e-01 9.999999999736597367e-01
4.860229500000000371e+03 9.999999999730404543e-01 9.999999999730192490e-01 9.999999999730186939e-01
4.860242999999999483e+03 9.999999999723764299e-01 9.999999999723541144e-01 9.999999999723536703e-01
4.860256499999999505e+03 9.999999999716872034e-01 9.999999999716643329e-01 9.999999999716639998e-01
4.860269999999999527e+03 9.999999999709727749e-01 9.999999999709482390e-01 9.999999999709477949e-01
4.860283500000000458e+03 9.999999999702304798e-01 9.999999999702047226e-01 9.999999999702042786e-01
4.860297000000000480e+03 9.999999999694592079e-01 9.999999999694321184e-01 9.999999999694318964e-01
4.860310499999999593e+03 9.999999999686578489e-01 9.999999999686293162e-01 9.999999999686288721e-01
4.860323999999999614e+03 9.999999999678242935e-01 9.999999999677942064e-01 9.999999999677936513e-01
4.860337500000000546e+03 9.999999999669568762e-01 9.999999999669251238e-01 9.999999999669246797e-01
4.860350999999999658e+03 9.999999999660538208e-01 9.999999999660204031e-01 9.999999999660200700e-01
4.860364499999999680e+03 9.999999999651133509e-01 9.999999999650780458e-01 9.999999999650773796e-01
4.860377999999999702e+03 9.999999999641331350e-01 9.999999999640960535e-01 9.999999999640953874e-01
4.860391499999999724e+03 9.999999999631110636e-01 9.999999999630714287e-01 9.999999999630707626e-01
4.860405000000000655e+03 9.999999999620445834e-01 9.999999999620028390e-01 9.999999999620021729e-01
4.860418499999999767e+03 9.999999999609309187e-01 9.999999999608863988e-01 9.999999999608859547e-01
4.860431999999999789e+03 9.999999999597676270e-01 9.999999999597206646e-01 9.999999999597198874e-01
4.860445499999999811e+03 9.999999999585515997e-01 9.999999999585015287e-01 9.999999999585006405e-01
4.860458999999999833e+03 9.999999999572789511e-01 9.999999999572262155e-01 9.999999999572252163e-01
4.860472499999999854e+03 9.999999999559473496e-01 9.999999999558907282e-01 9.999999999558899511e-01
4.860485999999999876e+03 9.999999999545516882e-01 9.999999999544916252e-01 9.999999999544907370e-01
4.860499499999999898e+03 9.999999999530887473e-01 9.999999999530249095e-01 9.999999999530236883e-01
4.860513000000000829e+03 9.999999999515537530e-01 9.999999999514855853e-01 9.999999999514844751e-01
4.860526499999999942e+03 9.999999999499424863e-01 9.999999999498695447e-01 9.999999999498683234e-01
4.860539999999999964e+03 9.999999999482487301e-01 9.999999999481709034e-01 9.999999999481695712e-01
4.860553499999999985e+03 9.999999999464673772e-01 9.999999999463838884e-01 9.999999999463825562e-01
4.860566999999999098e+03 9.999999999445918775e-01 9.999999999445023935e-01 9.999999999445007282e-01
4.860580500000000029e+03 9.999999999426157915e-01 9.999999999425194241e-01 9.999999999425178698e-01
4.860594000000000051e+03 9.999999999405312368e-01 9.999999999404269868e-01 9.999999999404253215e-01
4.860607500000000073e+03 9.999999999383294425e-01 9.999999999382163107e-01 9.999999999382145344e-01
4.860621000000000095e+03 9.999999999360007497e-01 9.999999999358768488e-01 9.999999999358747393e-01
4.860634500000000116e+03 9.999999999335328349e-01 9.999999999333958334e-01 9.999999999333935019e-01
4.860648000000000138e+03 9.999999999309121534e-01 9.999999999307569443e-01 9.999999999307543908e-01
4.860661500000000160e+03 9.999999999281188323e-01 9.999999999279386431e-01 9.999999999279355345e-01
4.860674999999999272e+03 9.999999999251267813e-01 9.999999999249090665e-01 9.999999999249054028e-01
4.860688499999999294e+03 9.999999999218961433e-01 9.999999999216212521e-01 9.999999999216164781e-01
4.860702000000000226e+03 9.999999999183691868e-01 9.999999999180015919e-01 9.999999999179942645e-01
4.860715500000000247e+03 9.999999999144485452e-01 9.999999999139299600e-01 9.999999999139195239e-01
4.860729000000000269e+03 9.999999999099796755e-01 9.999999999092129555e-01 9.999999999091968572e-01
4.860742499999999382e+03 9.999999999047057830e-01 9.999999999035312781e-01 9.999999999035060760e-01
4.860756000000000313e+03 9.999999998982059823e-01 9.999999998963620129e-01 9.999999998963212677e-01
4.860769500000000335e+03 9.999999998897850517e-01 9.999999998868509543e-01 9.999999998867854512e-01
4.860782999999999447e+03 9.999999998783083432e-01 9.999999998736140983e-01 9.999999998735084050e-01
4.860796499999999469e+03 9.999999998619351071e-01 9.999999998544301105e-01 9.999999998542598023e-01
4.860810000000000400e+03 9.999999998377141486e-01 9.999999998257707023e-01 9.999999998254978095e-01
4.860823500000000422e+03 9.999999998009664326e-01 9.999999997820958608e-01 9.999999997816619857e-01
4.860837000000000444e+03 9.999999997443586031e-01 9.999999997148073527e-01 9.999999997141237884e-01
4.860850499999999556e+03 9.999999996565380744e-01 9.999999996107220568e-01 9.999999996096539112e-01
4.860863999999999578e+03 9.999999995201487302e-01 9.999999994498713907e-01 9.999999994482178245e-01
4.860877500000000509e+03 9.999999993089887518e-01 9.999999992023808071e-01 9.999999991998448357e-01
4.860890999999999622e+03 9.999999989839990500e-01 9.999999988241038418e-01 9.999999988202507017e-01
4.860904499999999643e+03 9.999999984876855041e-01 9.999999982506083684e-01 9.999999982448071201e-01
4.860917999999999665e+03 9.999999977364891768e-01 9.999999973890111304e-01 9.999999973803542774e-01
4.860931500000000597e+03 9.999999966104909932e-01 9.999999961070658028e-01 9.999999960942609345e-01
4.860945000000000618e+03 9.999999949397549992e-01 9.999999942188027013e-01 9.999999942000279418e-01
4.860958499999999731e+03 9.999999924865012879e-01 9.999999914659556399e-01 9.999999914386674682e-01
4.860971999999999753e+03 9.999999889222375149e-01 9.999999874943608091e-01 9.999999874550532519e-01
4.860985500000000684e+03 9.999999837989811402e-01 9.999999818245712824e-01 9.999999817684754877e-01
4.860998999999999796e+03 9.999999765138178898e-01 9.999999738160891827e-01 9.999999737368204800e-01
4.861012499999999818e+03 9.999999662663345834e-01 9.999999626249960194e-01 9.999999625141671178e-01
4.861025999999999840e+03 9.999999520090168126e-01 9.999999471553807640e-01 9.999999470022127301e-01
4.861039499999999862e+03 9.999999323916323180e-01 9.999999260059553308e-01 9.999999257969536259e-01
4.861053000000000793e+03 9.999999057019500759e-01 9.999998974145987152e-01 9.999998971333952102e-01
4.861066499999999905e+03 9.999998698070013958e-01 9.999998592053193081e-01 9.999998588328086191e-01
4.861079999999999927e+03 9.999998221012895705e-01 9.999998087440914452e-01 9.999998082590195736e-01
4.861093499999999949e+03 9.999997594707584758e-01 9.999997429118300252e-01 9.999997422919921775e-01
4.861106999999999061e+03 9.999996782832980546e-01 9.999996581035596188e-01 9.999996573277125655e-01
4.861120499999999993e+03 9.999995744171596979e-01 9.999995502605326658e-01 9.999995493109590239e-01
4.861134000000000015e+03 9.999994433356131918e-01 9.999994149313102820e-01 9.999994137966035090e-01
4.861147500000000036e+03 9.999992802038857320e-01 9.999992473247557578e-01 9.999992460015233453e-01
4.861161000000000968e+03 9.999990800061635543e-01 9.999990422280431446e-01 9.999990407183573238e-01
4.861174500000000080e+03 9.999988375105801630e-01 9.999987934365386355e-01 9.999987917337943566e-01
4.861188000000000102e+03 9.999985466394679667e-01 9.999984917953590458e-01 9.999984898412768164e-01
4.861201500000000124e+03 9.999981981096890404e-01 9.999981196159989372e-01 9.999981171862953877e-01
4.861214999999999236e+03 9.999977726790079124e-01 9.999976358617393979e-01 9.999976322811365836e-01
4.861228500000000167e+03 9.999972237561157717e-01 9.999969385260941701e-01 9.999969320417538832e-01
4.861242000000000189e+03 9.999964328341095499e-01 9.999957768748428677e-01 9.999957636024131569e-01
4.861255500000000211e+03 9.999950899619145517e-01 9.999935794672998313e-01 9.999935522709760827e-01
4.861269000000000233e+03 9.999923889460431425e-01 9.999891939809906205e-01 9.999891418425491674e-01
4.861282499999999345e+03 9.999864797135725736e-01 9.999805822021741175e-01 9.999804913727816658e-01
4.861296000000000276e+03 9.999743354780422644e-01 9.999646170977065651e-01 9.999644853989165805e-01
4.861309500000000298e+03 9.999524931597834065e-01 9.999380232403812796e-01 9.999379040537067498e-01
4.861322999999999411e+03 9.999104016257943650e-01 9.999018040956250131e-01 9.999018264226068320e-01
4.861336499999999432e+03 9.998433578132576161e-01 9.998672417585330319e-01 9.998674933054557679e-01
4.861350000000000364e+03 9.998106361823602128e-01 9.998525892800274040e-01 9.998529588544762259e-01
4.861363500000000386e+03 9.998433574715790417e-01 9.998672412521604214e-01 9.998674927991062500e-01
4.861377000000000407e+03 9.999104003205384616e-01 9.999018031430256803e-01 9.999018254703240238e-01
4.861390499999999520e+03 9.999524917197104568e-01 9.999380220197013891e-01 9.999379028332060493e-01
4.861404000000000451e+03 9.999743340273320458e-01 9.999646158485565595e-01 9.999644841493524616e-01
4.861417500000000473e+03 9.999864785373919762e-01 9.999805811172496339e-01 9.999804902867542866e-01
4.861430999999999585e+03 9.999923881699100958e-01 9.999891931496839304e-01 9.999891410095826938e-01
4.861444499999999607e+03 9.999950894662116285e-01 9.999935788755709432e-01 9.999935516775108058e-01
4.861457999999999629e+03 9.999964324826977613e-01 9.999957764517478642e-01 9.999957631780029832e-01
4.861471500000000560e+03 9.999972234680788441e-01 9.999969381982769523e-01 9.999969317131862656e-01
4.861485000000000582e+03 9.999977724148374492e-01 9.999976355794150118e-01 9.999976319984955619e-01
4.861498499999999694e+03 9.999981978527368032e-01 9.999981193531759516e-01 9.999981169234061218e-01
4.861511999999999716e+03 9.999985463854083045e-01 9.999984915417654552e-01 9.999984895877299662e-01
4.861525500000000648e+03 9.999988372613447529e-01 9.999987931904993355e-01 9.999987914878316619e-01
4.861538999999999760e+03 9.999990797661867381e-01 9.999990419918893814e-01 9.999990404822627355e-01
4.861552499999999782e+03 9.999992799779167107e-01 9.999992471021273976e-01 9.999992457789155242e-01
4.861565999999999804e+03 9.999994431276106877e-01 9.999994147256791033e-01 9.999994135909473503e-01
4.861579500000000735e+03 9.999995742298444235e-01 9.999995500744961463e-01 9.999995491248565571e-01
4.861593000000000757e+03 9.999996781180802152e-01 9.999996579386015716e-01 9.999996571626571518e-01
4.861606499999999869e+03 9.999997593278574515e-01 9.999997427683423590e-01 9.999997421483872717e-01
4.861619999999999891e+03 9.999998219799539623e-01 9.999998086215333704e-01 9.999998081363350444e-01
4.861633499999999913e+03 9.999998697057606023e-01 9.999998591024340522e-01 9.999998587297969088e-01
4.861646999999999935e+03 9.999999056188660917e-01 9.999998973296392313e-01 9.999998970483162664e-01
4.861660499999999956e+03 9.999999323245194471e-01 9.999999259368934634e-01 9.999999257277837339e-01
4.861673999999999978e+03 9.999999519556223015e-01 9.999999471000826645e-01 9.999999469468203728e-01
4.861687500000000000e+03 9.999999662244716259e-01 9.999999625813590365e-01 9.999999624704503098e-01
4.861701000000000931e+03 9.999999764814604397e-01 9.999999737821364532e-01 9.999999737028018032e-01
4.861714500000000044e+03 9.999999837743143161e-01 9.999999817985139039e-01 9.999999817423641524e-01
4.861728000000000065e+03 9.999999889036871314e-01 9.999999874746297035e-01 9.999999874352794027e-01
4.861741500000000087e+03 9.999999924727351885e-01 9.999999914512096577e-01 9.999999914238881793e-01
4.861754999999999200e+03 9.999999949296715096e-01 9.999999942079231818e-01 9.999999941891227762e-01
4.861768500000000131e+03 9.999999966031984933e-01 9.999999960991390324e-01 9.999999960863155124e-01
4.861782000000000153e+03 9.999999977312806765e-01 9.999999973833065825e-01 9.999999973746355186e-01
4.861795500000000175e+03 9.999999984840092226e-01 9.999999982465507253e-01 9.999999982407389298e-01
4.861809000000000196e+03 9.999999989814325474e-01 9.999999988212500135e-01 9.999999988173894350e-01
4.861822500000000218e+03 9.999999993072158366e-01 9.999999992003940630e-01 9.999999991978529845e-01
4.861836000000000240e+03 9.999999995189340352e-01 9.999999994485007093e-01 9.999999994468437015e-01
4.861849500000000262e+03 9.999999996557108473e-01 9.999999996097830302e-01 9.999999996087122200e-01
4.861862999999999374e+03 9.999999997437970523e-01 9.999999997141664210e-01 9.999999997134810803e-01
4.861876500000000306e+03 9.999999998005844049e-01 9.999999997816582109e-01 9.999999997812232255e-01
4.861890000000000327e+03 9.999999998374512478e-01 9.999999998254699429e-01 9.999999998251961619e-01
4.861903500000000349e+03 9.999999998617509211e-01 9.999999998542203894e-01 9.999999998540494150e-01
4.861917000000000371e+03 9.999999998781756716e-01 9.999999998734641071e-01 9.999999998733580808e-01
4.861930499999999483e+03 9.999999998896854647e-01 9.999999998867399320e-01 9.999999998866743178e-01
4.861944000000000415e+03 9.999999998981272675e-01 9.999999998962759706e-01 9.999999998962352254e-01
4.861957500000000437e+03 9.999999999046403909e-01 9.999999999034613340e-01 9.999999999034361320e-01
4.861970999999999549e+03 9.999999999099227210e-01 9.999999999091530034e-01 9.999999999091371272e-01
4.861984499999999571e+03 9.999999999143973639e-01 9.999999999138768914e-01 9.999999999138661222e-01
4.861998000000000502e+03 9.999999999183213362e-01 9.999999999179526311e-01 9.999999999179457477e-01
4.862011500000000524e+03 9.999999999218515123e-01 9.999999999215757329e-01 9.999999999215705149e-01
4.862025000000000546e+03 9.999999999250837046e-01 9.999999999248656568e-01 9.999999999248617710e-01
4.862038499999999658e+03 9.999999999280769769e-01 9.999999999278965657e-01 9.999999999278933460e-01
4.862052000000000589e+03 9.999999999308716303e-01 9.999999999307161991e-01 9.999999999307136456e-01
4.862065500000000611e+03 9.999999999334931999e-01 9.999999999333557543e-01 9.999999999333536449e-01
4.862078999999999724e+03 9.999999999359615588e-01 9.999999999358378799e-01 9.999999999358358815e-01
4.862092499999999745e+03 9.999999999382914728e-01 9.999999999381783411e-01 9.999999999381763427e-01
4.862105999999999767e+03 9.999999999404938222e-01 9.999999999403897943e-01 9.999999999403880180e-01
4.862119500000000698e+03 9.999999999425792652e-01 9.999999999424828978e-01 9.999999999424810104e-01
4.862133000000000720e+03 9.999999999445561283e-01 9.999999999444665333e-01 9.999999999444648680e-01
4.862146499999999833e+03 9.999999999464320721e-01 9.999999999463485834e-01 9.999999999463472511e-01
4.862159999999999854e+03 9.999999999482140911e-01 9.999999999481361534e-01 9.999999999481347102e-01
4.862173500000000786e+03 9.999999999499082914e-01 9.999999999498352388e-01 9.999999999498340175e-01
4.862186999999999898e+03 9.999999999515200022e-01 9.999999999514522786e-01 9.999999999514509463e-01
4.862200499999999920e+03 9.999999999530555517e-01 9.999999999529917138e-01 9.999999999529906036e-01
4.862213999999999942e+03 9.999999999545192697e-01 9.999999999544590956e-01 9.999999999544582074e-01
4.862227500000000873e+03 9.999999999559151531e-01 9.999999999558587538e-01 9.999999999558576436e-01
4.862241000000000895e+03 9.999999999572473097e-01 9.999999999571945741e-01 9.999999999571934639e-01
4.862254500000000007e+03 9.999999999585205135e-01 9.999999999584705535e-01 9.999999999584696653e-01
4.862268000000000029e+03 9.999999999597369849e-01 9.999999999596900224e-01 9.999999999596892453e-01
4.862281500000000051e+03 9.999999999609008317e-01 9.999999999608564227e-01 9.999999999608557566e-01
4.862295000000000073e+03 9.999999999620147184e-01 9.999999999619729740e-01 9.999999999619723079e-01
4.862308500000000095e+03 9.999999999630818648e-01 9.999999999630421188e-01 9.999999999630416747e-01
4.862322000000000116e+03 9.999999999641043802e-01 9.999999999640669657e-01 9.999999999640664106e-01
4.862335500000000138e+03 9.999999999650850402e-01 9.999999999650496241e-01 9.999999999650490690e-01
4.862349000000001070e+03 9.999999999660258432e-01 9.999999999659926475e-01 9.999999999659922034e-01
4.862362500000000182e+03 9.999999999669292317e-01 9.999999999668973683e-01 9.999999999668971462e-01
4.862376000000000204e+03 9.999999999677969820e-01 9.999999999677671170e-01 9.999999999677665619e-01
4.862389500000000226e+03 9.999999999686308705e-01 9.999999999686025598e-01 9.999999999686018937e-01
4.862402999999999338e+03 9.999999999694327846e-01 9.999999999694056951e-01 9.999999999694052510e-01
4.862416500000000269e+03 9.999999999702042786e-01 9.999999999701789655e-01 9.999999999701782993e-01
4.862430000000000291e+03 9.999999999709471288e-01 9.999999999709228149e-01 9.999999999709221488e-01
4.862443500000000313e+03 9.999999999716620014e-01 9.999999999716390198e-01 9.999999999716387977e-01
4.862457000000000335e+03 9.999999999723511168e-01 9.999999999723290234e-01 9.999999999723288013e-01
4.862470500000000357e+03 9.999999999730154743e-01 9.999999999729941580e-01 9.999999999729940470e-01
4.862484000000000378e+03 9.999999999736557399e-01 9.999999999736357559e-01 9.999999999736355338e-01
4.862497500000000400e+03 9.999999999742736900e-01 9.999999999742543721e-01 9.999999999742542611e-01
4.862510999999999513e+03 9.999999999748697688e-01 9.999999999748517832e-01 9.999999999748515611e-01
4.862524499999999534e+03 9.999999999754461966e-01 9.999999999754284330e-01 9.999999999754283220e-01
4.862538000000000466e+03 9.999999999760023073e-01 9.999999999759857650e-01 9.999999999759855429e-01
4.862551500000000487e+03 9.999999999765399883e-01 9.999999999765240011e-01 9.999999999765236680e-01
4.862565000000000509e+03 9.999999999770597947e-01 9.999999999770445847e-01 9.999999999770440295e-01
4.862578499999999622e+03 9.999999999775623927e-01 9.999999999775476267e-01 9.999999999775474047e-01
4.862592000000000553e+03 9.999999999780483373e-01 9.999999999780344595e-01 9.999999999780343485e-01
4.862605500000000575e+03 9.999999999785191829e-01 9.999999999785057492e-01 9.999999999785056382e-01
4.862618999999999687e+03 9.999999999789744853e-01 9.999999999789618288e-01 9.999999999789617178e-01
4.862632499999999709e+03 9.999999999794159100e-01 9.999999999794034755e-01 9.999999999794034755e-01
4.862646000000000640e+03 9.999999999798433459e-01 9.999999999798314665e-01 9.999999999798312444e-01
4.862659500000000662e+03 9.999999999802575701e-01 9.999999999802449135e-01 9.999999999802446915e-01
4.862673000000000684e+03 9.999999999806592488e-01 9.999999999806370443e-01 9.999999999806363782e-01
4.862686499999999796e+03 9.999999999810487150e-01 9.999999999809821016e-01 9.999999999809801032e-01
4.862699999999999818e+03 9.999999999814268570e-01 9.999999999812336782e-01 9.999999999812301255e-01
