# lambda[A]  T_theo  T_instr  T_rot+instr  (Ly-alpha 1215.67)
1.214099999999999909e+03 9.997469913277780007e-01 9.997462314480672907e-01 9.997462127982391644e-01
1.214114499999999907e+03 9.997437042839023569e-01 9.997436482773051081e-01 9.997436425551023964e-01
1.214129000000000133e+03 9.997403353982430296e-01 9.997403136564819714e-01 9.997403127393420519e-01
1.214143500000000131e+03 9.997368815989198243e-01 9.997368592967417200e-01 9.997368586048136496e-01
1.214157999999999902e+03 9.997333396776494352e-01 9.997333165275246181e-01 9.997333158107651885e-01
1.214172499999999900e+03 9.997297062830043934e-01 9.997296822466420485e-01 9.997296815019756089e-01
1.214187000000000126e+03 9.997259779132651181e-01 9.997259529507075415e-01 9.997259521767933865e-01
1.214201499999999896e+03 9.997221509088366487e-01 9.997221249780858798e-01 9.997221241735078090e-01
1.214215999999999894e+03 9.997182214441873160e-01 9.997181945010752413e-01 9.997181936643358968e-01
1.214230500000000120e+03 9.997141855192755999e-01 9.997141575173241757e-01 9.997141566468391582e-01
1.214245000000000118e+03 9.997100389504246509e-01 9.997100098406914714e-01 9.997100089347826790e-01
1.214259499999999889e+03 9.997057773605857456e-01 9.997057470914996191e-01 9.997057461483883634e-01
1.214273999999999887e+03 9.997013961689525940e-01 9.997013646861321323e-01 9.997013637039328104e-01
1.214288500000000113e+03 9.996968905798612193e-01 9.996968578259197713e-01 9.996968568026307622e-01
1.214302999999999884e+03 9.996922555709143454e-01 9.996922214852456134e-01 9.996922204187419503e-01
1.214317499999999882e+03 9.996874858802645702e-01 9.996874503988106841e-01 9.996874492868343953e-01
1.214332000000000107e+03 9.996825759929778288e-01 9.996825390479755491e-01 9.996825378881253332e-01
1.214346500000000106e+03 9.996775201263968791e-01 9.996774816461027058e-01 9.996774804358230515e-01
1.214360999999999876e+03 9.996723122144145490e-01 9.996722721228012976e-01 9.996722708593691609e-01
1.214375500000000102e+03 9.996669458905521610e-01 9.996669041069820016e-01 9.996669027874968139e-01
1.214390000000000100e+03 9.996614144697468785e-01 9.996613709086094035e-01 9.996613695299754188e-01
1.214404500000000098e+03 9.996557109287071974e-01 9.996556654990294000e-01 9.996556640579418174e-01
1.214418999999999869e+03 9.996498278847276708e-01 9.996497804897424011e-01 9.996497789826693792e-01
1.214433500000000095e+03 9.996437575728004399e-01 9.996437081094766697e-01 9.996437065326412297e-01
1.214448000000000093e+03 9.996374918208712490e-01 9.996374401793995945e-01 9.996374385287585262e-01
1.214462499999999864e+03 9.996310220230623100e-01 9.996309680862903724e-01 9.996309663575123627e-01
1.214477000000000089e+03 9.996243391106648390e-01 9.996242827534789210e-01 9.996242809419187969e-01
1.214491500000000087e+03 9.996174335206914341e-01 9.996173746093363066e-01 9.996173727100080564e-01
1.214506000000000085e+03 9.996102951617391597e-01 9.996102335530733241e-01 9.996102315606203437e-01
1.214520499999999856e+03 9.996029133769108732e-01 9.996028489175842191e-01 9.996028468262453393e-01
1.214535000000000082e+03 9.995952769034901486e-01 9.995952094290401213e-01 9.995952072326140803e-01
1.214549500000000080e+03 9.995873738290467214e-01 9.995873031629007865e-01 9.995873008547057070e-01
1.214563999999999851e+03 9.995791915436008646e-01 9.995791174959767211e-01 9.995791150688045912e-01
1.214578500000000076e+03 9.995707166874433502e-01 9.995706390541305719e-01 9.995706365001979510e-01
1.214593000000000075e+03 9.995619350941441494e-01 9.995618536551547084e-01 9.995618509660486595e-01
1.214607500000000073e+03 9.995528317282320607e-01 9.995527462463040802e-01 9.995527434129203304e-01
1.214621999999999844e+03 9.995433906169661764e-01 9.995433008358998173e-01 9.995432978483750341e-01
1.214636500000000069e+03 9.995335947755324968e-01 9.995335004183374394e-01 9.995334972659732919e-01
1.214651000000000067e+03 9.995234261249269503e-01 9.995233268917523839e-01 9.995233235629311652e-01
1.214665499999999838e+03 9.995128654016617320e-01 9.995127609674848701e-01 9.995127574495756839e-01
1.214680000000000064e+03 9.995018920583466082e-01 9.995017820703802069e-01 9.995017783496324970e-01
1.214694500000000062e+03 9.994904841540310780e-01 9.994903682288136526e-01 9.994903642902375207e-01
1.214709000000000060e+03 9.994786182330551716e-01 9.994784959531750612e-01 9.994784917804090396e-01
1.214723499999999831e+03 9.994662691909660390e-01 9.994661401013678059e-01 9.994661356765270899e-01
1.214738000000000056e+03 9.994534101258498726e-01 9.994532737296597524e-01 9.994532690331673352e-01
1.214752500000000055e+03 9.994400121731801256e-01 9.994398679269778096e-01 9.994398629373727472e-01
1.214766999999999825e+03 9.994260443219976642e-01 9.994258916304503693e-01 9.994258863241691770e-01
1.214781500000000051e+03 9.994114732099005360e-01 9.994113114196581105e-01 9.994113057707888492e-01
1.214796000000000049e+03 9.993962628939370152e-01 9.993960912866757251e-01 9.993960852666767813e-01
1.214810500000000047e+03 9.993803745940282868e-01 9.993801923785052832e-01 9.993801859558848477e-01
1.214825000000000273e+03 9.993637664050242231e-01 9.993635727079831499e-01 9.993635658479333994e-01
1.214839500000000044e+03 9.993463929728537698e-01 9.993461868285962169e-01 9.993461794925755370e-01
1.214854000000000042e+03 9.993282051295053758e-01 9.993279854679056884e-01 9.993279776131585024e-01
1.214868500000000040e+03 9.993091494806934927e-01 9.993089151134000314e-01 9.993089066924032426e-01
1.214883000000000038e+03 9.992891679390502047e-01 9.992889175435609728e-01 9.992889085033879182e-01
1.214897500000000036e+03 9.992681971944561425e-01 9.992679292957119541e-01 9.992679195772974365e-01
1.214912000000000035e+03 9.992461681117088546e-01 9.992458810607640629e-01 9.992458705980511446e-01
1.214926500000000260e+03 9.992230050440000788e-01 9.992226969932660463e-01 9.992226857122162853e-01
1.214941000000000031e+03 9.991986250486705190e-01 9.991982939231126570e-01 9.991982817405536954e-01
1.214955500000000029e+03 9.991729369892764501e-01 9.991725804528378552e-01 9.991725672751177179e-01
1.214970000000000027e+03 9.991458405051311109e-01 9.991454559215040554e-01 9.991454416429150776e-01
1.214984500000000025e+03 9.991172248260167255e-01 9.991168092127055145e-01 9.991167937136332666e-01
1.214999000000000024e+03 9.990869674055975480e-01 9.990865173799999832e-01 9.990865005247401287e-01
1.215013500000000022e+03 9.990549323420366834e-01 9.990544440579930408e-01 9.990544256921745081e-01
1.215028000000000247e+03 9.990209685482200896e-01 9.990204376211466730e-01 9.990204175686693278e-01
1.215042500000000018e+03 9.989849076265416850e-01 9.989843290448155999e-01 9.989843071042067146e-01
1.215057000000000016e+03 9.989465613940263777e-01 9.989459294137588152e-01 9.989459053538138900e-01
1.215071500000000015e+03 9.989057189922715407e-01 9.989050270118609021e-01 9.989050005664087406e-01
1.215086000000000013e+03 9.988621435024770401e-01 9.988613839123879901e-01 9.988613547739697562e-01
1.215100500000000011e+03 9.988155679678930587e-01 9.988147319698147397e-01 9.988146997820118722e-01
1.215115000000000009e+03 9.987656907029989206e-01 9.987647680907199010e-01 9.987647324387779468e-01
1.215129500000000235e+03 9.987121697385916708e-01 9.987111486303270613e-01 9.987111090296150184e-01
1.215144000000000005e+03 9.986546162116400893e-01 9.986534827195802100e-01 9.986534386012400066e-01
1.215158500000000004e+03 9.985925864529409113e-01 9.985913242693573721e-01 9.985912749622308793e-01
1.215173000000000002e+03 9.985255724448718340e-01 9.985241623121858812e-01 9.985241070195609581e-01
1.215187500000000000e+03 9.984529901959062759e-01 9.984514091891146803e-01 9.984513469561009380e-01
1.215201999999999998e+03 9.983741653426830842e-01 9.983723853894056477e-01 9.983723150184646844e-01
1.215216499999999996e+03 9.982883140239982023e-01 9.982862900778792792e-01 9.982862094386328877e-01
1.215231000000000222e+03 9.981944942774660934e-01 9.981920147055848291e-01 9.981919140790611600e-01
1.215245499999999993e+03 9.980911386379461847e-01 9.980864131708464537e-01 9.980862272419358527e-01
1.215259999999999991e+03 9.979710324964731205e-01 9.979519490167412243e-01 9.979513050722873535e-01
1.215274499999999989e+03 9.977848691031545592e-01 9.976957134706874175e-01 9.976927452141750585e-01
1.215289000000000215e+03 9.972762384688694803e-01 9.969414416495944176e-01 9.969262445222601965e-01
1.215303499999999985e+03 9.955265694798922649e-01 9.945002888099682137e-01 9.944415221885888334e-01
1.215317999999999984e+03 9.897733134944952660e-01 9.880418048095801486e-01 9.879974560813604700e-01
1.215332500000000209e+03 9.758823170429573590e-01 9.798929606704178674e-01 9.800426053442202745e-01
1.215346999999999980e+03 9.793463149223464725e-01 9.814163326061782211e-01 9.815075337503560426e-01
1.215361499999999978e+03 9.913450714343629011e-01 9.895035224132211482e-01 9.894404141912824802e-01
1.215376000000000204e+03 9.950979795880918743e-01 9.943095942477652160e-01 9.942636497440898724e-01
1.215390500000000202e+03 9.958701848205313567e-01 9.956226639696800218e-01 9.956123264424018293e-01
1.215404999999999973e+03 9.957275558929318260e-01 9.956565727791192311e-01 9.956540856076659951e-01
1.215419499999999971e+03 9.953272964281134616e-01 9.952983393206675800e-01 9.952971648113249081e-01
1.215434000000000196e+03 9.948190713826939868e-01 9.947931476541457263e-01 9.947920133550415267e-01
1.215448499999999967e+03 9.942098431892653077e-01 9.941779196512320338e-01 9.941765046932495853e-01
1.215462999999999965e+03 9.934750948778424684e-01 9.934333551196543599e-01 9.934314839173393752e-01
1.215477500000000191e+03 9.925764279046344063e-01 9.925185239890688127e-01 9.925159001398587977e-01
1.215492000000000189e+03 9.914530367327758498e-01 9.913522579253222222e-01 9.913479000411767883e-01
1.215506499999999960e+03 9.899553020006681692e-01 9.896712405682535074e-01 9.896620181680387818e-01
1.215520999999999958e+03 9.874034523919240636e-01 9.865992156200944496e-01 9.865815344608741544e-01
1.215535500000000184e+03 9.815512350767550132e-01 9.808483263111783534e-01 9.808228827854769127e-01
1.215549999999999955e+03 9.729406047920861056e-01 9.722296903879692476e-01 9.721875715450286615e-01
1.215564499999999953e+03 9.616843924496248919e-01 9.600622335658921536e-01 9.599653579479383581e-01
1.215579000000000178e+03 9.442184260197969969e-01 9.404475472685618342e-01 9.401496570612620785e-01
1.215593500000000176e+03 9.125725177011010381e-01 9.020558205911874960e-01 9.007627959746820068e-01
1.215607999999999947e+03 8.430371531792316686e-01 8.052653373924856250e-01 8.003903535069895048e-01
1.215622499999999945e+03 6.297629419369307202e-01 5.460419949692388863e-01 5.410534264584473396e-01
1.215637000000000171e+03 3.397936266168349179e-02 1.598526902761085722e-01 1.668755995557046345e-01
1.215651499999999942e+03 4.357375546982991389e-17 1.399744403139633643e-02 1.817608968785795406e-02
1.215665999999999940e+03 1.455886341485333602e-58 4.408781396350971754e-04 9.967176977299797413e-04
1.215680500000000166e+03 3.571234791723551029e-41 3.227569293398019866e-03 5.362495457726113197e-03
1.215695000000000164e+03 6.841489589871581111e-07 6.927037109424194483e-02 7.535145031234466440e-02
1.215709499999999935e+03 2.918306270894772680e-01 3.314264629052534050e-01 3.328614970134393114e-01
1.215723999999999933e+03 7.575823569692797799e-01 6.796278240314643782e-01 6.740250415605252288e-01
1.215738500000000158e+03 8.809311381760461801e-01 8.595150018035486728e-01 8.563720185854373224e-01
1.215753000000000156e+03 9.289355322581567265e-01 9.224190209455556122e-01 9.217486728411432573e-01
1.215767499999999927e+03 9.528917882698193509e-01 9.503145034491283782e-01 9.501393625470042625e-01
1.215782000000000153e+03 9.670695795430105379e-01 9.659155032362368720e-01 9.658501452868432091e-01
1.215796500000000151e+03 9.768164721524775773e-01 9.762808047567701486e-01 9.762486790713251761e-01
1.215810999999999922e+03 9.846358269480482983e-01 9.837318876785958732e-01 9.837095340819224099e-01
1.215825500000000147e+03 9.887373693157698318e-01 9.881879434956769570e-01 9.881741607883766099e-01
1.215840000000000146e+03 9.906671853542081685e-01 9.904951176411890268e-01 9.904885578488887843e-01
1.215854500000000144e+03 9.919702927168446704e-01 9.918948002653096285e-01 9.918914102615347117e-01
1.215868999999999915e+03 9.929863476909650544e-01 9.929367388918847182e-01 9.929344982893496541e-01
1.215883500000000140e+03 9.938084098983542836e-01 9.937714457528130652e-01 9.937697970436479844e-01
1.215898000000000138e+03 9.944851038013376998e-01 9.944566013219179323e-01 9.944553440909024156e-01
1.215912499999999909e+03 9.950495762599198546e-01 9.950271871183546946e-01 9.950262092915814760e-01
1.215927000000000135e+03 9.955258523903995904e-01 9.955080003798630894e-01 9.955072277910863576e-01
1.215941500000000133e+03 9.959317790283312988e-01 9.959173573894681830e-01 9.959167385392390104e-01
1.215956000000000131e+03 9.962808570287960963e-01 9.962690702068739412e-01 9.962685684431853428e-01
1.215970499999999902e+03 9.965834607350076979e-01 9.965737261140528158e-01 9.965733148384798845e-01
1.215985000000000127e+03 9.968476734322111454e-01 9.968395574227169043e-01 9.968392170017388310e-01
1.215999500000000126e+03 9.970798725337398638e-01 9.970730478398763807e-01 9.970727635600610261e-01
1.216013999999999896e+03 9.972851472458802435e-01 9.972793636299582820e-01 9.972791243138152684e-01
1.216028500000000122e+03 9.974676015210498514e-01 9.974626654035417817e-01 9.974624624540864293e-01
1.216043000000000120e+03 9.976305769082892683e-01 9.976263368917850372e-01 9.976261636214744932e-01
1.216057500000000118e+03 9.977768185275616153e-01 9.977731549771421404e-01 9.977730061291909536e-01
1.216071999999999889e+03 9.979086000853185645e-01 9.979054175371430135e-01 9.979052889392897585e-01
1.216086500000000115e+03 9.980278190369625824e-01 9.980250406084930637e-01 9.980249289194005335e-01
1.216101000000000113e+03 9.981360697604582111e-01 9.981336329947917418e-01 9.981335355161496947e-01
1.216115499999999884e+03 9.982347003780571715e-01 9.982325541260982371e-01 9.982324686619135079e-01
1.216130000000000109e+03 9.983248573069206655e-01 9.983229593670556179e-01 9.983228841172175905e-01
1.216144500000000107e+03 9.984075205179132606e-01 9.984058358328473659e-01 9.984057693118554289e-01
1.216159000000000106e+03 9.984835316944185024e-01 9.984820309608563038e-01 9.984819719351950562e-01
1.216173499999999876e+03 9.985536169155631026e-01 9.985522755021585262e-01 9.985522229416250450e-01
1.216188000000000102e+03 9.986184050770333664e-01 9.986172021743614513e-01 9.986171552139266883e-01
1.216202500000000100e+03 9.986784429627576509e-01 9.986773609094335979e-01 9.986773188191188089e-01
1.216217000000000098e+03 9.987342076609346808e-01 9.987332314046704074e-01 9.987331935655778814e-01
1.216231500000000096e+03 9.987861168557534697e-01 9.987852335187558106e-01 9.987851994038666747e-01
1.216246000000000095e+03 9.988345374057797654e-01 9.988337359316044051e-01 9.988337050902873493e-01
1.216260500000000093e+03 9.988797925298850133e-01 9.988790633944717445e-01 9.988790354399137428e-01
1.216274999999999864e+03 9.989221678536196469e-01 9.989215028273612518e-01 9.989214774263085461e-01
1.216289500000000089e+03 9.989619165171634840e-01 9.989613084678948818e-01 9.989612853322313857e-01
1.216304000000000087e+03 9.989992635061435422e-01 9.989987062352052583e-01 9.989986851150103320e-01
1.216318500000000085e+03 9.990344093357310662e-01 9.990338974409523898e-01 9.990338781187455552e-01
1.216333000000000084e+03 9.990675331941567539e-01 9.990670619548887021e-01 9.990670442408419172e-01
1.216347500000000082e+03 9.990987956326086161e-01 9.990983609129251430e-01 9.990983446408598923e-01
1.216362000000000080e+03 9.991283408731705951e-01 9.991279390401053284e-01 9.991279240641369741e-01
1.216376500000000306e+03 9.991562987941133844e-01 9.991559266484042467e-01 9.991559128401134027e-01
1.216391000000000076e+03 9.991827866418792059e-01 9.991824413591479104e-01 9.991824286051937953e-01
1.216405500000000075e+03 9.992079105109303860e-01 9.992075895916061601e-01 9.992075777917023283e-01
1.216420000000000073e+03 9.992317666259626918e-01 9.992314678525460181e-01 9.992314569177384032e-01
1.216434500000000071e+03 9.992544424554486993e-01 9.992541638559626627e-01 9.992541537071614188e-01
1.216449000000000069e+03 9.992760176809214467e-01 9.992757574975862367e-01 9.992757480643110757e-01
1.216463500000000067e+03 9.992965650426174351e-01 9.992963217049425362e-01 9.992963129242449227e-01
1.216478000000000293e+03 9.993161510789079216e-01 9.993159231805368581e-01 9.993159149960737508e-01
1.216492500000000064e+03 9.993348367743273286e-01 9.993346230530658625e-01 9.993346154143020188e-01
1.216507000000000062e+03 9.993526781287683791e-01 9.993524774493276475e-01 9.993524703108450646e-01
1.216521500000000060e+03 9.993697266585517269e-01 9.993695379976050841e-01 9.993695313185044782e-01
1.216536000000000058e+03 9.993860298385067731e-01 9.993858522717246062e-01 9.993858460151061607e-01
1.216550500000000056e+03 9.994016314928694245e-01 9.994014641836491686e-01 9.994014583161592302e-01
1.216565000000000055e+03 9.994165721416884418e-01 9.994164143313357673e-01 9.994164088227744935e-01
1.216579500000000280e+03 9.994308893084676848e-01 9.994307403076265750e-01 9.994307351306007670e-01
1.216594000000000051e+03 9.994446177939735332e-01 9.994444769751318347e-01 9.994444721047535118e-01
1.216608500000000049e+03 9.994577899204537541e-01 9.994576567113728771e-01 9.994576521249940448e-01
1.216623000000000047e+03 9.994704357499157865e-01 9.994703096278614307e-01 9.994703053048393793e-01
1.216637500000000273e+03 9.994825832796259135e-01 9.994824637662916844e-01 9.994824596877833756e-01
1.216652000000000044e+03 9.994942586175633581e-01 9.994941452745913502e-01 9.994941414233715626e-01
1.216666500000000042e+03 9.995054861401910795e-01 9.995053785652154854e-01 9.995053749255147224e-01
1.216681000000000267e+03 9.995162886345998476e-01 9.995161864577407629e-01 9.995161830151039206e-01
1.216695500000000038e+03 9.995266874268117219e-01 9.995265903075647440e-01 9.995265870487231030e-01
1.216710000000000036e+03 9.995367024978014658e-01 9.995366101222709077e-01 9.995366070350282239e-01
1.216724500000000035e+03 9.995463525885862621e-01 9.995462646670186802e-01 9.995462617401520422e-01
1.216739000000000260e+03 9.995556552955828788e-01 9.995555715601631697e-01 9.995555687833316272e-01
1.216753500000000031e+03 9.995646271572565800e-01 9.995645473601368902e-01 9.995645447238015180e-01
1.216768000000000029e+03 9.995732837329895926e-01 9.995732076445213998e-01 9.995732051398730222e-01
1.216782500000000255e+03 9.995816396749652721e-01 9.995815670821098786e-01 9.995815647010035665e-01
1.216797000000000025e+03 9.995897087937748449e-01 9.995896394986730771e-01 9.995896372335698610e-01
1.216811500000000024e+03 9.995975041183758902e-01 9.995974379370576868e-01 9.995974357809732647e-01
1.216826000000000249e+03 9.996050379509571204e-01 9.996049747121771301e-01 9.996049726586322404e-01
1.216840500000000247e+03 9.996123219171979546e-01 9.996122614613798252e-01 9.996122595043599457e-01
1.216855000000000018e+03 9.996193670123659780e-01 9.996193091906482309e-01 9.996193073245625005e-01
1.216869500000000016e+03 9.996261836436383108e-01 9.996261283170059242e-01 9.996261265366543913e-01
1.216884000000000242e+03 9.996327816690013801e-01 9.996327287074999735e-01 9.996327270080399563e-01
1.216898500000000013e+03 9.996391704330382932e-01 9.996391197150553687e-01 9.996391180919738106e-01
1.216913000000000011e+03 9.996453587998851420e-01 9.996453102115004929e-01 9.996453086605863181e-01
1.216927500000000236e+03 9.996513551836143652e-01 9.996513086180035534e-01 9.996513071353250179e-01
1.216942000000000235e+03 9.996571675762663256e-01 9.996571229331592257e-01 9.996571215150390488e-01
1.216956500000000005e+03 9.996628035737413764e-01 9.996627607585337749e-01 9.996627593986162630e-01
1.216971000000000004e+03 9.996682703997366026e-01 9.996682289322236237e-01 9.996682272256084412e-01
1.216985500000000229e+03 9.996735749278941041e-01 9.996734805121929579e-01 9.996734710647359190e-01
1.217000000000000000e+03 9.996787237023178063e-01 9.996775331330224335e-01 9.996775028293329868e-01
