# lambda[A]  T_theo  T_instr  T_rot+instr  (He I 10830)
1.082812627183489531e+04 9.999999710694500443e-01 9.999999700623689591e-01 9.999999700130927094e-01
1.082814639663639537e+04 9.999999702385946598e-01 9.999999695337492556e-01 9.999999694952439455e-01
1.082816652143789725e+04 9.999999693642278586e-01 9.999999688662346564e-01 9.999999688377746443e-01
1.082818664623939912e+04 9.999999684427677282e-01 9.999999680695412785e-01 9.999999680493112386e-01
1.082820677104089918e+04 9.999999674701961494e-01 9.999999671588643002e-01 9.999999671445060079e-01
1.082822689584239924e+04 9.999999664419572110e-01 9.999999661485209357e-01 9.999999661377192428e-01
1.082824702064390294e+04 9.999999653527985588e-01 9.999999650470252632e-01 9.999999650378881277e-01
1.082826714544540300e+04 9.999999641964989472e-01 9.999999638542454994e-01 9.999999638453934692e-01
1.082828727024690306e+04 9.999999629653639754e-01 9.999999625594998554e-01 9.999999625499237377e-01
1.082830739504840312e+04 9.999999616492778465e-01 9.999999611384795539e-01 9.999999611272764044e-01
1.082832751984990500e+04 9.999999602338827120e-01 9.999999595464701407e-01 9.999999595325174129e-01
1.082834764465140688e+04 9.999999586970921284e-01 9.999999577048488408e-01 9.999999576864063711e-01
1.082836776945290694e+04 9.999999570024828976e-01 9.999999554765054421e-01 9.999999554506653343e-01
1.082838789425440700e+04 9.999999550869519416e-01 9.999999526232981051e-01 9.999999525851359650e-01
1.082840801905591070e+04 9.999999528380871805e-01 9.999999487345301308e-01 9.999999486757604750e-01
1.082842814385741076e+04 9.999999500535065033e-01 9.999999431092495561e-01 9.999999430160819713e-01
1.082844826865891082e+04 9.999999463693389767e-01 9.999999345661615413e-01 9.999999344159328230e-01
1.082846839346041088e+04 9.999999411371611746e-01 9.999999211420433909e-01 9.999999208979588605e-01
1.082848851826191094e+04 9.999999332169378086e-01 9.999998996212352553e-01 9.999998992242260520e-01
1.082850864306341464e+04 9.999999206363671123e-01 9.999998648129578838e-01 9.999998641690950318e-01
1.082852876786491470e+04 9.999999000428950735e-01 9.999998084565288048e-01 9.999998074174896168e-01
1.082854889266641476e+04 9.999998658414481767e-01 9.999997175815132922e-01 9.999997159138973579e-01
1.082856901746791846e+04 9.999998088663144546e-01 9.999995720706507107e-01 9.999995694068192220e-01
1.082858914226941852e+04 9.999997143761794050e-01 9.999993410502244773e-01 9.999993368074023836e-01
1.082860926707091858e+04 9.999995590814992896e-01 9.999989775324958918e-01 9.999989707753864643e-01
1.082862939187241864e+04 9.999993068023297349e-01 9.999984103979316918e-01 9.999983995977262952e-01
1.082864951667391870e+04 9.999989021904099884e-01 9.999975322238107145e-01 9.999975148230977329e-01
1.082866964147542240e+04 9.999982616873120955e-01 9.999961804545101085e-01 9.999961520650323399e-01
1.082868976627692246e+04 9.999972604440829915e-01 9.999941076618624747e-01 9.999940605714531250e-01
1.082870989107842252e+04 9.999957131328407467e-01 9.999909337044043944e-01 9.999908541138381457e-01
1.082873001587992439e+04 9.999933451357818637e-01 9.999860678914048728e-01 9.999859309195632262e-01
1.082875014068142627e+04 9.999897479597111838e-01 9.999785823705757970e-01 9.999783434181638286e-01
1.082877026548292633e+04 9.999843079337727980e-01 9.999670093880749233e-01 9.999665902172443221e-01
1.082879039028442639e+04 9.999760886204465127e-01 9.999490278642201302e-01 9.999482964217677461e-01
1.082881051508592645e+04 9.999636319894371628e-01 9.999210070039845633e-01 9.999197527693250986e-01
1.082883063988743015e+04 9.999446163763061612e-01 9.998774019029306181e-01 9.998753146830725580e-01
1.082885076468893021e+04 9.999152631859418161e-01 9.998100699396779145e-01 9.998067397323926464e-01
1.082887088949043027e+04 9.998693122045572146e-01 9.997077146792126001e-01 9.997026803567434783e-01
1.082889101429193215e+04 9.997962995358883331e-01 9.995558559867651072e-01 9.995487328663510418e-01
1.082891113909343403e+04 9.996788711019448659e-01 9.993379019338063385e-01 9.993286007662210979e-01
1.082893126389493409e+04 9.994892775179963218e-01 9.990379153120619860e-01 9.990269194238327044e-01
1.082895138869643415e+04 9.991866756727912913e-01 9.986453422509227185e-01 9.986339432328799059e-01
1.082897151349793421e+04 9.987198565586743459e-01 9.981611976112558793e-01 9.981515360623377520e-01
1.082899163829943791e+04 9.980429261651523332e-01 9.976041173014779107e-01 9.975988843029938158e-01
1.082901176310093797e+04 9.971487965173061463e-01 9.970137610024317754e-01 9.970155248738274967e-01
1.082903188790243803e+04 9.961111309280648030e-01 9.964489588314041635e-01 9.964592716250381121e-01
1.082905201270393991e+04 9.951047166231193897e-01 9.959792440784803746e-01 9.959978626281049685e-01
1.082907213750544179e+04 9.943699647629308247e-01 9.956708597846348763e-01 9.956954631297736391e-01
1.082909226230694185e+04 9.941190678543235792e-01 9.955710006857702021e-01 9.955976267270615354e-01
1.082911238710844191e+04 9.944310086314430697e-01 9.956955358099498499e-01 9.957196452751024829e-01
1.082913251190994197e+04 9.952080700883823017e-01 9.960247157171324695e-01 9.960424858196299525e-01
1.082915263671144385e+04 9.962292975129044548e-01 9.965085033353112687e-01 9.965178369348568488e-01
1.082917276151294573e+04 9.972577911424869157e-01 9.970794975814609717e-01 9.970803777241850074e-01
1.082919288631444579e+04 9.981295204087763384e-01 9.976687441300358117e-01 9.976628803639311371e-01
1.082921301111594767e+04 9.987815768253376358e-01 9.982192545025142527e-01 9.982092714057998473e-01
1.082923313591744773e+04 9.992274865904577918e-01 9.986937375509871151e-01 9.986822918172602037e-01
1.082925326071894960e+04 9.995150704165239874e-01 9.990757639137515245e-01 9.990649091111547531e-01
1.082927338552044966e+04 9.996948472179123524e-01 9.993659298596820895e-01 9.993568604044200665e-01
1.082929351032194973e+04 9.998061748180150365e-01 9.995756780217096571e-01 9.995687997715057005e-01
1.082931363512345160e+04 9.998754675844285789e-01 9.997212167878575251e-01 9.997163943084385052e-01
1.082933375992495348e+04 9.999191466569082865e-01 9.998190035930483166e-01 9.998158344615641901e-01
1.082935388472645354e+04 9.999470935599727994e-01 9.998831904595905096e-01 9.998812146122277866e-01
1.082937400952795542e+04 9.999652222033524884e-01 9.999247063009677472e-01 9.999235236315470177e-01
1.082939413432945548e+04 9.999771081026301855e-01 9.999513714172731937e-01 9.999506834468027128e-01
1.082941425913095736e+04 9.999849532415678866e-01 9.999684837100194512e-01 9.999680898873349877e-01
1.082943438393245742e+04 9.999901439954917981e-01 9.999795005213037991e-01 9.999792759648562512e-01
1.082945450873395748e+04 9.999935729160277509e-01 9.999866280164534382e-01 9.999864991170213102e-01
1.082947463353545936e+04 9.999958260657360043e-01 9.999912605275994570e-01 9.999911854567613556e-01
1.082949475833696124e+04 9.999972940760616380e-01 9.999942798095889929e-01 9.999942352612315455e-01
1.082951488313846130e+04 9.999982396949728125e-01 9.999962476100154873e-01 9.999962206500849771e-01
1.082953500793996318e+04 9.999988401598313148e-01 9.999975255471139635e-01 9.999975089270908279e-01
1.082955513274146324e+04 9.999992146426678330e-01 9.999983486375272346e-01 9.999983382087072048e-01
1.082957525754296330e+04 9.999994425230271933e-01 9.999988703316043948e-01 9.999988636460772629e-01
1.082959538234446518e+04 9.999995757633360904e-01 9.999991902467433302e-01 9.999991857992633904e-01
1.082961550714596524e+04 9.999996472887062726e-01 9.999993712712651472e-01 9.999993680777113925e-01
1.082963563194746712e+04 9.999996764949946604e-01 9.999994498741329174e-01 9.999994472225188780e-01
1.082965575674896718e+04 9.999996725383912821e-01 9.999994417273859737e-01 9.999994390127551203e-01
1.082967588155046906e+04 9.999996357369013156e-01 9.999993436780323375e-01 9.999993402703502010e-01
1.082969600635197094e+04 9.999995571495319258e-01 9.999991323883880012e-01 9.999991274990182033e-01
1.082971613115347100e+04 9.999994161409638815e-01 9.999987593972914368e-01 9.999987519127346847e-01
1.082973625595497106e+04 9.999991754539190314e-01 9.999981417942873652e-01 9.999981300375828663e-01
1.082975638075647294e+04 9.999987729692730865e-01 9.999971470103338200e-01 9.999971283674954359e-01
1.082977650555797300e+04 9.999981089000929968e-01 9.999955692405564367e-01 9.999955395412714054e-01
1.082979663035947488e+04 9.999970265845434803e-01 9.999930934575487207e-01 9.999930459042626341e-01
1.082981675516097494e+04 9.999952842129966601e-01 9.999892403919463657e-01 9.999891636475913836e-01
1.082983687996247681e+04 9.999925135552073518e-01 9.999832814809964665e-01 9.999831561799739088e-01
1.082985700476397869e+04 9.999881596810685780e-01 9.999741053783861577e-01 9.999738977063716838e-01
1.082987712956547875e+04 9.999813921146607498e-01 9.999600053790541621e-01 9.999596553455853964e-01
1.082989725436697881e+04 9.999709715804501187e-01 9.999383379084060275e-01 9.999377384689335235e-01
1.082991737916848069e+04 9.999550452423928704e-01 9.999049747483080841e-01 9.999039363303953154e-01
1.082993750396998075e+04 9.999308230921585272e-01 9.998534385012678438e-01 9.998516328965845190e-01
1.082995762877148263e+04 9.998940518597260185e-01 9.997735842712248688e-01 9.997704647721320503e-01
1.082997775357298269e+04 9.998381383278068801e-01 9.996497007597822115e-01 9.996444056488005270e-01
1.082999787837448275e+04 9.997526612225110521e-01 9.994580038023583857e-01 9.994492711760210035e-01
1.083001800317598645e+04 9.996208220247719822e-01 9.991637507834739695e-01 9.991499026806813788e-01
1.083003812797748651e+04 9.994151043489342134e-01 9.987186552714635290e-01 9.986977359586337588e-01
1.083005825277898657e+04 9.990901343468512330e-01 9.980598692232183211e-01 9.980300212023591744e-01
1.083007837758048663e+04 9.985719590630328657e-01 9.971122951217981090e-01 9.970723984665017525e-01
1.083009850238198851e+04 9.977450522607984595e-01 9.957959934716024142e-01 9.957464716643108504e-01
1.083011862718349039e+04 9.964443500986551738e-01 9.940395590096088307e-01 9.939831073975242681e-01
1.083013875198499045e+04 9.944691560607213932e-01 9.917984657298780649e-01 9.917403757183693713e-01
1.083015887678649051e+04 9.916397012247926135e-01 9.890750489933997081e-01 9.890228712052318016e-01
1.083017900158799421e+04 9.878971717858228141e-01 9.859350808984067571e-01 9.858976016725834457e-01
1.083019912638949427e+04 9.833989512169312164e-01 9.825158637855705424e-01 9.825016431113966497e-01
1.083021925119099433e+04 9.785248886552441183e-01 9.790226426524150094e-01 9.790384956971865948e-01
1.083023937599249439e+04 9.737580018091794853e-01 9.757129475928321138e-01 9.757626553848536277e-01
1.083025950079399627e+04 9.695247984830646093e-01 9.728706870193954970e-01 9.729540086179581104e-01
1.083027962559549815e+04 9.661453648833696617e-01 9.707726465522998893e-01 9.708846210307274793e-01
1.083029975039699821e+04 9.639438770385280186e-01 9.696503011859692878e-01 9.697810070006995797e-01
1.083031987519849827e+04 9.633518676465809838e-01 9.696511351785745969e-01 9.697863486535779343e-01
1.083034000000000196e+04 9.647893609012722083e-01 9.708065016050625440e-01 9.709296915406949724e-01
1.083036012480150202e+04 9.683481584876982851e-01 9.730155941119211782e-01 9.731111827797099822e-01
1.083038024960300208e+04 9.735591492057362739e-01 9.760541370386724980e-01 9.761111661928035810e-01
1.083040037440450214e+04 9.794995298260482652e-01 9.796101753635261256e-01 9.796250008585418723e-01
1.083042049920600221e+04 9.851737713335402269e-01 9.833397642143718587e-01 9.833166241114446038e-01
1.083044062400750590e+04 9.898877683010199879e-01 9.869273175743893400e-01 9.868765299012928205e-01
1.083046074880900596e+04 9.933934446616594638e-01 9.901335102459659643e-01 9.900681146784238162e-01
1.083048087361050602e+04 9.957926966583070527e-01 9.928190429333498823e-01 9.927512775973573733e-01
1.083050099841200972e+04 9.973461575380144772e-01 9.949421995063196800e-01 9.948810347992997904e-01
1.083052112321350978e+04 9.983224938460731890e-01 9.965369495501749109e-01 9.964872079876749833e-01
1.083054124801500984e+04 9.989306220952793858e-01 9.976826579337189083e-01 9.976455047937836662e-01
1.083056137281650990e+04 9.993112556396399615e-01 9.984755979908067625e-01 9.984497649863709468e-01
1.083058149761800996e+04 9.995523518252072970e-01 9.990083633580076894e-01 9.989914535764689019e-01
1.083060162241951366e+04 9.997071806009121264e-01 9.993586726574751333e-01 9.993481402840452832e-01
1.083062174722101372e+04 9.998078494115892889e-01 9.995858807874095087e-01 9.995795695379479096e-01
1.083064187202251378e+04 9.998739147849744491e-01 9.997322822126617492e-01 9.997286013121515769e-01
1.083066199682401748e+04 9.999175082043005869e-01 9.998265274184552354e-01 9.998244126016339051e-01
1.083068212162551754e+04 9.999463166026155703e-01 9.998873606436327055e-01 9.998861496397550841e-01
1.083070224642701760e+04 9.999653129050731781e-01 9.999267924392467588e-01 9.999260942752661308e-01
1.083072237122851766e+04 9.999777718117069947e-01 9.999524515829197879e-01 9.999520434063747798e-01
1.083074249603001772e+04 9.999858778194200548e-01 9.999691872890064115e-01 9.999689444175732245e-01
1.083076262083152142e+04 9.999910988773307308e-01 9.999801037549940208e-01 9.999799566699371089e-01
1.083078274563302148e+04 9.999944231027210195e-01 9.999872079649075873e-01 9.999871175370060872e-01
1.083080287043452154e+04 9.999965133915169613e-01 9.999918103163077943e-01 9.999917541040876934e-01
1.083082299523602342e+04 9.999978110944263143e-01 9.999947728779290390e-01 9.999947377022424533e-01
1.083084312003752530e+04 9.999986068604581613e-01 9.999966651188376687e-01 9.999966430502532644e-01
1.083086324483902536e+04 9.999990895302249827e-01 9.999978633520640869e-01 9.999978495170889214e-01
1.083088336964052542e+04 9.999993799281708950e-01 9.999986154491352641e-01 9.999986068034419917e-01
1.083090349444202548e+04 9.999995540835349139e-01 9.999990836491543522e-01 9.999990782711594139e-01
1.083092361924352917e+04 9.999996590079867076e-01 9.999993732052806505e-01 9.999993698763327554e-01
1.083094374404502923e+04 9.999997232534685310e-01 9.999995516645476812e-01 9.999995496119808980e-01
1.083096386884652929e+04 9.999997638511869402e-01 9.999996618451779673e-01 9.999996605811963812e-01
1.083098399364803117e+04 9.999997907828256372e-01 9.999997305299795913e-01 9.999997297489067183e-01
1.083100411844953305e+04 9.999998098019990955e-01 9.999997742393564870e-01 9.999997737514801921e-01
1.083102424325103311e+04 9.999998241766840934e-01 9.999998030201944221e-01 9.999998027090772901e-01
1.083104436805253317e+04 9.999998357419863648e-01 9.999998228980722104e-01 9.999998226930897349e-01
1.083106449285403323e+04 9.999998455224177185e-01 9.999998374398929579e-01 9.999998372987087825e-01
1.083108461765553693e+04 9.999998540917968137e-01 9.999998487332547592e-01 9.999998486307637435e-01
1.083110474245703699e+04 9.999998617770106124e-01 9.999998579897505513e-01 9.999998579111920582e-01
1.083112486725853705e+04 9.999998687710337508e-01 9.999998659101080323e-01 9.999998658468456370e-01
1.083114499206003893e+04 9.999998751944291220e-01 9.999998729012994358e-01 9.999998728482737409e-01
1.083116511686154081e+04 9.999998811282503342e-01 9.999998792033910622e-01 9.999998791576063528e-01
1.083118524166304087e+04 9.999998866314221413e-01 9.999998849624042174e-01 9.999998849220468333e-01
1.083120536646454093e+04 9.999998917498597040e-01 9.999998902715045990e-01 9.999998902354338970e-01
1.083122549126604099e+04 9.999998965212745228e-01 9.999998951939519376e-01 9.999998951614142984e-01
1.083124561606754287e+04 9.999999009777600367e-01 9.999998997757484354e-01 9.999998997462123951e-01
1.083126574086904475e+04 9.999999051472453493e-01 9.999999040525571203e-01 9.999999040256267735e-01
1.083128586567054481e+04 9.999999090543691960e-01 9.999999080534970330e-01 9.999999080288609621e-01
1.083130599047204669e+04 9.999999127210504879e-01 9.999999118032463219e-01 9.999999117806486204e-01
1.083132611527354675e+04 9.999999161668968739e-01 9.999999153232452809e-01 9.999999153024711207e-01
1.083134624007504863e+04 9.999999194095163801e-01 9.999999186324192157e-01 9.999999186132827456e-01
1.083136636487654869e+04 9.999999224647713181e-01 9.999999217476401858e-01 9.999999217299798682e-01
1.083138648967804875e+04 9.999999253469864513e-01 9.999999246840477474e-01 9.999999246677218068e-01
1.083140661447955063e+04 9.999999280691296288e-01 9.999999274552879847e-01 9.999999274401717431e-01
1.083142673928105251e+04 9.999999306429636636e-01 9.999999300737030250e-01 9.999999300596843499e-01
1.083144686408255257e+04 9.999999330791812246e-01 9.999999325504821401e-01 9.999999325374623327e-01
1.083146698888405444e+04 9.999999353875196340e-01 9.999999348957961942e-01 9.999999348836868807e-01
1.083148711368555450e+04 9.999999375768626741e-01 9.999999371189061126e-01 9.999999371076289112e-01
1.083150723848705638e+04 9.999999396553298503e-01 9.999999392282635791e-01 9.999999392177472135e-01
1.083152736328855644e+04 9.999999416303537725e-01 9.999999412315930813e-01 9.999999412217736028e-01
1.083154748809005650e+04 9.999999435087500999e-01 9.999999431359677393e-01 9.999999431267879713e-01
1.083156761289155838e+04 9.999999452967782698e-01 9.999999449478741420e-01 9.999999449392830142e-01
1.083158773769306026e+04 9.999999470001946777e-01 9.999999466732717446e-01 9.999999466652216285e-01
1.083160786249456032e+04 9.999999486243017488e-01 9.999999483176410520e-01 9.999999483100905362e-01
1.083162798729606220e+04 9.999999501739896823e-01 9.999999498860334679e-01 9.999999498789436947e-01
1.083164811209756226e+04 9.999999516537750877e-01 9.999999513831079323e-01 9.999999513764437076e-01
1.083166823689906232e+04 9.999999530678349569e-01 9.999999528131682247e-01 9.999999528068983512e-01
1.083168836170056420e+04 9.999999544200369739e-01 9.999999541801970482e-01 9.999999541742922160e-01
1.083170848650206426e+04 9.999999557139659379e-01 9.999999554878812313e-01 9.999999554823153503e-01
1.083172861130356614e+04 9.999999569529496313e-01 9.999999567396415934e-01 9.999999567343899054e-01
1.083174873610506620e+04 9.999999581400796922e-01 9.999999579386521509e-01 9.999999579336928957e-01
1.083176886090656808e+04 9.999999592782330415e-01 9.999999590878638767e-01 9.999999590831769591e-01
1.083178898570806996e+04 9.999999603700867601e-01 9.999999601900224633e-01 9.999999601855894538e-01
1.083180911050957002e+04 9.999999614181384056e-01 9.999999612476866417e-01 9.999999612434903318e-01
1.083182923531107008e+04 9.999999624247173369e-01 9.999999622632406160e-01 9.999999622592654624e-01
1.083184936011257196e+04 9.999999633919988140e-01 9.999999632389108273e-01 9.999999632351421752e-01
1.083186948491407202e+04 9.999999643220180978e-01 9.999999641767771674e-01 9.999999641732018052e-01
1.083188960971557390e+04 9.999999652166776665e-01 9.999999650787849692e-01 9.999999650753903513e-01
1.083190973451707396e+04 9.999999660777612043e-01 9.999999659467541102e-01 9.999999659435294674e-01
1.083192985931857584e+04 9.999999669069392638e-01 9.999999667823916694e-01 9.999999667793257885e-01
1.083194998412007772e+04 9.999999677057803682e-01 9.999999675872959237e-01 9.999999675843793678e-01
1.083197010892157778e+04 9.999999684757567842e-01 9.999999683629691161e-01 9.999999683601930034e-01
1.083199023372307784e+04 9.999999692182521827e-01 9.999999691108207855e-01 9.999999691081764563e-01
1.083201035852457971e+04 9.999999699345676341e-01 9.999999698321760944e-01 9.999999698296561101e-01
1.083203048332607977e+04 9.999999706259277144e-01 9.999999705282832663e-01 9.999999705258798555e-01
1.083205060812758165e+04 9.999999712934867224e-01 9.999999712003149188e-01 9.999999711980218642e-01
1.083207073292908171e+04 9.999999719383311225e-01 9.999999718493781664e-01 9.999999718471889176e-01
1.083209085773058177e+04 9.999999725614875379e-01 9.999999724765158415e-01 9.999999724744242924e-01
1.083211098253208547e+04 9.999999731639235279e-01 9.999999730827111577e-01 9.999999730807126452e-01
1.083213110733358553e+04 9.999999737465533611e-01 9.999999736688943708e-01 9.999999736669830108e-01
1.083215123213508559e+04 9.999999743102419014e-01 9.999999742359423349e-01 9.999999742341139086e-01
1.083217135693658565e+04 9.999999748558064949e-01 9.999999747846860521e-01 9.999999747829355634e-01
1.083219148173808753e+04 9.999999753840207450e-01 9.999999753159100058e-01 9.999999753142335690e-01
1.083221160653958941e+04 9.999999758956168439e-01 9.999999758303578234e-01 9.999999758287517748e-01
1.083223173134108947e+04 9.999999763912893469e-01 9.999999763287334975e-01 9.999999763271936182e-01
1.083225185614258953e+04 9.999999768716965054e-01 9.999999768117042720e-01 9.999999768102277864e-01
1.083227198094409323e+04 9.999999773374620426e-01 9.999999772799030850e-01 9.999999772784864405e-01
1.083229210574559329e+04 9.999999777891790398e-01 9.999999777339300122e-01 9.999999777325702111e-01
1.083231223054709335e+04 9.999999782274099358e-01 9.999999781743548199e-01 9.999999781730479764e-01
1.083233235534859341e+04 9.999999786526897472e-01 9.999999786017128578e-01 9.999999786004555302e-01
1.083235248015009529e+04 9.999999790655266230e-01 9.999999790165011726e-01 9.999999790152831469e-01
1.083237260495159717e+04 9.999999794664039543e-01 9.999999794191427593e-01 9.999999794179413870e-01
1.083239272975309723e+04 9.999999798557825947e-01 9.999999798099014070e-01 9.999999798086600666e-01
1.083241285455459729e+04 9.999999802340999722e-01 9.999999801886854112e-01 9.999999801872753169e-01
1.083243297935610099e+04 9.999999806017740855e-01 9.999999805546735399e-01 9.999999805528358987e-01
1.083245310415760105e+04 9.999999809592026168e-01 9.999999809057597000e-01 9.999999809030420961e-01
1.083247322895910111e+04 9.999999813067643739e-01 9.999999812379564146e-01 9.999999812336813898e-01
1.083249335376060117e+04 9.999999816448216228e-01 9.999999815451245944e-01 9.999999815384364998e-01
1.083251347856210123e+04 9.999999819737199758e-01 9.999999818195012269e-01 9.999999818095195447e-01
1.083253360336360493e+04 9.999999822937886140e-01 9.999999820532787798e-01 9.999999820393289385e-01
1.083255372816510499e+04 9.999999826053431740e-01 9.999999822409019190e-01 9.999999822227264579e-01
