# lambda[A]  T_theo  T_instr  T_rot+instr  (He I 10830)
1.082820000000000073e+04 9.999999543860255136e-01 9.999999526459298904e-01 9.999999525591589666e-01
1.082822008720903432e+04 9.999999529643195384e-01 9.999999517307734953e-01 9.999999516626495444e-01
1.082824017441806609e+04 9.999999514605920625e-01 9.999999505724326276e-01 9.999999505216713436e-01
1.082826026162709968e+04 9.999999498674316811e-01 9.999999491857990419e-01 9.999999491492280734e-01
1.082828034883613145e+04 9.999999481764980658e-01 9.999999475954584049e-01 9.999999475689705930e-01
1.082830043604516504e+04 9.999999463783703080e-01 9.999999458254513751e-01 9.999999458050325973e-01
1.082832052325419681e+04 9.999999444623657308e-01 9.999999438919032757e-01 9.999999438743181202e-01
1.082834061046323041e+04 9.999999424163261708e-01 9.999999418000794504e-01 9.999999417830718329e-01
1.082836069767226218e+04 9.999999402263438641e-01 9.999999395447372041e-01 9.999999395268658331e-01
1.082838078488129577e+04 9.999999378764298230e-01 9.999999371114465241e-01 9.999999370917600494e-01
1.082840087209032754e+04 9.999999353480724107e-01 9.999999344766421494e-01 9.999999344543329949e-01
1.082842095929936113e+04 9.999999326196147287e-01 9.999999316043274300e-01 9.999999315783784093e-01
1.082844104650839290e+04 9.999999296652711811e-01 9.999999284364278207e-01 9.999999284051374060e-01
1.082846113371742467e+04 9.999999264533273591e-01 9.999999248706630262e-01 9.999999248307925859e-01
1.082848122092645826e+04 9.999999229424358926e-01 9.999999207130360057e-01 9.999999206580986177e-01
1.082850130813549367e+04 9.999999190733791510e-01 9.999999155786780669e-01 9.999999154954307690e-01
1.082852139534452544e+04 9.999999147501494878e-01 9.999999086893275324e-01 9.999999085506259267e-01
1.082854148255355904e+04 9.999999097964152872e-01 9.999998984681085501e-01 9.999998982184737928e-01
1.082856156976259081e+04 9.999999038568054832e-01 9.999998817447115496e-01 9.999998812713086771e-01
1.082858165697162258e+04 9.999998961782524676e-01 9.999998522252393496e-01 9.999998512994906497e-01
1.082860174418065617e+04 9.999998851386768806e-01 9.999997975952016338e-01 9.999997957546292726e-01
1.082862183138968794e+04 9.999998672601859706e-01 9.999996941117685889e-01 9.999996904189957236e-01
1.082864191859872153e+04 9.999998352026031601e-01 9.999994966236859240e-01 9.999994891720253021e-01
1.082866200580775330e+04 9.999997737991614954e-01 9.999991203194196210e-01 9.999991052209129538e-01
1.082868209301678689e+04 9.999996524349372695e-01 9.999984076219272655e-01 9.999983769672400324e-01
1.082870218022581867e+04 9.999994107563479062e-01 9.999970687426342764e-01 9.999970066147321202e-01
1.082872226743485226e+04 9.999989324488137710e-01 9.999945765635809281e-01 9.999944516211806134e-01
1.082874235464388403e+04 9.999979979054398616e-01 9.999899852598106431e-01 9.999897378531055203e-01
1.082876244185291762e+04 9.999961995509716317e-01 9.999816288107866713e-01 9.999811505708258164e-01
1.082878252906194939e+04 9.999927901443205203e-01 9.999666461551314223e-01 9.999657515295609089e-01
1.082880261627098298e+04 9.999864075476500025e-01 9.999402877236251985e-01 9.999386814079793684e-01
1.082882270348001475e+04 9.999745658984000585e-01 9.998950059074322994e-01 9.998922585368242855e-01
1.082884279068904652e+04 9.999527054423799077e-01 9.998194458872979862e-01 9.998150016880158475e-01
1.082886287789808011e+04 9.999124539492407759e-01 9.996976460842671441e-01 9.996908954530856484e-01
1.082888296510711189e+04 9.998386672700925182e-01 9.995089997499790879e-01 9.994994473628442400e-01
1.082890305231614548e+04 9.997050923512549314e-01 9.992297198019560733e-01 9.992172538257952930e-01
1.082892313952517725e+04 9.994696725715166430e-01 9.988365143225513831e-01 9.988217302009446685e-01
1.082894322673421084e+04 9.990729514510873210e-01 9.983127337633221909e-01 9.982971992876551459e-01
1.082896331394324261e+04 9.984458453771301034e-01 9.976563214900752152e-01 9.976426221693734941e-01
1.082898340115227620e+04 9.975331683690785711e-01 9.968876764935787893e-01 9.968790961412341556e-01
1.082900348836130797e+04 9.963326212325575026e-01 9.960545259196752488e-01 9.960543250363516066e-01
1.082902357557034156e+04 9.949351274110342924e-01 9.952307790230761064e-01 9.952412137578133811e-01
1.082904366277937334e+04 9.935396488058789721e-01 9.945075788328666677e-01 9.945289793071037110e-01
1.082906374998840693e+04 9.924181208956689426e-01 9.939772791238495886e-01 9.940075731012334437e-01
1.082908383719744052e+04 9.918308197119357628e-01 9.937139928965296187e-01 9.937489489888823302e-01
1.082910392440647411e+04 9.919266928955866591e-01 9.937563529496499237e-01 9.937905480973316941e-01
1.082912401161550588e+04 9.926808644074835986e-01 9.940980629144852143e-01 9.941262711137568431e-01
1.082914409882453947e+04 9.939053103571564574e-01 9.946894571612547864e-01 9.947079676267910342e-01
1.082916418603357124e+04 9.953264069225131738e-01 9.954495314374638415e-01 9.954569364184679969e-01
1.082918427324260301e+04 9.966854772398716644e-01 9.962843860240261362e-01 9.962816138415803158e-01
1.082920436045163660e+04 9.978119486442054153e-01 9.971062471944881489e-01 9.970959290193709412e-01
1.082922444766066837e+04 9.986434321307740003e-01 9.978478031335115128e-01 9.978332967287533162e-01
1.082924453486970197e+04 9.992010138142773945e-01 9.984689720665298474e-01 9.984534262386904890e-01
1.082926462207873374e+04 9.995470051146250201e-01 9.989561498150502095e-01 9.989418867460838625e-01
1.082928470928776733e+04 9.997494449599950705e-01 9.993162039773120231e-01 9.993045093056105443e-01
1.082930479649679910e+04 9.998632811791645647e-01 9.995683318565653508e-01 9.995595766123265280e-01
1.082932488370583269e+04 9.999258749325887763e-01 9.997364676790239102e-01 9.997304041095375071e-01
1.082934497091486446e+04 9.999599597286923380e-01 9.998437910300475018e-01 9.998398698978044896e-01
1.082936505812389805e+04 9.999784562709209679e-01 9.999097082620435062e-01 9.999073224320034203e-01
1.082938514533292982e+04 9.999884624849624259e-01 9.999488755127748929e-01 9.999474998858990382e-01
1.082940523254196341e+04 9.999938412316520253e-01 9.999715127137221993e-01 9.999707556319130664e-01
1.082942531975099519e+04 9.999967014870577708e-01 9.999843045177947420e-01 9.999839037034071731e-01
1.082944540696002696e+04 9.999981999518636755e-01 9.999914033813396275e-01 9.999911975277944176e-01
1.082946549416906055e+04 9.999989706290262070e-01 9.999952854145380821e-01 9.999951819410679565e-01
1.082948558137809232e+04 9.999993583701428657e-01 9.999973814215606938e-01 9.999973300714443125e-01
1.082950566858712591e+04 9.999995481733496838e-01 9.999984991065428153e-01 9.999984737481418806e-01
1.082952575579615768e+04 9.999996374682098566e-01 9.999990867363551805e-01 9.999990741911987113e-01
1.082954584300519127e+04 9.999996764606855493e-01 9.999993899236289119e-01 9.999993836675485914e-01
1.082956593021422304e+04 9.999996903992002251e-01 9.999995417799009134e-01 9.999995386081791393e-01
1.082958601742325664e+04 9.999996916421014514e-01 9.999996136348423548e-01 9.999996119722585064e-01
1.082960610463228841e+04 9.999996860491913164e-01 9.999996431636601901e-01 9.999996422297072751e-01
1.082962619184132200e+04 9.999996762768000869e-01 9.999996497928633765e-01 9.999996491921007147e-01
1.082964627905035377e+04 9.999996634208876412e-01 9.999996429647373120e-01 9.999996424817327867e-01
1.082966636625938918e+04 9.999996477920174431e-01 9.999996263127527429e-01 9.999996258007599614e-01
1.082968645346842095e+04 9.999996292212233184e-01 9.999995993008915507e-01 9.999995986053061836e-01
1.082970654067745454e+04 9.999996070604273424e-01 9.999995569097628323e-01 9.999995557869149065e-01
1.082972662788648631e+04 9.999995798664106372e-01 9.999994871699240395e-01 9.999994851598820178e-01
1.082974671509551990e+04 9.999995445670071259e-01 9.999993654698334788e-01 9.999993616579572198e-01
1.082976680230455167e+04 9.999994946149863839e-01 9.999991432935281255e-01 9.999991358358556459e-01
1.082978688951358345e+04 9.999994161139514892e-01 9.999987269230951048e-01 9.999987120817438457e-01
1.082980697672261704e+04 9.999992799517581910e-01 9.999979379321529693e-01 9.999979081016819871e-01
1.082982706393164881e+04 9.999990262720962475e-01 9.999964407439487779e-01 9.999963804318867666e-01
1.082984715114068240e+04 9.999985346092765681e-01 9.999936111017313500e-01 9.999934888899585372e-01
1.082986723834971417e+04 9.999975677861971946e-01 9.999883000778807540e-01 9.999880530787189636e-01
1.082988732555874776e+04 9.999956686179246601e-01 9.999784179527718697e-01 9.999779232275994856e-01
1.082990741276777953e+04 9.999919725406692939e-01 9.999602194512087205e-01 9.999592449191780918e-01
1.082992749997681312e+04 9.999848703185487686e-01 9.999271217973868531e-01 9.999252491092682771e-01
1.082994758718584490e+04 9.999713997247661190e-01 9.998678503748863466e-01 9.998643673238549745e-01
1.082996767439487849e+04 9.999461360316094227e-01 9.997637281672994147e-01 9.997575025301781437e-01
1.082998776160391026e+04 9.998991399136052394e-01 9.995850748566422750e-01 9.995744473854381029e-01
1.083000784881294385e+04 9.998121565935511601e-01 9.992870352120535316e-01 9.992698026721202886e-01
1.083002793602197562e+04 9.996517924832736268e-01 9.988057424959778663e-01 9.987793271389849847e-01
1.083004802323100739e+04 9.993582443672618387e-01 9.980564436755628988e-01 9.980183381779670349e-01
1.083006811044004098e+04 9.988294359106251186e-01 9.969357865183490208e-01 9.968842990650610414e-01
1.083008819764907275e+04 9.979047189642061833e-01 9.953304596624683587e-01 9.952656602655968188e-01
1.083010828485810634e+04 9.963598993801525694e-01 9.931333840431093574e-01 9.930580086379527938e-01
1.083012837206713812e+04 9.939319101059976846e-01 9.902666081324629221e-01 9.901865865631948038e-01
1.083014845927617171e+04 9.903869278774631857e-01 9.867074597293608029e-01 9.866317710741400182e-01
1.083016854648520348e+04 9.856218431119208034e-01 9.825123577171492872e-01 9.824520966107539444e-01
1.083018863369423707e+04 9.797547019294724491e-01 9.778320306942492879e-01 9.777988165065121251e-01
1.083020872090326884e+04 9.731465971376738189e-01 9.729131569566430437e-01 9.729172047599013995e-01
1.083022880811230243e+04 9.663335253689631088e-01 9.680841040611278814e-01 9.681323129876474587e-01
1.083024889532133602e+04 9.599141353739423232e-01 9.637253518907795691e-01 9.638196826434050068e-01
1.083026898253036961e+04 9.544730559700352890e-01 9.602274167451546605e-01 9.603637553940986837e-01
1.083028906973940138e+04 9.505733908183479075e-01 9.579406765989624262e-01 9.581084206193640762e-01
1.083030915694843497e+04 9.487614198205529537e-01 9.571231956491316195e-01 9.573059013657708727e-01
1.083032924415746675e+04 9.494883120773632834e-01 9.578949078445874177e-01 9.580723089596019371e-01
1.083034933136650034e+04 9.529267905579436038e-01 9.602084555550415290e-01 9.603598250593485819e-01
1.083036941857553211e+04 9.587842277979721217e-01 9.638465012828015821e-01 9.639547335498945824e-01
1.083038950578456388e+04 9.662667577803549790e-01 9.684506642909551655e-01 9.685059167615222009e-01
1.083040959299359747e+04 9.742692149869730533e-01 9.735787530447306271e-01 9.735803959232985916e-01
1.083042968020262924e+04 9.817131159523129202e-01 9.787777413602162246e-01 9.787338841952459845e-01
1.083044976741166283e+04 9.878546106964370965e-01 9.836542931589801197e-01 9.835790751155236711e-01
1.083046985462069460e+04 9.924131674415949123e-01 9.879255547559990802e-01 9.878352277350249677e-01
1.083048994182972820e+04 9.954991160046569032e-01 9.914401355084033751e-01 9.913493107665943826e-01
1.083051002903875997e+04 9.974332554107324667e-01 9.941693155134634363e-01 9.940884681821416935e-01
1.083053011624779356e+04 9.985747942224829643e-01 9.961770976200698957e-01 9.961117548022342394e-01
1.083055020345682533e+04 9.992208306998494605e-01 9.975816583793220005e-01 9.975330178326333730e-01
1.083057029066585892e+04 9.995774418052297827e-01 9.985196006018642878e-01 9.984859353946158311e-01
1.083059037787489069e+04 9.997719764990915525e-01 9.991199856419664682e-01 9.990981631529769480e-01
1.083061046508392428e+04 9.998775974275601053e-01 9.994900477516888149e-01 9.994767145283776077e-01
1.083063055229295605e+04 9.999347456334991557e-01 9.997107630982561277e-01 9.997030365856678369e-01
1.083065063950198783e+04 9.999654836635519795e-01 9.998387908296679782e-01 9.998345160326588266e-01
1.083067072671102142e+04 9.999818576536685377e-01 9.999113753706858621e-01 9.999091008893563615e-01
1.083069081392005319e+04 9.999904686853128277e-01 9.999517776307049743e-01 9.999506044895500878e-01
1.083071090112908678e+04 9.999949317723709763e-01 9.999739387723809436e-01 9.999733472146604685e-01
1.083073098833811855e+04 9.999972124778900850e-01 9.999859496610004062e-01 9.999856555866235563e-01
1.083075107554715214e+04 9.999983655711650599e-01 9.999923932109838765e-01 9.999922480145364556e-01
1.083077116275618391e+04 9.999989471956765019e-01 9.999958191646287631e-01 9.999957475545805385e-01
1.083079124996521750e+04 9.999992446085492759e-01 9.999976270343339246e-01 9.999975916236061302e-01
1.083081133717424927e+04 9.999994028992101880e-01 9.999985764650380915e-01 9.999985588668234282e-01
1.083083142438328287e+04 9.999994936850873373e-01 9.999990754428372819e-01 9.999990666309240828e-01
1.083085151159231646e+04 9.999995515440074367e-01 9.999993406325067280e-01 9.999993361649830437e-01
1.083087159880135005e+04 9.999995928576576043e-01 9.999994856656968523e-01 9.999994833497437563e-01
1.083089168601038182e+04 9.999996252970131394e-01 9.999995693279587483e-01 9.999995680796169850e-01
1.083091177321941541e+04 9.999996524637349005e-01 9.999996216027454699e-01 9.999996208869421643e-01
1.083093186042844718e+04 9.999996760969873666e-01 9.999996575795067066e-01 9.999996571330306283e-01
1.083095194763748077e+04 9.999996970936486651e-01 9.999996847733786387e-01 9.999996844671938945e-01
1.083097203484651254e+04 9.999997159679593350e-01 9.999997069129087368e-01 9.999997066837459370e-01
1.083099212205554431e+04 9.999997330544150298e-01 9.999997258639472530e-01 9.999997256804993295e-01
1.083101220926457790e+04 9.999997485964826627e-01 9.999997425879169066e-01 9.999997424342929042e-01
1.083103229647360968e+04 9.999997627858275839e-01 9.999997576098925700e-01 9.999997574776176013e-01
1.083105238368264327e+04 9.999997757804838239e-01 9.999997712431416552e-01 9.999997711273352907e-01
1.083107247089167504e+04 9.999997877140971436e-01 9.999997836952945196e-01 9.999997835928634560e-01
1.083109255810070863e+04 9.999997987012778644e-01 9.999997951181922584e-01 9.999997950269797764e-01
1.083111264530974040e+04 9.999998088411485853e-01 9.999998056314517436e-01 9.999998055498324767e-01
1.083113273251877399e+04 9.999998182199437702e-01 9.999998153339397788e-01 9.999998152606204282e-01
1.083115281972780576e+04 9.999998269130357942e-01 9.999998243097169004e-01 9.999998242436339835e-01
1.083117290693683935e+04 9.999998349865706349e-01 9.999998326314271102e-01 9.999998325716891179e-01
1.083119299414587113e+04 9.999998424988119083e-01 9.999998403624638099e-01 9.999998403083122378e-01
1.083121308135490472e+04 9.999998495012524247e-01 9.999998475584993551e-01 9.999998475092861661e-01
1.083123316856393649e+04 9.999998560395513270e-01 9.999998542686586722e-01 9.999998542238249799e-01
1.083125325577296826e+04 9.999998621543151334e-01 9.999998605364531779e-01 9.999998604955157022e-01
1.083127334298200185e+04 9.999998678817612063e-01 9.999998664005538274e-01 9.999998663630927931e-01
1.083129343019103362e+04 9.999998732542800806e-01 9.999998718954340449e-01 9.999998718610836335e-01
1.083131351740006721e+04 9.999998783009147463e-01 9.999998770519131774e-01 9.999998770203533116e-01
1.083133360460909898e+04 9.999998830477715428e-01 9.999998818976182369e-01 9.999998818685685853e-01
1.083135369181813257e+04 9.999998875183716551e-01 9.999998864573792501e-01 9.999998864305916779e-01
1.083137377902716435e+04 9.999998917339537607e-01 9.999998907535625481e-01 9.999998907288193406e-01
1.083139386623619794e+04 9.999998957137395950e-01 9.999998948063660853e-01 9.999998947834726204e-01
1.083141395344522971e+04 9.999998994751573278e-01 9.999998986340656870e-01 9.999998986128518785e-01
1.083143404065426512e+04 9.999999030340436246e-01 9.999999022532364279e-01 9.999999022335489540e-01
1.083145412786329689e+04 9.999999064048136210e-01 9.999999056789381502e-01 9.999999056606408976e-01
1.083147421507233048e+04 9.999999096006135790e-01 9.999999089248818862e-01 9.999999089078532855e-01
1.083149430228136225e+04 9.999999126334524480e-01 9.999999120035736322e-01 9.999999119877043263e-01
1.083151438949039584e+04 9.999999155143201035e-01 9.999999149264381382e-01 9.999999149116303165e-01
1.083153447669942761e+04 9.999999182532890440e-01 9.999999177039334830e-01 9.999999176900996600e-01
1.083155456390846120e+04 9.999999208596046518e-01 9.999999203456467756e-01 9.999999203327070152e-01
1.083157465111749298e+04 9.999999233417674604e-01 9.999999228603803081e-01 9.999999228482631120e-01
1.083159473832652475e+04 9.999999257076025438e-01 9.999999252562273844e-01 9.999999252448678044e-01
1.083161482553555834e+04 9.999999279643253525e-01 9.999999275406431520e-01 9.999999275299822354e-01
1.083163491274459011e+04 9.999999301185968914e-01 9.999999297205002247e-01 9.999999297104850138e-01
1.083165499995362370e+04 9.999999321765734583e-01 9.999999318021468575e-01 9.999999317927286135e-01
1.083167508716265547e+04 9.999999341439546052e-01 9.999999337914522446e-01 9.999999337825873358e-01
1.083169517437168906e+04 9.999999360260198866e-01 9.999999356938505946e-01 9.999999356854977206e-01
1.083171526158072083e+04 9.999999378276699380e-01 9.999999375143781011e-01 9.999999375065011797e-01
1.083173534878975443e+04 9.999999395534548974e-01 9.999999392577100243e-01 9.999999392502754159e-01
1.083175543599878620e+04 9.999999412076061578e-01 9.999999409281890017e-01 9.999999409211661749e-01
1.083177552320781979e+04 9.999999427940627905e-01 9.999999425298553568e-01 9.999999425232156680e-01
1.083179561041685156e+04 9.999999443164958590e-01 9.999999440664701922e-01 9.999999440601873291e-01
1.083181569762588515e+04 9.999999457783277368e-01 9.999999455415399252e-01 9.999999455355903510e-01
1.083183578483491692e+04 9.999999471827566433e-01 9.999999469583360501e-01 9.999999469526980045e-01
1.083185587204394869e+04 9.999999485327684123e-01 9.999999483199137895e-01 9.999999483145667334e-01
1.083187595925298228e+04 9.999999498311593626e-01 9.999999496291300805e-01 9.999999496240556951e-01
1.083189604646201406e+04 9.999999510805446246e-01 9.999999508886580069e-01 9.999999508838387507e-01
1.083191613367104765e+04 9.999999522833770138e-01 9.999999521010006776e-01 9.999999520964206745e-01
1.083193622088007942e+04 9.999999534419562464e-01 9.999999532685051040e-01 9.999999532641499211e-01
1.083195630808911301e+04 9.999999545584413729e-01 9.999999543933727475e-01 9.999999543892283960e-01
1.083197639529814478e+04 9.999999556348603269e-01 9.999999554776712873e-01 9.999999554737249996e-01
1.083199648250717837e+04 9.999999566731200273e-01 9.999999565233435028e-01 9.999999565195836215e-01
1.083201656971621196e+04 9.999999576750150387e-01 9.999999575322163770e-01 9.999999575286317999e-01
1.083203665692524555e+04 9.999999586422342324e-01 9.999999585060096452e-01 9.999999585025899362e-01
1.083205674413427732e+04 9.999999595763700011e-01 9.999999594463402364e-01 9.999999594430750705e-01
1.083207683134331091e+04 9.999999604789239216e-01 9.999999603547257143e-01 9.999999603516019908e-01
1.083209691855234269e+04 9.999999613513119723e-01 9.999999612325659593e-01 9.999999612295613627e-01
1.083211700576137628e+04 9.999999621948727491e-01 9.999999620810843259e-01 9.999999620781483411e-01
1.083213709297040805e+04 9.999999630108694637e-01 9.999999629011510072e-01 9.999999628981629529e-01
1.083215718017944164e+04 9.999999638004983815e-01 9.999999636928861291e-01 9.999999636895738897e-01
1.083217726738847341e+04 9.999999645648892654e-01 9.999999644549046884e-01 9.999999644507284735e-01
1.083219735459750700e+04 9.999999653051137027e-01 9.999999651832032210e-01 9.999999651772233378e-01
1.083221744180653877e+04 9.999999660221851050e-01 9.999999658699721961e-01 9.999999658607849895e-01
1.083223752901557054e+04 9.999999667170655915e-01 9.999999665030753215e-01 9.999999664889113182e-01
1.083225761622460413e+04 9.999999673906661002e-01 9.999999670671434471e-01 9.999999670461844348e-01
1.083227770343363591e+04 9.999999680438523830e-01 9.999999675467752258e-01 9.999999675176284297e-01
1.083229779064266950e+04 9.999999686774457830e-01 9.999999679311577516e-01 9.999999678932903757e-01
