# lambda[A]  T_theo  T_instr  T_rot+instr  (He I 10830)
1.082820000000000073e+04 9.999999549335133464e-01 9.999999528422405248e-01 9.999999527413865330e-01
1.082821979285716770e+04 9.999999535389246796e-01 9.999999519354291211e-01 9.999999518528583931e-01
1.082823958571433286e+04 9.999999520640436845e-01 9.999999508153548655e-01 9.999999507500982876e-01
1.082825937857149984e+04 9.999999505015982892e-01 9.999999494860889460e-01 9.999999494357731944e-01
1.082827917142866499e+04 9.999999488433977124e-01 9.999999479587931006e-01 9.999999479201412411e-01
1.082829896428582833e+04 9.999999470801845813e-01 9.999999462466074851e-01 9.999999462160614749e-01
1.082831875714299349e+04 9.999999452014527446e-01 9.999999443599244531e-01 9.999999443341766048e-01
1.082833855000016047e+04 9.999999431952324436e-01 9.999999423031732393e-01 9.999999422794663140e-01
1.082835834285732562e+04 9.999999410478244144e-01 9.999999400732585420e-01 9.999999400494116175e-01
1.082837813571449260e+04 9.999999387434767018e-01 9.999999376589864264e-01 9.999999376331394352e-01
1.082839792857165776e+04 9.999999362639849787e-01 9.999999350400133880e-01 9.999999350100037265e-01
1.082841772142882292e+04 9.999999335881964990e-01 9.999999321827847121e-01 9.999999321447832212e-01
1.082843751428598989e+04 9.999999306913872621e-01 9.999999290281194053e-01 9.999999289734549102e-01
1.082845730714315505e+04 9.999999275444699798e-01 9.999999254578879615e-01 9.999999253655665887e-01
1.082847710000032021e+04 9.999999241129720051e-01 9.999999212111678748e-01 9.999999210305348107e-01
1.082849689285748354e+04 9.999999203556497740e-01 9.999999156821703927e-01 9.999999152941657643e-01
1.082851668571465052e+04 9.999999162223945914e-01 9.999999074519358988e-01 9.999999065861621128e-01
1.082853647857181568e+04 9.999999116502643615e-01 9.999998932452253131e-01 9.999998913102818854e-01
1.082855627142898265e+04 9.999999065533770048e-01 9.999998656994606439e-01 9.999998614519151063e-01
1.082857606428614781e+04 9.999999007915041371e-01 9.999998087876762476e-01 9.999997997172686004e-01
1.082859585714331297e+04 9.999998940662438995e-01 9.999996888220582525e-01 9.999996700676815342e-01
1.082861565000047995e+04 9.999998855843652557e-01 9.999994375344960496e-01 9.999994000759143686e-01
1.082863544285764510e+04 9.999998730223462751e-01 9.999989216827923633e-01 9.999988495013325540e-01
1.082865523571481026e+04 9.999998495444561986e-01 9.999978910187196091e-01 9.999977569328238891e-01
1.082867502857197360e+04 9.999997958047942559e-01 9.999958936691833999e-01 9.999956536991538858e-01
1.082869482142914057e+04 9.999996600182822215e-01 9.999921459919050015e-01 9.999917324793817786e-01
1.082871461428630573e+04 9.999993118976838735e-01 9.999853445262234519e-01 9.999846589019337761e-01
1.082873440714347271e+04 9.999984440222839943e-01 9.999734133357417454e-01 9.999723204020343204e-01
1.082875420000063787e+04 9.999963765068510257e-01 9.999531938203698456e-01 9.999515205641880122e-01
1.082877399285780302e+04 9.999917001894927937e-01 9.999201083122063460e-01 9.999176512590767230e-01
1.082879378571497000e+04 9.999816785972037714e-01 9.998678633831666884e-01 9.998644087979405848e-01
1.082881357857213516e+04 9.999613381512755250e-01 9.997882990567031891e-01 9.997836592246619469e-01
1.082883337142930031e+04 9.999222403416447857e-01 9.996715249315784035e-01 9.996655907601016411e-01
1.082885316428646729e+04 9.998510886306319900e-01 9.995064963001757397e-01 9.994993014803230658e-01
1.082887295714363063e+04 9.997286044380772063e-01 9.992821527281453564e-01 9.992739384245753476e-01
1.082889275000079579e+04 9.995294770056361022e-01 9.989891530436988409e-01 9.989804162559238199e-01
1.082891254285796276e+04 9.992244869605561020e-01 9.986220935806318089e-01 9.986135993766517283e-01
1.082893233571512792e+04 9.987858025390902172e-01 9.981819130638340809e-01 9.981746532350709300e-01
1.082895212857229308e+04 9.981956014371758945e-01 9.976780146786050629e-01 9.976731042871823663e-01
1.082897192142946005e+04 9.974565294736285059e-01 9.971295364261147931e-01 9.971280543764643456e-01
1.082899171428662521e+04 9.966006590999528791e-01 9.965652338082878758e-01 9.965680306589327353e-01
1.082901150714379037e+04 9.956927234941891358e-01 9.960216344661363408e-01 9.960291450665362811e-01
1.082903130000095734e+04 9.948244985929810547e-01 9.955394641201326111e-01 9.955515689744628416e-01
1.082905109285812068e+04 9.941002050314596827e-01 9.951587549180369585e-01 9.951747289391268403e-01
1.082907088571528584e+04 9.936162584978225354e-01 9.949134210199840345e-01 9.949319914711808321e-01
1.082909067857245282e+04 9.934411582028672694e-01 9.948263069431888539e-01 9.948458176681371778e-01
1.082911047142961797e+04 9.936008431763342363e-01 9.949057010964116321e-01 9.949243542738851476e-01
1.082913026428678313e+04 9.940716150012057772e-01 9.951440441108569956e-01 9.951601711937837491e-01
1.082915005714395011e+04 9.947866763495225584e-01 9.955191076423371976e-01 9.955314136498868427e-01
1.082916985000111526e+04 9.956504962514667323e-01 9.959973919050096880e-01 9.960051240794081107e-01
1.082918964285828042e+04 9.965587496425988290e-01 9.965390299234765381e-01 9.965420408868170821e-01
1.082920943571544740e+04 9.974187021004535803e-01 9.971032129571384406e-01 9.971019142348144237e-01
1.082922922857261256e+04 9.981641659768054620e-01 9.976531266443313672e-01 9.976483533347069166e-01
1.082924902142977589e+04 9.987615601418073918e-01 9.981595986184926828e-01 9.981524233281937608e-01
1.082926881428694287e+04 9.992070360914471205e-01 9.986030273683332847e-01 9.985945673394247546e-01
1.082928860714410803e+04 9.995176937216933011e-01 9.989735746914366610e-01 9.989648302114001455e-01
1.082930840000127318e+04 9.997211078185068711e-01 9.992699491145570212e-01 9.992616971950429861e-01
1.082932819285844016e+04 9.998465740082969067e-01 9.994973107538529522e-01 9.994900609858071716e-01
1.082934798571560532e+04 9.999196515532408069e-01 9.996648682393521890e-01 9.996588728686041092e-01
1.082936777857277048e+04 9.999599107315045865e-01 9.997836438825243865e-01 9.997789449240820359e-01
1.082938757142993745e+04 9.999809069207445944e-01 9.998647124078573478e-01 9.998612059786553541e-01
1.082940736428710261e+04 9.999912748475333624e-01 9.999180344169876777e-01 9.999155352108634043e-01
1.082942715714426595e+04 9.999961210383429000e-01 9.999518562836037239e-01 9.999501508596869703e-01
1.082944695000143292e+04 9.999982642062449356e-01 9.999725568019978139e-01 9.999714406521741372e-01
1.082946674285859808e+04 9.999991604538535084e-01 9.999847878615379937e-01 9.999840863057684048e-01
1.082948653571576324e+04 9.999995145107338779e-01 9.999917669371792828e-01 9.999913429853923841e-01
1.082950632857293022e+04 9.999996460070689208e-01 9.999956133564568139e-01 9.999953668273210416e-01
1.082952612143009537e+04 9.999996907885846387e-01 9.999976606047975558e-01 9.999975225454555972e-01
1.082954591428726053e+04 9.999997029611806809e-01 9.999987119512302458e-01 9.999986374263195588e-01
1.082956570714442751e+04 9.999997027275296935e-01 9.999992314220321754e-01 9.999991925890470146e-01
1.082958550000159266e+04 9.999996971594772299e-01 9.999994763712604096e-01 9.999994567728607286e-01
1.082960529285875782e+04 9.999996885632607135e-01 9.999995838717572472e-01 9.999995741899918578e-01
1.082962508571592298e+04 9.999996776068218463e-01 9.999996238534855086e-01 9.999996189809917668e-01
1.082964487857308814e+04 9.999996644056291517e-01 9.999996299245197395e-01 9.999996270379385432e-01
1.082966467143025329e+04 9.999996488712922238e-01 9.999996158700545923e-01 9.999996131483390727e-01
1.082968446428742027e+04 9.999996308104680542e-01 9.999995828479290028e-01 9.999995784813225930e-01
1.082970425714458543e+04 9.999996099367712832e-01 9.999995195419546512e-01 9.999995106658496891e-01
1.082972405000175058e+04 9.999995858268125870e-01 9.999993948031837832e-01 9.999993759241097013e-01
1.082974384285891756e+04 9.999995577567800664e-01 9.999991391172690092e-01 9.999990994536801514e-01
1.082976363571608272e+04 9.999995241641544963e-01 9.999986069190243132e-01 9.999985258560628587e-01
1.082978342857324787e+04 9.999994809469118229e-01 9.999975056174126298e-01 9.999973452049166767e-01
1.082980322143041303e+04 9.999994163862044871e-01 9.999952686492725729e-01 9.999949618421335451e-01
1.082982301428757819e+04 9.999992969633262341e-01 9.999908389728968672e-01 9.999902722840801061e-01
1.082984280714474335e+04 9.999990304461985335e-01 9.999823173702131474e-01 9.999813070246161839e-01
1.082986260000191032e+04 9.999983765503537292e-01 9.999664199805146092e-01 9.999646818243562718e-01
1.082988239285907548e+04 9.999967460666481234e-01 9.999376875982809443e-01 9.999348032067436609e-01
1.082990218571624064e+04 9.999927815400380116e-01 9.998874042509868776e-01 9.998827889734177576e-01
1.082992197857340761e+04 9.999835452713022876e-01 9.998022249307806364e-01 9.997951077107687379e-01
1.082994177143057277e+04 9.999630633770552057e-01 9.996625910968919282e-01 9.996520199129705908e-01
1.082996156428773793e+04 9.999199188765175439e-01 9.994411298985262926e-01 9.994260190629197238e-01
1.082998135714490490e+04 9.998336169872221735e-01 9.991013779346678003e-01 9.990806123226064761e-01
1.083000115000206824e+04 9.996696683609227474e-01 9.985973133834000759e-01 9.985699181648202138e-01
1.083002094285923340e+04 9.993738810007049000e-01 9.978742737611435709e-01 9.978396455991732639e-01
1.083004073571640038e+04 9.988672902025431677e-01 9.968718226294321916e-01 9.968300006733119556e-01
1.083006052857356553e+04 9.980443274944389431e-01 9.955289567304183018e-01 9.954808923965658973e-01
1.083008032143073069e+04 9.967776554562803870e-01 9.937916944838735001e-01 9.937394631718839966e-01
1.083010011428789767e+04 9.949326283160963014e-01 9.916225857463861759e-01 9.915694770199066088e-01
1.083011990714506283e+04 9.923918371379744086e-01 9.890111150785279026e-01 9.889615449299894445e-01
1.083013970000222798e+04 9.890860963221467239e-01 9.859834636545868891e-01 9.859426748013094821e-01
1.083015949285939496e+04 9.850245692031474043e-01 9.826097890027235549e-01 9.825833404638082413e-01
1.083017928571656012e+04 9.803159827757622624e-01 9.790071928653399924e-01 9.790002825252424046e-01
1.083019907857372345e+04 9.751755825841457170e-01 9.753369330199136433e-01 9.753536382733148935e-01
1.083021887143089043e+04 9.699162665969017771e-01 9.717951747607977975e-01 9.718377276233928219e-01
1.083023866428805559e+04 9.649243857361410326e-01 9.685975736116871904e-01 9.686657997211046700e-01
1.083025845714522075e+04 9.606223832953342257e-01 9.659590717192679810e-01 9.660501118416007227e-01
1.083027825000238772e+04 9.574157686656136201e-01 9.640712792106114204e-01 9.641796757632827841e-01
1.083029804285955288e+04 9.556358020783132234e-01 9.630804988333446781e-01 9.631986724277149525e-01
1.083031783571671804e+04 9.554903493579045559e-01 9.630696716173130500e-01 9.631887431320059756e-01
1.083033762857388501e+04 9.570269695615459815e-01 9.640471769643024214e-01 9.641580227953526760e-01
1.083035742143105017e+04 9.601214534342265017e-01 9.659445151385682715e-01 9.660388920482669839e-01
1.083037721428821351e+04 9.644839325786209727e-01 9.686235503096504162e-01 9.686951045426942519e-01
1.083039700714538048e+04 9.697002043225313450e-01 9.718924231860133212e-01 9.719374134842121427e-01
1.083041680000254564e+04 9.752891770984355446e-01 9.755277553764165610e-01 9.755453704821189787e-01
1.083043659285971080e+04 9.807732349415818618e-01 9.792996817729435755e-01 9.792919105265404101e-01
1.083045638571687778e+04 9.857511212782599230e-01 9.829958202125241851e-01 9.829669195847133834e-01
1.083047617857404293e+04 9.899533086206349086e-01 9.864406374597947114e-01 9.863963202275146669e-01
1.083049597143120991e+04 9.932639497478190638e-01 9.895077248844192930e-01 9.894542353631334830e-01
1.083051576428837507e+04 9.957053190120735975e-01 9.921239976293366736e-01 9.920672498305679321e-01
1.083053555714554022e+04 9.973952847246124742e-01 9.942664012909905313e-01 9.942113196788895380e-01
1.083055535000270720e+04 9.984964547909798149e-01 9.959529702966655185e-01 9.959031112142892050e-01
1.083057514285987054e+04 9.991735738669157429e-01 9.972307666772201040e-01 9.971882279742109167e-01
1.083059493571703570e+04 9.995673126166561007e-01 9.981632594936933334e-01 9.981288265799053150e-01
1.083061472857420085e+04 9.997841370816801243e-01 9.988191967643934577e-01 9.987926385448702149e-01
1.083063452143136783e+04 9.998972991206896976e-01 9.992642118336987345e-01 9.992446333328310892e-01
1.083065431428853299e+04 9.999532859866244738e-01 9.995555612016664426e-01 9.995417357993109375e-01
1.083067410714569996e+04 9.999795445076015143e-01 9.997397183213104777e-01 9.997303509390418341e-01
1.083069390000286512e+04 9.999912243181717786e-01 9.998521500521357908e-01 9.998460524646696213e-01
1.083071369286003028e+04 9.999961616518566743e-01 9.999184778684087060e-01 9.999146607761179029e-01
1.083073348571719725e+04 9.999981583479072844e-01 9.999563038717667052e-01 9.999540040878435176e-01
1.083075327857436059e+04 9.999989446693963169e-01 9.999771669405594920e-01 9.999758324985797975e-01
1.083077307143152575e+04 9.999992592895922128e-01 9.999883030282197272e-01 9.999875569137101072e-01
1.083079286428869091e+04 9.999993981725718850e-01 9.999940612478913637e-01 9.999936590659120883e-01
1.083081265714585788e+04 9.999994728568570856e-01 9.999969507842866312e-01 9.999967416654651498e-01
1.083083245000302304e+04 9.999995231384358751e-01 9.999983628987414441e-01 9.999982579313820841e-01
1.083085224286019002e+04 9.999995626987030484e-01 9.999990396682081339e-01 9.999989887378285536e-01
1.083087203571735517e+04 9.999995962759294921e-01 9.999993621738144656e-01 9.999993382269395381e-01
1.083089182857452033e+04 9.999996256858378896e-01 9.999995189878414514e-01 9.999995080214256760e-01
1.083091162143168731e+04 9.999996517985983990e-01 9.999996001191288064e-01 9.999995951768876346e-01
1.083093141428885247e+04 9.999996751547776119e-01 9.999996470784052738e-01 9.999996448406355265e-01
1.083095120714601580e+04 9.999996961536516960e-01 9.999996784201057309e-01 9.999996773631307789e-01
1.083097100000318096e+04 9.999997151144538465e-01 9.999997022326442275e-01 9.999997016826530638e-01
1.083099079286034794e+04 9.999997323006849514e-01 9.999997219994809505e-01 9.999997216684265444e-01
1.083101058571751310e+04 9.999997479330278161e-01 9.999997392413433328e-01 9.999997390093963157e-01
1.083103037857468007e+04 9.999997621979489493e-01 9.999997546623119460e-01 9.999997544802848859e-01
1.083105017143184523e+04 9.999997752540920049e-01 9.999997686294094246e-01 9.999997684768118233e-01
1.083106996428901039e+04 9.999997872372428098e-01 9.999997813672084623e-01 9.999997812349324944e-01
1.083108975714617736e+04 9.999997982642527816e-01 9.999997930352287900e-01 9.999997929186609236e-01
1.083110955000334252e+04 9.999998084361894080e-01 9.999998037587917166e-01 9.999998036551580594e-01
1.083112934286050586e+04 9.999998178408694427e-01 9.999998136418934980e-01 9.999998135492488283e-01
1.083114913571767283e+04 9.999998265549295828e-01 9.999998227731958789e-01 9.999998226900312925e-01
1.083116892857483799e+04 9.999998346455173381e-01 9.999998312293270075e-01 9.999998311544127105e-01
1.083118872143200315e+04 9.999998421716906893e-01 9.999998390770371559e-01 9.999998390093443046e-01
1.083120851428917013e+04 9.999998491855753846e-01 9.999998463747926669e-01 9.999998463134488480e-01
1.083122830714633528e+04 9.999998557333310556e-01 9.999998531740260654e-01 9.999998531182865413e-01
1.083124810000350044e+04 9.999998618559662322e-01 9.999998595201582408e-01 9.999998594693830789e-01
1.083126789286066742e+04 9.999998675900185763e-01 9.999998654534419940e-01 9.999998654070790804e-01
1.083128768571783257e+04 9.999998729681359722e-01 9.999998710096691390e-01 9.999998709672397457e-01
1.083130747857499773e+04 9.999998780195672454e-01 9.999998762207576997e-01 9.999998761818453819e-01
1.083132727143216289e+04 9.999998827705847138e-01 9.999998811152593925e-01 9.999998810795015514e-01
1.083134706428932805e+04 9.999998872448419007e-01 9.999998857187817336e-01 9.999998856858586249e-01
1.083136685714649320e+04 9.999998914636853975e-01 9.999998900543494162e-01 9.999998900239817079e-01
1.083138665000366018e+04 9.999998954464213163e-01 9.999998941427202803e-01 9.999998941146602816e-01
1.083140644286082534e+04 9.999998992105484374e-01 9.999998980026472140e-01 9.999998979766762108e-01
1.083142623571799049e+04 9.999999027719572720e-01 9.999999016511120775e-01 9.999999016270370022e-01
1.083144602857515747e+04 9.999999061451080307e-01 9.999999051035250996e-01 9.999999050811740897e-01
1.083146582143232263e+04 9.999999093431808372e-01 9.999999083738996264e-01 9.999999083531179167e-01
1.083148561428948778e+04 9.999999123782145061e-01 9.999999114750008911e-01 9.999999114556510360e-01
1.083150540714665294e+04 9.999999152612188968e-01 9.999999144184806843e-01 9.999999144004408924e-01
1.083152520000381810e+04 9.999999180022847156e-01 9.999999172149918181e-01 9.999999171981515111e-01
1.083154499286098326e+04 9.999999206106712224e-01 9.999999198742929307e-01 9.999999198585530769e-01
1.083156478571815023e+04 9.999999230948881657e-01 9.999999224053355285e-01 9.999999223906055335e-01
1.083158457857531539e+04 9.999999254627696121e-01 9.999999248163435883e-01 9.999999248025437382e-01
1.083160437143248055e+04 9.999999277215357862e-01 9.999999271148861668e-01 9.999999271019428537e-01
1.083162416428964752e+04 9.999999298778516899e-01 9.999999293079380180e-01 9.999999292957854058e-01
1.083164395714681268e+04 9.999999319378773954e-01 9.999999314019363261e-01 9.999999313905141296e-01
1.083166375000397784e+04 9.999999339073130100e-01 9.999999334028283338e-01 9.999999333920822631e-01
1.083168354286114482e+04 9.999999357914398646e-01 9.999999353161190818e-01 9.999999353059990659e-01
1.083170333571830815e+04 9.999999375951594827e-01 9.999999371469064924e-01 9.999999371373673451e-01
1.083172312857547331e+04 9.999999393230201150e-01 9.999999388999208927e-01 9.999999388909209808e-01
1.083174292143264029e+04 9.999999409792542648e-01 9.999999405795546581e-01 9.999999405710555678e-01
1.083176271428980544e+04 9.999999425677996712e-01 9.999999421898911889e-01 9.999999421818596135e-01
1.083178250714697060e+04 9.999999440923249550e-01 9.999999437347318887e-01 9.999999437271341884e-01
1.083180230000413758e+04 9.999999455562534889e-01 9.999999452176182579e-01 9.999999452104266773e-01
1.083182209286130274e+04 9.999999469627807169e-01 9.999999466418539873e-01 9.999999466350408817e-01
1.083184188571846789e+04 9.999999483148920287e-01 9.999999480105226102e-01 9.999999480040628885e-01
1.083186167857563487e+04 9.999999496153808565e-01 9.999999493265058215e-01 9.999999493203760581e-01
1.083188147143279821e+04 9.999999508668629966e-01 9.999999505924959120e-01 9.999999505866733474e-01
1.083190126428996336e+04 9.999999520717882673e-01 9.999999518110032071e-01 9.999999518054629721e-01
1.083192105714713034e+04 9.999999532324560514e-01 9.999999529843520696e-01 9.999999529790620789e-01
1.083194085000429550e+04 9.999999543510232902e-01 9.999999541146440407e-01 9.999999541095498934e-01
1.083196064286146066e+04 9.999999554295179172e-01 9.999999552036631378e-01 9.999999551986621382e-01
1.083198043571862763e+04 9.999999564698444088e-01 9.999999562526714625e-01 9.999999562475656578e-01
1.083200022857579279e+04 9.999999574737964414e-01 9.999999572620427157e-01 9.999999572564636230e-01
1.083202002143295795e+04 9.999999584430622201e-01 9.999999582306996482e-01 9.999999582240168827e-01
1.083203981429012492e+04 9.999999593792330277e-01 9.999999591554041833e-01 9.999999591466344206e-01
1.083205960714729008e+04 9.999999602838093304e-01 9.999999600300956137e-01 9.999999600178588466e-01
1.083207940000445342e+04 9.999999611582071068e-01 9.999999608456182631e-01 9.999999608281884278e-01
1.083209919286162039e+04 9.999999620037627324e-01 9.999999615902525063e-01 9.999999615657435559e-01
1.083211898571878555e+04 9.999999628217400849e-01 9.999999622513049413e-01 9.999999622179757131e-01
1.083213877857595071e+04 9.999999636133337644e-01 9.999999628176285960e-01 9.999999627742340857e-01
1.083215857143311769e+04 9.999999643796738669e-01 9.999999632824438933e-01 9.999999632285194728e-01
