# EXHALE lower-atmosphere profile (docs/phase_e_flux_closure_design.md section 2)
# solution_id 6224261aae453441e0dbfe5871e6fbc62420fd314ff2c499575353dfbb4e521a
# source_code photochem
# source_version photochem 0.8.4, photochem_to_lower_profile.py
# mechanism zahnle_HHeNOC_rxns.yaml sha256 908cc51ef08cfce6
# stellar_flux lhs1140_sed_gj1132_at_b.txt sha256 37a95348aeb58b91 dilution 1.000000E+00
# p_match_bar 9.99999999999999955E-07
# p_top_bar 1.12889274999479665E-08
# p_deep_bar 1.67309812445468857E+01
# trial_flux_H 7.32734515334700197E+07
# trial_flux_He 3.26816476680609345E+08
# measured_flux_H 7.32727624182718098E+07
# measured_flux_He 3.26813401837125719E+08
# iteration 7
# reached_steady_state T
# notes F_H and F_He columns are the STATED trial fluxes; the header measured_flux_* are what the solution carries across its own top. measured elemental escape at the model top (r_top = 1.147915e+09 cm): H 7.327276e+07 g/s, He 3.268134e+08 g/s; imposed H 7.327345e+07, He 3.268165e+08; atomic-H share of the hydrogen nuclei at the top 6.293e-56 imposed, 9.727e-05 converged. climate solved: deep boundary 20 bar at 582.9 K, background He, tropopause 0.8602 bar at 185.0 K, cold-trap f_H2O 1.561e-07 (deep 2.887e-04). cold trap at the match: O/H gas 5.0655e-07 vs all-carrier 5.0655e-07; C/H gas 2.7786e-04 vs all-carrier 2.7786e-04; N/H gas 8.1894e-05 vs all-carrier 8.1894e-05; chemistry q_H2O at the tropopause (0.8602 bar) 9.7330e-07, at the match 2.3542e-07.
# units p[bar] r[R_J] T[K] n_tot[cm^-3] rho[g/cm^3] Kzz[cm^2/s] q_*[-] X_*[El/H nuclei] F_*[g/s]
# columns: p r T n_tot rho Kzz q_H2 q_H X_He X_C X_N X_O F_H F_He q_H2O q_CO q_CO2 q_CH4 q_NH3 q_HCN q_N2 q_OH q_C2H2
  1.67309812445468857E+01   1.55948152354175779E-01   5.46179500220460227E+02   2.21872120447135056E+20   1.30308675657244224E-03   1.00000000000000000E+09   2.37519854382141016E-01   7.18442914100287538E-20   1.59999998777852714E+00   2.77588031847146230E-04   8.18490163888556811E-05   6.06177995371397780E-04   7.32734515334700197E+07   3.26816476680609345E+08   2.88699959778724333E-04   6.94776116334061664E-17   5.19403244664111074E-18   1.32204821401530530E-04   3.89190735687941481E-05   5.82677156637335532E-22   3.12793783702769322E-08   3.39762317332780874E-28   4.32183178863370733E-33
  1.59809060222133450E+01   1.55992667708306360E-01   5.37620223022300252E+02   2.15299250626766012E+20   1.26448328133134565E-03   1.00000000000000000E+09   2.37519854987803591E-01   3.16313271587050175E-20   1.59999999916389157E+00   2.77588031833768422E-04   8.18155013535475193E-05   6.06177999684893412E-04   7.32734515334700197E+07   3.26816476680609345E+08   2.88699962571732508E-04   6.94776118105704590E-17   6.57648064941328138E-18   1.32204821738645631E-04   3.89190736680356452E-05   5.82677158123127383E-22   2.32983982422754995E-08   1.17156320228145864E-28   1.06282320095547296E-33
  1.46513968012935543E+01   1.56075106200932068E-01   5.21405485438700111E+02   2.03526119333562188E+20   1.19533799779696841E-03   1.00000000000000000E+09   2.37519854998169161E-01   1.16946958116761721E-14   1.59999999941550874E+00   2.77588031876433675E-04   8.18155013660622752E-05   6.06177920219376346E-04   7.32734515334700197E+07   3.26816476680609345E+08   2.88699924690129217E-04   8.37931448698667712E-17   6.57665183714632537E-18   1.32204821561790465E-04   3.89190728636599006E-05   3.39284162947009829E-15   2.32987389412752804E-08   2.84131653695570905E-23   5.14803093445948196E-15
  1.33963678016803804E+01   1.56157544681350291E-01   5.04687272241620462E+02   1.92256675264725844E+20   1.12915094119283828E-03   1.00000000000000000E+09   2.37519855017550074E-01   2.40515830146469805E-14   1.59999999991937814E+00   2.77588031962773681E-04   8.18155013914456978E-05   6.06177761940349417E-04   7.32734515334700197E+07   3.26816476680609345E+08   2.88699849237882553E-04   9.89349635861995347E-17   6.57683300839618905E-18   1.32204821379286794E-04   3.89190720137441547E-05   6.98354035450275081E-15   2.32990994964512555E-08   3.59419785401576510E-23   1.05999063382360169E-14
  1.22125134622094649E+01   1.56239983126319870E-01   4.87414558758255907E+02   1.81477703823358558E+20   1.06584450015693544E-03   1.00000000000000000E+09   2.37519855055350670E-01   3.72122838601689572E-14   1.60000000094200923E+00   2.77588032139052649E-04   8.18155014433334183E-05   6.06177441709321307E-04   7.32734515334700197E+07   3.26816476680609345E+08   2.88699696582592398E-04   1.14942306571852739E-16   6.57702488677134596E-18   1.32204821195625223E-04   3.89190711164323684E-05   1.07864081437851049E-14   2.32994813111890756E-08   3.25112366090970806E-23   1.63873769353057749E-14
  1.10979919508013545E+01   1.56322421557932689E-01   4.70765504112481835E+02   1.70748340277066007E+20   1.00282941279542740E-03   1.00000000000000000E+09   2.37519855131723079E-01   5.15049915865181514E-14   1.60000000305237333E+00   2.77588032503932162E-04   8.18155015508039964E-05   6.06176781870329919E-04   7.32734515334700197E+07   3.26816476680609345E+08   2.88699382035133788E-04   1.31873063683407125E-16   6.57722851882123810E-18   1.32204821020867960E-04   3.89190701700907238E-05   1.48220969896605845E-14   2.32998864120848047E-08   2.58522126359625730E-23   2.25571568943825259E-14
  1.00519940105500183E+01   1.56404859968262561E-01   4.54532814456428810E+02   1.60178306010517570E+20   9.40750087898538563E-04   1.00000000000000000E+09   2.37519855290531740E-01   6.76534455364562243E-14   1.60000000749038351E+00   2.77588033272486111E-04   8.18155017772467487E-05   6.06175395367733049E-04   7.32734515334700197E+07   3.26816476680609345E+08   2.88698721084893828E-04   1.49808305220492389E-16   6.57744529778408993E-18   1.32204820877914521E-04   3.89190691753437890E-05   1.91181476100666797E-14   2.33003174986510178E-08   1.90318916804526742E-23   2.91709132947928616E-14
  9.07224181878336644E+00   1.56487298348066406E-01   4.37717077297097148E+02   1.50119754096850469E+20   8.81674769578693674E-04   1.00000000000000000E+09   2.37519855628692184E-01   8.68569813936794974E-14   1.60000001699783745E+00   2.77588034920411668E-04   8.18155022628669869E-05   6.06172426461790452E-04   7.32734515334700197E+07   3.26816476680609345E+08   2.88697305798057806E-04   1.68816634396165621E-16   6.57767652079949641E-18   1.32204820819346625E-04   3.89190681419832377E-05   2.37003511719318076E-14   2.33007770637114556E-08   1.28256061183175181E-23   3.62916162165089104E-14
  8.15551199250280590E+00   1.56569736711093588E-01   4.20344043055872362E+02   1.40528060004067148E+20   8.25341368967232470E-04   1.00000000000000000E+09   2.37519856364987819E-01   1.10714877227026067E-13   1.60000003776487043E+00   2.77588038521710452E-04   8.18155033242130934E-05   6.06165943179390798E-04   7.32734515334700197E+07   3.26816476680609345E+08   2.88694215197013080E-04   1.88957711912504036E-16   6.57792342004325532E-18   1.32204820965687951E-04   3.89190671001026666E-05   2.85931689355166906E-14   2.33012674573352736E-08   7.96250177829382833E-24   4.39844693996512311E-14
  7.30078107268832710E+00   1.56652175052206410E-01   4.04394930654001655E+02   1.30761634345973465E+20   7.67981734333090475E-04   1.00000000000000000E+09   2.37519858009675872E-01   1.41258604357025011E-13   1.60000008422192042E+00   2.77588046579774325E-04   8.18155056991252093E-05   6.06151441220295411E-04   7.32734515334700197E+07   3.26816476680609345E+08   2.88687302068132317E-04   2.10353688263377082E-16   6.57818804298532488E-18   1.32204821598627751E-04   3.89190661236928092E-05   3.38369245361227857E-14   2.33017926392978645E-08   4.97385315469175919E-24   5.23447678459327964E-14
  6.50677019390579314E+00   1.56734613371861675E-01   3.87809820181791736E+02   1.21524371525751685E+20   7.13729925647433238E-04   1.00000000000000000E+09   2.37519861772636898E-01   1.81048013136254271E-13   1.60000019059506404E+00   2.77588065032620022E-04   8.18155111377570811E-05   6.06118237992211333E-04   7.32734515334700197E+07   3.26816476680609345E+08   2.88671473987610339E-04   2.33139460212062601E-16   6.57847269871118048E-18   1.32204823389218864E-04   3.89190654003019525E-05   3.94766758281386479E-14   2.33023570892004479E-08   2.85244424142521393E-24   6.14823791295658105E-14
  5.77007691932157307E+00   1.56817051659952411E-01   3.70501711375298441E+02   1.12799740780670894E+20   6.62488827254854385E-04   1.00000000000000000E+09   2.37519870586225978E-01   2.33372709464663110E-13   1.60000043983656637E+00   2.77588108271921267E-04   8.18155238818693922E-05   6.06040442470625316E-04   7.32734515334700197E+07   3.26816476680609345E+08   2.88634388630534832E-04   2.57414042024147898E-16   6.57877935736146907E-18   1.32204827967685403E-04   3.89190654015436960E-05   4.55498067845126432E-14   2.33029646561543989E-08   1.47259413351220879E-24   7.15018659152951483E-14
  5.08929357070002641E+00   1.56899489921363933E-01   3.54499148333462472E+02   1.03982205467466039E+20   6.10701972016982264E-04   1.00000000000000000E+09   2.37519891830091923E-01   3.02879441250114685E-13   1.60000104069797655E+00   2.77588212514274406E-04   8.18155546058347969E-05   6.05852898557672427E-04   7.32734515334700197E+07   3.26816476680609345E+08   2.88544985924544866E-04   2.83366100875913747E-16   6.57911128838909262E-18   1.32204839438109515E-04   3.89190673221299243E-05   5.21170182619204788E-14   2.33036219180340015E-08   7.58329095781129455E-25   8.25531997190649258E-14
  4.46297103050327593E+00   1.56981928141818439E-01   3.37874615958763911E+02   9.56720808876055593E+19   5.61894943120670167E-04   1.00000000000000000E+09   2.37519944505606040E-01   3.96085358676149693E-13   1.60000253069461373E+00   2.77588471014631811E-04   8.18156307953502276E-05   6.05387836485474511E-04   7.32734515334700197E+07   3.26816476680609345E+08   2.88323289759391446E-04   3.11215418558182794E-16   6.57947259512493310E-18   1.32204868373016990E-04   3.89190742587311336E-05   5.92491853404693012E-14   2.33043375566709857E-08   3.46728899457831822E-25   9.48134635799531101E-14
  3.88816991204342033E+00   1.57064366274172668E-01   3.20904094055585460E+02   8.77579954757633966E+19   5.15413265290039983E-04   1.00000000000000000E+09   2.37520078969353760E-01   5.22123778290531200E-13   1.60000633432932604E+00   2.77589130913591668E-04   8.18158252919265428E-05   6.04200638850786449E-04   7.32734515334700197E+07   3.26816476680609345E+08   2.87757351328393870E-04   3.41165436937925574E-16   6.57986810890837874E-18   1.32204942797511525E-04   3.89190944464060974E-05   6.70144118290299590E-14   2.33051229991241601E-08   1.40829560915108513E-25   1.08463638959921922E-13
  3.36328422883374545E+00   1.57146804233026904E-01   3.04758336541247672E+02   7.99327387823822111E+19   4.69451718016717550E-04   1.00000000000000000E+09   2.37520434107300726E-01   6.94539896812761352E-13   1.60001638049343486E+00   2.77590873844144970E-04   8.18163389981147398E-05   6.01065015269057739E-04   7.32734515334700197E+07   3.26816476680609345E+08   2.86262605942211789E-04   3.73548445352035598E-16   6.58030672180355720E-18   1.32205140010684049E-04   3.89191506186438029E-05   7.55127089193898347E-14   2.33060014688849255E-08   5.61401473090774223E-26   1.23748396355048965E-13
  2.88619879187060491E+00   1.57229241725111019E-01   2.87728910915712845E+02   7.26539876942453883E+19   4.26695865514393655E-04   1.00000000000000000E+09   2.37521404110504958E-01   9.32523145968186944E-13   1.60004382068466611E+00   2.77595634507900053E-04   8.18177421423242585E-05   5.92500347870859000E-04   7.32734515334700197E+07   3.26816476680609345E+08   2.82179919281594067E-04   4.08773843164878035E-16   6.58080495462251394E-18   1.32205679415700904E-04   3.89193073397039977E-05   8.48551947820168978E-14   2.33070222561623693E-08   2.25429370417729850E-26   1.40942738757582409E-13
  2.45480614500698735E+00   1.57311677913505588E-01   2.71518397848428606E+02   6.54839181129991619E+19   3.84567919532530678E-04   1.00000000000000000E+09   2.37524153945856603E-01   1.26036487525412305E-12   1.60012161423803767E+00   2.77609131102582517E-04   8.18217200897674787E-05   5.68219331001099158E-04   7.32734515334700197E+07   3.26816476680609345E+08   2.70605994461115820E-04   4.47374126160743797E-16   6.58140214765269885E-18   1.32207209431291743E-04   3.89197554630586311E-05   9.51822831958790762E-14   2.33083130731023777E-08   1.67142606619699634E-26   1.60380000199517457E-13
  2.06720751167535344E+00   1.57394110260732661E-01   2.54702075827250525E+02   5.87852415767351460E+19   3.45180550033317448E-04   1.00000000000000000E+09   2.37532220823120199E-01   1.69952759954494742E-12   1.60034986179926397E+00   2.77648730341579174E-04   8.18333914557985089E-05   4.96978437365839750E-04   7.32734515334700197E+07   3.26816476680609345E+08   2.36652860855364840E-04   4.89972746637250784E-16   6.58220511476483359E-18   1.32211698875892350E-04   3.89210745402853640E-05   1.06669882056730216E-13   2.33102377354654279E-08   2.45810913174431860E-26   1.82465662450734235E-13
  1.72140854534060295E+00   1.57476531343535509E-01   2.38584302492686106E+02   5.22587245250276721E+19   3.06732221683625385E-04   1.00000000000000000E+09   2.37555914557184139E-01   2.26899245678682650E-12   1.60102054933384430E+00   2.77765089605409052E-04   8.18676868516357554E-05   2.87642674339760201E-04   7.32734515334700197E+07   3.26816476680609345E+08   1.36926932704089144E-04   5.37382093738973682E-16   6.58351077703755600E-18   1.32224886231332799E-04   3.89249538430941447E-05   1.19545159843796043E-13   2.33138293552751265E-08   3.27178300842431188E-26   2.07695512109451094E-13
  1.41540207935519757E+00   1.57558951523118329E-01   2.22081387649310500E+02   4.61619752903373046E+19   2.70831243992016772E-04   1.00000000000000000E+09   2.37580773057275374E-01   3.00193034938117289E-12   1.60172466791025436E+00   2.77887248903830155E-04   8.19036917330144744E-05   6.78723755819015474E-05   7.32734515334700197E+07   3.26816476680609345E+08   3.22985553084498866E-05   5.90594625357180790E-16   6.58493267769540770E-18   1.32238721802974558E-04   3.89290236036030397E-05   1.34085029590828638E-13   2.33176959641430106E-08   2.05976453385621201E-26   2.36654976967521890E-13
  1.14683821126428520E+00   1.57641385041128457E-01   2.05958529419054429E+02   4.03310092293108695E+19   2.36595539745226629E-04   1.00000000000000000E+09   2.37587034528871782E-01   3.95396797345422280E-12   1.60190209872010780E+00   2.77918031813135288E-04   8.19127645991650261E-05   1.24924614528701084E-05   7.32734515334700197E+07   3.26816476680609345E+08   5.94430936313877890E-06   6.50863053717275714E-16   6.58594127237111308E-18   1.32242206049329209E-04   3.89300456483997821E-05   1.50638768934993283E-13   2.33199327647915715E-08   1.11182618321336435E-26   2.70053210754818576E-13
  9.14606174806162797E-01   1.57723822108329109E-01   1.91643828741055728E+02   3.45665477538538455E+19   2.02775098398017255E-04   1.00000000000000000E+09   2.37588215590763291E-01   5.21640002720844327E-12   1.60193556953569960E+00   2.77923838739775294E-04   8.19144761156770780E-05   2.04550516052612459E-06   7.32734515334700197E+07   3.26816476680609345E+08   9.73300716397802370E-07   7.20294877409741814E-16   6.58694018022144650E-18   1.32242862359945441E-04   3.89302346206882492E-05   1.69788462028415414E-13   2.33219219683375712E-08   5.64700078792207770E-27   3.09042935837872742E-13
  7.21112025444793581E-01   1.57806260013084093E-01   1.86445196079364365E+02   2.80135570606774518E+19   1.64333325193853169E-04   1.00000000000000000E+09   2.37588379420601625E-01   6.95771494377353473E-12   1.60194021221097405E+00   2.77924644196272095E-04   8.19147135131075677E-05   5.96417324277857270E-07   7.32734515334700197E+07   3.26816476680609345E+08   2.83789113810475945E-07   8.03597353862357622E-16   6.58810784997686777E-18   1.32242952244259273E-04   3.89302559859588520E-05   1.92841145145785765E-13   2.33241890931255236E-08   3.81003207111878239E-27   3.56239469995807866E-13
  5.66269651058862844E-01   1.57888697981688558E-01   1.84959686439815698E+02   2.21749639918542029E+19   1.30082906754717920E-04   1.00000000000000000E+09   2.37588389576842141E-01   9.41498543885827322E-12   1.60194049964085750E+00   2.77924694046281361E-04   8.19147282051113662E-05   5.06689885384274707E-07   7.32734515334700197E+07   3.26816476680609345E+08   2.41094690747225695E-07   9.07537883786199977E-16   6.58956379321565578E-18   1.32242956253875155E-04   3.89302507931428804E-05   2.21691583643427581E-13   2.33270025139947149E-08   5.22280342969540706E-27   4.15540010808338626E-13
  4.44356338202708534E-01   1.57971135923937217E-01   1.84956458752543000E+02   1.74011758114580029E+19   1.02078881900587003E-04   1.00000000000000000E+09   2.37588389592865573E-01   1.28784174657807281E-11   1.60194049957927009E+00   2.77924694013564151E-04   8.19147281946442751E-05   5.06689885314750666E-07   7.32734515334700197E+07   3.26816476680609345E+08   2.41094686971814666E-07   1.03927923097955002E-15   6.59141405345983584E-18   1.32242954160211750E-04   3.89302420800108443E-05   2.58362736813941213E-13   2.33305715530141209E-08   7.75548188289131565E-27   4.91165342511702600E-13
  3.48777466733133312E-01   1.58053573838015798E-01   1.84956458752543000E+02   1.36582681418387927E+19   8.01222144813543109E-05   1.00000000000000000E+09   2.37588389613040324E-01   1.77113122399203770E-11   1.60194049950087503E+00   2.77924693971924174E-04   8.19147281813209890E-05   5.06689885226247158E-07   7.32734515334700197E+07   3.26816476680609345E+08   2.41094682154946718E-07   1.20689426540286258E-15   6.59377472451121382E-18   1.32242951471246760E-04   3.89302309626581123E-05   3.05149953469680356E-13   2.33351179033282238E-08   1.16015472703863405E-26   5.87945758907382147E-13
  2.73826296406412317E-01   1.58136011732351783E-01   1.84956458752543000E+02   1.07231496794689987E+19   6.29042049543046056E-05   1.00000000000000000E+09   2.37588389638444891E-01   2.43834584591638803E-11   1.60194049940112038E+00   2.77924693918944906E-04   8.19147281643675771E-05   5.06689885113618458E-07   7.32734515334700197E+07   3.26816476680609345E+08   2.41094676010861628E-07   1.42009955776963840E-15   6.59678586096089128E-18   1.32242948017103105E-04   3.89302167799444608E-05   3.64829038842506532E-13   2.33409076306512511E-08   1.76130625465654987E-26   7.11744325951303675E-13
  2.15036116551884898E-01   1.58218449602744060E-01   1.84956458752543000E+02   8.42090220895090483E+18   4.93987470352216497E-05   1.00000000000000000E+09   2.37588389670439271E-01   3.35136879346791226E-11   1.60194049927421656E+00   2.77924693851555398E-04   8.19147281428003158E-05   5.06689884970325259E-07   7.32734515334700197E+07   3.26816476680609345E+08   2.41094668175874681E-07   1.69121780073243575E-15   6.60062570946966973E-18   1.32242943578778478E-04   3.89301986897363979E-05   4.40932743963272031E-13   2.33482784776331383E-08   2.73344540814708491E-26   8.70041818357753555E-13
  1.68910643035186714E-01   1.58300887452575617E-01   1.84956458752543000E+02   6.61460981465931162E+18   3.88026637587290230E-05   1.00000000000000000E+09   2.37588389710741199E-01   4.59116121207976047E-11   1.60194049911281966E+00   2.77924693765858757E-04   8.19147281153708275E-05   5.06689884788066003E-07   7.32734515334700197E+07   3.26816476680609345E+08   2.41094658187195981E-07   2.03587246382835108E-15   6.60552109180043820E-18   1.32242937873713884E-04   3.89301756201838092E-05   5.37956551620854947E-13   2.33576590000866425E-08   4.34418022524367903E-26   1.07238260710652938E-12
  1.32712491512284342E-01   1.58383325280612469E-01   1.84956458752543000E+02   5.19707540691902259E+18   3.04871149144731716E-05   1.00000000000000000E+09   2.37588389761520885E-01   6.26309714193128381E-11   1.60194049890760626E+00   2.77924693656909612E-04   8.19147280804946863E-05   5.06689884556303813E-07   7.32734515334700197E+07   3.26816476680609345E+08   2.41094645456073891E-07   2.47386407094867267E-15   6.61176056880944764E-18   1.32242930537061060E-04   3.89301462082394529E-05   6.61619579369847369E-13   2.33695926799354118E-08   7.03770799777403796E-26   1.33094183867863486E-12
  1.04297908568041151E-01   1.58465763086331646E-01   1.84956458752543000E+02   4.08434872584606618E+18   2.39596309844418055E-05   1.00000000000000000E+09   2.37588389825522356E-01   8.50385462913518934E-11   1.60194049864674581E+00   2.77924693518434335E-04   8.19147280361614427E-05   5.06689884261669225E-07   7.32734515334700197E+07   3.26816476680609345E+08   2.41094629233701797E-07   3.03027710588221011E-15   6.61971115199323674E-18   1.32242921097344202E-04   3.89301087214440333E-05   8.19195793104691563E-13   2.33847683318414685E-08   1.15337449052856690E-25   1.66124752657291685E-12
  8.19876119483134991E-02   1.58548200870066269E-01   1.84956458752543000E+02   3.21066839204928410E+18   1.88344421704550692E-05   1.00000000000000000E+09   2.37588389906216169E-01   1.14903429677483612E-10   1.60194049831523611E+00   2.77924693342476454E-04   8.19147279798213376E-05   5.06689883887202418E-07   7.32734515334700197E+07   3.26816476680609345E+08   2.41094608567948862E-07   3.73687777450783648E-15   6.62983951324977780E-18   1.32242908944834003E-04   3.89300609583517713E-05   1.01993437272082234E-12   2.34040584078227507E-08   1.89943862371609606E-25   2.08309934964342811E-12
  6.44658248789704569E-02   1.58630638631871768E-01   1.84956458752543000E+02   2.52450804929868902E+18   1.48092842525739460E-05   1.00000000000000000E+09   2.37588390007992395E-01   1.54512378519176894E-10   1.60194049789405035E+00   2.77924693118947197E-04   8.19147279082407923E-05   5.06689883411394260E-07   7.32734515334700197E+07   3.26816476680609345E+08   2.41094582248457946E-07   4.63387842908079300E-15   6.64273889682664899E-18   1.32242893290457581E-04   3.89300001222422719E-05   1.27559309192620548E-12   2.34285671968388882E-08   3.12993714018790895E-25   2.62173707158448322E-12
  5.07013300110107229E-02   1.58713076371524625E-01   1.84956458752543000E+02   1.98548480475116979E+18   1.16472628626108798E-05   1.00000000000000000E+09   2.37588390136401928E-01   2.06818737890367754E-10   1.60194049735906674E+00   2.77924692835058724E-04   8.19147278173203841E-05   5.06689882806973995E-07   7.32734515334700197E+07   3.26816476680609345E+08   2.41094548737000963E-07   5.77216403407684299E-15   6.65916325785807286E-18   1.32242873112439687E-04   3.89299226612060159E-05   1.60111492498929355E-12   2.34596913983548210E-08   5.14816299170729709E-25   3.30932547413672577E-12
  3.98857250958922355E-02   1.58795514088522549E-01   1.84956458752543000E+02   1.56194129596163123E+18   9.16266939112941815E-06   1.00000000000000000E+09   2.37588390298463792E-01   2.75635377369040689E-10   1.60194049667971106E+00   2.77924692474603948E-04   8.19147277018642911E-05   5.06689882039371986E-07   7.32734515334700197E+07   3.26816476680609345E+08   2.41094506079158019E-07   7.21610063290166681E-15   6.68007055711723209E-18   1.32242847087087376E-04   3.89298240649910696E-05   2.01548612452673527E-12   2.34991961372835801E-08   8.44133271522735039E-25   4.18684025407718182E-12
  3.13851200587944093E-02   1.58877951785732746E-01   1.84956458752543000E+02   1.22905412853064525E+18   7.20988469302838794E-06   1.00000000000000000E+09   2.37588390503048502E-01   3.65885753336951286E-10   1.60194049581724363E+00   2.77924692017049652E-04   8.19147275552885735E-05   5.06689881064781065E-07   7.32734515334700197E+07   3.26816476680609345E+08   2.41094451792334891E-07   9.04707661246868429E-15   6.70667765394061055E-18   1.32242813499156166E-04   3.89296986055852931E-05   2.54282416853945189E-12   2.35493102005882124E-08   1.37912304869861696E-24   5.30646138372945104E-12
  2.47023398128559807E-02   1.58960389459856438E-01   1.84956458752543000E+02   9.67353722862381440E+17   5.67469620371618664E-06   1.00000000000000000E+09   2.37588390761360402E-01   4.83931174059082431E-10   1.60194049472258726E+00   2.77924691436387452E-04   8.19147273692527351E-05   5.06689879827699927E-07   7.32734515334700197E+07   3.26816476680609345E+08   2.41094382723818940E-07   1.13679662215331164E-14   6.74052988686609998E-18   1.32242770126058843E-04   3.89295390047934956E-05   3.21375680966952124E-12   2.36128451314532281E-08   2.24571048126701808E-24   6.73460813691820713E-12
  1.94473403928179731E-02   1.59042827112064494E-01   1.84956458752543000E+02   7.61565797867202688E+17   4.46750184385896512E-06   1.00000000000000000E+09   2.37588391087543566E-01   6.37996384983474063E-10   1.60194049333358768E+00   2.77924690699681617E-04   8.19147271331934076E-05   5.06689878257830556E-07   7.32734515334700197E+07   3.26816476680609345E+08   2.41094294870901445E-07   1.43087532395339803E-14   6.78358924986748611E-18   1.32242714088765331E-04   3.89293360081878527E-05   4.06716967870780210E-12   2.36933438318873655E-08   3.64858973775691663E-24   8.55578482572978462E-12
  1.53140478286223607E-02   1.59125264742186662E-01   1.84956458752543000E+02   5.99704371785891328E+17   3.51798937537607302E-06   1.00000000000000000E+09   2.37588391499441443E-01   8.38718480419495783E-10   1.60194049157154472E+00   2.77924689765235845E-04   8.19147268337353987E-05   5.06689876266153389E-07   7.32734515334700197E+07   3.26816476680609345E+08   2.41094183152985986E-07   1.80336133785346303E-14   6.83834610593302475E-18   1.32242641660583688E-04   3.89290778418931006E-05   5.15242038499960647E-12   2.37952655106736633E-08   5.92537937176155927E-24   1.08774502093346140E-11
  1.20622208080954554E-02   1.59207702351354424E-01   1.84956458752543000E+02   4.72361496647639488E+17   2.77096983745785475E-06   1.00000000000000000E+09   2.37588392019551481E-01   1.09984355961437640E-09   1.60194048933683941E+00   2.77924688580275458E-04   8.19147264539477125E-05   5.06689873739972809E-07   7.32734515334700197E+07   3.26816476680609345E+08   2.41094041122941106E-07   2.27498300466068394E-14   6.90796068556164047E-18   1.32242548023077790E-04   3.89287495289163674E-05   6.53214293711204477E-12   2.39242151736609468E-08   9.64090203132946800E-24   1.38361790363051691E-11
  9.50324387511058098E-03   1.59290139937684816E-01   1.84956458752543000E+02   3.72150914103812096E+17   2.18311391708114648E-06   1.00000000000000000E+09   2.37588392676228055E-01   1.43909432563289881E-09   1.60194048650339482E+00   2.77924687078020161E-04   8.19147259724029090E-05   5.06689870536655668E-07   7.32734515334700197E+07   3.26816476680609345E+08   2.41093860601595327E-07   2.87190134822242696E-14   6.99644226666693975E-18   1.32242426956109816E-04   3.89283320421996952E-05   8.28579898768804779E-12   2.40872273768948989E-08   1.57429194236500048E-23   1.76054545120126925E-11
  7.48899659096899806E-03   1.59372577501888907E-01   1.84956458752543000E+02   2.93272167238475200E+17   1.72039493909809916E-06   1.00000000000000000E+09   2.37588393505194867E-01   1.87924193512852758E-09   1.60194048291170343E+00   2.77924685173991360E-04   8.19147253619902419E-05   5.06689866475721374E-07   7.32734515334700197E+07   3.26816476680609345E+08   2.41093631215025070E-07   3.62712129971055895E-14   7.10887601401285687E-18   1.32242270446266265E-04   3.89278012603138106E-05   1.05141736631500988E-11   2.42931156161832775E-08   2.58042303504012657E-23   2.24055198116227038E-11
  5.90313049062716512E-03   1.59455015044404375E-01   1.84956458752543000E+02   2.31169002609166592E+17   1.35608498223907417E-06   1.00000000000000000E+09   2.37588394551446758E-01   2.44944358013575853E-09   1.60194047836000331E+00   2.77924682761344834E-04   8.19147245884164235E-05   5.06689861328858442E-07   7.32734515334700197E+07   3.26816476680609345E+08   2.41093339808929527E-07   4.58226622457186493E-14   7.25171008356013398E-18   1.32242068194470550E-04   3.89271266622633280E-05   1.33450658095087976E-11   2.45529004287596037E-08   4.23925317700284150E-23   2.85158303828582060E-11
  4.65423127863877177E-03   1.59537452565396171E-01   1.84956458752543000E+02   1.82261599045391072E+17   1.06918407808440526E-06   1.00000000000000000E+09   2.37588395871622532E-01   3.18694201352925440E-09   1.60194047259314942E+00   2.77924679704985632E-04   8.19147236083127978E-05   5.06689854807320118E-07   7.32734515334700197E+07   3.26816476680609345E+08   2.41092969707611609E-07   5.78980854296502227E-14   7.43311891217230913E-18   1.32241806998958960E-04   3.89262696623397396E-05   1.69404881880698640E-11   2.48803308690332196E-08   6.97055338966744363E-23   3.62907932191225778E-11
  3.67045748707830327E-03   1.59619890064754855E-01   1.84956458752543000E+02   1.43736615301738432E+17   8.43188587347890333E-07   1.00000000000000000E+09   2.37588397536963453E-01   4.13924902993501935E-09   1.60194046528857315E+00   2.77924675834139931E-04   8.19147223668475474E-05   5.06689846546019213E-07   7.32734515334700197E+07   3.26816476680609345E+08   2.41092499776568921E-07   7.31587272545178391E-14   7.66346279504913014E-18   1.32241469983422849E-04   3.89251814606866978E-05   2.15057760374068261E-11   2.52925152004981161E-08   1.24958652247769768E-22   4.61796622808005027E-11
  2.89533574195991340E-03   1.59702327542096179E-01   1.84956458752543000E+02   1.13382530972381568E+17   6.65125275761814855E-07   1.00000000000000000E+09   2.37588399636983305E-01   5.36695054136623880E-09   1.60194045603856905E+00   2.77924670932987205E-04   8.19147207947112867E-05   5.06689836083457554E-07   7.32734515334700197E+07   3.26816476680609345E+08   2.41091903236926992E-07   9.24375628574498165E-14   7.95586912738067901E-18   1.32241035631340336E-04   3.89238002723945624E-05   2.73011069464395978E-11   2.58106769583452770E-08   1.02380477981377802E-21   5.87516900202525581E-11
  2.28446230202882352E-03   1.59784764996759143E-01   1.84956458752543000E+02   8.94604774020737280E+16   5.24793581592335483E-07   1.00000000000000000E+09   2.37588402284018868E-01   6.94728200471336099E-09   1.60194044432794747E+00   2.77924664728843127E-04   8.19147188043147374E-05   5.06689822836411772E-07   7.32734515334700197E+07   3.26816476680609345E+08   2.41091146166380536E-07   1.16783510497015586E-13   8.32696733615830480E-18   1.32240476575802254E-04   3.89220477927510234E-05   3.46560667768440909E-11   2.64610512938061999E-08   2.99294638182746134E-20   7.47279249446672338E-11
  1.80291489326044811E-03   1.59867202429496119E-01   1.84956458752543000E+02   7.06028840673569760E+16   4.14171054433077432E-07   1.00000000000000000E+09   2.37588405618855497E-01   8.97862789600266395E-09   1.60194042950586524E+00   2.77924656877264690E-04   8.19147162849928552E-05   5.06689806068009788E-07   7.32734515334700197E+07   3.26816476680609345E+08   2.41090185603872161E-07   1.47516928025126075E-13   8.79781789424737624E-18   1.32239758078979181E-04   3.89198247613611604E-05   4.39880624974295533E-11   2.72759327359212997E-08   5.51773414539413327E-19   9.50214088819417757E-11
  1.42322137968562464E-03   1.59949639841400260E-01   1.84956458752543000E+02   5.57339308958785200E+16   3.26946712123676111E-07   1.00000000000000000E+09   2.37588409817659635E-01   1.15860999107674290E-08   1.60194041075031013E+00   2.77924646943272747E-04   8.19147130969555645E-05   5.06689784847482672E-07   7.32734515334700197E+07   3.26816476680609345E+08   2.41088967151268234E-07   1.86299247078226011E-13   9.39508611633411357E-18   1.32238836116187479E-04   3.89170055023151836E-05   5.58255921254433787E-11   2.82948779013176048E-08   6.08112078027821124E-18   1.20787981298361638E-10
  1.12376507438026571E-03   1.60032077229971176E-01   1.84956458752543000E+02   4.40070995929995520E+16   2.58154703967487100E-07   1.00000000000000000E+09   2.37588415100494804E-01   1.49283291672609214E-08   1.60194038702334485E+00   2.77924634377687890E-04   8.19147090636600028E-05   5.06689757999430544E-07   7.32734515334700197E+07   3.26816476680609345E+08   2.41087421929344815E-07   2.35220313161216254E-13   1.01525225995254770E-17   1.32237654955160366E-04   3.89134313593901746E-05   7.08376456359234158E-11   2.95660536463789106E-08   4.38339347364400020E-17   1.53490441191726088E-10
  8.87532524285711104E-04   1.60114514597396673E-01   1.84956458752543000E+02   3.47561363835827960E+16   2.03886648073481721E-07   1.00000000000000000E+09   2.37588421741754152E-01   1.92054632338466203E-08   1.60194035701471127E+00   2.77924618487317273E-04   8.19147039621923739E-05   5.06689724039890432E-07   7.32734515334700197E+07   3.26816476680609345E+08   2.41085462697215053E-07   2.96907879362486966E-13   1.11128186401962577E-17   1.32236144089552368E-04   3.89089031211682166E-05   8.98708425833237778E-11   3.11477009551617048E-08   2.24162622986025683E-16   1.94979370744716929E-10
  7.01129976998328690E-04   1.60196951943184396E-01   1.84956458752543000E+02   2.74565364495054200E+16   1.61065691132755062E-07   1.00000000000000000E+09   2.37588430082924490E-01   2.46680947243910565E-08   1.60194031907079415E+00   2.77924598397398504E-04   8.19146975111417563E-05   5.06689681095790427E-07   7.32734515334700197E+07   3.26816476680609345E+08   2.41082978901882766E-07   3.74664764384121913E-13   1.23298962295730802E-17   1.32234214344045071E-04   3.89031728454776666E-05   1.13996329529395528E-10   3.31096562288364985E-08   8.71057842704208668E-16   2.47594284904769158E-10
  5.54010689453735602E-04   1.60279389266250544E-01   1.84956458752543000E+02   2.16952850219359240E+16   1.27269003432698612E-07   1.00000000000000000E+09   2.37588440548090973E-01   3.16269176859787173E-08   1.60194027110516046E+00   2.77924573004303542E-04   8.19146893553123509E-05   5.06689626803486678E-07   7.32734515334700197E+07   3.26816476680609345E+08   2.41079830402148642E-07   4.72640471245885082E-13   1.38716641050304221E-17   1.32231752913587936E-04   3.88959355203071560E-05   1.44568984615762327E-10   3.55348346523152931E-08   2.72168770931426360E-15   3.14288783219697914E-10
  4.37867730662821304E-04   1.60361826567163496E-01   1.84956458752543000E+02   1.71470792883166560E+16   1.00588291665116790E-07   1.00000000000000000E+09   2.37588453662399973E-01   4.04637093912066872E-08   1.60194021048592039E+00   2.77924540915985320E-04   8.19146790464500124E-05   5.06689558180995884E-07   7.32734515334700197E+07   3.26816476680609345E+08   2.41075839579584021E-07   5.96045676247975324E-13   1.58232382891213588E-17   1.32228617029418873E-04   3.88868203721522837E-05   1.83302134197831598E-10   3.85205360787754428E-08   7.15810888818684194E-15   3.98783272276065242E-10
  3.46156716050146393E-04   1.60444263846218155E-01   1.84956458752543000E+02   1.35556384739980920E+16   7.95201600148093766E-08   1.00000000000000000E+09   2.37588470073444524E-01   5.16452136376630343E-08   1.60194013389395251E+00   2.77924500377009010E-04   8.19146660189444786E-05   5.06689471467123298E-07   7.32734515334700197E+07   3.26816476680609345E+08   2.41070781461276410E-07   7.51420088825418186E-13   1.82906091346166396E-17   1.32224625860185793E-04   3.88753809136093667E-05   2.32361808609701436E-10   4.21793826478853165E-08   1.64368840457203490E-14   5.05749185611109068E-10
  2.73720577918364668E-04   1.60526701103433311E-01   1.84956458752543000E+02   1.07190097002701420E+16   6.28799112955400120E-08   1.00000000000000000E+09   2.37588490575446926E-01   6.57415084961279058E-08   1.60194003714448696E+00   2.77924449174185020E-04   8.19146495591951165E-05   5.06689361918955790E-07   7.32734515334700197E+07   3.26816476680609345E+08   2.41064371330861065E-07   9.46966856441383215E-13   2.14047389569925446E-17   1.32219550161415003E-04   3.88610831412149408E-05   2.94485583986750808E-10   4.66396378100020229E-08   3.39296830042040108E-14   6.41029926058510134E-10
  2.16494485211164153E-04   1.60609138338550422E-01   1.84956458752543000E+02   8.47801252168028400E+15   4.97337602253658642E-08   1.00000000000000000E+09   2.37588516136279793E-01   8.34489134532184751E-08   1.60193991496263366E+00   2.77924384517818117E-04   8.19146287669853386E-05   5.06689223556995558E-07   7.32734515334700197E+07   3.26816476680609345E+08   2.41056249153480479E-07   1.19296996248623489E-12   2.53260692151995610E-17   1.32213099087760081E-04   3.88432931886184237E-05   3.73132303170914359E-10   5.20445901172336568E-08   6.44289730749987339E-14   8.11905948642779414E-10
  1.71273735919494531E-04   1.60691575551030391E-01   1.84956458752543000E+02   6.70714949779957400E+15   3.93455129682367879E-08   1.00000000000000000E+09   2.37588547927588767E-01   1.05615149307779977E-07   1.60193976070103927E+00   2.77924302892273197E-04   8.19146025067769075E-05   5.06689048844445825E-07   7.32734515334700197E+07   3.26816476680609345E+08   2.41045960054098685E-07   1.50231499169060759E-12   3.02493769470953661E-17   1.32204903479633687E-04   3.88212684686523314E-05   4.72670458554931253E-10   5.85506273830015737E-08   1.14547834779567417E-13   1.02741398738564652E-09
  1.35531138683048729E-04   1.60774012740051347E-01   1.84956458752543000E+02   5.30745478210094000E+15   3.11346154833570884E-08   1.00000000000000000E+09   2.37588587358439740E-01   1.33262695612040728E-07   1.60193956598484011E+00   2.77924199867960321E-04   8.19145693462877011E-05   5.06688828283710168E-07   7.32734515334700197E+07   3.26816476680609345E+08   2.41032930061366924E-07   1.89113851033009594E-12   3.64088549289922626E-17   1.32194494802841280E-04   3.87941585089430604E-05   5.98614771832497170E-10   6.63236199599342068E-08   1.93166060615680694E-13   1.29873294107048668E-09
  1.07273296664034146E-04   1.60856449909316579E-01   1.84956458752543000E+02   4.20086613971960100E+15   2.46431386222162272E-08   1.00000000000000000E+09   2.37588636113359619E-01   1.67605194152014157E-07   1.60193932026529962E+00   2.77924069864790850E-04   8.19145274790330428E-05   5.06688549908790672E-07   7.32734515334700197E+07   3.26816476680609345E+08   2.41016436291578293E-07   2.37963765148356782E-12   4.40832399053537708E-17   1.32181278732513430E-04   3.87610230729108004E-05   7.57922608813649138E-10   7.55333500282995605E-08   3.11827052434304552E-13   1.63965137154430642E-09
  8.49274790273861800E-05   1.60938887053916041E-01   1.84956458752543000E+02   3.32579478838285950E+15   1.95097899029834368E-08   1.00000000000000000E+09   2.37588696197304244E-01   2.10051055940109262E-07   1.60193901025876317E+00   2.77923905854577671E-04   8.19144746266477599E-05   5.06688198646811743E-07   7.32734515334700197E+07   3.26816476680609345E+08   2.40995570671790219E-07   2.99307978263615001E-12   5.36008094125162160E-17   1.32164502146314591E-04   3.87208756573028954E-05   9.59364597198102177E-10   8.63460497550050709E-08   4.85014465821033549E-13   2.06713427070204377E-09
  6.72525483317199945E-05   1.61021324177592323E-01   1.84956458752543000E+02   2.63363727863599300E+15   1.54494514812449749E-08   1.00000000000000000E+09   2.37588769992722548E-01   2.62191877508673381E-07   1.60193861924165604E+00   2.77923698986612747E-04   8.19144079157385293E-05   5.06687755514972105E-07   7.32734515334700197E+07   3.26816476680609345E+08   2.40969196246342872E-07   3.76306264591763733E-12   6.53441040970394670E-17   1.32143211996693812E-04   3.86727560951579918E-05   1.21398759262330020E-09   9.89156650990831741E-08   7.30295566419461331E-13   2.60200998271654892E-09
  5.32688115193438494E-05   1.61103761276730650E-01   1.84956458752543000E+02   2.08602842994143575E+15   1.22370653068158739E-08   1.00000000000000000E+09   2.37588860336145236E-01   3.25785330627477251E-07   1.60193812616479492E+00   2.77923438116534820E-04   8.19143237226701730E-05   5.06687196610549063E-07   7.32734515334700197E+07   3.26816476680609345E+08   2.40935895178258531E-07   4.72908834766615337E-12   7.97542818938021618E-17   1.32116204044308380E-04   3.86158226807391470E-05   1.53569312789339740E-09   1.13375109744067284E-07   1.06834403771443544E-12   3.26980200366862402E-09
  4.22027607840176118E-05   1.61186198354029614E-01   1.84956458752543000E+02   1.65267736047591575E+15   9.69493882802038969E-09   1.00000000000000000E+09   2.37588970623091866E-01   4.02757355731582279E-07   1.60193750454093875E+00   2.77923109213405316E-04   8.19142174780136949E-05   5.06686491840599278E-07   7.32734515334700197E+07   3.26816476680609345E+08   2.40893907866786093E-07   5.94053038840122515E-12   9.73350600142956974E-17   1.32081958713656949E-04   3.85494382141281515E-05   1.94196029005991769E-09   1.29829222893501574E-07   1.52279740684358151E-12   4.10173482273016796E-09
  3.34435332568659358E-05   1.61268635408711336E-01   1.84956458752543000E+02   1.30966243063598900E+15   7.68274277832563699E-09   1.00000000000000000E+09   2.37589104951580476E-01   4.95253415387876865E-07   1.60193672104791296E+00   2.77922694613312289E-04   8.19140834202635782E-05   5.06685603324167057E-07   7.32734515334700197E+07   3.26816476680609345E+08   2.40841063285023486E-07   7.45909204461739060E-12   1.18656284099011261E-16   1.32038560528555631E-04   3.84732195760205628E-05   2.45474810750521385E-09   1.48351084499408683E-07   2.11973723826494702E-12   5.13594790708984649E-09
  2.65085960160954705E-05   1.61351072439700483E-01   1.84956458752543000E+02   1.03808745399410350E+15   6.08962823261156343E-09   1.00000000000000000E+09   2.37589268316150071E-01   6.05757908063226537E-07   1.60193573377492293E+00   2.77922172079439836E-04   8.19139142857468021E-05   5.06684483382301959E-07   7.32734515334700197E+07   3.26816476680609345E+08   2.40774701715518811E-07   9.36187732151338460E-12   1.44357385074291045E-16   1.31983596992485327E-04   3.83870324996130237E-05   3.10161887235050611E-09   1.68982634456900048E-07   2.88638899894490973E-12   6.41895700466201372E-09
  2.10166952396721377E-05   1.61433509447026585E-01   1.84956458752543000E+02   8.23022375061822000E+14   4.82801240486322653E-09   1.00000000000000000E+09   2.37589466864595145E-01   7.37282174506406211E-07   1.60193449002148935E+00   2.77921513617894402E-04   8.19137009182320514E-05   5.06683072009034938E-07   7.32734515334700197E+07   3.26816476680609345E+08   2.40691592101146664E-07   1.17452210500360265E-11   1.75151480760296992E-16   1.31914033573120451E-04   3.82909334238316917E-05   3.91712969129555733E-09   1.91739335562247412E-07   3.84891270188667614E-12   8.00740608569042614E-09
  1.66665266215901595E-05   1.61515946430392576E-01   1.84956458752543000E+02   6.52667994073563000E+14   3.82867875232458604E-09   1.00000000000000000E+09   2.37589708227853108E-01   8.93600714969951249E-07   1.60193292353545713E+00   2.77920683985043702E-04   8.19134317773920656E-05   5.06681293688431812E-07   7.32734515334700197E+07   3.26816476680609345E+08   2.40587846450519229E-07   1.47294390553191669E-11   2.11831548349450970E-16   1.31826069153669534E-04   3.81850765837407134E-05   4.94454071812844045E-09   2.16617277907572601E-07   5.03086132235302183E-12   9.97015148294469011E-09
  1.32199129607827464E-05   1.61598383389153916E-01   1.84956458752543000E+02   5.17697194493063000E+14   3.03691248130281970E-09   1.00000000000000000E+09   2.37590001930798572E-01   1.07948348562358705E-06   1.60193095104791450E+00   2.77919638804997621E-04   8.19130923197362604E-05   5.06679053387227558E-07   7.32734515334700197E+07   3.26816476680609345E+08   2.40458834384957181E-07   1.84646081112120496E-11   2.55280010046799348E-16   1.31715002552315884E-04   3.80696126242077896E-05   6.23787202052096537E-09   2.43600061205360644E-07   6.45653585116669857E-12   1.23906937756257070E-08
  1.04885333246445707E-05   1.61680820323339247E-01   1.84956458752543000E+02   4.10735251633153875E+14   2.40945193154748112E-09   1.00000000000000000E+09   2.37590359891269393E-01   1.30082831872547919E-06   1.60192846792696741E+00   2.77918322194421687E-04   8.19126642186431518E-05   5.06676231507482341E-07   7.32734515334700197E+07   3.26816476680609345E+08   2.40299107334980399E-07   2.31372455999097889E-11   3.06480642025846757E-16   1.31575183190983609E-04   3.79446068860190267E-05   7.86428173991865832E-09   2.72662469319130374E-07   8.16270994992995585E-12   1.53698893064849181E-08
  8.32345146501161328E-06   1.61763257233637020E-01   1.84956458752543000E+02   3.25949761145821625E+14   1.91208301320663869E-09   1.00000000000000000E+09   2.37590797021143468E-01   1.56458572646984019E-06   1.60192534272741161E+00   2.77916663765397098E-04   8.19121243813997630E-05   5.06672677526485127E-07   7.32734515334700197E+07   3.26816476680609345E+08   2.40102356750564745E-07   2.89771964271945676E-11   3.66526986740668044E-16   1.31400134187665966E-04   3.78099998011815591E-05   9.90660746142386924E-09   3.03768835665394284E-07   1.02148770515603766E-11   1.90287210962152615E-08
  6.60685105681344356E-06   1.61845694116197175E-01   1.84956458752543000E+02   2.58726987590040125E+14   1.51774060129748238E-09   1.00000000000000000E+09   2.37591331958943081E-01   1.87843708668020086E-06   1.60192141035716595E+00   2.77914574844770020E-04   8.19114437103533129E-05   5.06668201978875434E-07   7.32734515334700197E+07   3.26816476680609345E+08   2.39861444961572159E-07   3.62631921048263633E-11   4.36618088975941480E-16   1.31182879441770769E-04   3.76656159507737497E-05   1.24657049261990392E-08   3.36866031885275982E-07   1.27167924352606874E-11   2.35107460835651203E-08
  5.24551112757656795E-06   1.61928130972916501E-01   1.84956458752543000E+02   2.05416359584544781E+14   1.20500969149133822E-09   1.00000000000000000E+09   2.37591987983760938E-01   2.25030171457654139E-06   1.60191646351102457E+00   2.77911943709044059E-04   8.19105855418612476E-05   5.06662566344789634E-07   7.32734515334700197E+07   3.26816476680609345E+08   2.39568546509108822E-07   4.53248066668773852E-11   5.18034701920713701E-16   1.30916408414016844E-04   3.75112089793850059E-05   1.56619817607629580E-08   3.71873207743661464E-07   1.58049446464029172E-11   2.89837544739243748E-08
  4.16565404325320783E-06   1.62010567800376620E-01   1.84956458752543000E+02   1.63128714827270844E+14   9.56941863252186950E-10   1.00000000000000000E+09   2.37592794177388600E-01   2.68781523936035559E-06   1.60191024193435050E+00   2.77908629585347665E-04   8.19095036799208283E-05   5.06655470293413898E-07   7.32734515334700197E+07   3.26816476680609345E+08   2.39215416551998655E-07   5.65384735104381925E-11   6.12096699255157661E-16   1.30594155614614934E-04   3.73465194452230796E-05   1.96353613702773289E-08   4.08671552462010082E-07   1.96317110540906133E-11   3.56402136513443931E-08
  3.30887634101742160E-06   1.62093004600521201E-01   1.84956458752543000E+02   1.29576949844589969E+14   7.60120497728225284E-10   1.00000000000000000E+09   2.37593786912053934E-01   3.19789860831945799E-06   1.60190241896915730E+00   2.77904455108354744E-04   8.19081399201877569E-05   5.06646535588096436E-07   7.32734515334700197E+07   3.26816476680609345E+08   2.38793770562078253E-07   7.03161455131235925E-11   7.20109897190076271E-16   1.30210393330147791E-04   3.71713264598354495E-05   2.45429282344233962E-08   4.47097035633861560E-07   2.43499243775682967E-11   4.36961746281299136E-08
  2.62893405291749275E-06   1.62175441368938300E-01   1.84956458752543000E+02   1.02950131951706875E+14   6.03922291998625405E-10   1.00000000000000000E+09   2.37595011748903046E-01   3.78646411866197927E-06   1.60189258469719564E+00   2.77899196846699819E-04   8.19064209334453109E-05   5.06635285780240837E-07   7.32734515334700197E+07   3.26816476680609345E+08   2.38295732295709987E-07   8.70867900042880800E-11   8.43313016365891792E-16   1.29760500258679646E-04   3.69854849713221334E-05   3.05537424512873693E-08   4.86937840864410137E-07   3.01092640631787061E-11   5.33884203872642803E-08
  2.08920248154243253E-06   1.62257878104801107E-01   1.84956458752543000E+02   8.18140230295754531E+13   4.79933710713970813E-10   1.00000000000000000E+09   2.37596525843499468E-01   4.45824359765078347E-06   1.60188022482187509E+00   2.77892573415872146E-04   8.19042543441829700E-05   5.06621120595679632E-07   7.32734515334700197E+07   3.26816476680609345E+08   2.37714295570671685E-07   1.07272559706250186E-10   9.82832963600378820E-16   1.29241121825658819E-04   3.67889497837637841E-05   3.78407305081786487E-08   5.27936819076696719E-07   3.70658681895615498E-11   6.49697072397267367E-08
  1.66066844906564573E-06   1.62340314806719538E-01   1.84956458752543000E+02   6.50324551768854531E+13   3.81489759347295621E-10   1.00000000000000000E+09   2.37598400973399460E-01   5.21670222924728269E-06   1.60186469421433553E+00   2.77884230572298557E-04   8.19015237982218924E-05   5.06603283638050326E-07   7.32734515334700197E+07   3.26816476680609345E+08   2.37043748567741277E-07   1.31262604502144332E-10   1.13965214056700728E-15   1.28650256293363820E-04   3.65817909734721526E-05   4.65700718230614439E-08   5.69798273143206923E-07   4.54000051935761180E-11   7.87020256297078083E-08
  1.32034302870974532E-06   1.62422751472660637E-01   1.84956458752543000E+02   5.17051726255115156E+13   3.03309352080320011E-10   1.00000000000000000E+09   2.37600727330801453E-01   6.06401126553373958E-06   1.60184518377734886E+00   2.77873722528358962E-04   8.18980827613098301E-05   5.06580821685083359E-07   7.32734515334700197E+07   3.26816476680609345E+08   2.36280019882342295E-07   1.59387831086596401E-10   1.31458787319094583E-15   1.27987292371586095E-04   3.63642044679557362E-05   5.68889957899821837E-08   6.12197860948509515E-07   5.53361593580723078E-11   9.48479319661096243E-08
  1.05000640059387389E-06   1.62505188099843795E-01   1.84956458752543000E+02   4.11186797825197031E+13   2.41206976378223733E-10   1.00000000000000000E+09   2.37603618261089944E-01   7.00107281418841701E-06   1.60182067893965208E+00   2.77860488532061321E-04   8.18937467257678184E-05   5.06552533418745054E-07   7.32734515334700197E+07   3.26816476680609345E+08   2.35420917905047469E-07   1.91899509185173788E-10   1.50828205258997664E-15   1.27253007577799468E-04   3.61365191221778287E-05   6.89132641757318025E-08   6.54794254083677090E-07   6.71630509839162364E-11   1.13660188098614706E-07
  9.99999999999999955E-07   1.62522764599324604E-01   1.84956458752543000E+02   3.93252833914303984E+13   2.30686579100125124E-10   1.00000000000000000E+09   2.37604385381330052E-01   7.21994205249230632E-06   1.60181411812315044E+00   2.77856935342835130E-04   8.18925818817137734E-05   5.06544936975267376E-07   7.32734515334700197E+07   3.26816476680609345E+08   2.35217370455305541E-07   1.99799916464929789E-10   1.55367838408263713E-15   1.27081695241042768E-04   3.60859197058478539E-05   7.18561216570323338E-08   6.63844478399085488E-07   7.01675216110284299E-11   1.18289020574951513E-07
  8.35215103144031608E-07   1.62587624684605248E-01   1.84956458752543000E+02   3.27073647896618086E+13   1.91864635891889107E-10   1.00000000000000000E+09   2.37607216177316893E-01   8.02760443584663242E-06   1.60178990766427809E+00   2.77843823508110664E-04   8.18882834214448819E-05   5.06516904887744584E-07   7.32734515334700197E+07   3.26816476680609345E+08   2.34466247914475880E-07   2.28953678877983343E-10   1.72119808476345078E-15   1.26449525406327083E-04   3.58991997925968848E-05   8.27157349386355625E-08   6.97241248987399213E-07   8.12544972235733440E-11   1.35370150380846463E-07
  6.64516639667264982E-07   1.62670061222222467E-01   1.84956458752543000E+02   2.60227431958320195E+13   1.52651427617750851E-10   1.00000000000000000E+09   2.37611699943837268E-01   9.14229523004400121E-06   1.60175127531397021E+00   2.77822841247747458E-04   8.18814005265192021E-05   5.06472028325106816E-07   7.32734515334700197E+07   3.26816476680609345E+08   2.33417804701136058E-07   2.70602128729381926E-10   1.95362148449180724E-15   1.25580227482235035E-04   3.56528454015689775E-05   9.83172324937308073E-08   7.39199182624835293E-07   9.80941923602416518E-11   1.60175509027249960E-07
  5.28827983696996936E-07   1.62752497706687094E-01   1.84956458752543000E+02   2.07091199723866094E+13   1.21480770371321036E-10   1.00000000000000000E+09   2.37617294102870219E-01   1.03430406185736282E-05   1.60170278303405977E+00   2.77796428249156482E-04   8.18727302482700478E-05   5.06415500102587270E-07   7.32734515334700197E+07   3.26816476680609345E+08   2.32279251962721497E-07   3.16789569899994584E-10   2.20565949554468018E-15   1.24649622053810784E-04   3.53981815686637657E-05   1.15680515135357602E-07   7.80344705382477230E-07   1.18308783469339131E-10   1.88228031514501407E-07
  4.20943664601039239E-07   1.62834934133553544E-01   1.84956458752543000E+02   1.64843259445093828E+13   9.66974008175546450E-11   1.00000000000000000E+09   2.37624280419767048E-01   1.16272550607094550E-05   1.60164192544852191E+00   2.77763185831273590E-04   8.18618099880271251E-05   5.06344292559860480E-07   7.32734515334700197E+07   3.26816476680609345E+08   2.31055911373686527E-07   3.67355725987091058E-10   2.47723384968142594E-15   1.23663178094468167E-04   3.51360484798683576E-05   1.34707544819430716E-07   8.20378194810208512E-07   1.42714902560016051E-10   2.19621884760454701E-07
  3.35146324946594086E-07   1.62917370493349922E-01   1.84956458752543000E+02   1.31244670584608066E+13   7.69879096058476813E-11   1.00000000000000000E+09   2.37633012351627010E-01   1.29922548429738977E-05   1.60156556236570835E+00   2.77721357549257975E-04   8.18480581110071423E-05   5.06254593155198944E-07   7.32734515334700197E+07   3.26816476680609345E+08   2.29754492322655991E-07   4.22040483280558698E-10   2.76805916759063145E-15   1.22627141333419648E-04   3.48673857549328491E-05   1.55239687932826250E-07   8.59028348716089779E-07   1.72387668978629224E-10   2.54382912019697811E-07
  2.66898331320273502E-07   1.62999806775953854E-01   1.84956458752543000E+02   1.04518477352519922E+13   6.13098973289059509E-11   1.00000000000000000E+09   2.37643933207260544E-01   1.44356995424286782E-05   1.60146975778682310E+00   2.77668738201206718E-04   8.18307436021904912E-05   5.06141602795553401E-07   7.32734515334700197E+07   3.26816476680609345E+08   2.28382796837077149E-07   4.80489997546847272E-10   3.07759756823325548E-15   1.21548352758167277E-04   3.45932168522115541E-05   1.77060065411832286E-07   8.96053766101025179E-07   2.08760548156191052E-10   2.92458963484487662E-07
  2.12597512123108734E-07   1.63082242967261121E-01   1.84956458752543000E+02   8.32540546286786328E+12   4.88358619012725675E-11   1.00000000000000000E+09   2.37657598975453549E-01   1.59560821501051026E-05   1.60134957770891773E+00   2.77602559796691806E-04   8.18089480935112109E-05   5.05999283262739507E-07   7.32734515334700197E+07   3.26816476680609345E+08   2.26949432983467490E-07   5.42261664240488159E-10   3.40497794653369345E-15   1.20434090791199760E-04   3.43146358630054551E-05   1.99897137391717878E-07   9.31241597660658477E-07   2.53768385227997949E-10   3.33711082285647458E-07
  1.69383642519227784E-07   1.63164679054150080E-01   1.84956458752543000E+02   6.63313266776818945E+12   3.89087437048844690E-11   1.00000000000000000E+09   2.37674707068962598E-01   1.75532644821503727E-05   1.60119883588756107E+00   2.77519348713223821E-04   8.17815183830276199E-05   5.05820041302282609E-07   7.32734515334700197E+07   3.26816476680609345E+08   2.25463564563620296E-07   6.06826034459440241E-10   3.74886664218017836E-15   1.19291955593158117E-04   3.40327993469767209E-05   2.23428788261730355E-07   9.64403609102802373E-07   3.10044013920208245E-10   3.77905088721119908E-07
  1.34985097750431032E-07   1.63247115012946753E-01   1.84956458752543000E+02   5.28607159601392383E+12   3.10066983133940786E-11   1.00000000000000000E+09   2.37696132586069669E-01   1.92290643725644638E-05   1.60100977369734632E+00   2.77414746841181208E-04   8.17470071181611649E-05   5.05594334125990078E-07   7.32734515334700197E+07   3.26816476680609345E+08   2.23934717089400230E-07   6.73564009016613230E-10   4.10727620003232974E-15   1.18129809396319845E-04   3.37489253321863995E-05   2.47286627353000431E-07   9.95370232083541212E-07   3.81167048885119744E-10   4.24702921687669038E-07
  1.07597308712036158E-07   1.63329550818224256E-01   1.84956458752543000E+02   4.21355458394235742E+12   2.47151749130733727E-11   1.00000000000000000E+09   2.37722974162055761E-01   2.09879094683534383E-05   1.60077265625644793E+00   2.77283287743216916E-04   8.17035987634379335E-05   5.05310177737397684E-07   7.32734515334700197E+07   3.26816476680609345E+08   2.22372652937522625E-07   7.41757916341283442E-10   4.47730336135871725E-15   1.16955783109322988E-04   3.34643011439079909E-05   2.71060822391473387E-07   1.02398335928269973E-06   4.71929228180483507E-10   4.73652987758250863E-07
  8.57864020102465977E-08   1.63411986437521889E-01   1.84956458752543000E+02   3.35943056343157178E+12   1.97047801693327510E-11   1.00000000000000000E+09   2.37756612115791494E-01   2.28375747424616700E-05   1.60047526172007504E+00   2.77118116648360322E-04   8.16490172938029630E-05   5.04952535530435553E-07   7.32734515334700197E+07   3.26816476680609345E+08   2.20787324860355652E-07   8.10575409167422894E-10   4.85480055150298732E-15   1.15778358031657830E-04   3.31803015760947216E-05   2.94306368104740865E-07   1.05008874816706577E-06   5.88511798405427516E-10   5.24178721202503864E-07
  6.84127884634317139E-08   1.63494421829559117E-01   1.84956458752543000E+02   2.67907275638136670E+12   1.57137247055468483E-11   1.00000000000000000E+09   2.37798782460503066E-01   2.47900117522862998E-05   1.60010223360483517E+00   2.76910640363768905E-04   8.15804112145366531E-05   5.04502559850330727E-07   7.32734515334700197E+07   3.26816476680609345E+08   2.19188917087600023E-07   8.79045669521100708E-10   5.23401093358219435E-15   1.14606530835936453E-04   3.28984189017805822E-05   3.16552056117400202E-07   1.07352889696634386E-06   7.38368765868524014E-10   5.75564583921041606E-07
  5.45705562888608702E-08   1.63576856941965776E-01   1.84956458752543000E+02   2.13700528713589331E+12   1.25339002816170906E-11   1.00000000000000000E+09   2.37851671552072846E-01   2.68622351429571700E-05   1.59963425647225788E+00   2.76650089792998858E-04   8.14942104626702570E-05   5.03936653245614388E-07   7.32734515334700197E+07   3.26816476680609345E+08   2.17587985547640868E-07   9.46028526518777673E-10   5.60723517631605039E-15   1.13450067508250176E-04   3.26203060210727836E-05   3.37313353561240836E-07   1.09413710149527271E-06   9.29510590556140482E-10   6.26938867347871078E-07
  4.35393888745865534E-08   1.63659291708363130E-01   1.84956458752543000E+02   1.70502026277950171E+12   9.99983416067174202E-12   1.00000000000000000E+09   2.37918037852065029E-01   2.90771234113761666E-05   1.59904700224234397E+00   2.76322973534944081E-04   8.13859484292188222E-05   5.03225308242170015E-07   7.32734515334700197E+07   3.26816476680609345E+08   2.15995711035370648E-07   1.01017921873254130E-09   5.96463870153429824E-15   1.12319847523695708E-04   3.23478337109206132E-05   3.56109803784493862E-07   1.11173306119962010E-06   1.16886183932262052E-09   6.77252900138174887E-07
  3.47464100847279618E-08   1.63741726046332525E-01   1.84956458752543000E+02   1.36068361969790649E+12   7.97992406292870626E-12   1.00000000000000000E+09   2.38001369700024723E-01   3.14638041436679885E-05   1.59830977631308979E+00   2.75912395775296498E-04   8.12500406687637902E-05   5.02331673513964511E-07   7.32734515334700197E+07   3.26816476680609345E+08   2.14424279460540172E-07   1.06991504600738410E-09   6.29433094046048069E-15   1.11228295395722260E-04   3.20831629168533182E-05   3.72486498708347685E-07   1.12611988512112373E-06   1.45950915222389410E-09   7.25256544907076553E-07
  2.77359003802320235E-08   1.63824159851239548E-01   1.84956458752543000E+02   1.08614919449023511E+12   6.36948123202135374E-12   1.00000000000000000E+09   2.38106091529385722E-01   3.40568748735123404E-05   1.59738376729714471E+00   2.75397205033873430E-04   8.10795097141248311E-05   5.01209779003431508E-07   7.32734515334700197E+07   3.26816476680609345E+08   2.12887400643572048E-07   1.12339495025594407E-09   6.58282897608581646E-15   1.10189894653775635E-04   3.18288337402474896E-05   3.86037890306725510E-07   1.13708170721627855E-06   1.79698439129166346E-09   7.69470064394635550E-07
  2.21452545726293868E-08   1.63906592984980254E-01   1.84956458752543000E+02   8.67217219780098999E+11   5.08520735467788043E-12   1.00000000000000000E+09   2.38237836586608964E-01   3.68922811396473545E-05   1.59621976824089851E+00   2.74750931750155421E-04   8.08656426343491426E-05   4.99802331831230119E-07   7.32734515334700197E+07   3.26816476680609345E+08   2.11400972808822370E-07   1.16852797069116126E-09   6.81594407962627017E-15   1.09221779144062003E-04   3.15878743134681287E-05   3.96431050237251554E-07   1.14438044397112613E-06   2.16513062687888921E-09   8.08152453807341034E-07
  1.76858903876564090E-08   1.63989025282787304E-01   1.84956458752543000E+02   6.92586695764405029E+11   4.06080880796126529E-12   1.00000000000000000E+09   2.38403814372557837E-01   3.99924803677034524E-05   1.59475518570843655E+00   2.73940461237435259E-04   8.05975643745563943E-05   4.98037968501637494E-07   7.32734515334700197E+07   3.26816476680609345E+08   2.09983898774505549E-07   1.20302847788371112E-09   6.98001302296463221E-15   1.08344399453587549E-04   3.13639355182230670E-05   4.03424798444065158E-07   1.14774964041491243E-06   2.53235059303786194E-09   8.39266299772280693E-07
  1.41280848520866414E-08   1.64071456521427850E-01   1.84956458752543000E+02   5.53261576924340942E+11   3.24351324950418039E-12   1.00000000000000000E+09   2.38613322850788540E-01   4.33149408280602261E-05   1.59291007849919142E+00   2.72924372522319054E-04   8.02617052823020253E-05   4.95827817668767541E-07   7.32734515334700197E+07   3.26816476680609345E+08   2.08659075110064464E-07   1.22452824488141916E-09   7.06327241337036922E-15   1.07582285224983661E-04   3.11614645774611454E-05   4.06881375920752673E-07   1.14688317419685314E-06   2.84893441504507465E-09   8.60440167139899738E-07
  1.12889274999479665E-08   1.64153886426618156E-01   1.84956458752543000E+02   4.42079014657341125E+11   2.59130235429046206E-12   1.00000000000000000E+09   2.38878537889126219E-01   4.65304304847167111E-05   1.59058185607734281E+00   2.71650849421673044E-04   7.98411352202512526E-05   4.93061192091362805E-07   7.32734515334700197E+07   3.26816476680609345E+08   2.07454705151090656E-07   1.23072058823878669E-09   7.05709084688778310E-15   1.06965110596771978E-04   3.09859594945010184E-05   4.06769942036565284E-07   1.14141795902935458E-06   3.04561579805367005E-09   8.68932983274729373E-07
