# lambda[A]  T_theo  T_instr  T_rot+instr  (Ly-alpha 1215.67)
1.214099999999999909e+03 9.993836159534658092e-01 9.993816572769980144e-01 9.993816123626512171e-01
1.214114769916291380e+03 9.993748938910782531e-01 9.993747606281523366e-01 9.993747472330757331e-01
1.214129539832582395e+03 9.993659619819397211e-01 9.993659086315281881e-01 9.993659065259893337e-01
1.214144309748873638e+03 9.993568131931490628e-01 9.993567585386452512e-01 9.993567569014837337e-01
1.214159079665164882e+03 9.993474401753499325e-01 9.993473836481676642e-01 9.993473819528339019e-01
1.214173849581456125e+03 9.993378352443063051e-01 9.993377767576312465e-01 9.993377749979819313e-01
1.214188619497747140e+03 9.993279903611914650e-01 9.993279298234407637e-01 9.993279279963104278e-01
1.214203389414038384e+03 9.993178971114822229e-01 9.993178344255623236e-01 9.993178325275954288e-01
1.214218159330329854e+03 9.993075466823522213e-01 9.993074817452618497e-01 9.993074797728956904e-01
1.214232929246620870e+03 9.992969298384367649e-01 9.992968625408377159e-01 9.992968604902886520e-01
1.214247699162912113e+03 9.992860368958417228e-01 9.992859671215954531e-01 9.992859649888420348e-01
1.214262469079203356e+03 9.992748576942465100e-01 9.992747853199134278e-01 9.992747831006782988e-01
1.214277238995494599e+03 9.992633815669553776e-01 9.992633064612487237e-01 9.992633041509799696e-01
1.214292008911785615e+03 9.992515973087090497e-01 9.992515193319072564e-01 9.992515169257579766e-01
1.214306778828076858e+03 9.992394931410859549e-01 9.992394121443943789e-01 9.992394096371990386e-01
1.214321548744368101e+03 9.992270566752836647e-01 9.992269725001409197e-01 9.992269698863914806e-01
1.214336318660659117e+03 9.992142748720561629e-01 9.992141873493818327e-01 9.992141846232006630e-01
1.214351088576950588e+03 9.992011339985670260e-01 9.992010429479464273e-01 9.992010401030574362e-01
1.214365858493241831e+03 9.991876195818968354e-01 9.991875248106939500e-01 9.991875218403909464e-01
1.214380628409533074e+03 9.991737163589126114e-01 9.991736176613057463e-01 9.991736145584165785e-01
1.214395398325824090e+03 9.991594082221811890e-01 9.991593053781153699e-01 9.991593021349653991e-01
1.214410168242115333e+03 9.991446781615851425e-01 9.991445709356300275e-01 9.991445675440008278e-01
1.214424938158406576e+03 9.991295082012597861e-01 9.991293963413691026e-01 9.991293927924514984e-01
1.214439708074697592e+03 9.991138793314330302e-01 9.991137625675893252e-01 9.991137588519355406e-01
1.214454477990989062e+03 9.990977714347123451e-01 9.990976494774519434e-01 9.990976455849205351e-01
1.214469247907280305e+03 9.990811632063213432e-01 9.990810357451223034e-01 9.990810316648187639e-01
1.214484017823571548e+03 9.990640320677240949e-01 9.990638987692481710e-01 9.990638944894586482e-01
1.214498787739862564e+03 9.990463540730361025e-01 9.990462145792037285e-01 9.990462100873239715e-01
1.214513557656153807e+03 9.990281038075439213e-01 9.990279577334302274e-01 9.990279530158859833e-01
1.214528327572445050e+03 9.990092542775944606e-01 9.990091012091237843e-01 9.990090962512826467e-01
1.214543097488736066e+03 9.989897767910274062e-01 9.989896162824442039e-01 9.989896110685194675e-01
1.214557867405027309e+03 9.989696408272338291e-01 9.989694723983261193e-01 9.989694669112708647e-01
1.214572637321318780e+03 9.989488138958320107e-01 9.989486370288790384e-01 9.989486312502675602e-01
1.214587407237610023e+03 9.989272613828219516e-01 9.989270755192329876e-01 9.989270694291298991e-01
1.214602177153901039e+03 9.989049463829559050e-01 9.989047509195625452e-01 9.989047444963775613e-01
1.214616947070192282e+03 9.988818295169018535e-01 9.988816238018651816e-01 9.988816170221925805e-01
1.214631716986483525e+03 9.988578687316248539e-01 9.988576520599017350e-01 9.988576448983400580e-01
1.214646486902774541e+03 9.988330190821751442e-01 9.988327906904962417e-01 9.988327831194480089e-01
1.214661256819065784e+03 9.988072324928820578e-01 9.988069915541694099e-01 9.988069835436172994e-01
1.214676026735357254e+03 9.987804574956558046e-01 9.987802031128089064e-01 9.987801946300666200e-01
1.214690796651648498e+03 9.987526389428095230e-01 9.987523701417718724e-01 9.987523611512021393e-01
1.214705566567939513e+03 9.987237176914482983e-01 9.987234334134519331e-01 9.987234238761526495e-01
1.214720336484230756e+03 9.986936302560616152e-01 9.986933293489334007e-01 9.986933192223811373e-01
1.214735106400522000e+03 9.986623084254636629e-01 9.986619896338532198e-01 9.986619788715058732e-01
1.214749876316813015e+03 9.986296788396715751e-01 9.986293407940428635e-01 9.986293293448840203e-01
1.214764646233104258e+03 9.985956625216435567e-01 9.985953037258381570e-01 9.985952915338688340e-01
1.214779416149395729e+03 9.985601743580276857e-01 9.985597931751825085e-01 9.985597801788378414e-01
1.214794186065686972e+03 9.985231225221776752e-01 9.985227171587361950e-01 9.985227032902262989e-01
1.214808955981977988e+03 9.984844078316136295e-01 9.984839763191306616e-01 9.984839615036865679e-01
1.214823725898269231e+03 9.984439230308922442e-01 9.984434632052756609e-01 9.984434473602882276e-01
1.214838495814560474e+03 9.984015519893703061e-01 9.984010614671434691e-01 9.984010445011809454e-01
1.214853265730851490e+03 9.983571688016633638e-01 9.983566449527586650e-01 9.983566267644334857e-01
1.214868035647142733e+03 9.983106367765661737e-01 9.983100766930812497e-01 9.983100571697488546e-01
1.214882805563433976e+03 9.982618072978964863e-01 9.982612077581276555e-01 9.982611867743869105e-01
1.214897575479725447e+03 9.982105185379013257e-01 9.982098759648694308e-01 9.982098533808287932e-01
1.214912345396016462e+03 9.981565940006565940e-01 9.981559044141843362e-01 9.981558800734490200e-01
1.214927115312307706e+03 9.980998408690218149e-01 9.980990998302510242e-01 9.980990735575882011e-01
1.214941885228598949e+03 9.980400481241733512e-01 9.980392506712135736e-01 9.980392222698305504e-01
1.214956655144889965e+03 9.979769844013689495e-01 9.979761249745028318e-01 9.979760942228635967e-01
1.214971425061181208e+03 9.979103955391406267e-01 9.979094678937205920e-01 9.979094345418205725e-01
1.214986194977472451e+03 9.978400017714867953e-01 9.978389988762578211e-01 9.978389626412415003e-01
1.215000964893763921e+03 9.977654945033438416e-01 9.977644084214617459e-01 9.977643689824533535e-01
1.215015734810054937e+03 9.976865325984310973e-01 9.976853543478337860e-01 9.976853113398211903e-01
1.215030504726346180e+03 9.976027380948937484e-01 9.976014574839209281e-01 9.976014104904886715e-01
1.215045274642637423e+03 9.975136912473495654e-01 9.975122966804913505e-01 9.975122452251509175e-01
1.215060044558928439e+03 9.974189247729952079e-01 9.974174030203797336e-01 9.974173465561808616e-01
1.215074814475219682e+03 9.973179171532763343e-01 9.973162530757826438e-01 9.973161909728034402e-01
1.215089584391510925e+03 9.972100848094381798e-01 9.972082610290303739e-01 9.972081925592319873e-01
1.215104354307802396e+03 9.970947729277102045e-01 9.970927694295010912e-01 9.970926937482790242e-01
1.215119124224093412e+03 9.969712446547442930e-01 9.969690383029166103e-01 9.969689544264672687e-01
1.215133894140384655e+03 9.968386683108974022e-01 9.968362322543131704e-01 9.968361390316367032e-01
1.215148664056675898e+03 9.966961021703677481e-01 9.966934051039564313e-01 9.966933011818489563e-01
1.215163433972966914e+03 9.965424762190965291e-01 9.965394814509145327e-01 9.965393652295598814e-01
1.215178203889258157e+03 9.963765700980009576e-01 9.963732343418079118e-01 9.963731039172163406e-01
1.215192973805549400e+03 9.961969861156765305e-01 9.961932578643957203e-01 9.961931109509855053e-01
1.215207743721840643e+03 9.960021156377787399e-01 9.959979327791899095e-01 9.959977665911228240e-01
1.215222513638131659e+03 9.957900959390038054e-01 9.957853797329188072e-01 9.957851904891469319e-01
1.215237283554423129e+03 9.955587493747360961e-01 9.955533127164192253e-01 9.955530876846516719e-01
1.215252053470714372e+03 9.953053485691445434e-01 9.952969376616901398e-01 9.952965446127606253e-01
1.215266823387005388e+03 9.950214343545683571e-01 9.949806687371833824e-01 9.949788878051130103e-01
1.215281593303296631e+03 9.946035442986123076e-01 9.943201857809021993e-01 9.943081140220159098e-01
1.215296363219587874e+03 9.931330820791078873e-01 9.919157867043282284e-01 9.918414917142663878e-01
1.215311133135879118e+03 9.869962029101601031e-01 9.832560278684344679e-01 9.830999293555432450e-01
1.215325903052170133e+03 9.642065321456875227e-01 9.653953557904112470e-01 9.654938053462480685e-01
1.215340672968461604e+03 9.453421365958559752e-01 9.561555127862043646e-01 9.565489842254760733e-01
1.215355442884752847e+03 9.752326758633387271e-01 9.718699214160481104e-01 9.718074911376292091e-01
1.215370212801043863e+03 9.885057607350794529e-01 9.858786001729565873e-01 9.857339738835826370e-01
1.215384982717335106e+03 9.908866553776228825e-01 9.901648423091264917e-01 9.901249613273001016e-01
1.215399752633626349e+03 9.905442697616687608e-01 9.904010259181026399e-01 9.903944781845213097e-01
1.215414522549917592e+03 9.896905503451146613e-01 9.896454177900316784e-01 9.896431973233884571e-01
1.215429292466208608e+03 9.886659601261942321e-01 9.886225412071988350e-01 9.886204095447851392e-01
1.215444062382499851e+03 9.874647895390574748e-01 9.874111910953682347e-01 9.874085168302006998e-01
1.215458832298791322e+03 9.860443706771013783e-01 9.859763644069566846e-01 9.859728833410579263e-01
1.215473602215082337e+03 9.843458221388333707e-01 9.842579701748703780e-01 9.842533416545421465e-01
1.215488372131373580e+03 9.822881685900779480e-01 9.821722913401820243e-01 9.821659855291013930e-01
1.215503142047664824e+03 9.797572412589871105e-01 9.795999788146710907e-01 9.795911025005833439e-01
1.215517911963956067e+03 9.765856715126417509e-01 9.763574751135306595e-01 9.763442501316735855e-01
1.215532681880247083e+03 9.724939173413235105e-01 9.720985529280626869e-01 9.720771034810121725e-01
1.215547451796538326e+03 9.668046208814913278e-01 9.660923028792705036e-01 9.660541643216629115e-01
1.215562221712829796e+03 9.582336525894782353e-01 9.569351407565159784e-01 9.568556697027915670e-01
1.215576991629120812e+03 9.445019529566501815e-01 9.415374557163177505e-01 9.412843631152508772e-01
1.215591761545412055e+03 9.192543401470656406e-01 9.096334360356580495e-01 9.081325003758742298e-01
1.215606531461703298e+03 8.609298416582088498e-01 8.094140155648832380e-01 8.040520238601908121e-01
1.215621301377994541e+03 5.877358893253569194e-01 5.208642399113574406e-01 5.166416056301813553e-01
1.215636071294285557e+03 4.759369582116321565e-04 1.290751682395197830e-01 1.368417780140573081e-01
1.215650841210576800e+03 9.160940007718647008e-39 5.745593245909836992e-03 9.333645721393266093e-03
1.215665611126868271e+03 1.501313124130822341e-124 4.292218947569631580e-05 2.452981547713327078e-04
1.215680381043159514e+03 2.709232194485209937e-93 8.301818520214603687e-04 1.570272254696815448e-03
1.215695150959450530e+03 3.171884348222683499e-17 2.423216024298245272e-02 2.907937528344211459e-02
1.215709920875741773e+03 8.257695906295953181e-02 2.116341598460188267e-01 2.181300522844060730e-01
1.215724690792033016e+03 7.604440796828133564e-01 6.425301424876208589e-01 6.358458606154687720e-01
1.215739460708324032e+03 8.909704601860520823e-01 8.652814348631868713e-01 8.608679304386981368e-01
1.215754230624615275e+03 9.312474842887251691e-01 9.256072465334126420e-01 9.248937624210543662e-01
1.215769000540906518e+03 9.507555606845258245e-01 9.486612812246334459e-01 9.485138083290740596e-01
1.215783770457197988e+03 9.620153865611340560e-01 9.610187935285064986e-01 9.609609080852402618e-01
1.215798540373489004e+03 9.692936099086357782e-01 9.687165365074967838e-01 9.686864472561258488e-01
1.215813310289780247e+03 9.742264902346463584e-01 9.739159718366204865e-01 9.738984050918445545e-01
1.215828080206071490e+03 9.779110144277031180e-01 9.777164832342374323e-01 9.777052720445087441e-01
1.215842850122362506e+03 9.808070876802227334e-01 9.806681934068453010e-01 9.806604656874459147e-01
1.215857620038653749e+03 9.831365025005521785e-01 9.830328357293863784e-01 9.830272659243266542e-01
1.215872389954944992e+03 9.850423500374319019e-01 9.849630797886856914e-01 9.849589500586917179e-01
1.215887159871236463e+03 9.866240973238108447e-01 9.865623037717253796e-01 9.865591722462282442e-01
1.215901929787527479e+03 9.879530773277122035e-01 9.879041100117285090e-01 9.879016896911435586e-01
1.215916699703818722e+03 9.890816793951927588e-01 9.890423193925148571e-01 9.890404176262244107e-01
1.215931469620109965e+03 9.900491672865570081e-01 9.900171318136260501e-01 9.900156157621314845e-01
1.215946239536400981e+03 9.908854891270896248e-01 9.908591250029711306e-01 9.908579009189021347e-01
1.215961009452692224e+03 9.916138424304909993e-01 9.915919302477887998e-01 9.915909306130188394e-01
1.215975779368983467e+03 9.922524427728134366e-01 9.922340683367723013e-01 9.922332436410272738e-01
1.215990549285274938e+03 9.928157691180671263e-01 9.928002370215547323e-01 9.927995503720379311e-01
1.216005319201565953e+03 9.933154570198088340e-01 9.933022313243589085e-01 9.933016548309691052e-01
1.216020089117857196e+03 9.937609499656262502e-01 9.937496127291081116e-01 9.937491250311181190e-01
1.216034859034148440e+03 9.941599815286660258e-01 9.941502033227180846e-01 9.941497878655582987e-01
1.216049628950439455e+03 9.945189371792892974e-01 9.945104558063480038e-01 9.945100996211143629e-01
1.216064398866730699e+03 9.948431291867598780e-01 9.948357340962430406e-01 9.948354269222094981e-01
1.216079168783021942e+03 9.951370078584793610e-01 9.951305285850579052e-01 9.951302622300580714e-01
1.216093938699313185e+03 9.954043255308567817e-01 9.953986230127793711e-01 9.953983908810521974e-01
1.216108708615604201e+03 9.956482650701812265e-01 9.956432250588330701e-01 9.956430217984215680e-01
1.216123478531895671e+03 9.958715414247565345e-01 9.958670694324669448e-01 9.958668906690716360e-01
1.216138248448186914e+03 9.960764825132325528e-01 9.960724999061444374e-01 9.960723420402534112e-01
1.216153018364477930e+03 9.962650941291604223e-01 9.962615350814995052e-01 9.962613951323362471e-01
1.216167788280769173e+03 9.964391123834218655e-01 9.964359214858136138e-01 9.964357969702803963e-01
1.216182558197060416e+03 9.966000463591163649e-01 9.965971767275988435e-01 9.965970655656246624e-01
1.216197328113351659e+03 9.967492130268437167e-01 9.967466247978750138e-01 9.967465252378567842e-01
1.216212098029642675e+03 9.968877659994103135e-01 9.968854251244310127e-01 9.968853356840889912e-01
1.216226867945934146e+03 9.970167193515886428e-01 9.970145966254094771e-01 9.970145160445552657e-01
1.216241637862225389e+03 9.971369674617300838e-01 9.971350377345453708e-01 9.971349649371260560e-01
1.216256407778516405e+03 9.972493016267184318e-01 9.972475431611096397e-01 9.972474772245147889e-01
1.216271177694807648e+03 9.973544240436883479e-01 9.973528179868020871e-01 9.973527581169052691e-01
1.216285947611098891e+03 9.974529596299614997e-01 9.974514895777225609e-01 9.974514350884710057e-01
1.216300717527390134e+03 9.975454660579640143e-01 9.975441176932746679e-01 9.975440679899096885e-01
1.216315487443681150e+03 9.976324423080420445e-01 9.976312030988372381e-01 9.976311576640312095e-01
1.216330257359972393e+03 9.977143359842565173e-01 9.977131949302905367e-01 9.977131533126394336e-01
1.216345027276263863e+03 9.977915495927247580e-01 9.977904970122849493e-01 9.977904588167126887e-01
1.216359797192554879e+03 9.978644459460204175e-01 9.978634732955463660e-01 9.978634381752695681e-01
1.216374567108846122e+03 9.979333528284174415e-01 9.979324525494003284e-01 9.979324201991753851e-01
1.216389337025137365e+03 9.979985670337230275e-01 9.979977324223519020e-01 9.979977025727749806e-01
1.216404106941428608e+03 9.980603578688905797e-01 9.980595829647417316e-01 9.980595553774220807e-01
1.216418876857719624e+03 9.981189702014330312e-01 9.981182496921866543e-01 9.981182241556487700e-01
1.216433646774010867e+03 9.981746271163084439e-01 9.981739562559961421e-01 9.981739325821851194e-01
1.216448416690302338e+03 9.982275322377225368e-01 9.982269067764374393e-01 9.982268847977334714e-01
1.216463186606593354e+03 9.982778717628216780e-01 9.982772878861682075e-01 9.982772674528274104e-01
1.216477956522884597e+03 9.983258162471965180e-01 9.983252705240246438e-01 9.983252515019788165e-01
1.216492726439175840e+03 9.983715221761372272e-01 9.983710115133539453e-01 9.983709937823168623e-01
1.216507496355467083e+03 9.984151333506617876e-01 9.984146549540782178e-01 9.984146384059081614e-01
1.216522266271758099e+03 9.984567821130431176e-01 9.984563334533935741e-01 9.984563179906750241e-01
1.216537036188049342e+03 9.984965904330366238e-01 9.984961692164207037e-01 9.984961547512344326e-01
1.216551806104340812e+03 9.985346708729401222e-01 9.985342750150641988e-01 9.985342614679161288e-01
1.216566576020631828e+03 9.985711274470555621e-01 9.985707550507352259e-01 9.985707423496231749e-01
1.216581345936923071e+03 9.986060563889240793e-01 9.986057057243852286e-01 9.986056938039815645e-01
1.216596115853214314e+03 9.986395468377962104e-01 9.986392163253962062e-01 9.986392051263339731e-01
1.216610885769505558e+03 9.986716814542697662e-01 9.986713696492929282e-01 9.986713591175356841e-01
1.216625655685796573e+03 9.987025369735871294e-01 9.987022425528442326e-01 9.987022326391346017e-01
1.216640425602087817e+03 9.987321847039922762e-01 9.987319064539678104e-01 9.987318971133400947e-01
1.216655195518379060e+03 9.987606909764918939e-01 9.987604277828464605e-01 9.987604189741956517e-01
1.216669965434670075e+03 9.987881175515750387e-01 9.987878683898167020e-01 9.987878600755161207e-01
1.216684735350961546e+03 9.988145219876828351e-01 9.988142859148556596e-01 9.988142780604186699e-01
1.216699505267252789e+03 9.988399579755969926e-01 9.988397341228669735e-01 9.988397266966453358e-01
1.216714275183544032e+03 9.988644756424275295e-01 9.988642632084411277e-01 9.988642561813578791e-01
1.216729045099835048e+03 9.988881218283682806e-01 9.988879200732991848e-01 9.988879134186079423e-01
1.216743815016126291e+03 9.989109403390399322e-01 9.989107485792363406e-01 9.989107422723069174e-01
1.216758584932417534e+03 9.989329721758827274e-01 9.989327897790449828e-01 9.989327837971720969e-01
1.216773354848708550e+03 9.989542557467721018e-01 9.989540821276023941e-01 9.989540764498324732e-01
1.216788124765000020e+03 9.989748270587945900e-01 9.989746616750591057e-01 9.989746562820368547e-01
1.216802894681291264e+03 9.989947198948772034e-01 9.989945622438425321e-01 9.989945571176706007e-01
1.216817664597582507e+03 9.990139659757991675e-01 9.990138155909981110e-01 9.990138107151113056e-01
1.216832434513873523e+03 9.990325951089413792e-01 9.990324515572340802e-01 9.990324469162863430e-01
1.216847204430164766e+03 9.990506353249821725e-01 9.990504982038792559e-01 9.990504937836410804e-01
1.216861974346456009e+03 9.990681130036160873e-01 9.990679819388451621e-01 9.990679777261100014e-01
1.216876744262747025e+03 9.990850529892879583e-01 9.990849276325681760e-01 9.990849236150693979e-01
1.216891514179038495e+03 9.991014786978054119e-01 9.991013587248170902e-01 9.991013548911504838e-01
1.216906284095329738e+03 9.991174122146203596e-01 9.991172973231505772e-01 9.991172936627055190e-01
1.216921054011620981e+03 9.991328743855065753e-01 9.991327642937493092e-01 9.991327607966447033e-01
1.216935823927911997e+03 9.991478849002617402e-01 9.991477793452631095e-01 9.991477760022907662e-01
1.216950593844203240e+03 9.991624623700370300e-01 9.991623611062687704e-01 9.991623579088412255e-01
1.216965363760494483e+03 9.991766243988132734e-01 9.991765271968648943e-01 9.991765241369664485e-01
1.216980133676785499e+03 9.991903876495142889e-01 9.991902942948928112e-01 9.991902913650360096e-01
1.216994903593076742e+03 9.992037679051949395e-01 9.992036781972214454e-01 9.992036753904034452e-01
1.217009673509368213e+03 9.992167801257042514e-01 9.992166938759832195e-01 9.992166911811580787e-01
1.217024443425659456e+03 9.992294385001945223e-01 9.992293548653605750e-01 9.992293515305217255e-01
1.217039213341950472e+03 9.992417564957980503e-01 9.992415641135241611e-01 9.992415447255658112e-01
1.217053983258241715e+03 9.992537469027936714e-01 9.992510538886401061e-01 9.992509896311919659e-01
