# lambda[A]  T_theo  T_instr  T_rot+instr  (H-alpha 6562.8)
6.560962918518379411e+03 9.999999998754790509e-01 9.999999998741965213e-01 9.999999998741712082e-01
6.560981289333194582e+03 9.999999998729443007e-01 9.999999998725057626e-01 9.999999998724917738e-01
6.560999660148010662e+03 9.999999998703306137e-01 9.999999998701872839e-01 9.999999998701816217e-01
6.561018030962827652e+03 9.999999998676357693e-01 9.999999998675536128e-01 9.999999998675511703e-01
6.561036401777643732e+03 9.999999998648565480e-01 9.999999998647784993e-01 9.999999998647770560e-01
6.561054772592459813e+03 9.999999998619878427e-01 9.999999998619076846e-01 9.999999998619061303e-01
6.561073143407275893e+03 9.999999998590272110e-01 9.999999998589436112e-01 9.999999998589422789e-01
6.561091514222092883e+03 9.999999998559704339e-01 9.999999998558827263e-01 9.999999998558815051e-01
6.561109885036908963e+03 9.999999998528128486e-01 9.999999998527212552e-01 9.999999998527198120e-01
6.561128255851725044e+03 9.999999998495500142e-01 9.999999998494544240e-01 9.999999998494528697e-01
6.561146626666541124e+03 9.999999998461773787e-01 9.999999998460777917e-01 9.999999998460760153e-01
6.561164997481357204e+03 9.999999998426906123e-01 9.999999998425859182e-01 9.999999998425839198e-01
6.561183368296174194e+03 9.999999998390828315e-01 9.999999998389736966e-01 9.999999998389716982e-01
6.561201739110990275e+03 9.999999998353500397e-01 9.999999998352355757e-01 9.999999998352335773e-01
6.561220109925806355e+03 9.999999998314855754e-01 9.999999998313656713e-01 9.999999998313634508e-01
6.561238480740621526e+03 9.999999998274834434e-01 9.999999998273574331e-01 9.999999998273553237e-01
6.561256851555438516e+03 9.999999998233365384e-01 9.999999998232047549e-01 9.999999998232023124e-01
6.561275222370254596e+03 9.999999998190380879e-01 9.999999998188996431e-01 9.999999998188974226e-01
6.561293593185070677e+03 9.999999998145809865e-01 9.999999998144357694e-01 9.999999998144333269e-01
6.561311963999886757e+03 9.999999998099569076e-01 9.999999998098043630e-01 9.999999998098012544e-01
6.561330334814702837e+03 9.999999998051574135e-01 9.999999998049967642e-01 9.999999998049939887e-01
6.561348705629519827e+03 9.999999998001736223e-01 9.999999998000046464e-01 9.999999998000016488e-01
6.561367076444335908e+03 9.999999997949956532e-01 9.999999997948177954e-01 9.999999997948149089e-01
6.561385447259151988e+03 9.999999997896137360e-01 9.999999997894263304e-01 9.999999997894231107e-01
6.561403818073968068e+03 9.999999997840167687e-01 9.999999997838193710e-01 9.999999997838158183e-01
6.561422188888785058e+03 9.999999997781929828e-01 9.999999997779848160e-01 9.999999997779810412e-01
6.561440559703601139e+03 9.999999997721303879e-01 9.999999997719104528e-01 9.999999997719066780e-01
6.561458930518417219e+03 9.999999997658151063e-01 9.999999997655829587e-01 9.999999997655788508e-01
6.561477301333232390e+03 9.999999997592333711e-01 9.999999997589879008e-01 9.999999997589837930e-01
6.561495672148048470e+03 9.999999997523696393e-01 9.999999997521099582e-01 9.999999997521054063e-01
6.561514042962865460e+03 9.999999997452078127e-01 9.999999997449325884e-01 9.999999997449281475e-01
6.561532413777681541e+03 9.999999997377301275e-01 9.999999997374385829e-01 9.999999997374335869e-01
6.561550784592497621e+03 9.999999997299177101e-01 9.999999997296085130e-01 9.999999997296030729e-01
6.561569155407313701e+03 9.999999997217502434e-01 9.999999997214217284e-01 9.999999997214161773e-01
6.561587526222129782e+03 9.999999997132058560e-01 9.999999997128570239e-01 9.999999997128509177e-01
6.561605897036946772e+03 9.999999997042613442e-01 9.999999997038897526e-01 9.999999997038833133e-01
6.561624267851762852e+03 9.999999996948901737e-01 9.999999996944948233e-01 9.999999996944882730e-01
6.561642638666578932e+03 9.999999996850659212e-01 9.999999996846449246e-01 9.999999996846371531e-01
6.561661009481395013e+03 9.999999996747581665e-01 9.999999996743089703e-01 9.999999996743011987e-01
6.561679380296212003e+03 9.999999996639351574e-01 9.999999996634549859e-01 9.999999996634464372e-01
6.561697751111028083e+03 9.999999996525607004e-01 9.999999996520474443e-01 9.999999996520385626e-01
6.561716121925844163e+03 9.999999996405976033e-01 9.999999996400481539e-01 9.999999996400384950e-01
6.561734492740659334e+03 9.999999996280043435e-01 9.999999996274152592e-01 9.999999996274049341e-01
6.561752863555475415e+03 9.999999996147348469e-01 9.999999996141029079e-01 9.999999996140920278e-01
6.561771234370292404e+03 9.999999996007410408e-01 9.999999996000618063e-01 9.999999996000499269e-01
6.561789605185108485e+03 9.999999995859678581e-01 9.999999995852366652e-01 9.999999995852242307e-01
6.561807975999924565e+03 9.999999995703563460e-01 9.999999995695686428e-01 9.999999995695552091e-01
6.561826346814740646e+03 9.999999995538421116e-01 9.999999995529922359e-01 9.999999995529772479e-01
6.561844717629557636e+03 9.999999995363533234e-01 9.999999995354346138e-01 9.999999995354187377e-01
6.561863088444373716e+03 9.999999995178117107e-01 9.999999995168170619e-01 9.999999995167998534e-01
6.561881459259189796e+03 9.999999994981303431e-01 9.999999994970515393e-01 9.999999994970327766e-01
6.561899830074005877e+03 9.999999994772129641e-01 9.999999994760410127e-01 9.999999994760204736e-01
6.561918200888821957e+03 9.999999994549532145e-01 9.999999994536765691e-01 9.999999994536542536e-01
6.561936571703638947e+03 9.999999994312311902e-01 9.999999994298370831e-01 9.999999994298125472e-01
6.561954942518455027e+03 9.999999994059135533e-01 9.999999994043849982e-01 9.999999994043583529e-01
6.561973313333271108e+03 9.999999993788477592e-01 9.999999993771633289e-01 9.999999993771335749e-01
6.561991684148086279e+03 9.999999993498580597e-01 9.999999993479860017e-01 9.999999993479532501e-01
6.562010054962904178e+03 9.999999993187347336e-01 9.999999993166295287e-01 9.999999993165921142e-01
6.562028425777719349e+03 9.999999992852206532e-01 9.999999992828079165e-01 9.999999992827640627e-01
6.562046796592535429e+03 9.999999992489811973e-01 9.999999992461358067e-01 9.999999992460834042e-01
6.562065167407351510e+03 9.999999992095530699e-01 9.999999992060630838e-01 9.999999992059971365e-01
6.562083538222167590e+03 9.999999991662553711e-01 9.999999991617503081e-01 9.999999991616635997e-01
6.562101909036984580e+03 9.999999991180277270e-01 9.999999991118634357e-01 9.999999991117415332e-01
6.562120279851800660e+03 9.999999990631437408e-01 9.999999990542087769e-01 9.999999990540276995e-01
6.562138650666616741e+03 9.999999989987254922e-01 9.999999989851185989e-01 9.999999989848372683e-01
6.562157021481432821e+03 9.999999989199110928e-01 9.999999988984266119e-01 9.999999988979764165e-01
6.562175392296249811e+03 9.999999988184726796e-01 9.999999987837896454e-01 9.999999987830577863e-01
6.562193763111065891e+03 9.999999986805572227e-01 9.999999986239980210e-01 9.999999986227993132e-01
6.562212133925881972e+03 9.999999984830766353e-01 9.999999983907369439e-01 9.999999983887779553e-01
6.562230504740698052e+03 9.999999981880489663e-01 9.999999980380639419e-01 9.999999980348818207e-01
6.562248875555513223e+03 9.999999977339194546e-01 9.999999974925541935e-01 9.999999974874356212e-01
6.562267246370330213e+03 9.999999970225346146e-01 9.999999966387421724e-01 9.999999966306069021e-01
6.562285617185146293e+03 9.999999959000278604e-01 9.999999952980783702e-01 9.999999952853185770e-01
6.562303987999962374e+03 9.999999941293978845e-01 9.999999931991713220e-01 9.999999931794353314e-01
6.562322358814778454e+03 9.999999913520799533e-01 9.999999899366737166e-01 9.999999899065831199e-01
6.562340729629594534e+03 9.999999870353735165e-01 9.999999849157928944e-01 9.999999848705781735e-01
6.562359100444411524e+03 9.999999804022910999e-01 9.999999772792030894e-01 9.999999772122403208e-01
6.562377471259227605e+03 9.999999703403191775e-01 9.999999658131726310e-01 9.999999657154076127e-01
6.562395842074043685e+03 9.999999552859100138e-01 9.999999488301012374e-01 9.999999486893343947e-01
6.562414212888859765e+03 9.999999330822809673e-01 9.999999240254556776e-01 9.999999238254424494e-01
6.562432583703676755e+03 9.999999008094059283e-01 9.999998883082467094e-01 9.999998880275177138e-01
6.562450954518492836e+03 9.999998545867900823e-01 9.999998376054687332e-01 9.999998372156645443e-01
6.562469325333308916e+03 9.999997893513359326e-01 9.999997666417332898e-01 9.999997661050323838e-01
6.562487696148124996e+03 9.999996986133492527e-01 9.999996686945503699e-01 9.999996679594133075e-01
6.562506066962940167e+03 9.999995741917083736e-01 9.999995353217092653e-01 9.999995343157315197e-01
6.562524437777757157e+03 9.999994059218384468e-01 9.999993560476440058e-01 9.999993546660539412e-01
6.562542808592573238e+03 9.999991813152480091e-01 9.999991179742627745e-01 9.999991160630052889e-01
6.562561179407389318e+03 9.999988851269980827e-01 9.999988052176074227e-01 9.999988025507324796e-01
6.562579550222205398e+03 9.999984987509218382e-01 9.999983978172833909e-01 9.999983940650650771e-01
6.562597921037022388e+03 9.999979992214803604e-01 9.999978687273127775e-01 9.999978633856467791e-01
6.562616291851838469e+03 9.999973568416987701e-01 9.999971736520636423e-01 9.999971658074485736e-01
6.562634662666654549e+03 9.999965269907352683e-01 9.999962163411948435e-01 9.999962039294618688e-01
6.562653033481470629e+03 9.999954182540440328e-01 9.999947427956328294e-01 9.999947209050950025e-01
6.562671404296286710e+03 9.999937723364306086e-01 9.999920824633269367e-01 9.999920414015783798e-01
6.562689775111103700e+03 9.999907560226105607e-01 9.999867186087292303e-01 9.999866462722775129e-01
6.562708145925919780e+03 9.999838867810292298e-01 9.999760480565352827e-01 9.999759434512676126e-01
6.562726516740735860e+03 9.999677365680971208e-01 9.999572515501303771e-01 9.999571452475015665e-01
6.562744887555551941e+03 9.999367215248804452e-01 9.999298449153205537e-01 9.999298015129060024e-01
6.562763258370368931e+03 9.998943607485636376e-01 9.998984506108935522e-01 9.998985325118847634e-01
6.562781629185184102e+03 9.998556292496383335e-01 9.998726784865736850e-01 9.998728908612901645e-01
6.562800000000000182e+03 9.998395707780771691e-01 9.998626357929891739e-01 9.998629042347420004e-01
6.562818370814816262e+03 9.998556290798041868e-01 9.998726780210058784e-01 9.998728903946915159e-01
6.562836741629632343e+03 9.998943597700433727e-01 9.998984496108036524e-01 9.998985315118834594e-01
6.562855112444449333e+03 9.999367195899615535e-01 9.999298434629502186e-01 9.999298000624373683e-01
6.562873483259265413e+03 9.999677345007094154e-01 9.999572499613924581e-01 9.999571436604417496e-01
6.562891854074081493e+03 9.999838853310789588e-01 9.999760466762220856e-01 9.999759420705310875e-01
6.562910224888897574e+03 9.999907551539759520e-01 9.999867175847664269e-01 9.999866452462473632e-01
6.562928595703714564e+03 9.999937717588577302e-01 9.999920817414007512e-01 9.999920406774840398e-01
6.562946966518530644e+03 9.999954177853672688e-01 9.999947422535473418e-01 9.999947203615536795e-01
6.562965337333346724e+03 9.999965265613877108e-01 9.999962158868763717e-01 9.999962034743216099e-01
6.562983708148162805e+03 9.999973564349260435e-01 9.999971732415888770e-01 9.999971653964622176e-01
6.563002078962977976e+03 9.999979988385845342e-01 9.999978683473131902e-01 9.999978630052467343e-01
6.563020449777795875e+03 9.999984983972494135e-01 9.999983974672513876e-01 9.999983937146804669e-01
6.563038820592611046e+03 9.999988848073162462e-01 9.999988049004517876e-01 9.999988022332654269e-01
6.563057191407427126e+03 9.999991810325620234e-01 9.999991176925832059e-01 9.999991157810577125e-01
6.563075562222243207e+03 9.999994056772604223e-01 9.999993558026190055e-01 9.999993544208002350e-01
6.563093933037060197e+03 9.999995739846252452e-01 9.999995351129579158e-01 9.999995341067829946e-01
6.563112303851876277e+03 9.999996984417189871e-01 9.999996685203312863e-01 9.999996677850224724e-01
6.563130674666692357e+03 9.999997892120485732e-01 9.999997664992630320e-01 9.999997659624111357e-01
6.563149045481508438e+03 9.999998544760606567e-01 9.999998374912721921e-01 9.999998371013346654e-01
6.563167416296324518e+03 9.999999007231419323e-01 9.999998882184950588e-01 9.999998879376498229e-01
6.563185787111141508e+03 9.999999330163908962e-01 9.999999239562612496e-01 9.999999237561488785e-01
6.563204157925957588e+03 9.999999552365415045e-01 9.999999487777486706e-01 9.999999486368985613e-01
6.563222528740773669e+03 9.999999703040125532e-01 9.999999657742789649e-01 9.999999656764461120e-01
6.563240899555589749e+03 9.999999803760637462e-01 9.999999772508120222e-01 9.999999771837945195e-01
6.563259270370406739e+03 9.999999870167441962e-01 9.999999848954108650e-01 9.999999848501540667e-01
6.563277641185222819e+03 9.999999913390499318e-01 9.999999899222660193e-01 9.999999898921430042e-01
6.563296012000037990e+03 9.999999941204051890e-01 9.999999931891251359e-01 9.999999931693646094e-01
6.563314382814854071e+03 9.999999958938845523e-01 9.999999952911508005e-01 9.999999952783730217e-01
6.563332753629670151e+03 9.999999970183616194e-01 9.999999966339998547e-01 9.999999966258518169e-01
6.563351124444487141e+03 9.999999977310822796e-01 9.999999974893133414e-01 9.999999974841858874e-01
6.563369495259303221e+03 9.999999981861008580e-01 9.999999980358358354e-01 9.999999980326476079e-01
6.563387866074119302e+03 9.999999984817090626e-01 9.999999983891801891e-01 9.999999983872165377e-01
6.563406236888935382e+03 9.999999986795634621e-01 9.999999986228785831e-01 9.999999986216775438e-01
6.563424607703751462e+03 9.999999988177167287e-01 9.999999987829522041e-01 9.999999987822183467e-01
6.563442978518568452e+03 9.999999989193050220e-01 9.999999988977683607e-01 9.999999988973169440e-01
6.563461349333384533e+03 9.999999989982130133e-01 9.999999989845740345e-01 9.999999989842920378e-01
6.563479720148200613e+03 9.999999990626909918e-01 9.999999990537363770e-01 9.999999990535545225e-01
6.563498090963016693e+03 9.999999991176135028e-01 9.999999991114374431e-01 9.999999991113152076e-01
6.563516461777833683e+03 9.999999991658676812e-01 9.999999991613550687e-01 9.999999991612680272e-01
6.563534832592649764e+03 9.999999992091835876e-01 9.999999992056890497e-01 9.999999992056232134e-01
6.563553203407464935e+03 9.999999992486257039e-01 9.999999992457777598e-01 9.999999992457258013e-01
6.563571574222281015e+03 9.999999992848769281e-01 9.999999992824623041e-01 9.999999992824184503e-01
6.563589945037097095e+03 9.999999993184006675e-01 9.999999993162947964e-01 9.999999993162569378e-01
6.563608315851914085e+03 9.999999993495326533e-01 9.999999993476603732e-01 9.999999993476267335e-01
6.563626686666730166e+03 9.999999993785304575e-01 9.999999993768455830e-01 9.999999993768154960e-01
6.563645057481546246e+03 9.999999994056038011e-01 9.999999994040751350e-01 9.999999994040479345e-01
6.563663428296362326e+03 9.999999994309282103e-01 9.999999994295337702e-01 9.999999994295093453e-01
6.563681799111179316e+03 9.999999994546566739e-01 9.999999994533800285e-01 9.999999994533576020e-01
6.563700169925995397e+03 9.999999994769229739e-01 9.999999994757505783e-01 9.999999994757301502e-01
6.563718540740811477e+03 9.999999994978462370e-01 9.999999994967675443e-01 9.999999994967487815e-01
6.563736911555627557e+03 9.999999995175338219e-01 9.999999995165390620e-01 9.999999995165215205e-01
6.563755282370443638e+03 9.999999995360809857e-01 9.999999995351620541e-01 9.999999995351462889e-01
6.563773653185260628e+03 9.999999995535748809e-01 9.999999995527246721e-01 9.999999995527102392e-01
6.563792024000076708e+03 9.999999995700944444e-01 9.999999995693066301e-01 9.999999995692931964e-01
6.563810394814891879e+03 9.999999995857107304e-01 9.999999995849795376e-01 9.999999995849668810e-01
6.563828765629707959e+03 9.999999996004883540e-01 9.999999995998091196e-01 9.999999995997974622e-01
6.563847136444524949e+03 9.999999996144874892e-01 9.999999996138549951e-01 9.999999996138441150e-01
6.563865507259341030e+03 9.999999996277607606e-01 9.999999996271714542e-01 9.999999996271614622e-01
6.563883878074157110e+03 9.999999996403584612e-01 9.999999996398090119e-01 9.999999996397992419e-01
6.563902248888973190e+03 9.999999996523256662e-01 9.999999996518121881e-01 9.999999996518034173e-01
6.563920619703789271e+03 9.999999996637038979e-01 9.999999996632237265e-01 9.999999996632150667e-01
6.563938990518606261e+03 9.999999996745309039e-01 9.999999996740812636e-01 9.999999996740734920e-01
6.563957361333422341e+03 9.999999996848423223e-01 9.999999996844208816e-01 9.999999996844135541e-01
6.563975732148238421e+03 9.999999996946703495e-01 9.999999996942751102e-01 9.999999996942681157e-01
6.563994102963054502e+03 9.999999997040446287e-01 9.999999997036732591e-01 9.999999997036667088e-01
6.564012473777871492e+03 9.999999997129926932e-01 9.999999997126437501e-01 9.999999997126376439e-01
6.564030844592687572e+03 9.999999997215400782e-01 9.999999997212117853e-01 9.999999997212057901e-01
6.564049215407502743e+03 9.999999997297109866e-01 9.999999997294013454e-01 9.999999997293960163e-01
6.564067586222318823e+03 9.999999997375260685e-01 9.999999997372346350e-01 9.999999997372295280e-01
6.564085957037134904e+03 9.999999997450073064e-01 9.999999997447318600e-01 9.999999997447269751e-01
6.564104327851951894e+03 9.999999997521720196e-01 9.999999997519121164e-01 9.999999997519074535e-01
6.564122698666767974e+03 9.999999997590380829e-01 9.999999997587928346e-01 9.999999997587886158e-01
6.564141069481584054e+03 9.999999997656224826e-01 9.999999997653903350e-01 9.999999997653863382e-01
6.564159440296400135e+03 9.999999997719405398e-01 9.999999997717206046e-01 9.999999997717168299e-01
6.564177811111216215e+03 9.999999997780057992e-01 9.999999997777975214e-01 9.999999997777939686e-01
6.564196181926033205e+03 9.999999997838320276e-01 9.999999997836344079e-01 9.999999997836309662e-01
6.564214552740849285e+03 9.999999997894314374e-01 9.999999997892441428e-01 9.999999997892408121e-01
6.564232923555665366e+03 9.999999997948157970e-01 9.999999997946380503e-01 9.999999997946349417e-01
6.564251294370481446e+03 9.999999997999960977e-01 9.999999997998272327e-01 9.999999997998242351e-01
6.564269665185298436e+03 9.999999998049821093e-01 9.999999998048215710e-01 9.999999998048186844e-01
6.564288036000114516e+03 9.999999998097837128e-01 9.999999998096310572e-01 9.999999998096285037e-01
6.564306406814929687e+03 9.999999998144102342e-01 9.999999998142647950e-01 9.999999998142622415e-01
6.564324777629745768e+03 9.999999998188693340e-01 9.999999998187308892e-01 9.999999998187285577e-01
6.564343148444561848e+03 9.999999998231696718e-01 9.999999998230377773e-01 9.999999998230355569e-01
6.564361519259378838e+03 9.999999998273184643e-01 9.999999998271927870e-01 9.999999998271904555e-01
6.564379890074194918e+03 9.999999998313229277e-01 9.999999998312028016e-01 9.999999998312006921e-01
6.564398260889010999e+03 9.999999998351891684e-01 9.999999998350747044e-01 9.999999998350725949e-01
6.564416631703827079e+03 9.999999998389235145e-01 9.999999998388143796e-01 9.999999998388127143e-01
6.564435002518644069e+03 9.999999998425332937e-01 9.999999998424283776e-01 9.999999998424264902e-01
6.564453373333460149e+03 9.999999998460219475e-01 9.999999998459219164e-01 9.999999998459203621e-01
6.564471744148276230e+03 9.999999998493960263e-01 9.999999998493005471e-01 9.999999998492988817e-01
6.564490114963092310e+03 9.999999998526605260e-01 9.999999998525690437e-01 9.999999998525674894e-01
6.564508485777908390e+03 9.999999998558198877e-01 9.999999998557322911e-01 9.999999998557305148e-01
6.564526856592725380e+03 9.999999998588784411e-01 9.999999998587946193e-01 9.999999998587930650e-01
6.564545227407541461e+03 9.999999998618410713e-01 9.999999998617603580e-01 9.999999998617588037e-01
6.564563598222356632e+03 9.999999998647103316e-01 9.999999998646327271e-01 9.999999998646312838e-01
6.564581969037172712e+03 9.999999998674919954e-01 9.999999998674092838e-01 9.999999998674068413e-01
6.564600339851989702e+03 9.999999998701881720e-01 9.999999998700447312e-01 9.999999998700387360e-01
6.564618710666805782e+03 9.999999998728029693e-01 9.999999998723643202e-01 9.999999998723499983e-01
6.564637081481621863e+03 9.999999998753396069e-01 9.999999998740559670e-01 9.999999998740302098e-01
