# lambda[A]  T_theo  T_instr  T_rot+instr  (Ly-alpha 1215.67)
1.214099999999999909e+03 9.993827930723180319e-01 9.993808340500325293e-01 9.993807891308007507e-01
1.214114786749665882e+03 9.993740536631530169e-01 9.993739209030162440e-01 9.993739075287769724e-01
1.214129573499331855e+03 9.993651038437916245e-01 9.993650504814131086e-01 9.993650483794257466e-01
1.214144360248997828e+03 9.993559365544598672e-01 9.993558818765501117e-01 9.993558802383700757e-01
1.214159146998663800e+03 9.993465444171996115e-01 9.993464878635484050e-01 9.993464861670223742e-01
1.214173933748329773e+03 9.993369197173191942e-01 9.993368612008398655e-01 9.993368594398788218e-01
1.214188720497995746e+03 9.993270543835410802e-01 9.993269938123441332e-01 9.993269919837723947e-01
1.214203507247661491e+03 9.993169399667520825e-01 9.993168772434088964e-01 9.993168753438596008e-01
1.214218293997327692e+03 9.993065676172298017e-01 9.993065026383760596e-01 9.993065006642748438e-01
1.214233080746993437e+03 9.992959280602373706e-01 9.992958607161401829e-01 9.992958586636907503e-01
1.214247867496659637e+03 9.992850115698390656e-01 9.992849417439328974e-01 9.992849396090996983e-01
1.214262654246325383e+03 9.992738079408065577e-01 9.992737355091858564e-01 9.992737332876759915e-01
1.214277440995991356e+03 9.992623064584391646e-01 9.992622312893124636e-01 9.992622289765578092e-01
1.214292227745657328e+03 9.992504958661424519e-01 9.992504178192402886e-01 9.992504154103752922e-01
1.214307014495323301e+03 9.992383643305700058e-01 9.992382832565012141e-01 9.992382807463409122e-01
1.214321801244989274e+03 9.992258994041195441e-01 9.992258151436753666e-01 9.992258125266905155e-01
1.214336587994655247e+03 9.992130879845677605e-01 9.992130003679652317e-01 9.992129976382549961e-01
1.214351374744321220e+03 9.991999162715935467e-01 9.991998251176539281e-01 9.991998222689164599e-01
1.214366161493986965e+03 9.991863697199266925e-01 9.991862748351839629e-01 9.991862718606849825e-01
1.214380948243653165e+03 9.991724329888270750e-01 9.991723341665577074e-01 9.991723310590955309e-01
1.214395734993318911e+03 9.991580898875793704e-01 9.991579869067478414e-01 9.991579836586145236e-01
1.214410521742985111e+03 9.991433233166486794e-01 9.991432159407600544e-01 9.991432125437009759e-01
1.214425308492650856e+03 9.991281152041214808e-01 9.991280031799710803e-01 9.991279996251377638e-01
1.214440095242316829e+03 9.991124464370039204e-01 9.991123294933155208e-01 9.991123257712173356e-01
1.214454881991982802e+03 9.990962967869255751e-01 9.990961746328659299e-01 9.990961707333136932e-01
1.214469668741648775e+03 9.990796448297308840e-01 9.990795171532892427e-01 9.990795130653370437e-01
1.214484455491314748e+03 9.990624678584136831e-01 9.990623343246309851e-01 9.990623300365079063e-01
1.214499242240980493e+03 9.990447417887671211e-01 9.990446020377997671e-01 9.990445975368398290e-01
1.214514028990646693e+03 9.990264410570782738e-01 9.990262947020804862e-01 9.990262899746408243e-01
1.214528815740312439e+03 9.990075385091139459e-01 9.990073851339164035e-01 9.990073801652896712e-01
1.214543602489978639e+03 9.989880052795655496e-01 9.989878444361304233e-01 9.989878392104478699e-01
1.214558389239644384e+03 9.989678106610304642e-01 9.989676418666552093e-01 9.989676363667789882e-01
1.214573175989310585e+03 9.989469219615002560e-01 9.989467446957451813e-01 9.989467389031497779e-01
1.214587962738976330e+03 9.989253043492168915e-01 9.989251180505185346e-01 9.989251119451580951e-01
1.214602749488642303e+03 9.989029206836103070e-01 9.989027247455480873e-01 9.989027183057105352e-01
1.214617536238308276e+03 9.988797313308863668e-01 9.988795250980577745e-01 9.988795183002021627e-01
1.214632322987974021e+03 9.988556939626632714e-01 9.988554767261160761e-01 9.988554695446912879e-01
1.214647109737640221e+03 9.988307633358293192e-01 9.988305343279993975e-01 9.988305267352426409e-01
1.214661896487305967e+03 9.988048910515956447e-01 9.988046494406778164e-01 9.988046414063882494e-01
1.214676683236972167e+03 9.987780252914094659e-01 9.987777701750911730e-01 9.987777616663779945e-01
1.214691469986637912e+03 9.987501105271145985e-01 9.987498409255815002e-01 9.987498319065795105e-01
1.214706256736304113e+03 9.987210872023598585e-01 9.987208020504688699e-01 9.987207924820212801e-01
1.214721043485969858e+03 9.986908913818451916e-01 9.986905895203485040e-01 9.986905793596483338e-01
1.214735830235636058e+03 9.986594543644921051e-01 9.986591345301700784e-01 9.986591237303558133e-01
1.214750616985301804e+03 9.986267022560704198e-01 9.986263630706100347e-01 9.986263515803091018e-01
1.214765403734967549e+03 9.985925554961135875e-01 9.985921954535430523e-01 9.985921832163539014e-01
1.214780190484633749e+03 9.985569283331983126e-01 9.985565457856506733e-01 9.985565327395563573e-01
1.214794977234299495e+03 9.985197282417203057e-01 9.985193213832688208e-01 9.985193074599673091e-01
1.214809763983965695e+03 9.984808552722421737e-01 9.984804221204951480e-01 9.984804072446391565e-01
1.214824550733631440e+03 9.984402013262113629e-01 9.984397397013103914e-01 9.984397237896360799e-01
1.214839337483297641e+03 9.983976493443775801e-01 9.983971568449742096e-01 9.983971398053030910e-01
1.214854124232963386e+03 9.983530723964955111e-01 9.983525463722118243e-01 9.983525281023071241e-01
1.214868910982629586e+03 9.983063326578689445e-01 9.983057701776607562e-01 9.983057505639091334e-01
1.214883697732295332e+03 9.982572802559008807e-01 9.982566780716336519e-01 9.982566569875255258e-01
1.214898484481961532e+03 9.982057519669841339e-01 9.982051064714241306e-01 9.982050837757950879e-01
1.214913271231627277e+03 9.981515697407875587e-01 9.981508769190466923e-01 9.981508524540404492e-01
1.214928057981293023e+03 9.980945390250416382e-01 9.980937943983627658e-01 9.980937679870610646e-01
1.214942844730959223e+03 9.980344468593670415e-01 9.980336454199014717e-01 9.980336168635645100e-01
1.214957631480624968e+03 9.979710597011349771e-01 9.979701958361314462e-01 9.979701649109695705e-01
1.214972418230291169e+03 9.979041209398705758e-01 9.979031883433679972e-01 9.979031547967586180e-01
1.214987204979956914e+03 9.978333480488714713e-01 9.978323396185938554e-01 9.978323031646338936e-01
1.215001991729623114e+03 9.977584293132687465e-01 9.977573370299497313e-01 9.977572973442049298e-01
1.215016778479288860e+03 9.976790200623678606e-01 9.976778348480870307e-01 9.976777915613794789e-01
1.215031565228955060e+03 9.975947383200945984e-01 9.975934498714504883e-01 9.975934025624692003e-01
1.215046351978620805e+03 9.975051597702231376e-01 9.975037563611072189e-01 9.975037045475945163e-01
1.215061138728287006e+03 9.974098119115927252e-01 9.974082801590464786e-01 9.974082232872260034e-01
1.215075925477952751e+03 9.973081672517825069e-01 9.973064918366151277e-01 9.973064292684573617e-01
1.215090712227618496e+03 9.971996353535820257e-01 9.971977986851159326e-01 9.971977296829090953e-01
1.215105498977284697e+03 9.970835535050101006e-01 9.970815353160977779e-01 9.970814590236443120e-01
1.215120285726950442e+03 9.969591757268740917e-01 9.969569525808277266e-01 9.969568680003521033e-01
1.215135072476616642e+03 9.968256597566630406e-01 9.968232044412321802e-01 9.968231104047928781e-01
1.215149859226282388e+03 9.966820515459403618e-01 9.966793323192919551e-01 9.966792274529933104e-01
1.215164645975948588e+03 9.965272666653398614e-01 9.965242463020960173e-01 9.965241289806181513e-01
1.215179432725614333e+03 9.963600678000498201e-01 9.963567023536490375e-01 9.963565706411736667e-01
1.215194219475280534e+03 9.961790371801040322e-01 9.961752743091465412e-01 9.961751258796140984e-01
1.215209006224946279e+03 9.959825421809487267e-01 9.959783186815467371e-01 9.959781506956856267e-01
1.215223792974612252e+03 9.957686910285943327e-01 9.957639265724446132e-01 9.957637351517103497e-01
1.215238579724278225e+03 9.955352701209607691e-01 9.955297690075863848e-01 9.955295404470023701e-01
1.215253366473943970e+03 9.952794991887033982e-01 9.952707820219144352e-01 9.952703676812127975e-01
1.215268153223610170e+03 9.949923573617854844e-01 9.949473704123681372e-01 9.949453594086148378e-01
1.215282939973275916e+03 9.945576534970509419e-01 9.942390288635279960e-01 9.942248352555931312e-01
1.215297726722942116e+03 9.929362103429724140e-01 9.915685954994678530e-01 9.914834818632296543e-01
1.215312513472607861e+03 9.860389963063117547e-01 9.819888647199066511e-01 9.818354008125491639e-01
1.215327300222274062e+03 9.607838199278101454e-01 9.635803439003037818e-01 9.637294485739278382e-01
1.215342086971939807e+03 9.469018171309214749e-01 9.568177109273782177e-01 9.571832225198467770e-01
1.215356873721605780e+03 9.776456884386819368e-01 9.736650467497710570e-01 9.735740374750755377e-01
1.215371660471271753e+03 9.891173585077320807e-01 9.867539755782069877e-01 9.866176456610595835e-01
1.215386447220937725e+03 9.909447183002048076e-01 9.903325918392039684e-01 9.902994554558463003e-01
1.215401233970603698e+03 9.904724435017098205e-01 9.903574144765675547e-01 9.903519762223672585e-01
1.215416020720269444e+03 9.895941017075486901e-01 9.895517749004788532e-01 9.895496728271813147e-01
1.215430807469935644e+03 9.885524017118383355e-01 9.885083172338904323e-01 9.885061503347981615e-01
1.215445594219601389e+03 9.873305723198485540e-01 9.872757842033883513e-01 9.872730412213834850e-01
1.215460380969267590e+03 9.858840882716053411e-01 9.858144367998693536e-01 9.858108572916771672e-01
1.215475167718933335e+03 9.841520900554937556e-01 9.840619271961957848e-01 9.840571557495042532e-01
1.215489954468599308e+03 9.820506961836252824e-01 9.819314887123339330e-01 9.819249692284259812e-01
1.215504741218265281e+03 9.794613075415848913e-01 9.792991569031940235e-01 9.792899517441771007e-01
1.215519527967931253e+03 9.762097282131168008e-01 9.759746650494018905e-01 9.759609205042188984e-01
1.215534314717597226e+03 9.720073940835751714e-01 9.716032698568183301e-01 9.715809217424243860e-01
1.215549101467263199e+03 9.661694205326187834e-01 9.654351453511023085e-01 9.653950428784284776e-01
1.215563888216929172e+03 9.573581422326659096e-01 9.559882256568307257e-01 9.559024566825693459e-01
1.215578674966594917e+03 9.430998611436418599e-01 9.398663124068129537e-01 9.395672683504241451e-01
1.215593461716261118e+03 9.163421774548323739e-01 9.049434905632322002e-01 9.030260450048746002e-01
1.215608248465926863e+03 8.512407662365338856e-01 7.865165692756956872e-01 7.808779934413043744e-01
1.215623035215592836e+03 5.054260899650629968e-01 4.718355331320693846e-01 4.692137913420912909e-01
1.215637821965258809e+03 2.309555151607966376e-05 1.116505558813150611e-01 1.190215067763671086e-01
1.215652608714924781e+03 8.406041769833559077e-48 4.827811975849513604e-03 7.986537584725082739e-03
1.215667395464590754e+03 1.515588861053091446e-129 3.828117983041760781e-05 2.422484268690920780e-04
1.215682182214256727e+03 3.268246044351857813e-81 1.674891493864861733e-03 2.965367094871193369e-03
1.215696968963922700e+03 5.916115370124621698e-13 4.290457988402804346e-02 4.837542075808429903e-02
1.215711755713588673e+03 1.725551637064539068e-01 2.698356228839273174e-01 2.743214322266224192e-01
1.215726542463254646e+03 7.942165581225981708e-01 6.823095850912672677e-01 6.756542454935889896e-01
1.215741329212920618e+03 8.999183651005185913e-01 8.791122933468309419e-01 8.752943108961470653e-01
1.215756115962586364e+03 9.353864037168324597e-01 9.306155321672130443e-01 9.300501664732633289e-01
1.215770902712252337e+03 9.529864669506027397e-01 9.511577866377310952e-01 9.510337001636487431e-01
1.215785689461918309e+03 9.633553947245608873e-01 9.624567451598340373e-01 9.624053144861416387e-01
1.215800476211584282e+03 9.701133239544055265e-01 9.696027723060230974e-01 9.695754207433382454e-01
1.215815262961250255e+03 9.747955176077209849e-01 9.745161338198405909e-01 9.744998777682273294e-01
1.215830049710916228e+03 9.783516688166611353e-01 9.781680216220822732e-01 9.781574478487251589e-01
1.215844836460582201e+03 9.811596121980915575e-01 9.810267368606165883e-01 9.810193709910930426e-01
1.215859623210248174e+03 9.834238922764795277e-01 9.833243003223254286e-01 9.833189663598828067e-01
1.215874409959914146e+03 9.852802456246815277e-01 9.852038764141848315e-01 9.851999089956725575e-01
1.215889196709579892e+03 9.868236026177867881e-01 9.867639306532286492e-01 9.867609143257721760e-01
1.215903983459246092e+03 9.881222835501478619e-01 9.880749018484575874e-01 9.880725653216816395e-01
1.215918770208911837e+03 9.892266111692854524e-01 9.891884585167789457e-01 9.891866189989283464e-01
1.215933556958577810e+03 9.901743946832433085e-01 9.901432936128365947e-01 9.901418246614853702e-01
1.215948343708243783e+03 9.909945356081374390e-01 9.909689050921154374e-01 9.909677172275475066e-01
1.215963130457909756e+03 9.917094637515778688e-01 9.916881349260026068e-01 9.916871635468086366e-01
1.215977917207575729e+03 9.923368219242052479e-01 9.923189166984264231e-01 9.923181143306971652e-01
1.215992703957241702e+03 9.928906552536955754e-01 9.928755044625915405e-01 9.928748356624826910e-01
1.216007490706907674e+03 9.933822661975318935e-01 9.933693532770262458e-01 9.933687912031120559e-01
1.216022277456573420e+03 9.938208393437260035e-01 9.938097608599733013e-01 9.938092849222547320e-01
1.216037064206239620e+03 9.942139047914041461e-01 9.942043423213005049e-01 9.942039365396114770e-01
1.216051850955905365e+03 9.945676864767720726e-01 9.945593862692522213e-01 9.945590381082550779e-01
1.216066637705571566e+03 9.948873672444934479e-01 9.948801253010995937e-01 9.948798248311546688e-01
1.216081424455237311e+03 9.951772928240181226e-01 9.951709438116294049e-01 9.951706830961116745e-01
1.216096211204903284e+03 9.954411303877498396e-01 9.954355393004979957e-01 9.954353119428273056e-01
1.216110997954569257e+03 9.956819929422393578e-01 9.956770487631650957e-01 9.956768495680499154e-01
1.216125784704235230e+03 9.959025377396271139e-01 9.958981485757149033e-01 9.958979732931279027e-01
1.216140571453901202e+03 9.961050447437062028e-01 9.961011340592913488e-01 9.961009791890741427e-01
1.216155358203566948e+03 9.962914796505287773e-01 9.962879833281130804e-01 9.962878459695075906e-01
1.216170144953233148e+03 9.964635448543418539e-01 9.964604088843650453e-01 9.964602866191665242e-01
1.216184931702898893e+03 9.966227209369294959e-01 9.966198995895464430e-01 9.966197903906558464e-01
1.216199718452565094e+03 9.967703006565629131e-01 9.967677550253433161e-01 9.967676571846626477e-01
1.216214505202230839e+03 9.969074169616014558e-01 9.969051137961246756e-01 9.969050258673127773e-01
1.216229291951897039e+03 9.970350662135772923e-01 9.970329769777140916e-01 9.970328977304334650e-01
1.216244078701562785e+03 9.971541275454346431e-01 9.971522276529909412e-01 9.971521560361100711e-01
1.216258865451228758e+03 9.972653790824973496e-01 9.972636472730217472e-01 9.972635823848389203e-01
1.216273652200894730e+03 9.973695116011853656e-01 9.973679294272004281e-01 9.973678704912125603e-01
1.216288438950560476e+03 9.974671400826580214e-01 9.974656914859922896e-01 9.974656378310636784e-01
1.216303225700226676e+03 9.975588135269942702e-01 9.975574844868013713e-01 9.975574355308526320e-01
1.216318012449892422e+03 9.976450233221051400e-01 9.976438015609265797e-01 9.976437567974495435e-01
1.216332799199558622e+03 9.977262104056077163e-01 9.977250851427232892e-01 9.977250441295808514e-01
1.216347585949224367e+03 9.978027714137558402e-01 9.978017331573116877e-01 9.978016955073916172e-01
1.216362372698890567e+03 9.978750639766199582e-01 9.978741043477279415e-01 9.978740697211150312e-01
1.216377159448556313e+03 9.979434112907730192e-01 9.979425228741584109e-01 9.979424909715499670e-01
1.216391946198222513e+03 9.980081060784962155e-01 9.980072822952603673e-01 9.980072528524074338e-01
1.216406732947888258e+03 9.980694140243087098e-01 9.980686490232528740e-01 9.980686218062526649e-01
1.216421519697554231e+03 9.981275767650578112e-01 9.981268653296136995e-01 9.981268401309059124e-01
1.216436306447220204e+03 9.981828144976530037e-01 9.981821519660015740e-01 9.981821286009580074e-01
1.216451093196885950e+03 9.982353282586248211e-01 9.982347104550005623e-01 9.982346887590086704e-01
1.216465879946552150e+03 9.982853019214539270e-01 9.982847250969393293e-01 9.982847049229001124e-01
1.216480666696217895e+03 9.983329039506428915e-01 9.983323647320631045e-01 9.983323459482417173e-01
1.216495453445884095e+03 9.983782889458188148e-01 9.983777842915289025e-01 9.983777667797015809e-01
1.216510240195549841e+03 9.984215990041747091e-01 9.984211261657540692e-01 9.984211098196059675e-01
1.216525026945216041e+03 9.984629649255200023e-01 9.984625214145085303e-01 9.984625061382476074e-01
1.216539813694881786e+03 9.985025072806540392e-01 9.985020908396171624e-01 9.985020765467684800e-01
1.216554600444547987e+03 9.985403373608457978e-01 9.985399459381488763e-01 9.985399325505066592e-01
1.216569387194213732e+03 9.985765580236575234e-01 9.985761897514245922e-01 9.985761771981378487e-01
1.216584173943879478e+03 9.986112644482011413e-01 9.986109176230191231e-01 9.986109058397913962e-01
1.216598960693545678e+03 9.986445448111012091e-01 9.986442178770780220e-01 9.986442068054665055e-01
1.216613747443211423e+03 9.986764808928381143e-01 9.986761724267024798e-01 9.986761620135033990e-01
1.216628534192877623e+03 9.987071486228629169e-01 9.987068573208172095e-01 9.987068475175217008e-01
1.216643320942543369e+03 9.987366185706774147e-01 9.987363432367776239e-01 9.987363339990950051e-01
1.216658107692209569e+03 9.987649563891669580e-01 9.987646959250162659e-01 9.987646872124519293e-01
1.216672894441875314e+03 9.987922232155725943e-01 9.987919766111690301e-01 9.987919683866486320e-01
1.216687681191541515e+03 9.988184760348503000e-01 9.988182423604261562e-01 9.988182345899638825e-01
1.216702467941207260e+03 9.988437680094907067e-01 9.988435464082330295e-01 9.988435390606351660e-01
1.216717254690873460e+03 9.988681487794173197e-01 9.988679384609415735e-01 9.988679315075434939e-01
1.216732041440539206e+03 9.988916647350636335e-01 9.988914649695681547e-01 9.988914583839996197e-01
1.216746828190204951e+03 9.989143592664251337e-01 9.989141693794291177e-01 9.989141631374017782e-01
1.216761614939871151e+03 9.989362729904754934e-01 9.989360923580782314e-01 9.989360864372002213e-01
1.216776401689536897e+03 9.989574439591053512e-01 9.989572720037099840e-01 9.989572663833135024e-01
1.216791188439203097e+03 9.989779078494765985e-01 9.989777440359173255e-01 9.989777386969083128e-01
1.216805975188868842e+03 9.989976981384616206e-01 9.989975419704996140e-01 9.989975368952200840e-01
1.216820761938535043e+03 9.990168462626765056e-01 9.990166972798161238e-01 9.990166924519201519e-01
1.216835548688200788e+03 9.990353817654252788e-01 9.990352395400224905e-01 9.990352349443658575e-01
1.216850335437866988e+03 9.990533324317623087e-01 9.990531965663925762e-01 9.990531921889308498e-01
1.216865122187532734e+03 9.990707244127295938e-01 9.990705945377890140e-01 9.990705903654866216e-01
1.216879908937198934e+03 9.990875823397349365e-01 9.990874581112516584e-01 9.990874541319979540e-01
1.216894695686864679e+03 9.991039294299318696e-01 9.991038105275664716e-01 9.991038067301022396e-01
1.216909482436530425e+03 9.991197875833801589e-01 9.991196737085982216e-01 9.991196700824462873e-01
1.216924269186196625e+03 9.991351774726934254e-01 9.991350683470925365e-01 9.991350648824951497e-01
1.216939055935862370e+03 9.991501186258077150e-01 9.991500139895840293e-01 9.991500106774473533e-01
1.216953842685528571e+03 9.991646295024484425e-01 9.991645291129938045e-01 9.991645259448347360e-01
1.216968629435194316e+03 9.991787275648261746e-01 9.991786311954365951e-01 9.991786281633374678e-01
1.216983416184860516e+03 9.991924293430288762e-01 9.991923367817230339e-01 9.991923338782868758e-01
1.216998202934526262e+03 9.992057504955508263e-01 9.992056615439827150e-01 9.992056587622909491e-01
1.217012989684192462e+03 9.992187058653534404e-01 9.992186203373155662e-01 9.992186176665195374e-01
1.217027776433858207e+03 9.992313095318147154e-01 9.992312266018237299e-01 9.992312233012861089e-01
1.217042563183524180e+03 9.992435748589011402e-01 9.992433845358617006e-01 9.992433653151748807e-01
1.217057349933190153e+03 9.992555145398585026e-01 9.992528377786046301e-01 9.992527739563829003e-01
