# lambda[A]  T_theo  T_instr  T_rot+instr  (Ly-alpha 1215.67)
1.214099999999999909e+03 9.997191060224335235e-01 9.997182819270669096e-01 9.997182677298811493e-01
1.214114499999999907e+03 9.997155411598119823e-01 9.997154806156395290e-01 9.997154762701593311e-01
1.214129000000000133e+03 9.997118883366312714e-01 9.997118650243378424e-01 9.997118643415683348e-01
1.214143500000000131e+03 9.997081444773757708e-01 9.997081206282654176e-01 9.997081201185196164e-01
1.214157999999999902e+03 9.997043063827890652e-01 9.997042816914780694e-01 9.997042811643447324e-01
1.214172499999999900e+03 9.997003707240241788e-01 9.997003451558653664e-01 9.997003446091274892e-01
1.214187000000000126e+03 9.996963340364224404e-01 9.996963075553683131e-01 9.996963069881398267e-01
1.214201499999999896e+03 9.996921927128991081e-01 9.996921652811225911e-01 9.996921646924704641e-01
1.214215999999999894e+03 9.996879429969126596e-01 9.996879145746900841e-01 9.996879139636288825e-01
1.214230500000000120e+03 9.996835809749701207e-01 9.996835515205568790e-01 9.996835508860465458e-01
1.214245000000000118e+03 9.996791025686446730e-01 9.996790720381401041e-01 9.996790713790802974e-01
1.214259499999999889e+03 9.996745035260584666e-01 9.996744718732629709e-01 9.996744711884902879e-01
1.214273999999999887e+03 9.996697794127973324e-01 9.996697465890533874e-01 9.996697458773360356e-01
1.214288500000000113e+03 9.996649256022017704e-01 9.996648915562260651e-01 9.996648908162595326e-01
1.214302999999999884e+03 9.996599372649935811e-01 9.996599019426942734e-01 9.996599011730956663e-01
1.214317499999999882e+03 9.996548093581805183e-01 9.996547727024596153e-01 9.996547719017623290e-01
1.214332000000000107e+03 9.996495366131790128e-01 9.996494985637204289e-01 9.996494977303663765e-01
1.214346500000000106e+03 9.996441135231007857e-01 9.996440740161379734e-01 9.996440731484724784e-01
1.214360999999999876e+03 9.996385343291208647e-01 9.996384932971879023e-01 9.996384923934515943e-01
1.214375500000000102e+03 9.996327930058650502e-01 9.996327503775260803e-01 9.996327494358479004e-01
1.214390000000000100e+03 9.996268832457247955e-01 9.996268389452821479e-01 9.996268379636686907e-01
1.214404500000000098e+03 9.996207984420202308e-01 9.996207523891939006e-01 9.996207513655213095e-01
1.214418999999999869e+03 9.996145316708976436e-01 9.996144837804822325e-01 9.996144827124843202e-01
1.214433500000000095e+03 9.996080756718709326e-01 9.996080258533570628e-01 9.996080247386167628e-01
1.214448000000000093e+03 9.996014228268704782e-01 9.996013709840378958e-01 9.996013698199719411e-01
1.214462499999999864e+03 9.995945651376813013e-01 9.995945111681501238e-01 9.995945099519958355e-01
1.214477000000000089e+03 9.995874942016100828e-01 9.995874379963555212e-01 9.995874367251574855e-01
1.214491500000000087e+03 9.995802011852346070e-01 9.995801426280502833e-01 9.995801412986425882e-01
1.214506000000000085e+03 9.995726767960347869e-01 9.995726157629506448e-01 9.995726143719395607e-01
1.214520499999999856e+03 9.995649112517229762e-01 9.995648476103610180e-01 9.995648461541042362e-01
1.214535000000000082e+03 9.995568942470318685e-01 9.995568278559008313e-01 9.995568263304862588e-01
1.214549500000000080e+03 9.995486149177150725e-01 9.995485456254317169e-01 9.995485440266536070e-01
1.214563999999999851e+03 9.995400618014698146e-01 9.995399894458996126e-01 9.995399877692308088e-01
1.214578500000000076e+03 9.995312227954716855e-01 9.995311472027785804e-01 9.995311454433410958e-01
1.214593000000000075e+03 9.995220851101497272e-01 9.995220060937406448e-01 9.995220042462742427e-01
1.214607500000000073e+03 9.995126352187990726e-01 9.995125525781567433e-01 9.995125506369806345e-01
1.214621999999999844e+03 9.995028588025797189e-01 9.995027723219580551e-01 9.995027702809312631e-01
1.214636500000000069e+03 9.994927406903653111e-01 9.994926501373405658e-01 9.994926479898161853e-01
1.214651000000000067e+03 9.994822647928696124e-01 9.994821699167193430e-01 9.994821676554943579e-01
1.214665499999999838e+03 9.994714140303700978e-01 9.994713145602611704e-01 9.994713121775197218e-01
1.214680000000000064e+03 9.994601702532792675e-01 9.994600658962365936e-01 9.994600633834869186e-01
1.214694500000000062e+03 9.994485141546909368e-01 9.994484045933187399e-01 9.994484019413210074e-01
1.214709000000000060e+03 9.994364251739290550e-01 9.994363100638471442e-01 9.994363072625346289e-01
1.214723499999999831e+03 9.994238813899730678e-01 9.994237603569319228e-01 9.994237573953218545e-01
1.214738000000000056e+03 9.994108594034932791e-01 9.994107320401171002e-01 9.994107289062077459e-01
1.214752500000000055e+03 9.993973342060209486e-01 9.993972000681324852e-01 9.993971967487892405e-01
1.214766999999999825e+03 9.993832790346098838e-01 9.993831376370697628e-01 9.993831341178959216e-01
1.214781500000000051e+03 9.993686652100696177e-01 9.993685160220656671e-01 9.993685122872552062e-01
1.214796000000000049e+03 9.993534619565929145e-01 9.993533043962931073e-01 9.993533004284639309e-01
1.214810500000000047e+03 9.993376362002764912e-01 9.993374696287576908e-01 9.993374654087623377e-01
1.214825000000000273e+03 9.993211523436681398e-01 9.993209760580089585e-01 9.993209715647167757e-01
1.214839500000000044e+03 9.993039720130372228e-01 9.993037852384522024e-01 9.993037804485043196e-01
1.214854000000000042e+03 9.992860537745944516e-01 9.992858556554626848e-01 9.992858505429890181e-01
1.214868500000000040e+03 9.992673528152835605e-01 9.992671424049077711e-01 9.992671369412030602e-01
1.214883000000000038e+03 9.992478205831452076e-01 9.992475968320412294e-01 9.992475909851930016e-01
1.214897500000000036e+03 9.992274043814420859e-01 9.992271661239383596e-01 9.992271598583991610e-01
1.214912000000000035e+03 9.992060469098789088e-01 9.992057928487559915e-01 9.992057861248490047e-01
1.214926500000000260e+03 9.991836857451779075e-01 9.991834144340436819e-01 9.991834072073916273e-01
1.214941000000000031e+03 9.991602527520695443e-01 9.991599625751000913e-01 9.991599547959649774e-01
1.214955500000000029e+03 9.991356734143086449e-01 9.991353625629344481e-01 9.991353541754465217e-01
1.214970000000000027e+03 9.991098660736484893e-01 9.991095325196734933e-01 9.991095234609369546e-01
1.214984500000000025e+03 9.990827410627008964e-01 9.990823825272450165e-01 9.990823727262897469e-01
1.214999000000000024e+03 9.990541997151982656e-01 9.990538136327383745e-01 9.990538030092948052e-01
1.215013500000000022e+03 9.990241332343162695e-01 9.990237167109345950e-01 9.990237051739888630e-01
1.215028000000000247e+03 9.989924213962022570e-01 9.989919711609553943e-01 9.989919586070461488e-01
1.215042500000000018e+03 9.989589310615742956e-01 9.989584434096255849e-01 9.989584297208244923e-01
1.215057000000000016e+03 9.989235144628987317e-01 9.989229851887201361e-01 9.989229702302269143e-01
1.215071500000000015e+03 9.988860072279917013e-01 9.988854315464562594e-01 9.988854151637193146e-01
1.215086000000000013e+03 9.988462260923062219e-01 9.988455985448674301e-01 9.988455805601186288e-01
1.215100500000000011e+03 9.988039662411263286e-01 9.988032805833794159e-01 9.988032607914357763e-01
1.215115000000000009e+03 9.987589982083219242e-01 9.987582472739912065e-01 9.987582254371304424e-01
1.215129500000000235e+03 9.987110642388342674e-01 9.987102397733585990e-01 9.987102156150070575e-01
1.215144000000000005e+03 9.986598739952547987e-01 9.986589664493094043e-01 9.986589396461843515e-01
1.215158500000000004e+03 9.986050994509934053e-01 9.986040977196085633e-01 9.986040678917901259e-01
1.215173000000000002e+03 9.985463687565196977e-01 9.985452598409931824e-01 9.985452265391179250e-01
1.215187500000000000e+03 9.984832587765632983e-01 9.984820273287831061e-01 9.984819900168947493e-01
1.215201999999999998e+03 9.984152858415548115e-01 9.984139134910003932e-01 9.984138715189624369e-01
1.215216499999999996e+03 9.983418939326591524e-01 9.983403573498785821e-01 9.983403098073241333e-01
1.215231000000000222e+03 9.982624377669819804e-01 9.982606791264196922e-01 9.982606225946317746e-01
1.215245499999999993e+03 9.981761092389350720e-01 9.981734935410282450e-01 9.981733943475810111e-01
1.215259999999999991e+03 9.980805163988205608e-01 9.980695481827958071e-01 9.980691265412184876e-01
1.215274499999999989e+03 9.979503410276476805e-01 9.978780409952896502e-01 9.978756957063760202e-01
1.215289000000000215e+03 9.975669601110155327e-01 9.972550881849061577e-01 9.972442968172667843e-01
1.215303499999999985e+03 9.959811313329559601e-01 9.952881606453310992e-01 9.952594100469407401e-01
1.215317999999999984e+03 9.915535948953481116e-01 9.911024354831808880e-01 9.910898841420330285e-01
1.215332500000000209e+03 9.849266813340886717e-01 9.867967478498728129e-01 9.868623824574723757e-01
1.215346999999999980e+03 9.862645093562775189e-01 9.874847381493391252e-01 9.875306387723973289e-01
1.215361499999999978e+03 9.926646477378510136e-01 9.919402433477497727e-01 9.919160041456251964e-01
1.215376000000000204e+03 9.957999905982667377e-01 9.951923162577819282e-01 9.951675797234175169e-01
1.215390500000000202e+03 9.964968756394709803e-01 9.962769454472346631e-01 9.962693192108784679e-01
1.215404999999999973e+03 9.963667374589545433e-01 9.963173057695505763e-01 9.963155492481104991e-01
1.215419499999999971e+03 9.960657122841074518e-01 9.960488504340948568e-01 9.960481882706992973e-01
1.215434000000000196e+03 9.957031011298697054e-01 9.956870567616805667e-01 9.956864403512110107e-01
1.215448499999999967e+03 9.952777652156442612e-01 9.952578580061647306e-01 9.952570861815639436e-01
1.215462999999999965e+03 9.947740614133018244e-01 9.947485026311826406e-01 9.947474904522679573e-01
1.215477500000000191e+03 9.941697682816552639e-01 9.941362061998024746e-01 9.941348438611232741e-01
1.215492000000000189e+03 9.934335500369823047e-01 9.933877707809338764e-01 9.933858492723666167e-01
1.215506499999999960e+03 9.925186226960522884e-01 9.924456896538506046e-01 9.924425161692710384e-01
1.215520999999999958e+03 9.913310098462113640e-01 9.911343911864349820e-01 9.911271665529979291e-01
1.215535500000000184e+03 9.894364195127440809e-01 9.887528060404844332e-01 9.887355490468157093e-01
1.215549999999999955e+03 9.848113623960891294e-01 9.837657472993560637e-01 9.837287114484050132e-01
1.215564499999999953e+03 9.761122502086438946e-01 9.743260870667904694e-01 9.742196021190160371e-01
1.215579000000000178e+03 9.607396041990139413e-01 9.557535410789731456e-01 9.552070706999118421e-01
1.215593500000000176e+03 9.276949115081868369e-01 9.067354744627016405e-01 9.037408714914710872e-01
1.215607999999999947e+03 8.215756920429672094e-01 7.400783322697244149e-01 7.341942566595734965e-01
1.215622499999999945e+03 3.610483066931358120e-01 3.844196290508253844e-01 3.848911235010353260e-01
1.215637000000000171e+03 1.600496990044625138e-03 8.532878968588121504e-02 9.184601054213245575e-02
1.215651499999999942e+03 5.608971621576725766e-13 4.314951867092670264e-03 6.791136517871604675e-03
1.215665999999999940e+03 1.378710568548434041e-27 4.981146284989243403e-05 2.099953619379436030e-04
1.215680500000000166e+03 4.901207675228026287e-22 6.108978048772064446e-04 1.165221406983334542e-03
1.215695000000000164e+03 1.306547409088013269e-07 1.771622896329227287e-02 2.189880381915770835e-02
1.215709499999999935e+03 5.175027561683102906e-02 1.703127248771909019e-01 1.769691273007301668e-01
1.215723999999999933e+03 6.299253379426477117e-01 5.592245202929195802e-01 5.548552207893886479e-01
1.215738500000000158e+03 8.861882944769500225e-01 8.368437236093503317e-01 8.316694401412116910e-01
1.215753000000000156e+03 9.456474386532142118e-01 9.349121227447568794e-01 9.334126379612471824e-01
1.215767499999999927e+03 9.686372089529466933e-01 9.655751880145261312e-01 9.653216532063415567e-01
1.215782000000000153e+03 9.804018588902277953e-01 9.791185009508348580e-01 9.790555892427541540e-01
1.215796500000000151e+03 9.873404525503256535e-01 9.863766877171257219e-01 9.863500607716750856e-01
1.215810999999999922e+03 9.904153345387755047e-01 9.899979976361094058e-01 9.899860048346652563e-01
1.215825500000000147e+03 9.918887644159399830e-01 9.917707407546753062e-01 9.917658485586803296e-01
1.215840000000000146e+03 9.929392246444130876e-01 9.928818628432819482e-01 9.928793921590909344e-01
1.215854500000000144e+03 9.937694192215408284e-01 9.937297092193509984e-01 9.937280689978821302e-01
1.215868999999999915e+03 9.944438762720508862e-01 9.944141538848670914e-01 9.944129603973697051e-01
1.215883500000000140e+03 9.950014180903007377e-01 9.949785550407689305e-01 9.949776580465916620e-01
1.215898000000000138e+03 9.954689523934323603e-01 9.954510165078472861e-01 9.954503275820202335e-01
1.215912499999999909e+03 9.958658388720961208e-01 9.958515331823817318e-01 9.958509944148737913e-01
1.215927000000000135e+03 9.962063530193261407e-01 9.961947779804156688e-01 9.961943500066334778e-01
1.215941500000000133e+03 9.965012397007446676e-01 9.964917556368081408e-01 9.964914109847436974e-01
1.215956000000000131e+03 9.967587309046569422e-01 9.967508730749570223e-01 9.967505921380571676e-01
1.215970499999999902e+03 9.969852316548153404e-01 9.969786560166391531e-01 9.969784245249118104e-01
1.215985000000000127e+03 9.971857936968152591e-01 9.971802413263272102e-01 9.971800487124351520e-01
1.215999500000000126e+03 9.973644498078011456e-01 9.973597230031094885e-01 9.973595613203143362e-01
1.216013999999999896e+03 9.975244544074547415e-01 9.975204002854952678e-01 9.975202634751074715e-01
1.216028500000000122e+03 9.976684598026309692e-01 9.976649588067773022e-01 9.976648421922290622e-01
1.216043000000000120e+03 9.977986473036387638e-01 9.977956049955247764e-01 9.977955049265497811e-01
1.216057500000000118e+03 9.979168260878089614e-01 9.979141671810658476e-01 9.979140807792742374e-01
1.216071999999999889e+03 9.980245086059428283e-01 9.980221725624399687e-01 9.980220975366630443e-01
1.216086500000000115e+03 9.981229686660713085e-01 9.981209064033466083e-01 9.981208409138122573e-01
1.216101000000000113e+03 9.982132865600489291e-01 9.982114579637816343e-01 9.982114005210156460e-01
1.216115499999999884e+03 9.982963843977787910e-01 9.982947564267684593e-01 9.982947058155466902e-01
1.216130000000000109e+03 9.983730539796120684e-01 9.983715992123164407e-01 9.983715544339126780e-01
1.216144500000000107e+03 9.984439789444957691e-01 9.984426744577019619e-01 9.984426346856566381e-01
1.216159000000000106e+03 9.985097525012883724e-01 9.985085790001931860e-01 9.985085435461606984e-01
1.216173499999999876e+03 9.985708917330996526e-01 9.985698328726002604e-01 9.985698011597775592e-01
1.216188000000000102e+03 9.986278492276235985e-01 9.986268910795037534e-01 9.986268626218092193e-01
1.216202500000000100e+03 9.986810226080338193e-01 9.986801532398261738e-01 9.986801276254599902e-01
1.216217000000000098e+03 9.987307624042717213e-01 9.987299715438927583e-01 9.987299484222708079e-01
1.216231500000000096e+03 9.987773786025636591e-01 9.987766573691022609e-01 9.987766364403938280e-01
1.216246000000000095e+03 9.988211461337436203e-01 9.988204868195357244e-01 9.988204678262312397e-01
1.216260500000000093e+03 9.988623095024051768e-01 9.988617053951217573e-01 9.988616881151897164e-01
1.216274999999999864e+03 9.989010867145236006e-01 9.989005319507144876e-01 9.989005161920142539e-01
1.216289500000000089e+03 9.989376726274938889e-01 9.989371620710568722e-01 9.989371476667466832e-01
1.216304000000000087e+03 9.989722418208039079e-01 9.989717709614025498e-01 9.989717577661437753e-01
1.216318500000000085e+03 9.990049510659707588e-01 9.990045159335437797e-01 9.990045038203487771e-01
1.216333000000000084e+03 9.990359414591823972e-01 9.990355385515788944e-01 9.990355274091766713e-01
1.216347500000000082e+03 9.990653402683870032e-01 9.990649664897846005e-01 9.990649562204108047e-01
1.216362000000000080e+03 9.990932625373660780e-01 9.990929151456363622e-01 9.990929056631713268e-01
1.216376500000000306e+03 9.991198124820714899e-01 9.991194890436198017e-01 9.991194802720125834e-01
1.216391000000000076e+03 9.991450847087210985e-01 9.991447830596126289e-01 9.991447749315414129e-01
1.216405500000000075e+03 9.991691652784451261e-01 9.991688834908507566e-01 9.991688759465835457e-01
1.216420000000000073e+03 9.991921326394860303e-01 9.991918689926547748e-01 9.991918619790735034e-01
1.216434500000000071e+03 9.992140584448045981e-01 9.992138113998950688e-01 9.992138048696604935e-01
1.216449000000000069e+03 9.992350082703320702e-01 9.992347764485619566e-01 9.992347703593943420e-01
1.216463500000000067e+03 9.992550422469567151e-01 9.992548244105896593e-01 9.992548187246500513e-01
1.216478000000000293e+03 9.992742156174482249e-01 9.992740106532406186e-01 9.992740053365948283e-01
1.216492500000000064e+03 9.992925792280289432e-01 9.992923861327858148e-01 9.992923811549421220e-01
1.216507000000000062e+03 9.993101799629221516e-01 9.993099978308882525e-01 9.993099931643932843e-01
1.216521500000000060e+03 9.993270611291124039e-01 9.993268891409449184e-01 9.993268847610357053e-01
1.216536000000000058e+03 9.993432627975721294e-01 9.993431002106875072e-01 9.993430960949858388e-01
1.216550500000000056e+03 9.993588221063719468e-01 9.993586682464872251e-01 9.993586643747335296e-01
1.216565000000000055e+03 9.993737735303965808e-01 9.993736277841021032e-01 9.993736241379219676e-01
1.216579500000000280e+03 9.993881491217306845e-01 9.993880109299683179e-01 9.993880074926684287e-01
1.216594000000000051e+03 9.994019787242979236e-01 9.994018475766209830e-01 9.994018443330097146e-01
1.216608500000000049e+03 9.994152901658314159e-01 9.994151655953478208e-01 9.994151625315791376e-01
1.216623000000000047e+03 9.994281094298811396e-01 9.994279910087936480e-01 9.994279881122254405e-01
1.216637500000000273e+03 9.994404608102077647e-01 9.994403481458729033e-01 9.994403454049451963e-01
1.216652000000000044e+03 9.994523670496165968e-01 9.994522597810595599e-01 9.994522571851861548e-01
1.216666500000000042e+03 9.994638494650285310e-01 9.994637472598543182e-01 9.994637447993272028e-01
1.216681000000000267e+03 9.994749280603567598e-01 9.994748306120094794e-01 9.994748282779115645e-01
1.216695500000000038e+03 9.994856216285566974e-01 9.994855286538856243e-01 9.994855264380164694e-01
1.216710000000000036e+03 9.994959478440678113e-01 9.994958590811575672e-01 9.994958569759653244e-01
1.216724500000000035e+03 9.995059233466860871e-01 9.995058385529265177e-01 9.995058365514466470e-01
1.216739000000000260e+03 9.995155638178123692e-01 9.995154827681688170e-01 9.995154808639717947e-01
1.216753500000000031e+03 9.995248840498733855e-01 9.995248065353455891e-01 9.995248047224872812e-01
1.216768000000000029e+03 9.995338980096546422e-01 9.995338238358906224e-01 9.995338221088700958e-01
1.216782500000000255e+03 9.995426188961591407e-01 9.995425478822121956e-01 9.995425462359323054e-01
1.216797000000000025e+03 9.995510591935571343e-01 9.995509911707685102e-01 9.995509896005011496e-01
1.216811500000000024e+03 9.995592307197264104e-01 9.995591655307168866e-01 9.995591640320712346e-01
1.216826000000000249e+03 9.995671446708034313e-01 9.995670821685636032e-01 9.995670807374589240e-01
1.216840500000000247e+03 9.995748116621483437e-01 9.995747517092151702e-01 9.995747503418542790e-01
1.216855000000000018e+03 9.995822417660531478e-01 9.995821842337634378e-01 9.995821829266088310e-01
1.216869500000000016e+03 9.995894445465044464e-01 9.995893893143172892e-01 9.995893880640712714e-01
1.216884000000000242e+03 9.995964290912674466e-01 9.995963760461482606e-01 9.995963748497335155e-01
1.216898500000000013e+03 9.996032040415377962e-01 9.996031530773944462e-01 9.996031519319378278e-01
1.216913000000000011e+03 9.996097776193709761e-01 9.996097286365428491e-01 9.996097275393563963e-01
1.216927500000000236e+03 9.996161576530828707e-01 9.996161105578699191e-01 9.996161095064406421e-01
1.216942000000000235e+03 9.996223516008024834e-01 9.996223063050360125e-01 9.996223052970074630e-01
1.216956500000000005e+03 9.996283665723195710e-01 9.996283229925453373e-01 9.996283220235241407e-01
1.216971000000000004e+03 9.996342093493795211e-01 9.996341669871773306e-01 9.996341657540948056e-01
1.216985500000000229e+03 9.996398864045440424e-01 9.996397870191209289e-01 9.996397799815622820e-01
1.217000000000000000e+03 9.996454039187375740e-01 9.996441281661524458e-01 9.996441054971556550e-01
