# lambda[A]  T_theo  T_instr  T_rot+instr  (H-alpha 6562.8)
6.560959199733501009e+03 9.999999997910866689e-01 9.999999997889409409e-01 9.999999997889018610e-01
6.560977607736165737e+03 9.999999997868361801e-01 9.999999997861053203e-01 9.999999997860835599e-01
6.560996015738831375e+03 9.999999997824549069e-01 9.999999997822162090e-01 9.999999997822072162e-01
6.561014423741496103e+03 9.999999997779370764e-01 9.999999997777994087e-01 9.999999997777959670e-01
6.561032831744160831e+03 9.999999997732764712e-01 9.999999997731471302e-01 9.999999997731449097e-01
6.561051239746826468e+03 9.999999997684680952e-01 9.999999997683340913e-01 9.999999997683315378e-01
6.561069647749491196e+03 9.999999997635047322e-01 9.999999997633650661e-01 9.999999997633626236e-01
6.561088055752155014e+03 9.999999997583799427e-01 9.999999997582338374e-01 9.999999997582313949e-01
6.561106463754821561e+03 9.999999997530866214e-01 9.999999997529342988e-01 9.999999997529319673e-01
6.561124871757485380e+03 9.999999997476173297e-01 9.999999997474581237e-01 9.999999997474555702e-01
6.561143279760150108e+03 9.999999997419646292e-01 9.999999997417980957e-01 9.999999997417955422e-01
6.561161687762815745e+03 9.999999997361193049e-01 9.999999997359452220e-01 9.999999997359424464e-01
6.561180095765480473e+03 9.999999997300733634e-01 9.999999997298910648e-01 9.999999997298880672e-01
6.561198503768146111e+03 9.999999997238167015e-01 9.999999997236256322e-01 9.999999997236228566e-01
6.561216911770810839e+03 9.999999997173399935e-01 9.999999997171398203e-01 9.999999997171367117e-01
6.561235319773475567e+03 9.999999997106322480e-01 9.999999997104229710e-01 9.999999997104196403e-01
6.561253727776141204e+03 9.999999997036832511e-01 9.999999997034637600e-01 9.999999997034597632e-01
6.561272135778805932e+03 9.999999996964806792e-01 9.999999996962499749e-01 9.999999996962460891e-01
6.561290543781470660e+03 9.999999996890116538e-01 9.999999996887697362e-01 9.999999996887658504e-01
6.561308951784136298e+03 9.999999996812636294e-01 9.999999996810092773e-01 9.999999996810050584e-01
6.561327359786801026e+03 9.999999996732219509e-01 9.999999996729547203e-01 9.999999996729501683e-01
6.561345767789465754e+03 9.999999996648721856e-01 9.999999996645907441e-01 9.999999996645860811e-01
6.561364175792131391e+03 9.999999996561976801e-01 9.999999996559012505e-01 9.999999996558964765e-01
6.561382583794796119e+03 9.999999996471812258e-01 9.999999996468694752e-01 9.999999996468643682e-01
6.561400991797460847e+03 9.999999996378052813e-01 9.999999996374766553e-01 9.999999996374714373e-01
6.561419399800126484e+03 9.999999996280504178e-01 9.999999996277038061e-01 9.999999996276981440e-01
6.561437807802790303e+03 9.999999996178959849e-01 9.999999996175297223e-01 9.999999996175238381e-01
6.561456215805455031e+03 9.999999996073191122e-01 9.999999996069324215e-01 9.999999996069264263e-01
6.561474623808120668e+03 9.999999995962968180e-01 9.999999995958880339e-01 9.999999995958812615e-01
6.561493031810785396e+03 9.999999995848027901e-01 9.999999995843704692e-01 9.999999995843634748e-01
6.561511439813450124e+03 9.999999995728103830e-01 9.999999995723525270e-01 9.999999995723448665e-01
6.561529847816115762e+03 9.999999995602902869e-01 9.999999995598050084e-01 9.999999995597971258e-01
6.561548255818780490e+03 9.999999995472108605e-01 9.999999995466961611e-01 9.999999995466878344e-01
6.561566663821446127e+03 9.999999995335382419e-01 9.999999995329916791e-01 9.999999995329830194e-01
6.561585071824110855e+03 9.999999995192360158e-01 9.999999995186555912e-01 9.999999995186460433e-01
6.561603479826775583e+03 9.999999995042646583e-01 9.999999995036477074e-01 9.999999995036377154e-01
6.561621887829441221e+03 9.999999994885826471e-01 9.999999994879251730e-01 9.999999994879145149e-01
6.561640295832105949e+03 9.999999994721427976e-01 9.999999994714421359e-01 9.999999994714309226e-01
6.561658703834770677e+03 9.999999994548955939e-01 9.999999994541487469e-01 9.999999994541367565e-01
6.561677111837436314e+03 9.999999994367885225e-01 9.999999994359904942e-01 9.999999994359777267e-01
6.561695519840101042e+03 9.999999994177619644e-01 9.999999994169088691e-01 9.999999994168953243e-01
6.561713927842765770e+03 9.999999993977529700e-01 9.999999993968399226e-01 9.999999993968251566e-01
6.561732335845431408e+03 9.999999993766921502e-01 9.999999993757140437e-01 9.999999993756983896e-01
6.561750743848096135e+03 9.999999993545052313e-01 9.999999993534555154e-01 9.999999993534387510e-01
6.561769151850759954e+03 9.999999993311097235e-01 9.999999993299821810e-01 9.999999993299639733e-01
6.561787559853425591e+03 9.999999993064156989e-01 9.999999993052030023e-01 9.999999993051832403e-01
6.561805967856090319e+03 9.999999992803251248e-01 9.999999992790189474e-01 9.999999992789978531e-01
6.561824375858755047e+03 9.999999992527311976e-01 9.999999992513216585e-01 9.999999992512990099e-01
6.561842783861420685e+03 9.999999992235143464e-01 9.999999992219920086e-01 9.999999992219672507e-01
6.561861191864085413e+03 9.999999991925456744e-01 9.999999991908978814e-01 9.999999991908714581e-01
6.561879599866750141e+03 9.999999991596805193e-01 9.999999991578948366e-01 9.999999991578659708e-01
6.561898007869415778e+03 9.999999991247610076e-01 9.999999991228217811e-01 9.999999991227905838e-01
6.561916415872080506e+03 9.999999990876109468e-01 9.999999990855005239e-01 9.999999990854663290e-01
6.561934823874746144e+03 9.999999990480337164e-01 9.999999990457317800e-01 9.999999990456942545e-01
6.561953231877410872e+03 9.999999990058100474e-01 9.999999990032918395e-01 9.999999990032508723e-01
6.561971639880075600e+03 9.999999989606930262e-01 9.999999989579269055e-01 9.999999989578816084e-01
6.561990047882741237e+03 9.999999989124002120e-01 9.999999989093439901e-01 9.999999989092942521e-01
6.562008455885405965e+03 9.999999988606035339e-01 9.999999988571985909e-01 9.999999988571425247e-01
6.562026863888070693e+03 9.999999988049120825e-01 9.999999988010694896e-01 9.999999988010055407e-01
6.562045271890736331e+03 9.999999987448409122e-01 9.999999987404195601e-01 9.999999987403445090e-01
6.562063679893401059e+03 9.999999986797567519e-01 9.999999986745246039e-01 9.999999986744340097e-01
6.562082087896064877e+03 9.999999986087857451e-01 9.999999986023502263e-01 9.999999986022358733e-01
6.562100495898731424e+03 9.999999985306454731e-01 9.999999985223382293e-01 9.999999985221852405e-01
6.562118903901395242e+03 9.999999984433582956e-01 9.999999984320394608e-01 9.999999984318234114e-01
6.562137311904059970e+03 9.999999983437554141e-01 9.999999983274937554e-01 9.999999983271737891e-01
6.562155719906725608e+03 9.999999982266402077e-01 9.999999982022019784e-01 9.999999982017082623e-01
6.562174127909390336e+03 9.999999980834000102e-01 9.999999980454434834e-01 9.999999980446625525e-01
6.562192535912055064e+03 9.999999978997436978e-01 9.999999978395868183e-01 9.999999978383340427e-01
6.562210943914720701e+03 9.999999976520923539e-01 9.999999975558627741e-01 9.999999975538433894e-01
6.562229351917385429e+03 9.999999973019314536e-01 9.999999971478629179e-01 9.999999971446155156e-01
6.562247759920051067e+03 9.999999967871642248e-01 9.999999965417375458e-01 9.999999965365510279e-01
6.562266167922715795e+03 9.999999960091562334e-01 9.999999956217331398e-01 9.999999956135323664e-01
6.562284575925380523e+03 9.999999948137441308e-01 9.999999942093110716e-01 9.999999941964970995e-01
6.562302983928046160e+03 9.999999929640361884e-01 9.999999920336603010e-01 9.999999920138984422e-01
6.562321391930710888e+03 9.999999901023378657e-01 9.999999886910012625e-01 9.999999886609410860e-01
6.562339799933375616e+03 9.999999856981387492e-01 9.999999835897261935e-01 9.999999835446402585e-01
6.562358207936041254e+03 9.999999789787819005e-01 9.999999758782120995e-01 9.999999758115425408e-01
6.562376615938705982e+03 9.999999688394063391e-01 9.999999643522037296e-01 9.999999642549893819e-01
6.562395023941370710e+03 9.999999537290449325e-01 9.999999473390088767e-01 9.999999471991809497e-01
6.562413431944036347e+03 9.999999315105273512e-01 9.999999225565512351e-01 9.999999223580343655e-01
6.562431839946700165e+03 9.999998992930864139e-01 9.999998869463996298e-01 9.999998866679327136e-01
6.562450247949364893e+03 9.999998532382073924e-01 9.999998364811300000e-01 9.999998360945867582e-01
6.562468655952030531e+03 9.999997883408556776e-01 9.999997659470977185e-01 9.999997654148869985e-01
6.562487063954695259e+03 9.999996981888350511e-01 9.999996687029203413e-01 9.999996679737127581e-01
6.562505471957359987e+03 9.999995747009444713e-01 9.999995364103970719e-01 9.999995354120381208e-01
6.562523879960025624e+03 9.999994078375202822e-01 9.999993587269879747e-01 9.999993573553765946e-01
6.562542287962690352e+03 9.999991852635726763e-01 9.999991229356417488e-01 9.999991210390668517e-01
6.562560695965355080e+03 9.999988919283726574e-01 9.999988134506052617e-01 9.999988108102448869e-01
6.562579103968020718e+03 9.999985095147418956e-01 9.999984109423144529e-01 9.999984072447377637e-01
6.562597511970685446e+03 9.999980156802056319e-01 9.999978897342699513e-01 9.999978844899080066e-01
6.562615919973350174e+03 9.999973826044297187e-01 9.999972069704941013e-01 9.999971991633491708e-01
6.562634327976015811e+03 9.999965712951330854e-01 9.999962577474064140e-01 9.999962446150163498e-01
6.562652735978680539e+03 9.999955008985255134e-01 9.999947202481659358e-01 9.999946945314134306e-01
6.562671143981346177e+03 9.999938930608589516e-01 9.999916625258237213e-01 9.999916101603110175e-01
6.562689551984010905e+03 9.999906142462865466e-01 9.999849494679974304e-01 9.999848558542782095e-01
6.562707959986675633e+03 9.999817490931268704e-01 9.999711612140018691e-01 9.999710317538383908e-01
6.562726367989341270e+03 9.999591042123979756e-01 9.999471991185315822e-01 9.999470770916233375e-01
6.562744775992005998e+03 9.999192767483292554e-01 9.999133568512054149e-01 9.999133134345160601e-01
6.562763183994669816e+03 9.998712297788399095e-01 9.998755734283801822e-01 9.998756725135137247e-01
6.562781591997335454e+03 9.998251379561678975e-01 9.998448647591365868e-01 9.998451138897798129e-01
6.562800000000000182e+03 9.998047634839611897e-01 9.998329038786231138e-01 9.998332193510488519e-01
6.562818408002664910e+03 9.998251377436162546e-01 9.998448642041554146e-01 9.998451133332972862e-01
6.562836816005330547e+03 9.998712286659340309e-01 9.998755722066962059e-01 9.998756712915847222e-01
6.562855224007995275e+03 9.999192744489480145e-01 9.999133550149021943e-01 9.999133116007845601e-01
6.562873632010660003e+03 9.999591013398821948e-01 9.999471970509359320e-01 9.999470750270839092e-01
6.562892040013325641e+03 9.999817471027852012e-01 9.999711594147168148e-01 9.999710299546734626e-01
6.562910448015990369e+03 9.999906132282740945e-01 9.999849481917173488e-01 9.999848545750841255e-01
6.562928856018655097e+03 9.999938924794725681e-01 9.999916617033811628e-01 9.999916093344475287e-01
6.562947264021320734e+03 9.999955004467377950e-01 9.999947196849178210e-01 9.999946939659191125e-01
6.562965672023985462e+03 9.999965708770167661e-01 9.999962572967925345e-01 9.999962441632987975e-01
6.562984080026650190e+03 9.999973822038400462e-01 9.999972065666941079e-01 9.999971987589962863e-01
6.563002488029315828e+03 9.999980153012799633e-01 9.999978893592694762e-01 9.999978841145246156e-01
6.563020896031980556e+03 9.999985091641266921e-01 9.999984105958045211e-01 9.999984068978918783e-01
6.563039304034646193e+03 9.999988916112156900e-01 9.999988131361141619e-01 9.999988104954500301e-01
6.563057712037310921e+03 9.999991849829600321e-01 9.999991226560736024e-01 9.999991207592333620e-01
6.563076120039974739e+03 9.999994075945819461e-01 9.999993584836296412e-01 9.999993571117897773e-01
6.563094528042641286e+03 9.999995744950905818e-01 9.999995362029129309e-01 9.999995352043569152e-01
6.563112936045305105e+03 9.999996980180596573e-01 9.999996685296083099e-01 9.999996678002293082e-01
6.563131344047969833e+03 9.999997882020998929e-01 9.999997658052192095e-01 9.999997652728581654e-01
6.563149752050635470e+03 9.999998531277438651e-01 9.999998363672611967e-01 9.999998359805851722e-01
6.563168160053300198e+03 9.999998992068797055e-01 9.999998868567641086e-01 9.999998865781819513e-01
6.563186568055964926e+03 9.999999314445398024e-01 9.999999224873118431e-01 9.999999222886963857e-01
6.563204976058630564e+03 9.999999536794698107e-01 9.999999472864937733e-01 9.999999471465830236e-01
6.563223384061295292e+03 9.999999688028208267e-01 9.999999643130663696e-01 9.999999642157842983e-01
6.563241792063960020e+03 9.999999789522321381e-01 9.999999758495254909e-01 9.999999757828013092e-01
6.563260200066625657e+03 9.999999856791638164e-01 9.999999835690188688e-01 9.999999835238903012e-01
6.563278608069290385e+03 9.999999900889537940e-01 9.999999886762539481e-01 9.999999886461610199e-01
6.563297016071955113e+03 9.999999929546898869e-01 9.999999920232703898e-01 9.999999920034841061e-01
6.563315424074620751e+03 9.999999948072542111e-01 9.999999942020426635e-01 9.999999941892105948e-01
6.563333832077285479e+03 9.999999960046459524e-01 9.999999956166568671e-01 9.999999956084433261e-01
6.563352240079950207e+03 9.999999967840005333e-01 9.999999965381719536e-01 9.999999965329765539e-01
6.563370648082615844e+03 9.999999972996672648e-01 9.999999971453201741e-01 9.999999971420666656e-01
6.563389056085280572e+03 9.999999976504202470e-01 9.999999975540013741e-01 9.999999975519776596e-01
6.563407464087946209e+03 9.999999978984552840e-01 9.999999978381729493e-01 9.999999978369175091e-01
6.563425872090610028e+03 9.999999980823583989e-01 9.999999980443206038e-01 9.999999980435382296e-01
6.563444280093274756e+03 9.999999982257575804e-01 9.999999982012670596e-01 9.999999982007724553e-01
6.563462688095940393e+03 9.999999983429752604e-01 9.999999983266806280e-01 9.999999983263598846e-01
6.563481096098605121e+03 9.999999984426454214e-01 9.999999984313062695e-01 9.999999984310899981e-01
6.563499504101269849e+03 9.999999985299784511e-01 9.999999985216588838e-01 9.999999985215056730e-01
6.563517912103935487e+03 9.999999986081515857e-01 9.999999986017087394e-01 9.999999986015939424e-01
6.563536320106600215e+03 9.999999986791479056e-01 9.999999986739109836e-01 9.999999986738202784e-01
6.563554728109264943e+03 9.999999987442517169e-01 9.999999987398278112e-01 9.999999987397527601e-01
6.563573136111930580e+03 9.999999988043404286e-01 9.999999988004958373e-01 9.999999988004318885e-01
6.563591544114595308e+03 9.999999988600466461e-01 9.999999988566405928e-01 9.999999988565844156e-01
6.563609952117260036e+03 9.999999989118570909e-01 9.999999989088002028e-01 9.999999989087500207e-01
6.563628360119925674e+03 9.999999989601630057e-01 9.999999989573961079e-01 9.999999989573506998e-01
6.563646768122590402e+03 9.999999990052923504e-01 9.999999990027734764e-01 9.999999990027323982e-01
6.563665176125255130e+03 9.999999990475272327e-01 9.999999990452248522e-01 9.999999990451875487e-01
6.563683584127920767e+03 9.999999990871154543e-01 9.999999990850049203e-01 9.999999990849705034e-01
6.563701992130585495e+03 9.999999991242761732e-01 9.999999991223367246e-01 9.999999991223051943e-01
6.563720400133251133e+03 9.999999991592056769e-01 9.999999991574196612e-01 9.999999991573905733e-01
6.563738808135915860e+03 9.999999991920802689e-01 9.999999991904324759e-01 9.999999991904054975e-01
6.563757216138579679e+03 9.999999992230582668e-01 9.999999992215354849e-01 9.999999992215105049e-01
6.563775624141245316e+03 9.999999992522837777e-01 9.999999992508742386e-01 9.999999992508513680e-01
6.563794032143910044e+03 9.999999992798864756e-01 9.999999992785796321e-01 9.999999992785586489e-01
6.563812440146574772e+03 9.999999993059849324e-01 9.999999993047715696e-01 9.999999993047522517e-01
6.563830848149240410e+03 9.999999993306865065e-01 9.999999993295588530e-01 9.999999993295410894e-01
6.563849256151905138e+03 9.999999993540900078e-01 9.999999993530404030e-01 9.999999993530235276e-01
6.563867664154569866e+03 9.999999993762844763e-01 9.999999993753059258e-01 9.999999993752901606e-01
6.563886072157235503e+03 9.999999993973520684e-01 9.999999993964392431e-01 9.999999993964241440e-01
6.563904480159900231e+03 9.999999994173677242e-01 9.999999994165147399e-01 9.999999994165008621e-01
6.563922888162564959e+03 9.999999994364009437e-01 9.999999994356030264e-01 9.999999994355899258e-01
6.563941296165230597e+03 9.999999994545150095e-01 9.999999994537673853e-01 9.999999994537552839e-01
6.563959704167895325e+03 9.999999994717674312e-01 9.999999994710671025e-01 9.999999994710557782e-01
6.563978112170560053e+03 9.999999994882133869e-01 9.999999994875561349e-01 9.999999994875453657e-01
6.563996520173225690e+03 9.999999995039018374e-01 9.999999995032843314e-01 9.999999995032742284e-01
6.564014928175890418e+03 9.999999995188786350e-01 9.999999995182979884e-01 9.999999995182883294e-01
6.564033336178555146e+03 9.999999995331859681e-01 9.999999995326396274e-01 9.999999995326308566e-01
6.564051744181220784e+03 9.999999995468640268e-01 9.999999995463492164e-01 9.999999995463408897e-01
6.564070152183884602e+03 9.999999995599483382e-01 9.999999995594632818e-01 9.999999995594552882e-01
6.564088560186549330e+03 9.999999995724736523e-01 9.999999995720154633e-01 9.999999995720081358e-01
6.564106968189214967e+03 9.999999995844707223e-01 9.999999995840380684e-01 9.999999995840310740e-01
6.564125376191879695e+03 9.999999995959690802e-01 9.999999995955601850e-01 9.999999995955537457e-01
6.564143784194545333e+03 9.999999996069962593e-01 9.999999996066093466e-01 9.999999996066032404e-01
6.564162192197210061e+03 9.999999996175772399e-01 9.999999996172110883e-01 9.999999996172057593e-01
6.564180600199874789e+03 9.999999996277366687e-01 9.999999996273896130e-01 9.999999996273841729e-01
6.564199008202540426e+03 9.999999996374955291e-01 9.999999996371666811e-01 9.999999996371617961e-01
6.564217416205205154e+03 9.999999996468753594e-01 9.999999996465634977e-01 9.999999996465585017e-01
6.564235824207869882e+03 9.999999996558954773e-01 9.999999996555992698e-01 9.999999996555946069e-01
6.564254232210535520e+03 9.999999996645740907e-01 9.999999996642923161e-01 9.999999996642877642e-01
6.564272640213200248e+03 9.999999996729277418e-01 9.999999996726602891e-01 9.999999996726559592e-01
6.564291048215864976e+03 9.999999996809730840e-01 9.999999996807183988e-01 9.999999996807144020e-01
6.564309456218530613e+03 9.999999996887246612e-01 9.999999996884826325e-01 9.999999996884786357e-01
6.564327864221195341e+03 9.999999996961972393e-01 9.999999996959664239e-01 9.999999996959625381e-01
6.564346272223860069e+03 9.999999997034032528e-01 9.999999997031835397e-01 9.999999997031798760e-01
6.564364680226525707e+03 9.999999997103558025e-01 9.999999997101461924e-01 9.999999997101430838e-01
6.564383088229190435e+03 9.999999997170663235e-01 9.999999997168662613e-01 9.999999997168631527e-01
6.564401496231854253e+03 9.999999997235464733e-01 9.999999997233557369e-01 9.999999997233524063e-01
6.564419904234519890e+03 9.999999997298059107e-01 9.999999997296236121e-01 9.999999997296206145e-01
6.564438312237184618e+03 9.999999997358555159e-01 9.999999997356810999e-01 9.999999997356779913e-01
6.564456720239849346e+03 9.999999997417032827e-01 9.999999997415369712e-01 9.999999997415341957e-01
6.564475128242514984e+03 9.999999997473593139e-01 9.999999997471997748e-01 9.999999997471973323e-01
6.564493536245179712e+03 9.999999997528310480e-01 9.999999997526787254e-01 9.999999997526763940e-01
6.564511944247845349e+03 9.999999997581271449e-01 9.999999997579812616e-01 9.999999997579787081e-01
6.564530352250510077e+03 9.999999997632549320e-01 9.999999997631145998e-01 9.999999997631122683e-01
6.564548760253174805e+03 9.999999997682202935e-01 9.999999997680862895e-01 9.999999997680844022e-01
6.564567168255840443e+03 9.999999997730318890e-01 9.999999997729022150e-01 9.999999997728999945e-01
6.564585576258505171e+03 9.999999997776943816e-01 9.999999997775570471e-01 9.999999997775534943e-01
6.564603984261169899e+03 9.999999997822152098e-01 9.999999997819762898e-01 9.999999997819674080e-01
6.564622392263835536e+03 9.999999997865990364e-01 9.999999997858675105e-01 9.999999997858456391e-01
6.564640800266500264e+03 9.999999997908517457e-01 9.999999997887046854e-01 9.999999997886653835e-01
