# lambda[A]  T_theo  T_instr  T_rot+instr  (H-alpha 6562.8)
6.560825817986235052e+03 9.999999998984339111e-01 9.999999998974703486e-01 9.999999998974521409e-01
6.560845559806372876e+03 9.999999998963665648e-01 9.999999998960711345e-01 9.999999998960614755e-01
6.560865301626510700e+03 9.999999998942360468e-01 9.999999998941461188e-01 9.999999998941426771e-01
6.560885043446647614e+03 9.999999998920382493e-01 9.999999998919830713e-01 9.999999998919816280e-01
6.560904785266785439e+03 9.999999998897719511e-01 9.999999998897175502e-01 9.999999998897163289e-01
6.560924527086923263e+03 9.999999998874329332e-01 9.999999998873764229e-01 9.999999998873754237e-01
6.560944268907061087e+03 9.999999998850188643e-01 9.999999998849599114e-01 9.999999998849590233e-01
6.560964010727198001e+03 9.999999998825264136e-01 9.999999998824647962e-01 9.999999998824636860e-01
6.560983752547335826e+03 9.999999998799516954e-01 9.999999998798871914e-01 9.999999998798863032e-01
6.561003494367473650e+03 9.999999998772913790e-01 9.999999998772239884e-01 9.999999998772229892e-01
6.561023236187611474e+03 9.999999998745415786e-01 9.999999998744711904e-01 9.999999998744699692e-01
6.561042978007749298e+03 9.999999998716982974e-01 9.999999998716248006e-01 9.999999998716234684e-01
6.561062719827886212e+03 9.999999998687573166e-01 9.999999998686802671e-01 9.999999998686788238e-01
6.561082461648024037e+03 9.999999998657137512e-01 9.999999998656330380e-01 9.999999998656315947e-01
6.561102203468161861e+03 9.999999998625629383e-01 9.999999998624784503e-01 9.999999998624768960e-01
6.561121945288300594e+03 9.999999998592999928e-01 9.999999998592113970e-01 9.999999998592098427e-01
6.561141687108436599e+03 9.999999998559193637e-01 9.999999998558265490e-01 9.999999998558246617e-01
6.561161428928575333e+03 9.999999998524151668e-01 9.999999998523176892e-01 9.999999998523160238e-01
6.561181170748713157e+03 9.999999998487815178e-01 9.999999998486792663e-01 9.999999998486774899e-01
6.561200912568850981e+03 9.999999998450119776e-01 9.999999998449045080e-01 9.999999998449021765e-01
6.561220654388988805e+03 9.999999998410989965e-01 9.999999998409860869e-01 9.999999998409841995e-01
6.561240396209125720e+03 9.999999998370364684e-01 9.999999998369176746e-01 9.999999998369154541e-01
6.561260138029263544e+03 9.999999998328156225e-01 9.999999998326905004e-01 9.999999998326881689e-01
6.561279879849401368e+03 9.999999998284286873e-01 9.999999998282967928e-01 9.999999998282945723e-01
6.561299621669539192e+03 9.999999998238665588e-01 9.999999998237273369e-01 9.999999998237250054e-01
6.561319363489676107e+03 9.999999998191195782e-01 9.999999998189726957e-01 9.999999998189701422e-01
6.561339105309813931e+03 9.999999998141778645e-01 9.999999998140230995e-01 9.999999998140204349e-01
6.561358847129951755e+03 9.999999998090306486e-01 9.999999998088670017e-01 9.999999998088641151e-01
6.561378588950089579e+03 9.999999998036662729e-01 9.999999998034934112e-01 9.999999998034903026e-01
6.561398330770227403e+03 9.999999997980724142e-01 9.999999997978892274e-01 9.999999997978861188e-01
6.561418072590364318e+03 9.999999997922354167e-01 9.999999997920415717e-01 9.999999997920382411e-01
6.561437814410502142e+03 9.999999997861416245e-01 9.999999997859362333e-01 9.999999997859325696e-01
6.561457556230639966e+03 9.999999997797747175e-01 9.999999997795571138e-01 9.999999997795535611e-01
6.561477298050777790e+03 9.999999997731191526e-01 9.999999997728881151e-01 9.999999997728841183e-01
6.561497039870915614e+03 9.999999997661568329e-01 9.999999997659110296e-01 9.999999997659066997e-01
6.561516781691052529e+03 9.999999997588685519e-01 9.999999997586070943e-01 9.999999997586024314e-01
6.561536523511190353e+03 9.999999997512333261e-01 9.999999997509549932e-01 9.999999997509498861e-01
6.561556265331328177e+03 9.999999997432288401e-01 9.999999997429321885e-01 9.999999997429269705e-01
6.561576007151466001e+03 9.999999997348310021e-01 9.999999997345143665e-01 9.999999997345088154e-01
6.561595748971602916e+03 9.999999997260128337e-01 9.999999997256752149e-01 9.999999997256693307e-01
6.561615490791740740e+03 9.999999997167472454e-01 9.999999997163857568e-01 9.999999997163793175e-01
6.561635232611878564e+03 9.999999997070024849e-01 9.999999997066152391e-01 9.999999997066086888e-01
6.561654974432016388e+03 9.999999996967440241e-01 9.999999996963294668e-01 9.999999996963222504e-01
6.561674716252155122e+03 9.999999996859364471e-01 9.999999996854916917e-01 9.999999996854836981e-01
6.561694458072291127e+03 9.999999996745387865e-01 9.999999996740607244e-01 9.999999996740523978e-01
6.561714199892429860e+03 9.999999996625076326e-01 9.999999996619932663e-01 9.999999996619841625e-01
6.561733941712567685e+03 9.999999996497945798e-01 9.999999996492403564e-01 9.999999996492304755e-01
6.561753683532705509e+03 9.999999996363475585e-01 9.999999996357493703e-01 9.999999996357387122e-01
6.561773425352842423e+03 9.999999996221075049e-01 9.999999996214612441e-01 9.999999996214499198e-01
6.561793167172980247e+03 9.999999996070118025e-01 9.999999996063118068e-01 9.999999996062998164e-01
6.561812908993118072e+03 9.999999995909890638e-01 9.999999995902298933e-01 9.999999995902164596e-01
6.561832650813255896e+03 9.999999995739612402e-01 9.999999995731356783e-01 9.999999995731210234e-01
6.561852392633393720e+03 9.999999995558408461e-01 9.999999995549407883e-01 9.999999995549246901e-01
6.561872134453530634e+03 9.999999995365296268e-01 9.999999995355444149e-01 9.999999995355266513e-01
6.561891876273668458e+03 9.999999995159156718e-01 9.999999995148309839e-01 9.999999995148114440e-01
6.561911618093806283e+03 9.999999994938694181e-01 9.999999994926651592e-01 9.999999994926433988e-01
6.561931359913944107e+03 9.999999994702358785e-01 9.999999994688816285e-01 9.999999994688570926e-01
6.561951101734081021e+03 9.999999994448226515e-01 9.999999994432697825e-01 9.999999994432411388e-01
6.561970843554218845e+03 9.999999994173780493e-01 9.999999994155466254e-01 9.999999994155123195e-01
6.561990585374356669e+03 9.999999993875531290e-01 9.999999993853080360e-01 9.999999993852646263e-01
6.562010327194494494e+03 9.999999993548341903e-01 9.999999993519451680e-01 9.999999993518874364e-01
6.562030069014632318e+03 9.999999993184274238e-01 9.999999993145008981e-01 9.999999993144201849e-01
6.562049810834769232e+03 9.999999992770580715e-01 9.999999992714291297e-01 9.999999992713097807e-01
6.562069552654907056e+03 9.999999992286365824e-01 9.999999992201897836e-01 9.999999992200059307e-01
6.562089294475044881e+03 9.999999991696977286e-01 9.999999991565898805e-01 9.999999991562992241e-01
6.562109036295182705e+03 9.999999990944943296e-01 9.999999990737227229e-01 9.999999990732566513e-01
6.562128778115319619e+03 9.999999989935416389e-01 9.999999989602952333e-01 9.999999989595437233e-01
6.562148519935457443e+03 9.999999988513357252e-01 9.999999987980386917e-01 9.999999987968276605e-01
6.562168261755595267e+03 9.999999986428476095e-01 9.999999985577778805e-01 9.999999985558398752e-01
6.562188003575733092e+03 9.999999983282371607e-01 9.999999981935884241e-01 9.999999981905151047e-01
6.562207745395870916e+03 9.999999978450566651e-01 9.999999976342781594e-01 9.999999976294602355e-01
6.562227487216007830e+03 9.999999970969922769e-01 9.999999967712432936e-01 9.999999967637857035e-01
6.562247229036145654e+03 9.999999959379631820e-01 9.999999954415135228e-01 9.999999954301245220e-01
6.562266970856283478e+03 9.999999941501697132e-01 9.999999934046255312e-01 9.999999933874725855e-01
6.562286712676422212e+03 9.999999914145010216e-01 9.999999903117914313e-01 9.999999902863206946e-01
6.562306454496560036e+03 9.999999872716160976e-01 9.999999856658040587e-01 9.999999856285165523e-01
6.562326196316696951e+03 9.999999810720689997e-01 9.999999787702120724e-01 9.999999787163937892e-01
6.562345938136834775e+03 9.999999719141388077e-01 9.999999686666365406e-01 9.999999685900363700e-01
6.562365679956972599e+03 9.999999585685808157e-01 9.999999540596826719e-01 9.999999539521325920e-01
6.562385421777110423e+03 9.999999393904328571e-01 9.999999332297890842e-01 9.999999330807459730e-01
6.562405163597247338e+03 9.999999122192056999e-01 9.999999039354642294e-01 9.999999037314259986e-01
6.562424905417385162e+03 9.999998742702160826e-01 9.999998633075117827e-01 9.999998630312095793e-01
6.562444647237522986e+03 9.999998220211129274e-01 9.999998077387556306e-01 9.999998073679211563e-01
6.562464389057660810e+03 9.999997510982768789e-01 9.999997327728302743e-01 9.999997322782121500e-01
6.562484130877798634e+03 9.999996561668850203e-01 9.999996329943444673e-01 9.999996323365504258e-01
6.562503872697935549e+03 9.999995308253163406e-01 9.999995019196447066e-01 9.999995010444858723e-01
6.562523614518073373e+03 9.999993674994143156e-01 9.999993318810738163e-01 9.999993307135842668e-01
6.562543356338211197e+03 9.999991573269539913e-01 9.999991138745512043e-01 9.999991123123237458e-01
6.562563098158349021e+03 9.999988900151884907e-01 9.999988372195028896e-01 9.999988351231372530e-01
6.562582839978485936e+03 9.999985535898651134e-01 9.999984882827192001e-01 9.999984854414550872e-01
6.562602581798623760e+03 9.999981334874877836e-01 9.999980449573371288e-01 9.999980409304282114e-01
6.562622323618761584e+03 9.999976079690600095e-01 9.999974542022318502e-01 9.999974477226656333e-01
6.562642065438899408e+03 9.999969260917002112e-01 9.999965523207720031e-01 9.999965396616120605e-01
6.562661807259037232e+03 9.999959140752249231e-01 9.999948362415983505e-01 9.999948086640090272e-01
6.562681549079174147e+03 9.999939266190633891e-01 9.999910073226140339e-01 9.999909520307271871e-01
6.562701290899311971e+03 9.999888026954378839e-01 9.999825998590629039e-01 9.999825137778131090e-01
6.562721032719449795e+03 9.999752191421426017e-01 9.999668213016547069e-01 9.999667335385011846e-01
6.562740774539587619e+03 9.999475523701464308e-01 9.999433616594989305e-01 9.999433303682183638e-01
6.562760516359724534e+03 9.999121307484195587e-01 9.999169284906568311e-01 9.999169965337987298e-01
6.562780258179862358e+03 9.998841878238197145e-01 9.998959246192539174e-01 9.998960823892180105e-01
6.562800000000000182e+03 9.998735534673101055e-01 9.998879377643909994e-01 9.998881305760218829e-01
6.562819741820138006e+03 9.998841877005524292e-01 9.998959242233840250e-01 9.998960819921549614e-01
6.562839483640275830e+03 9.999121299330183676e-01 9.999169275816847113e-01 9.999169956250315572e-01
6.562859225460412745e+03 9.999475505277785059e-01 9.999433602890320794e-01 9.999433290002121000e-01
6.562878967280550569e+03 9.999752171950608837e-01 9.999668198179301193e-01 9.999667320567854345e-01
6.562898709100689302e+03 9.999888014672297931e-01 9.999825986438489744e-01 9.999825125618703181e-01
6.562918450920827127e+03 9.999939259734030861e-01 9.999910065046871965e-01 9.999909512102981290e-01
6.562938192740964041e+03 9.999959136866707343e-01 9.999948357224018869e-01 9.999948081425471536e-01
6.562957934561101865e+03 9.999969257845420234e-01 9.999965519549707249e-01 9.999965392945380227e-01
6.562977676381239689e+03 9.999976076814031112e-01 9.999974538969935711e-01 9.999974474168754623e-01
6.562997418201377513e+03 9.999981332058975880e-01 9.999980446742925411e-01 9.999980406471388195e-01
6.563017160021515338e+03 9.999985533164975626e-01 9.999984880124677122e-01 9.999984851710422840e-01
6.563036901841652252e+03 9.999988897555290857e-01 9.999988369633917573e-01 9.999988348668775728e-01
6.563056643661790076e+03 9.999991570860760071e-01 9.999991136364432265e-01 9.999991120740709949e-01
6.563076385481927900e+03 9.999993672810626455e-01 9.999993316644498753e-01 9.999993304968234353e-01
6.563096127302065725e+03 9.999995306317683852e-01 9.999995017267988562e-01 9.999995008515145667e-01
6.563115869122202639e+03 9.999996559990244061e-01 9.999996328262777956e-01 9.999996321683686240e-01
6.563135610942340463e+03 9.999997509557640996e-01 9.999997326293695865e-01 9.999997321346457690e-01
6.563155352762478287e+03 9.999998219026130508e-01 9.999998076187593954e-01 9.999998072478276656e-01
6.563175094582616111e+03 9.999998741736648711e-01 9.999998632091157136e-01 9.999998629327245814e-01
6.563194836402753936e+03 9.999999121420835024e-01 9.999999038563304188e-01 9.999999036522115858e-01
6.563214578222890850e+03 9.999999393300093020e-01 9.999999331673405933e-01 9.999999330182260948e-01
6.563234320043028674e+03 9.999999585221228671e-01 9.999999540113021501e-01 9.999999539036905638e-01
6.563254061863166498e+03 9.999999718790646419e-01 9.999999686298217672e-01 9.999999685531687499e-01
6.563273803683304322e+03 9.999999810460513672e-01 9.999999787426788744e-01 9.999999786888169595e-01
6.563293545503441237e+03 9.999999872526375011e-01 9.999999856455504821e-01 9.999999856082283367e-01
6.563313287323579061e+03 9.999999914008721458e-01 9.999999902971246080e-01 9.999999902716257827e-01
6.563333029143716885e+03 9.999999941405206538e-01 9.999999933941543517e-01 9.999999933769799787e-01
6.563352770963854709e+03 9.999999959312136921e-01 9.999999954341298736e-01 9.999999954227246635e-01
6.563372512783992534e+03 9.999999970923123538e-01 9.999999967660867517e-01 9.999999967586173932e-01
6.563392254604129448e+03 9.999999978418260271e-01 9.999999976306976901e-01 9.999999976258712175e-01
6.563411996424267272e+03 9.999999983260025038e-01 9.999999981911028568e-01 9.999999981880232092e-01
6.563431738244405096e+03 9.999999986412853037e-01 9.999999985560398263e-01 9.999999985540972691e-01
6.563451480064543830e+03 9.999999988502197290e-01 9.999999987968020143e-01 9.999999987955880965e-01
6.563471221884681654e+03 9.999999989927176314e-01 9.999999989593901795e-01 9.999999989586363380e-01
6.563490963704817659e+03 9.999999990938593930e-01 9.999999990730341626e-01 9.999999990725669807e-01
6.563510705524956393e+03 9.999999991691836954e-01 9.999999991560413193e-01 9.999999991557498857e-01
6.563530447345094217e+03 9.999999992281998207e-01 9.999999992197312615e-01 9.999999992195471865e-01
6.563550189165232041e+03 9.999999992766718249e-01 9.999999992710292274e-01 9.999999992709093233e-01
6.563569930985368956e+03 9.999999993180738178e-01 9.999999993141387433e-01 9.999999993140579191e-01
6.563589672805506780e+03 9.999999993545028998e-01 9.999999993516084373e-01 9.999999993515511498e-01
6.563609414625644604e+03 9.999999993872374926e-01 9.999999993849895130e-01 9.999999993849465474e-01
6.563629156445782428e+03 9.999999994170745143e-01 9.999999994152414251e-01 9.999999994152072302e-01
6.563648898265920252e+03 9.999999994445291085e-01 9.999999994429750183e-01 9.999999994429465966e-01
6.563668640086057167e+03 9.999999994699505512e-01 9.999999994685955240e-01 9.999999994685709881e-01
6.563688381906194991e+03 9.999999994935913072e-01 9.999999994923866042e-01 9.999999994923651769e-01
6.563708123726332815e+03 9.999999995156445554e-01 9.999999995145593124e-01 9.999999995145399945e-01
6.563727865546470639e+03 9.999999995362643945e-01 9.999999995352787385e-01 9.999999995352611970e-01
6.563747607366607554e+03 9.999999995555814980e-01 9.999999995546808851e-01 9.999999995546652309e-01
6.563767349186745378e+03 9.999999995737075542e-01 9.999999995728818813e-01 9.999999995728672264e-01
6.563787091006883202e+03 9.999999995907407069e-01 9.999999995899815364e-01 9.999999995899681027e-01
6.563806832827021026e+03 9.999999996067686636e-01 9.999999996060686680e-01 9.999999996060564555e-01
6.563826574647158850e+03 9.999999996218692511e-01 9.999999996212227682e-01 9.999999996212114439e-01
6.563846316467295765e+03 9.999999996361134125e-01 9.999999996355152243e-01 9.999999996355048992e-01
6.563866058287433589e+03 9.999999996495656518e-01 9.999999996490106513e-01 9.999999996490013254e-01
6.563885800107571413e+03 9.999999996622827014e-01 9.999999996617682241e-01 9.999999996617592313e-01
6.563905541927709237e+03 9.999999996743179631e-01 9.999999996738397900e-01 9.999999996738312413e-01
6.563925283747846152e+03 9.999999996857193985e-01 9.999999996852744211e-01 9.999999996852664275e-01
6.563945025567983976e+03 9.999999996965308613e-01 9.999999996961164150e-01 9.999999996961090876e-01
6.563964767388121800e+03 9.999999997067929858e-01 9.999999997064058510e-01 9.999999997063989676e-01
6.563984509208259624e+03 9.999999997165417431e-01 9.999999997161801435e-01 9.999999997161737042e-01
6.564004251028397448e+03 9.999999997258106621e-01 9.999999997254727102e-01 9.999999997254664930e-01
6.564023992848534363e+03 9.999999997346320502e-01 9.999999997343151925e-01 9.999999997343094194e-01
6.564043734668672187e+03 9.999999997430329968e-01 9.999999997427361231e-01 9.999999997427309051e-01
6.564063476488810920e+03 9.999999997510405914e-01 9.999999997507622584e-01 9.999999997507572624e-01
6.564083218308948744e+03 9.999999997586789258e-01 9.999999997584172462e-01 9.999999997584126943e-01
6.564102960129084749e+03 9.999999997659699824e-01 9.999999997657242901e-01 9.999999997657200712e-01
6.564122701949223483e+03 9.999999997729354106e-01 9.999999997727042622e-01 9.999999997727003764e-01
6.564142443769361307e+03 9.999999997795938622e-01 9.999999997793761475e-01 9.999999997793722617e-01
6.564162185589499131e+03 9.999999997859633227e-01 9.999999997857578204e-01 9.999999997857539347e-01
6.564181927409636955e+03 9.999999997920594463e-01 9.999999997918654904e-01 9.999999997918621597e-01
6.564201669229773870e+03 9.999999997978988864e-01 9.999999997977159216e-01 9.999999997977125910e-01
6.564221411049911694e+03 9.999999998034954096e-01 9.999999998033224369e-01 9.999999998033192172e-01
6.564241152870049518e+03 9.999999998088621167e-01 9.999999998086985808e-01 9.999999998086956943e-01
6.564260894690187342e+03 9.999999998140118862e-01 9.999999998138567880e-01 9.999999998138539015e-01
6.564280636510325166e+03 9.999999998189554873e-01 9.999999998188090489e-01 9.999999998188061623e-01
6.564300378330462081e+03 9.999999998237049104e-01 9.999999998235655774e-01 9.999999998235632459e-01
6.564320120150599905e+03 9.999999998282690372e-01 9.999999998281372537e-01 9.999999998281348113e-01
6.564339861970737729e+03 9.999999998326581929e-01 9.999999998325329598e-01 9.999999998325305173e-01
6.564359603790875553e+03 9.999999998368809262e-01 9.999999998367617993e-01 9.999999998367598009e-01
6.564379345611012468e+03 9.999999998409456747e-01 9.999999998408328761e-01 9.999999998408306556e-01
6.564399087431150292e+03 9.999999998448602101e-01 9.999999998447527405e-01 9.999999998447508531e-01
6.564418829251288116e+03 9.999999998486317487e-01 9.999999998485298303e-01 9.999999998485278319e-01
6.564438571071425940e+03 9.999999998522671740e-01 9.999999998521699185e-01 9.999999998521680311e-01
6.564458312891563764e+03 9.999999998557730363e-01 9.999999998556803327e-01 9.999999998556785563e-01
6.564478054711700679e+03 9.999999998591556638e-01 9.999999998590668460e-01 9.999999998590654027e-01
6.564497796531838503e+03 9.999999998624201636e-01 9.999999998623358977e-01 9.999999998623342323e-01
6.564517538351976327e+03 9.999999998655727529e-01 9.999999998654920397e-01 9.999999998654905964e-01
6.564537280172114151e+03 9.999999998686176506e-01 9.999999998685407121e-01 9.999999998685393798e-01
6.564557021992251066e+03 9.999999998715606297e-01 9.999999998714869109e-01 9.999999998714858007e-01
6.564576763812388890e+03 9.999999998744054652e-01 9.999999998743350771e-01 9.999999998743339669e-01
6.564596505632526714e+03 9.999999998771567089e-01 9.999999998770895404e-01 9.999999998770882081e-01
6.564616247452664538e+03 9.999999998798183576e-01 9.999999998797539646e-01 9.999999998797528544e-01
6.564635989272803272e+03 9.999999998823942970e-01 9.999999998823325686e-01 9.999999998823317915e-01
6.564655731092939277e+03 9.999999998848883020e-01 9.999999998848296823e-01 9.999999998848285720e-01
6.564675472913078011e+03 9.999999998873041474e-01 9.999999998872471929e-01 9.999999998872465268e-01
6.564695214733215835e+03 9.999999998896442754e-01 9.999999998895898745e-01 9.999999998895887643e-01
6.564714956553353659e+03 9.999999998919120170e-01 9.999999998918565058e-01 9.999999998918548405e-01
6.564734698373490573e+03 9.999999998941107027e-01 9.999999998940208856e-01 9.999999998940172219e-01
6.564754440193628398e+03 9.999999998962427750e-01 9.999999998959470116e-01 9.999999998959373526e-01
6.564774182013766222e+03 9.999999998983113425e-01 9.999999998973472248e-01 9.999999998973289062e-01
