# lambda[A]  T_theo  T_instr  T_rot+instr  (H-beta 4861.35)
4.859911616345223592e+03 9.999999999991014965e-01 9.999999999990927257e-01 9.999999999990922817e-01
4.859926000181771087e+03 9.999999999990830668e-01 9.999999999990807353e-01 9.999999999990801802e-01
4.859940384018318582e+03 9.999999999990643040e-01 9.999999999990636379e-01 9.999999999990634159e-01
4.859954767854866986e+03 9.999999999990447641e-01 9.999999999990442090e-01 9.999999999990440980e-01
4.859969151691414481e+03 9.999999999990245581e-01 9.999999999990243360e-01 9.999999999990242250e-01
4.859983535527961976e+03 9.999999999990039079e-01 9.999999999990035748e-01 9.999999999990034638e-01
4.859997919364510381e+03 9.999999999989824806e-01 9.999999999989820365e-01 9.999999999989819255e-01
4.860012303201057875e+03 9.999999999989603872e-01 9.999999999989600541e-01 9.999999999989597210e-01
4.860026687037605370e+03 9.999999999989377386e-01 9.999999999989372945e-01 9.999999999989370725e-01
4.860041070874153775e+03 9.999999999989140909e-01 9.999999999989136468e-01 9.999999999989132027e-01
4.860055454710701270e+03 9.999999999988896660e-01 9.999999999988893329e-01 9.999999999988888888e-01
4.860069838547248764e+03 9.999999999988645749e-01 9.999999999988639088e-01 9.999999999988636867e-01
4.860084222383797169e+03 9.999999999988384847e-01 9.999999999988379296e-01 9.999999999988377075e-01
4.860098606220344664e+03 9.999999999988116173e-01 9.999999999988109511e-01 9.999999999988107291e-01
4.860112990056892158e+03 9.999999999987834176e-01 9.999999999987827515e-01 9.999999999987826405e-01
4.860127373893440563e+03 9.999999999987547739e-01 9.999999999987538857e-01 9.999999999987534416e-01
4.860141757729987148e+03 9.999999999987246868e-01 9.999999999987241317e-01 9.999999999987235766e-01
4.860156141566535553e+03 9.999999999986938226e-01 9.999999999986930455e-01 9.999999999986922683e-01
4.860170525403083047e+03 9.999999999986616261e-01 9.999999999986606269e-01 9.999999999986599608e-01
4.860184909239630542e+03 9.999999999986278754e-01 9.999999999986268762e-01 9.999999999986264321e-01
4.860199293076178947e+03 9.999999999985929033e-01 9.999999999985921262e-01 9.999999999985917931e-01
4.860213676912726442e+03 9.999999999985569321e-01 9.999999999985559329e-01 9.999999999985557109e-01
4.860228060749273936e+03 9.999999999985195176e-01 9.999999999985184074e-01 9.999999999985180743e-01
4.860242444585822341e+03 9.999999999984806598e-01 9.999999999984795496e-01 9.999999999984793275e-01
4.860256828422369836e+03 9.999999999984401367e-01 9.999999999984389154e-01 9.999999999984389154e-01
4.860271212258917330e+03 9.999999999983980592e-01 9.999999999983967269e-01 9.999999999983966159e-01
4.860285596095465735e+03 9.999999999983543164e-01 9.999999999983529841e-01 9.999999999983528731e-01
4.860299979932013230e+03 9.999999999983087973e-01 9.999999999983071319e-01 9.999999999983069099e-01
4.860314363768560725e+03 9.999999999982609467e-01 9.999999999982592813e-01 9.999999999982590593e-01
4.860328747605109129e+03 9.999999999982113197e-01 9.999999999982096544e-01 9.999999999982096544e-01
4.860343131441656624e+03 9.999999999981593612e-01 9.999999999981576959e-01 9.999999999981576959e-01
4.860357515278204119e+03 9.999999999981054044e-01 9.999999999981036281e-01 9.999999999981036281e-01
4.860371899114752523e+03 9.999999999980487830e-01 9.999999999980467846e-01 9.999999999980467846e-01
4.860386282951300018e+03 9.999999999979897192e-01 9.999999999979879428e-01 9.999999999979879428e-01
4.860400666787847513e+03 9.999999999979279908e-01 9.999999999979257703e-01 9.999999999979257703e-01
4.860415050624395917e+03 9.999999999978633758e-01 9.999999999978610443e-01 9.999999999978610443e-01
4.860429434460943412e+03 9.999999999977954301e-01 9.999999999977929876e-01 9.999999999977930987e-01
4.860443818297490907e+03 9.999999999977243759e-01 9.999999999977217113e-01 9.999999999977217113e-01
4.860458202134038402e+03 9.999999999976496579e-01 9.999999999976466603e-01 9.999999999976468823e-01
4.860472585970586806e+03 9.999999999975711651e-01 9.999999999975680565e-01 9.999999999975681675e-01
4.860486969807134301e+03 9.999999999974885645e-01 9.999999999974852338e-01 9.999999999974856779e-01
4.860501353643681796e+03 9.999999999974019671e-01 9.999999999973984144e-01 9.999999999973989695e-01
4.860515737480230200e+03 9.999999999973108178e-01 9.999999999973069320e-01 9.999999999973070430e-01
4.860530121316777695e+03 9.999999999972145615e-01 9.999999999972104536e-01 9.999999999972104536e-01
4.860544505153325190e+03 9.999999999971133091e-01 9.999999999971089792e-01 9.999999999971089792e-01
4.860558888989872685e+03 9.999999999970062836e-01 9.999999999970015097e-01 9.999999999970012876e-01
4.860573272826421089e+03 9.999999999968930409e-01 9.999999999968880449e-01 9.999999999968877118e-01
4.860587656662968584e+03 9.999999999967734698e-01 9.999999999967678077e-01 9.999999999967676967e-01
4.860602040499516079e+03 9.999999999966463493e-01 9.999999999966403541e-01 9.999999999966401321e-01
4.860616424336064483e+03 9.999999999965119013e-01 9.999999999965052400e-01 9.999999999965049069e-01
4.860630808172611978e+03 9.999999999963686825e-01 9.999999999963613551e-01 9.999999999963612440e-01
4.860645192009159473e+03 9.999999999962162489e-01 9.999999999962083663e-01 9.999999999962080333e-01
4.860659575845707877e+03 9.999999999960539343e-01 9.999999999960447195e-01 9.999999999960444974e-01
4.860673959682255372e+03 9.999999999958800734e-01 9.999999999958691932e-01 9.999999999958690822e-01
4.860688343518802867e+03 9.999999999956926677e-01 9.999999999956792340e-01 9.999999999956791230e-01
4.860702727355350362e+03 9.999999999954892749e-01 9.999999999954711782e-01 9.999999999954710672e-01
4.860717111191898766e+03 9.999999999952635665e-01 9.999999999952383645e-01 9.999999999952376983e-01
4.860731495028446261e+03 9.999999999950082152e-01 9.999999999949691354e-01 9.999999999949684693e-01
4.860745878864993756e+03 9.999999999947071228e-01 9.999999999946422857e-01 9.999999999946408424e-01
4.860760262701542160e+03 9.999999999943305351e-01 9.999999999942199569e-01 9.999999999942175144e-01
4.860774646538089655e+03 9.999999999938259387e-01 9.999999999936329820e-01 9.999999999936283190e-01
4.860789030374637150e+03 9.999999999930975214e-01 9.999999999927576821e-01 9.999999999927496885e-01
4.860803414211185554e+03 9.999999999919740867e-01 9.999999999913777859e-01 9.999999999913632420e-01
4.860817798047733049e+03 9.999999999901555414e-01 9.999999999891158176e-01 9.999999999890907265e-01
4.860832181884280544e+03 9.999999999871181933e-01 9.999999999853276256e-01 9.999999999852849930e-01
4.860846565720828949e+03 9.999999999819721985e-01 9.999999999789298544e-01 9.999999999788579119e-01
4.860860949557376443e+03 9.999999999732244182e-01 9.999999999681321583e-01 9.999999999680128093e-01
4.860875333393923938e+03 9.999999999584154864e-01 9.999999999500261971e-01 9.999999999498304648e-01
4.860889717230472343e+03 9.999999999335684731e-01 9.999999999199710166e-01 9.999999999196554912e-01
4.860904101067019838e+03 9.999999998923664313e-01 9.999999998706921023e-01 9.999999998701911696e-01
4.860918484903567332e+03 9.999999998249612387e-01 9.999999997909940763e-01 9.999999997902118132e-01
4.860932868740115737e+03 9.999999997162880572e-01 9.999999996639636901e-01 9.999999996627620957e-01
4.860947252576663232e+03 9.999999995437370837e-01 9.999999994645253354e-01 9.999999994627112310e-01
4.860961636413210726e+03 9.999999992740338239e-01 9.999999991562125157e-01 9.999999991535192256e-01
4.860976020249758221e+03 9.999999988591723454e-01 9.999999986870206081e-01 9.999999986830898635e-01
4.860990404086305716e+03 9.999999982312921532e-01 9.999999979842598696e-01 9.999999979786207138e-01
4.861004787922854121e+03 9.999999972964523920e-01 9.999999969484031359e-01 9.999999969404499423e-01
4.861019171759401615e+03 9.999999959273772054e-01 9.999999954460383478e-01 9.999999954350122788e-01
4.861033555595949110e+03 9.999999939554307105e-01 9.999999933022253318e-01 9.999999932871985742e-01
4.861047939432497515e+03 9.999999911622901028e-01 9.999999902927562134e-01 9.999999902726215417e-01
4.861062323269045010e+03 9.999999872720779504e-01 9.999999861370789667e-01 9.999999861105467458e-01
4.861076707105592504e+03 9.999999819449690852e-01 9.999999804928858538e-01 9.999999804584871477e-01
4.861091090942140909e+03 9.999999747735691669e-01 9.999999729535773429e-01 9.999999729096782364e-01
4.861105474778688404e+03 9.999999652834978825e-01 9.999999630499328829e-01 9.999999629947596835e-01
4.861119858615235898e+03 9.999999529396423892e-01 9.999999502572733956e-01 9.999999501889543785e-01
4.861134242451784303e+03 9.999999371593455422e-01 9.999999340090790501e-01 9.999999339257288344e-01
4.861148626288331798e+03 9.999999173333063984e-01 9.999999137170961783e-01 9.999999136169408498e-01
4.861163010124879293e+03 9.999998928539336474e-01 9.999998887949032023e-01 9.999998886763824535e-01
4.861177393961427697e+03 9.999998631481566980e-01 9.999998586709758497e-01 9.999998585323890410e-01
4.861191777797975192e+03 9.999998277018854465e-01 9.999998227373966264e-01 9.999998225744773928e-01
4.861206161634522687e+03 9.999997860229060676e-01 9.999997800441711160e-01 9.999997798402590066e-01
4.861220545471071091e+03 9.999997373321146688e-01 9.999997281100820867e-01 9.999997278023310399e-01
4.861234929307617676e+03 9.999996792496658182e-01 9.999996588509603157e-01 9.999996582260449740e-01
4.861249313144166081e+03 9.999996032146014624e-01 9.999995457565888923e-01 9.999995441888003267e-01
4.861263696980714485e+03 9.999994796357358773e-01 9.999993091815074786e-01 9.999993052437395891e-01
4.861278080817261070e+03 9.999992080992231580e-01 9.999987491571613596e-01 9.999987408398164357e-01
4.861292464653809475e+03 9.999984630175556832e-01 9.999974964953428636e-01 9.999974836741625239e-01
4.861306848490357879e+03 9.999964392320165318e-01 9.999951699715071696e-01 9.999951587207772663e-01
4.861321232326904465e+03 9.999922434365972057e-01 9.999918937804435082e-01 9.999918959011924180e-01
4.861335616163452869e+03 9.999869612458365253e-01 9.999887762672012848e-01 9.999887982069475267e-01
4.861350000000000364e+03 9.999844139414361122e-01 9.999874650541700216e-01 9.999874968033028999e-01
4.861364383836547859e+03 9.999869612184497658e-01 9.999887762183449214e-01 9.999887981580978247e-01
4.861378767673096263e+03 9.999922433133321409e-01 9.999918936866878383e-01 9.999918958075588726e-01
4.861393151509643758e+03 9.999964390704411121e-01 9.999951698562611346e-01 9.999951586056549102e-01
4.861407535346191253e+03 9.999984629035579831e-01 9.999974963918439874e-01 9.999974835705913723e-01
4.861421919182739657e+03 9.999992080368174108e-01 9.999987490829997938e-01 9.999987407654173932e-01
4.861436303019287152e+03 9.999994795995337249e-01 9.999993091334314910e-01 9.999993051954269019e-01
4.861450686855834647e+03 9.999996031880207248e-01 9.999995457233853413e-01 9.999995441554482278e-01
4.861465070692383051e+03 9.999996792251739652e-01 9.999996588236605977e-01 9.999996581986769772e-01
4.861479454528930546e+03 9.999997373068448825e-01 9.999997280840401404e-01 9.999997277762660008e-01
4.861493838365478041e+03 9.999997859962800328e-01 9.999997800177143903e-01 9.999997798137991722e-01
4.861508222202026445e+03 9.999998276743364833e-01 9.999998227103773507e-01 9.999998225474606706e-01
4.861522606038573031e+03 9.999998631204660704e-01 9.999998586438939574e-01 9.999998585053101463e-01
4.861536989875121435e+03 9.999998928269295817e-01 9.999998887684575788e-01 9.999998886499377182e-01
4.861551373711669839e+03 9.999999173077269710e-01 9.999999136919655029e-01 9.999999135918091753e-01
4.861565757548216425e+03 9.999999371357757294e-01 9.999999339858253178e-01 9.999999339024717715e-01
4.861580141384764829e+03 9.999999529184895319e-01 9.999999502362983961e-01 9.999999501679742719e-01
4.861594525221313233e+03 9.999999652649855797e-01 9.999999630314720944e-01 9.999999629762923448e-01
4.861608909057859819e+03 9.999999747577558162e-01 9.999999729377083701e-01 9.999999728938021581e-01
4.861623292894408223e+03 9.999999819317734184e-01 9.999999804795530745e-01 9.999999804451464858e-01
4.861637676730956628e+03 9.999999872613136720e-01 9.999999861261225087e-01 9.999999860995821832e-01
4.861652060567503213e+03 9.999999911537003072e-01 9.999999902839441512e-01 9.999999902638017080e-01
4.861666444404051617e+03 9.999999939487216327e-01 9.999999932952851056e-01 9.999999932802512426e-01
4.861680828240600022e+03 9.999999959222455326e-01 9.999999954406832980e-01 9.999999954296507898e-01
4.861695212077146607e+03 9.999999972926070235e-01 9.999999969443533754e-01 9.999999969363942975e-01
4.861709595913695011e+03 9.999999982284677458e-01 9.999999979812567164e-01 9.999999979756125645e-01
4.861723979750243416e+03 9.999999988571381948e-01 9.999999986848359113e-01 9.999999986809013919e-01
4.861738363586790001e+03 9.999999992725968623e-01 9.999999991546529854e-01 9.999999991519568088e-01
4.861752747423338405e+03 9.999999995427409916e-01 9.999999994634327649e-01 9.999999994616159960e-01
4.861767131259885900e+03 9.999999997156103770e-01 9.999999996632118471e-01 9.999999996620083653e-01
4.861781515096433395e+03 9.999999998245082677e-01 9.999999997904860383e-01 9.999999997897019988e-01
4.861795898932981800e+03 9.999999998920686695e-01 9.999999998703545945e-01 9.999999998698521075e-01
4.861810282769528385e+03 9.999999999333761824e-01 9.999999999197504152e-01 9.999999999194337796e-01
4.861824666606076789e+03 9.999999999582926957e-01 9.999999999498840886e-01 9.999999999496878011e-01
4.861839050442625194e+03 9.999999999731472577e-01 9.999999999680417861e-01 9.999999999679218821e-01
4.861853434279171779e+03 9.999999999819241259e-01 9.999999999788727889e-01 9.999999999788011795e-01
4.861867818115720183e+03 9.999999999870881062e-01 9.999999999852916543e-01 9.999999999852489108e-01
4.861882201952268588e+03 9.999999999901366676e-01 9.999999999890932800e-01 9.999999999890683000e-01
4.861896585788815173e+03 9.999999999919623184e-01 9.999999999913632420e-01 9.999999999913489201e-01
4.861910969625363578e+03 9.999999999930893058e-01 9.999999999927481342e-01 9.999999999927401406e-01
4.861925353461911982e+03 9.999999999938203876e-01 9.999999999936262096e-01 9.999999999936216577e-01
4.861939737298458567e+03 9.999999999943262052e-01 9.999999999942151829e-01 9.999999999942124074e-01
4.861954121135006972e+03 9.999999999947035700e-01 9.999999999946386220e-01 9.999999999946370677e-01
4.861968504971555376e+03 9.999999999950054397e-01 9.999999999949661378e-01 9.999999999949653606e-01
4.861982888808101961e+03 9.999999999952607910e-01 9.999999999952356999e-01 9.999999999952352558e-01
4.861997272644650366e+03 9.999999999954867214e-01 9.999999999954687357e-01 9.999999999954685137e-01
4.862011656481198770e+03 9.999999999956902252e-01 9.999999999956769026e-01 9.999999999956769026e-01
4.862026040317745355e+03 9.999999999958777419e-01 9.999999999958670838e-01 9.999999999958668617e-01
4.862040424154293760e+03 9.999999999960517139e-01 9.999999999960428321e-01 9.999999999960424990e-01
4.862054807990842164e+03 9.999999999962140285e-01 9.999999999962060349e-01 9.999999999962059238e-01
4.862069191827388750e+03 9.999999999963665731e-01 9.999999999963593567e-01 9.999999999963592456e-01
4.862083575663937154e+03 9.999999999965099029e-01 9.999999999965032416e-01 9.999999999965029085e-01
4.862097959500485558e+03 9.999999999966444619e-01 9.999999999966385777e-01 9.999999999966382447e-01
4.862112343337032144e+03 9.999999999967711384e-01 9.999999999967658093e-01 9.999999999967655873e-01
4.862126727173580548e+03 9.999999999968911535e-01 9.999999999968861575e-01 9.999999999968859354e-01
4.862141111010128952e+03 9.999999999970042852e-01 9.999999999969997333e-01 9.999999999969996223e-01
4.862155494846675538e+03 9.999999999971114217e-01 9.999999999971070919e-01 9.999999999971069808e-01
4.862169878683223942e+03 9.999999999972127851e-01 9.999999999972086773e-01 9.999999999972088993e-01
4.862184262519770527e+03 9.999999999973088194e-01 9.999999999973049336e-01 9.999999999973052667e-01
4.862198646356318932e+03 9.999999999974001907e-01 9.999999999973966380e-01 9.999999999973970821e-01
4.862213030192867336e+03 9.999999999974866771e-01 9.999999999974836795e-01 9.999999999974841236e-01
4.862227414029413922e+03 9.999999999975694998e-01 9.999999999975662801e-01 9.999999999975665022e-01
4.862241797865962326e+03 9.999999999976478815e-01 9.999999999976449949e-01 9.999999999976453280e-01
4.862256181702510730e+03 9.999999999977225995e-01 9.999999999977199350e-01 9.999999999977200460e-01
4.862270565539057316e+03 9.999999999977936538e-01 9.999999999977913223e-01 9.999999999977913223e-01
4.862284949375605720e+03 9.999999999978618215e-01 9.999999999978592680e-01 9.999999999978592680e-01
4.862299333212154124e+03 9.999999999979264365e-01 9.999999999979243270e-01 9.999999999979243270e-01
4.862313717048700710e+03 9.999999999979883869e-01 9.999999999979860554e-01 9.999999999979860554e-01
4.862328100885249114e+03 9.999999999980473397e-01 9.999999999980454524e-01 9.999999999980454524e-01
4.862342484721797518e+03 9.999999999981038501e-01 9.999999999981020737e-01 9.999999999981020737e-01
4.862356868558344104e+03 9.999999999981579180e-01 9.999999999981562526e-01 9.999999999981562526e-01
4.862371252394892508e+03 9.999999999982099874e-01 9.999999999982082111e-01 9.999999999982079890e-01
4.862385636231440913e+03 9.999999999982593923e-01 9.999999999982579491e-01 9.999999999982579491e-01
4.862400020067987498e+03 9.999999999983073540e-01 9.999999999983055776e-01 9.999999999983053556e-01
4.862414403904535902e+03 9.999999999983527621e-01 9.999999999983514298e-01 9.999999999983513188e-01
4.862428787741084307e+03 9.999999999983967269e-01 9.999999999983952836e-01 9.999999999983951726e-01
4.862443171577630892e+03 9.999999999984389154e-01 9.999999999984375831e-01 9.999999999984375831e-01
4.862457555414179296e+03 9.999999999984791055e-01 9.999999999984782173e-01 9.999999999984781063e-01
4.862471939250727701e+03 9.999999999985180743e-01 9.999999999985170751e-01 9.999999999985169641e-01
4.862486323087274286e+03 9.999999999985555998e-01 9.999999999985547117e-01 9.999999999985546006e-01
4.862500706923822690e+03 9.999999999985916821e-01 9.999999999985907939e-01 9.999999999985905719e-01
4.862515090760370185e+03 9.999999999986265431e-01 9.999999999986258770e-01 9.999999999986254329e-01
4.862529474596917680e+03 9.999999999986604049e-01 9.999999999986595167e-01 9.999999999986588506e-01
4.862543858433466085e+03 9.999999999986924903e-01 9.999999999986916022e-01 9.999999999986909360e-01
4.862558242270013579e+03 9.999999999987235766e-01 9.999999999987229105e-01 9.999999999987223553e-01
4.862572626106561074e+03 9.999999999987534416e-01 9.999999999987526644e-01 9.999999999987524424e-01
4.862587009943109479e+03 9.999999999987821964e-01 9.999999999987816413e-01 9.999999999987813082e-01
4.862601393779656064e+03 9.999999999988102850e-01 9.999999999988097299e-01 9.999999999988095079e-01
4.862615777616204468e+03 9.999999999988373744e-01 9.999999999988368193e-01 9.999999999988364863e-01
4.862630161452752873e+03 9.999999999988634647e-01 9.999999999988626875e-01 9.999999999988624655e-01
4.862644545289299458e+03 9.999999999988884447e-01 9.999999999988878896e-01 9.999999999988876676e-01
4.862658929125847862e+03 9.999999999989129806e-01 9.999999999989123145e-01 9.999999999989120925e-01
4.862673312962396267e+03 9.999999999989365174e-01 9.999999999989358512e-01 9.999999999989356292e-01
4.862687696798942852e+03 9.999999999989592769e-01 9.999999999989587218e-01 9.999999999989584998e-01
4.862702080635491257e+03 9.999999999989813704e-01 9.999999999989809263e-01 9.999999999989807042e-01
4.862716464472039661e+03 9.999999999990027977e-01 9.999999999990022426e-01 9.999999999990022426e-01
4.862730848308586246e+03 9.999999999990236699e-01 9.999999999990232258e-01 9.999999999990228927e-01
4.862745232145134651e+03 9.999999999990436539e-01 9.999999999990433208e-01 9.999999999990430988e-01
4.862759615981682146e+03 9.999999999990633048e-01 9.999999999990624167e-01 9.999999999990624167e-01
4.862773999818229640e+03 9.999999999990820676e-01 9.999999999990794031e-01 9.999999999990791810e-01
4.862788383654778045e+03 9.999999999991003863e-01 9.999999999990917265e-01 9.999999999990915045e-01
