# EXHALE lower-atmosphere profile (docs/phase_e_flux_closure_design.md section 2)
# solution_id cadaf2d80c0cdeb0660f01e260b27b3cd179fb14e78ee059910964ca31a84f6f
# source_code photochem
# source_version photochem 0.9.0, photochem_to_lower_profile.py
# mechanism zahnle_HHeNOC_rxns.yaml sha256 908cc51ef08cfce6
# stellar_flux lhs1140_sed_gj1132_at_b.txt sha256 37a95348aeb58b91 dilution 1.000000E+00
# p_match_bar 9.99999999999999955E-07
# p_top_bar 1.09726846103439966E-08
# p_deep_bar 1.67309812451393825E+01
# trial_flux_H 8.07095352842569258E+06
# trial_flux_He 5.76519602125173360E+07
# measured_flux_H 8.07173853114082944E+06
# measured_flux_He 5.76575631709616706E+07
# iteration 2
# reached_steady_state T
# notes F_H and F_He columns are the STATED trial fluxes; the header measured_flux_* are what the solution carries across its own top. measured elemental escape at the model top (r_top = 1.170792e+09 cm): H 8.071739e+06 g/s, He 5.765756e+07 g/s; imposed H 8.070954e+06, He 5.765196e+07; atomic-H share of the hydrogen nuclei at the top 7.509e-40 imposed, 1.798e-04 converged. climate solved: deep boundary 20 bar at 447.2 K, background He, tropopause 2.085 bar at 185.4 K, cold-trap f_H2O 6.936e-08 (deep 8.083e-05). cold trap at the match: O/H gas 7.7722e-07 vs all-carrier 7.7722e-07; C/H gas 2.7780e-04 vs all-carrier 2.7780e-04; N/H gas 8.1906e-05 vs all-carrier 8.1906e-05; chemistry q_H2O at the tropopause (2.085 bar) 5.3644e-07, at the match 9.8962e-08.
# units p[bar] r[R_J] T[K] n_tot[cm^-3] rho[g/cm^3] Kzz[cm^2/s] q_*[-] X_*[El/H nuclei] F_*[g/s]
# columns: p r T n_tot rho Kzz q_H2 q_H X_He X_C X_N X_O F_H F_He q_H2O q_CO q_CO2 q_CH4 q_NH3 q_HCN q_N2 q_OH q_C2H2
  1.67309812451393825E+01   1.56447680996171568E-01   4.17149651890746895E+02   2.90500071889546805E+20   1.86790596160765353E-03   1.00000000000000000E+09   6.64982746091462573E-02   1.25501394939883973E-26   6.99999999999999289E+00   2.77587999999999728E-04   8.18464999999997931E-05   6.06178000000006040E-04   8.07095352842569258E+06   5.76519602125173360E+07   8.08271658933099301E-05   1.18433214183380357E-22   1.35318628596539211E-22   3.70133052106061709E-05   1.09130631735893392E-05   4.49416268306532336E-29   1.33479643495989872E-10   7.85685976912453455E-37   5.67403041533703517E-44
  1.58427368847868770E+01   1.56485611074983960E-01   4.08874224434158123E+02   2.80644925242451132E+20   1.80453769035912787E-03   1.00000000000000000E+09   6.64982746102994876E-02   2.98579324470486015E-27   7.00000000028089708E+00   2.77587999999820997E-04   8.18456773438683852E-05   6.06178000024333911E-04   8.07095352842569258E+06   5.76519602125173360E+07   8.08271658979593956E-05   1.18433214185434181E-22   3.44578786597686222E-22   3.70133052112480660E-05   1.09130631737786053E-05   4.49416268314324004E-29   7.86335724643073068E-11   1.94415434504395915E-37   1.00000000003475676E-40
  1.42159101274790025E+01   1.56558745955604484E-01   3.92437544853348186E+02   2.62374024255200526E+20   1.68705637116598871E-03   1.00000000000000000E+09   6.64982748639002391E-02   2.82828349392935542E-14   7.00000039940835439E+00   2.77588015824761477E-04   8.18456820097435611E-05   6.06149524565345967E-04   8.07095352842569258E+06   5.76519602125173360E+07   8.08233647073481384E-05   1.18995011852786330E-17   6.10501840876150569E-22   3.70133052232466604E-05   1.09130626804848500E-05   1.80420402104692854E-15   7.88235180940654483E-11   5.61513434663066221E-25   4.19282411559000979E-15
  1.26971741610343045E+01   1.56631880824923936E-01   3.75298047752899151E+02   2.45045927193168970E+20   1.57563722603292844E-03   1.00000000000000000E+09   6.64982754346013227E-02   5.88649021954221286E-14   7.00000129912135094E+00   2.77588051500434504E-04   8.18456925285220227E-05   6.06085336277122923E-04   8.07095352842569258E+06   5.76519602125173360E+07   8.08147962108859215E-05   2.46271903377946335E-17   8.95119455262603600E-22   3.70133054026748016E-05   1.09130622016253510E-05   3.73525524905472370E-15   7.90268019898937525E-11   4.82692248074727094E-25   8.68394358792497456E-15
  1.12821072784333882E+01   1.56705015670978387E-01   3.58101660645456548E+02   2.28192101173740274E+20   1.46726757469852398E-03   1.00000000000000000E+09   6.64982767527967228E-02   9.30215202286292154E-14   7.00000337897232683E+00   2.77588133974766772E-04   8.18457168456884402E-05   6.05936954547875808E-04   8.07095352842569258E+06   5.76519602125173360E+07   8.07949887376624356E-05   3.82510011304257064E-17   1.20035949245612058E-21   3.70133059881547219E-05   1.09130618039546495E-05   5.80624577839094148E-15   7.92447601838212946E-11   2.88880005489687142E-25   1.35128470014568013E-14
  9.96930299559378064E+00   1.56778150500190977E-01   3.41764989866424457E+02   2.11277836535496999E+20   1.35850918510686857E-03   1.00000000000000000E+09   6.64982798893351545E-02   1.32841137582514137E-13   7.00000832971782661E+00   2.77588330295330690E-04   8.18457747299419422E-05   6.05583757352801274E-04   8.07095352842569258E+06   5.76519602125173360E+07   8.07478404976783915E-05   5.28787711523531408E-17   1.52916324027543992E-21   3.70133075742763300E-05   1.09130616572885722E-05   8.03713344365954928E-15   7.94794318635174235E-11   1.50156293092528193E-25   1.87388348841335072E-14
  8.75574208648226282E+00   1.56851285300868587E-01   3.24623607718496260E+02   1.95357269990772474E+20   1.25613996266721859E-03   1.00000000000000000E+09   6.64982875713173854E-02   1.81210187629775318E-13   7.00002045727676325E+00   2.77588811215219943E-04   8.18459165271283209E-05   6.04718552026077484E-04   8.07095352842569258E+06   5.76519602125173360E+07   8.06323446331902411E-05   6.86200108727445449E-17   1.88458258169411427E-21   3.70133116774946444E-05   1.09130622030389914E-05   1.04486200026486176E-14   7.97329179466868879E-11   6.41326330868178349E-26   2.44257387721011486E-14
  7.63742677845669871E+00   1.56924420064370074E-01   3.07778711198495216E+02   1.79731914398392877E+20   1.15566827609841897E-03   1.00000000000000000E+09   6.64983069922621128E-02   2.42058258442713565E-13   7.00005111983081196E+00   2.77590027147919414E-04   8.18462750398055351E-05   6.02531023390279630E-04   8.07095352842569258E+06   5.76519602125173360E+07   8.03403340996021708E-05   8.56004213587806758E-17   2.27002879941818474E-21   3.70133223001037194E-05   1.09130646148729110E-05   1.30638418628429389E-14   8.00075628328619006E-11   2.52366314302282344E-26   3.06448081848831293E-14
  6.61224173539802784E+00   1.56997554752071194E-01   2.91205353362023914E+02   1.64462196115183731E+20   1.05748170806633395E-03   1.00000000000000000E+09   6.64983578440448836E-02   3.20753347049803887E-13   7.00013141068310674E+00   2.77593211111588738E-04   8.18472138182929908E-05   5.96802913718913800E-04   8.07095352842569258E+06   5.76519602125173360E+07   7.95757070274362817E-05   1.04016576088378054E-16   2.69024166684016470E-21   3.70133504004354665E-05   1.09130721148952291E-05   1.59149501174867021E-14   8.03066527949678582E-11   1.10501730911431478E-26   3.74899172532517798E-14
  5.67608238253363862E+00   1.57070689240161487E-01   2.73804893941806085E+02   1.50149607450196148E+20   9.65445341079854244E-04   1.00000000000000000E+09   6.64984957121147885E-02   4.23605289876212125E-13   7.00034910522760079E+00   2.77601843877140191E-04   8.18497591535433409E-05   5.81272153226329710E-04   8.07095352842569258E+06   5.76519602125173360E+07   7.75026377591491388E-05   1.24082423940584450E-16   3.15010346431416327E-21   3.70134269152857693E-05   1.09130938154444152E-05   1.90350644087855712E-14   8.06335954897472464E-11   8.85349986118704911E-27   4.50580152426041467E-14
  4.82639044309386822E+00   1.57143823205662642E-01   2.57595383513329011E+02   1.35706638843614593E+20   8.72560018882628514E-04   1.00000000000000000E+09   6.64988845217851510E-02   5.56419255725159496E-13   7.00096311001380034E+00   2.77626192494482703E-04   8.18569382428897092E-05   5.37467837137957068E-04   8.07095352842569258E+06   5.76519602125173360E+07   7.16562200829481288E-05   1.46094038443718577E-16   3.65659421739476692E-21   3.70136430823202439E-05   1.09131566043135306E-05   2.24715351007824262E-14   8.09933936851907405E-11   1.42011685284841709E-26   5.34795535110929475E-14
  4.06007003291027591E+00   1.57216955658439794E-01   2.40312694694451096E+02   1.22369596740680958E+20   7.86757493883157369E-04   1.00000000000000000E+09   6.65000103314260238E-02   7.25209060844112005E-13   7.00274155020457201E+00   2.77696717296222655E-04   8.18777321898170931E-05   4.10590399855641881E-04   8.07095352842569258E+06   5.76519602125173360E+07   5.47277065593330408E-05   1.70392631672990213E-16   4.21786296884649078E-21   3.70142694395210570E-05   1.09133402323096147E-05   2.62796359944620216E-14   8.13922342209696683E-11   2.48074037688457557E-26   6.29035101204791679E-14
  3.37376533297817360E+00   1.57290085107361727E-01   2.24098069079489164E+02   1.09041916046723580E+20   7.00969276274441546E-04   1.00000000000000000E+09   6.65026028499101501E-02   9.39916246788343392E-13   7.00684016062607196E+00   2.77859249441844984E-04   8.19256541227400222E-05   1.18187436431638982E-04   8.07095352842569258E+06   5.76519602125173360E+07   1.57446347040611563E-05   1.97434811473303701E-16   4.84451855300745490E-21   3.70157121409943175E-05   1.09137644307379753E-05   3.05313218472641142E-14   8.18383115957205486E-11   1.76726292513709732E-26   7.35157384494364070E-14
  2.76441144825699192E+00   1.57363218089860341E-01   2.07180314447095640E+02   9.66431133544854651E+19   6.21235544573740090E-04   1.00000000000000000E+09   6.65034463247987095E-02   1.21667390573438025E-12   7.00817460519026714E+00   2.77912167404971943E-04   8.19412567658634068E-05   2.29855231910402158E-05   8.07095352842569258E+06   5.76519602125173360E+07   3.06152968205545835E-06   2.27793041300617945E-16   5.54991396473236891E-21   3.70161812743802240E-05   1.09139014341175111E-05   3.53173055432000210E-14   8.23370831280742868E-11   9.58615379946463029E-27   8.55459369590429271E-14
  2.23135604196682591E+00   1.57436352428656418E-01   1.93489297683812794E+02   8.35273382880510935E+19   5.36920541483057586E-04   1.00000000000000000E+09   6.65036142548155601E-02   1.58247037290325793E-12   7.00844033737726591E+00   2.77922705119644151E-04   8.19443637674379928E-05   4.02766088125903397E-06   8.07095352842569258E+06   5.76519602125173360E+07   5.36440554405207753E-07   2.62441543511811239E-16   6.35684526441549424E-21   3.70162743433662001E-05   1.09139273693851945E-05   4.07922185381875356E-14   8.29056911136325296E-11   4.59906265738463431E-27   9.93782986342747050E-14
  1.77939204505366488E+00   1.57509487038856311E-01   1.85373260303876521E+02   6.95250442144279265E+19   4.46911967118594549E-04   1.00000000000000000E+09   6.65036422081154294E-02   2.08240009498702472E-12   7.00848456870669434E+00   2.77924459121345465E-04   8.19448809274299475E-05   8.72106748197581024E-07   8.07095352842569258E+06   5.76519602125173360E+07   1.16154427936187118E-07   3.03297745099461289E-16   7.31023680360436367E-21   3.70162894254518659E-05   1.09139300385571848E-05   4.72608483015043269E-14   8.35761476867527604E-11   2.40953116230431032E-27   1.15775234324154987E-13
  1.41226387023225231E+00   1.57582621687675534E-01   1.85373260303876521E+02   5.51804804867356836E+19   3.54704067078233549E-04   1.00000000000000000E+09   6.65036430487217639E-02   2.79029922851817837E-12   7.00848589332166316E+00   2.77924511635435547E-04   8.19448964107647360E-05   7.77600035124646188E-07   8.07095352842569258E+06   5.76519602125173360E+07   1.03567217632176671E-07   3.53644878426952755E-16   8.48721650203523065E-21   3.70162893019511147E-05   1.09139278083921219E-05   5.52464934910170341E-14   8.44024344426865363E-11   3.14501229521786672E-27   1.36060870287974580E-13
  1.12112279351317690E+00   1.57655756321574164E-01   1.85373260303876521E+02   4.38049119110543196E+19   2.81581100341078965E-04   1.00000000000000000E+09   6.65036430530884098E-02   3.79626586431512100E-12   7.00848589321464654E+00   2.77924511613445975E-04   8.19448964039936494E-05   7.77600035057780349E-07   8.07095352842569258E+06   5.76519602125173360E+07   1.03567215932987246E-07   4.17033868719478466E-16   9.97167981588769219E-21   3.70162885555216529E-05   1.09139248221597075E-05   6.53183723719224800E-14   8.54428995368606297E-11   4.55566498296084584E-27   1.61696351394329569E-13
  8.90191648809204317E-01   1.57728890939697663E-01   1.85373260303876521E+02   3.47818873950894080E+19   2.23580454732899960E-04   1.00000000000000000E+09   6.65036430585165539E-02   5.20872062816081424E-12   7.00848589307996050E+00   2.77924511585750844E-04   8.19448963954655998E-05   7.77600034973562615E-07   8.07095352842569258E+06   5.76519602125173360E+07   1.03567213790355493E-07   4.96825032887572526E-16   1.18435495566183723E-20   3.70162876103531286E-05   1.09139210560922783E-05   7.80187500892740155E-14   8.67527484162821918E-11   6.71907378815359567E-27   1.94081934483064829E-13
  7.06979335171179057E-01   1.57802025542831847E-01   1.85373260303876521E+02   2.76233501622632489E+19   1.77564866458743142E-04   1.00000000000000000E+09   6.65036430652601596E-02   7.17364029589511690E-12   7.00848589291049962E+00   2.77924511550877535E-04   8.19448963847271193E-05   7.77600034867515149E-07   8.07095352842569258E+06   5.76519602125173360E+07   1.03567211089141074E-07   5.97236734788611915E-16   1.42034166078241986E-20   3.70162864134676559E-05   1.09139163073906717E-05   9.40301217625191875E-14   8.84012668022145248E-11   1.01745294109548351E-26   2.34983253244290142E-13
  5.61594266227209427E-01   1.57875160129387876E-01   1.85373260303876521E+02   2.19428126019515802E+19   1.41049965571915227E-04   1.00000000000000000E+09   6.65036430736330730E-02   9.88541234721827452E-12   7.00848589269732791E+00   2.77924511506975316E-04   8.19448963712081618E-05   7.77600034734007934E-07   8.07095352842569258E+06   5.76519602125173360E+07   1.03567207684459492E-07   7.23562412762980023E-16   1.71778574848507061E-20   3.70162848976163754E-05   1.09139103210381668E-05   1.14211291367663053E-13   9.04753713975687781E-11   1.58407156414214297E-26   2.86626403483260895E-13
  4.46201702574392955E-01   1.57948294699819441E-01   1.85373260303876521E+02   1.74341529660497551E+19   1.12067979626122595E-04   1.00000000000000000E+09   6.65036430840237752E-02   1.36005693713408407E-11   7.00848589242922770E+00   2.77924511451717923E-04   8.19448963541924625E-05   7.77600034565966444E-07   8.07095352842569258E+06   5.76519602125173360E+07   1.03567203394037952E-07   8.82441817798046111E-16   2.09261128363245659E-20   3.70162829773892146E-05   1.09139027764758730E-05   1.39642684427899860E-13   9.30840385219973094E-11   2.52113675693143933E-26   3.51817799602476356E-13
  3.54594720423459520E-01   1.58021429254407014E-01   1.85373260303876521E+02   1.38548521019718369E+19   8.90599781987089125E-05   1.00000000000000000E+09   6.65036430969136172E-02   1.86551458924221073E-11   7.00848589209211159E+00   2.77924511382183429E-04   8.19448963327799981E-05   7.77600034354502551E-07   8.07095352842569258E+06   5.76519602125173360E+07   1.03567197988615871E-07   1.08219998875370875E-15   2.56484735370214874E-20   3.70162805442385284E-05   1.09138932707455535E-05   1.71683246462161308E-13   9.63638249974292472E-11   4.06752504142469531E-26   4.34095185493697948E-13
  2.81854947583156268E-01   1.58094563793257370E-01   1.85373260303876521E+02   1.10127376073456660E+19   7.07906633708977419E-05   1.00000000000000000E+09   6.65036431129003153E-02   2.54865248030508468E-11   7.00848589166831992E+00   2.77924511294702083E-04   8.19448963058406641E-05   7.77600034088454478E-07   8.07095352842569258E+06   5.76519602125173360E+07   1.03567191179895129E-07   1.33327077128099250E-15   3.15968087181513773E-20   3.70162774601127663E-05   1.09138812972601078E-05   2.12041874169645612E-13   1.00485744525729003E-10   6.60517948820411301E-26   5.37917829481839295E-13
  2.24084226766576189E-01   1.58167698316303312E-01   1.85373260303876521E+02   8.75549928247107584E+18   5.62809743078576899E-05   1.00000000000000000E+09   6.65036431327268723E-02   3.46608656113556213E-11   7.00848589113566423E+00   2.77924511184665104E-04   8.19448962719550636E-05   7.77600033753802984E-07   8.07095352842569258E+06   5.76519602125173360E+07   1.03567182605414326E-07   1.64872581962667457E-15   3.90877799874523927E-20   3.70162735493056498E-05   1.09138662192047772E-05   2.62867072024013725E-13   1.05663823914869503E-10   1.07440726698907347E-25   6.68905993263304814E-13
  1.78192332353747873E-01   1.58240832823302952E-01   1.85373260303876521E+02   6.96239472352632832E+18   4.47547702198192851E-05   1.00000000000000000E+09   6.65036431573182707E-02   4.69076250506247606E-11   7.00848589046633741E+00   2.77924511046287134E-04   8.19448962293414324E-05   7.77600033332949370E-07   8.07095352842569258E+06   5.76519602125173360E+07   1.03567171809569026E-07   2.04493516713297392E-15   4.85194236628540871E-20   3.70162685880145401E-05   1.09138472362431445E-05   3.26859460351546362E-13   1.12165737977985836E-10   1.74515125666407298E-25   8.34142343217549492E-13
  1.41728995417565479E-01   1.58313967313840093E-01   1.85373260303876521E+02   5.53768614413217485E+18   3.55966417826410786E-05   1.00000000000000000E+09   6.65036431878271855E-02   6.31632595811026964E-11   7.00848588962545715E+00   2.77924510872305753E-04   8.19448961757630613E-05   7.77600032803802912E-07   8.07095352842569258E+06   5.76519602125173360E+07   1.03567158219798996E-07   2.54239185119898924E-15   6.03919550069711343E-20   3.70162622909555084E-05   1.09138233427412315E-05   4.07412929071084495E-13   1.20326012230937852E-10   2.82498659092628229E-25   1.04255119570752647E-12
  1.12750960386424556E-01   1.58387101789756124E-01   1.85373260303876521E+02   4.40544596559043379E+18   2.83185211011114249E-05   1.00000000000000000E+09   6.65036432256909532E-02   8.46268959057735438E-11   7.00848588856927091E+00   2.77924510653607105E-04   8.19448961084130322E-05   7.77600032138639479E-07   8.07095352842569258E+06   5.76519602125173360E+07   1.03567141116719273E-07   3.16674103102954717E-15   7.53338638576997037E-20   3.70162542941977047E-05   1.09137932751840652E-05   5.08791692784717852E-13   1.30562391389866175E-10   4.55272957323943150E-25   1.30537551379210829E-12
  8.97167448705327997E-02   1.58460236249607506E-01   1.85373260303876521E+02   3.50544483507018496E+18   2.25332495963561863E-05   1.00000000000000000E+09   6.65036432727027366E-02   1.12831623000500431E-10   7.00848588724293808E+00   2.77924510378757517E-04   8.19448960237696532E-05   7.77600031302675770E-07   8.07095352842569258E+06   5.76519602125173360E+07   1.03567119596662116E-07   3.95006391285665094E-15   9.41346405078043293E-20   3.70162441331430694E-05   1.09137554457954991E-05   6.36352331137583148E-13   1.43396102070596533E-10   7.30394658303138817E-25   1.63677659609631848E-12
  7.14033119624326446E-02   1.58533370692663683E-01   1.85373260303876521E+02   2.78989581584591206E+18   1.79336494283055992E-05   1.00000000000000000E+09   6.65036433310999264E-02   1.49736159711036057E-10   7.00848588557771457E+00   2.77924510033412725E-04   8.19448959174150714E-05   7.77600030252276671E-07   8.07095352842569258E+06   5.76519602125173360E+07   1.03567092524712089E-07   4.93247905637969189E-15   1.17785807684176692E-19   3.70162312142777172E-05   1.09137078585289303E-05   7.96822184843908798E-13   1.59476893009251354E-10   1.16746988664472813E-24   2.05458765938812502E-12
  5.68400784397994560E-02   1.58606505121190899E-01   1.85373260303876521E+02   2.22087593212738330E+18   1.42759490018232374E-05   1.00000000000000000E+09   6.65036434036737761E-02   1.97842777368894538E-10   7.00848588348748347E+00   2.77924509599585976E-04   8.19448957838092308E-05   7.77600028932721312E-07   8.07095352842569258E+06   5.76519602125173360E+07   1.03567058475833360E-07   6.16413884434036578E-15   1.47532355855338163E-19   3.70162147789451844E-05   1.09136480027896095E-05   9.98648336760397579E-13   1.79613918297131872E-10   1.86262464583274334E-24   2.58126030987038357E-12
  4.52566410799794330E-02   1.58679639533147732E-01   1.85373260303876521E+02   1.76828371287181440E+18   1.13666539125499993E-05   1.00000000000000000E+09   6.65036434939056120E-02   2.60348017746109491E-10   7.00848588086430890E+00   2.77924509054721530E-04   8.19448956160047262E-05   7.77600027275391236E-07   8.07095352842569258E+06   5.76519602125173360E+07   1.03567015661086125E-07   7.70771775849055898E-15   1.84937205870149850E-19   3.70161938569223218E-05   1.09135727199723759E-05   1.25243498146902474E-12   2.04813740705461479E-10   2.97331775690710583E-24   3.24505258646929991E-12
  3.60413606022702837E-02   1.58752773928324681E-01   1.85373260303876521E+02   1.40822096872160077E+18   9.05214489355899624E-06   1.00000000000000000E+09   6.65036436061354763E-02   3.41333169320592884E-10   7.00848587757302610E+00   2.77924508370545832E-04   8.19448954052928393E-05   7.77600025194268343E-07   8.07095352842569258E+06   5.76519602125173360E+07   1.03566961835175261E-07   9.64151250506933643E-15   2.31961981324725054E-19   3.70161672070034575E-05   1.09134780379209226E-05   1.57149145392740834E-12   2.36326974400986165E-10   4.75831047444878502E-24   4.08151928651069578E-12
  2.87085410510732261E-02   1.58825908309569525E-01   1.85373260303876521E+02   1.12171041309077491E+18   7.21043459216946138E-06   1.00000000000000000E+09   6.65036437457714319E-02   4.46003330273983216E-10   7.00848587344434559E+00   2.77924507511621410E-04   8.19448951407580260E-05   7.77600022581539736E-07   8.07095352842569258E+06   5.76519602125173360E+07   1.03566894180633021E-07   1.20633030784238950E-14   2.91068195781152395E-19   3.70161332411024496E-05   1.09133589670476646E-05   1.97251876980591348E-12   2.75705358641492568E-10   7.63778181122030271E-24   5.13538020303717455E-12
  2.28724152086974310E-02   1.58899042674375268E-01   1.85373260303876521E+02   8.93679210883222528E+17   5.74463374855806686E-06   1.00000000000000000E+09   6.65036439195478418E-02   5.80988579631752073E-10   7.00848586826632758E+00   2.77924506433544383E-04   8.19448948087223575E-05   7.77600019302107791E-07   8.07095352842569258E+06   5.76519602125173360E+07   1.03566809162759537E-07   1.50951598921042160E-14   3.65343987820981631E-19   3.70160899275548836E-05   1.09132092477114333E-05   2.47646950397585044E-12   3.24871351611786965E-10   1.22818489650352360E-23   6.46286042303417098E-12
  1.82265202947952260E-02   1.58972177023094297E-01   1.85373260303876521E+02   7.12153138423516160E+17   4.57777119827747058E-06   1.00000000000000000E+09   6.65036441358455577E-02   7.54727326487763445E-10   7.00848586177364030E+00   2.77924505080684176E-04   8.19448943920493951E-05   7.77600015186716478E-07   8.07095352842569258E+06   5.76519602125173360E+07   1.03566702347978732E-07   1.88894267642308957E-14   4.58662820784358349E-19   3.70160346683365873E-05   1.09130210325031389E-05   3.10962454441874345E-12   3.86202643618380402E-10   1.97493855269604927E-23   8.13461988343872602E-12
  1.45273436089991496E-02   1.59045311355909297E-01   1.85373260303876521E+02   5.67617580140070720E+17   3.64868631332661221E-06   1.00000000000000000E+09   6.65036444050849662E-02   9.77958091335595154E-10   7.00848585363425070E+00   2.77924503383362802E-04   8.19448938692746734E-05   7.77600010023366897E-07   8.07095352842569258E+06   5.76519602125173360E+07   1.03566568176425976E-07   2.36361647953304674E-14   5.75882167348194271E-19   3.70159641437914941E-05   1.09127844815343133E-05   3.90494113690781660E-12   4.62634286114827392E-10   3.25896499577129714E-23   1.02394181609161751E-11
  1.15813513482681211E-02   1.59118445672831621E-01   1.85373260303876521E+02   4.52510713864004992E+17   2.90877116107783714E-06   1.00000000000000000E+09   6.65036447402105602E-02   1.26435071223515900E-09   7.00848584343268222E+00   2.77924501254324537E-04   8.19448932135177169E-05   7.77600003546568747E-07   8.07095352842569258E+06   5.76519602125173360E+07   1.03566399677298643E-07   2.95724104846352413E-14   7.23092200887821390E-19   3.70158741171662607E-05   1.09124872447137752E-05   4.90374021750052732E-12   5.57781374297197920E-10   1.30277244831549697E-22   1.28886965248079437E-11
  9.23469855943927741E-03   1.59191579973701952E-01   1.85373260303876521E+02   3.60821454404426240E+17   2.31938605688196501E-06   1.00000000000000000E+09   6.65036451572849352E-02   1.63131120801427357E-09   7.00848583064917108E+00   2.77924498584323381E-04   8.19448923911221392E-05   7.77599995423920995E-07   8.07095352842569258E+06   5.76519602125173360E+07   1.03566188112633302E-07   3.69936858823253862E-14   9.07927014302805402E-19   3.70157591897220107E-05   1.09121138023930326E-05   6.15781798346766956E-12   6.76085337630893320E-10   3.26328908653940936E-21   1.62223045589959097E-11
  7.36506431641228022E-03   1.59264714258189111E-01   1.85373260303876521E+02   2.87770434662826656E+17   1.84980888790166446E-06   1.00000000000000000E+09   6.65036456762171657E-02   2.10099552903003005E-09   7.00848581463365505E+00   2.77924495236611842E-04   8.19448913599565349E-05   7.77599985239333209E-07   8.07095352842569258E+06   5.76519602125173360E+07   1.03565922531562591E-07   4.62683030342785535E-14   1.13995400346439015E-18   3.70156124953417416E-05   1.09116446355059413E-05   7.73208781123489831E-12   8.22986780401957764E-10   6.69820037438985251E-20   2.04156555678947505E-11
  5.87517183048920973E-03   1.59337848528317200E-01   1.85373260303876521E+02   2.29556821060085536E+17   1.47560762460515488E-06   1.00000000000000000E+09   6.65036463216522600E-02   2.70156620780220146E-09   7.00848579457323595E+00   2.77924491040052238E-04   8.19448900672901487E-05   7.77599972472063405E-07   8.07095352842569258E+06   5.76519602125173360E+07   1.03565589212271294E-07   5.78551342618210139E-14   1.43116090677270837E-18   3.70154253211964587E-05   1.09110551985963645E-05   9.70788502872404558E-12   1.00512732220176896E-09   8.28793188859271498E-19   2.56886663110546708E-11
  4.68764470111336044E-03   1.59410982782187294E-01   1.85373260303876521E+02   1.83157335120381568E+17   1.17734841716283141E-06   1.00000000000000000E+09   6.65036471240554039E-02   3.46872272560908827E-09   7.00848576945164936E+00   2.77924485780512256E-04   8.19448884471396830E-05   7.77599956470535511E-07   8.07095352842569258E+06   5.76519602125173360E+07   1.03565170961615974E-07   7.23256796825838929E-14   1.79656448850264672E-18   3.70151866379211795E-05   1.09103146738029387E-05   1.21870999785767153E-11   1.23058180684608968E-09   6.66158681865989168E-18   3.23169243641710334E-11
  3.74092293990486210E-03   1.59484117018801969E-01   1.85373260303876521E+02   1.46166682897477632E+17   9.39569864410127766E-07   1.00000000000000000E+09   6.65036481210277558E-02   4.44751833042210134E-09   7.00848573799863317E+00   2.77924479190119853E-04   8.19448864169541880E-05   7.77599936419632147E-07   8.07095352842569258E+06   5.76519602125173360E+07   1.03564646231628122E-07   9.03914595610201828E-14   2.25496889328907094E-18   3.70148825185477235E-05   1.09093845035353277E-05   1.52973458693921824E-11   1.50912030285704725E-09   3.76058870495059273E-17   4.06456265278037848E-11
  2.98601974141676904E-03   1.59557251241790293E-01   1.85373260303876521E+02   1.16670834358425152E+17   7.49968444681392483E-07   1.00000000000000000E+09   6.65036493588984645E-02   5.69442575229711493E-09   7.00848569862676030E+00   2.77924470933843656E-04   8.19448838734736251E-05   7.77599911299863292E-07   8.07095352842569258E+06   5.76519602125173360E+07   1.03563988000912145E-07   1.12937995821849905E-13   2.82990233465769958E-18   3.70144954197942542E-05   1.09082167514018184E-05   1.91984190889073860E-11   1.85249619324042333E-09   1.59431355276944917E-16   5.11069246768749353E-11
  2.38394538101548061E-03   1.59630385447033452E-01   1.85373260303876521E+02   9.31463689975549120E+16   5.98751502232533130E-07   1.00000000000000000E+09   6.65036508946408034E-02   7.27957250887219769E-09   7.00848564935270613E+00   2.77924460592743176E-04   8.19448806875579689E-05   7.77599879836384538E-07   8.07095352842569258E+06   5.76519602125173360E+07   1.03563162363729968E-07   1.41066929853592650E-13   3.55075507863547467E-18   3.70140032918794254E-05   1.09067523866946172E-05   2.40903734068247635E-11   2.27475206721037034E-09   5.36927764112239345E-16   6.42413705128162351E-11
  1.90366058488249178E-03   1.59703519637511226E-01   1.85373260303876521E+02   7.43805091751027520E+16   4.78123215834146147E-07   1.00000000000000000E+09   6.65036527981519021E-02   9.28912800224597811E-09   7.00848558769902041E+00   2.77924447643059533E-04   8.19448766977285602E-05   7.77599840435369777E-07   8.07095352842569258E+06   5.76519602125173360E+07   1.03562126768956592E-07   1.76148169046358194E-13   4.45413153451680466E-18   3.70133784734139379E-05   1.09049195380074148E-05   3.02236088867319964E-11   2.79252889843134640E-09   1.50422650276579330E-15   8.07241612227849791E-11
  1.52045020888534328E-03   1.59776653812172764E-01   1.85373260303876521E+02   5.94075759147285440E+16   3.81876132102433044E-07   1.00000000000000000E+09   6.65036551549152422E-02   1.18279904880385154E-08   7.00848551057162439E+00   2.77924431430120718E-04   8.19448717021036205E-05   7.77599791104600586E-07   8.07095352842569258E+06   5.76519602125173360E+07   1.03560827841919123E-07   2.19884393975660571E-13   5.58542195821825371E-18   3.70125863154254680E-05   1.09026316182823006E-05   3.79114751631959170E-11   3.42535597534708024E-09   3.63900481641964916E-15   1.01396902816610965E-10
  1.21463063945334180E-03   1.59849787970339940E-01   1.85373260303876521E+02   4.74584840069045040E+16   3.05066516418804568E-07   1.00000000000000000E+09   6.65036580690389761E-02   1.50230354372519230E-08   7.00848541410720038E+00   2.77924411135784736E-04   8.19448654483306220E-05   7.77599729354396836E-07   8.07095352842569258E+06   5.76519602125173360E+07   1.03559198693705529E-07   2.74390824774354607E-13   7.00060035063839517E-18   3.70115834618863987E-05   1.08997851420779498E-05   4.75460117181777930E-11   4.19588904714311936E-09   7.83403777971619802E-15   1.27305708106529284E-10
  9.70522222503599884E-04   1.59922922112472610E-01   1.85373260303876521E+02   3.79205923833455360E+16   2.43756268270841506E-07   1.00000000000000000E+09   6.65036616666407343E-02   1.90270773459267571E-08   7.00848529348294758E+00   2.77924385737825610E-04   8.19448576210162231E-05   7.77599652074027486E-07   8.07095352842569258E+06   5.76519602125173360E+07   1.03557155579515933E-07   3.42293855180009822E-13   8.76826157233417016E-18   3.70103156915449672E-05   1.08962572046613120E-05   5.96176006083688846E-11   5.13005211621614998E-09   1.53748724384665822E-14   1.59746686681476603E-10
  7.75632210458333977E-04   1.59996056238861623E-01   1.85373260303876521E+02   3.03057799298095560E+16   1.94807710298290130E-07   1.00000000000000000E+09   6.65036660995223794E-02   2.40233478479403851E-08   7.00848514267949163E+00   2.77924353959270345E-04   8.19448478260352483E-05   7.77599555377570073E-07   8.07095352842569258E+06   5.76519602125173360E+07   1.03554593727726036E-07   4.26853018831741004E-13   1.09719128412587950E-17   3.70087151964071110E-05   1.08919029890370336E-05   7.47394964552249157E-11   6.25702499094808636E-09   2.80394386259223415E-14   2.00320253064876832E-10
  6.20004963629165675E-04   1.60069190349629659E-01   1.85373260303876521E+02   2.42250563215159760E+16   1.55720384931026624E-07   1.00000000000000000E+09   6.65036715490319869E-02   3.02298952536529393E-08   7.00848495418563200E+00   2.77924314205223448E-04   8.19448355709452119E-05   7.77599434411702945E-07   8.07095352842569258E+06   5.76519602125173360E+07   1.03551382136377805E-07   5.32111780031979032E-13   1.37125269769118847E-17   3.70066971356100810E-05   1.08865541258019848E-05   9.36784318457169147E-11   7.60900665401024454E-09   4.82228252085592714E-14   2.50996113032710842E-10
  4.95705061046645317E-04   1.60142324444729173E-01   1.85373260303876521E+02   1.93683659440796880E+16   1.24501232551459138E-07   1.00000000000000000E+09   6.65036782299405632E-02   3.79030715614318387E-08   7.00848471863052591E+00   2.77924264484087061E-04   8.19448202405403248E-05   7.77599283116064817E-07   8.07095352842569258E+06   5.76519602125173360E+07   1.03547357112621374E-07   6.63083923131284675E-13   1.71113537420764518E-17   3.70041552596563414E-05   1.08800190550026836E-05   1.17392780859472215E-10   9.22067889842025761E-09   7.90695831627354575E-14   3.14191234411033702E-10
  3.96406050327868797E-04   1.60215458523943338E-01   1.85373260303876521E+02   1.54885193808319140E+16   9.95613019482724234E-08   1.00000000000000000E+09   6.65036863940960815E-02   4.73391182942968023E-08   7.00848442432570984E+00   2.77924202309343354E-04   8.19448010663438332E-05   7.77599093924529017E-07   8.07095352842569258E+06   5.76519602125173360E+07   1.03542314292893977E-07   8.25983969070731254E-13   2.13129847449068504E-17   3.70009563543174122E-05   1.08720867995833428E-05   1.47080104251866215E-10   1.11283038148595599E-08   1.24588928496353345E-13   3.92863572113072173E-10
  3.17063178946253672E-04   1.60288592586884771E-01   1.85373260303876521E+02   1.23884062516085600E+16   7.96335535315397005E-08   1.00000000000000000E+09   6.65036963336292364E-02   5.88727805240129258E-08   7.00848405669491470E+00   2.77924124577112112E-04   8.19447770885404478E-05   7.77598857392886873E-07   8.07095352842569258E+06   5.76519602125173360E+07   1.03535998825668488E-07   1.02851216981340941E-12   2.64886826517557731E-17   3.69969332174431578E-05   1.08625357380635635E-05   1.84236297588454947E-10   1.33684244738036059E-08   1.89741730662098896E-13   4.90624838032685392E-10
  2.53652903249868662E-04   1.60361726632995916E-01   1.85373260303876521E+02   9.91081721568181200E+15   6.37074344410106838E-08   1.00000000000000000E+09   6.65037083836657467E-02   7.28726286143544068E-08   7.00848359756435979E+00   2.77924027413524065E-04   8.19447471084837483E-05   7.77598561734869846E-07   8.07095352842569258E+06   5.76519602125173360E+07   1.03528093342552504E-07   1.28020728220992523E-12   3.28400103219455545E-17   3.69918758533893321E-05   1.08511482662152757E-05   2.30729020719470753E-10   1.59762151674224902E-08   2.80509711182594381E-13   6.11876215482066854E-10
  2.02965506742060225E-04   1.60434860664639273E-01   1.85373260303876521E+02   7.93034107883736600E+15   5.09767925716908260E-08   1.00000000000000000E+09   6.65037229250268619E-02   8.97351542001036378E-08   7.00848302427955083E+00   2.77923905984480215E-04   8.19447096294605946E-05   7.77598192244028161E-07   8.07095352842569258E+06   5.76519602125173360E+07   1.03518203304369943E-07   1.59288356635200746E-12   4.06028171726614533E-17   3.69855205215507743E-05   1.08377298230748310E-05   2.88888635000692910E-10   1.89836525408277357E-08   4.03971149165210681E-13   7.61971628193598769E-10
  1.62439965616279706E-04   1.60507994679568666E-01   1.85373260303876521E+02   6.34691260032096600E+15   4.07984014157302006E-08   1.00000000000000000E+09   6.65037403883820682E-02   1.09882786848542542E-07   7.00848230860637678E+00   2.77923754258527830E-04   8.19446627828280372E-05   7.77597730573457610E-07   8.07095352842569258E+06   5.76519602125173360E+07   1.03505839293331916E-07   1.98117237751607409E-12   5.00516491583990900E-17   3.69775361814710980E-05   1.08221275346071924E-05   3.61620607005589501E-10   2.24178223292274481E-08   5.68403360943537603E-13   9.47413991773040063E-10
  1.30032427989745374E-04   1.60581128678481039E-01   1.85373260303876521E+02   5.08067366628235600E+15   3.26589273178246567E-08   1.00000000000000000E+09   6.65037612623721880E-02   1.33772273318548100E-07   7.00848141536417035E+00   2.77923564711300144E-04   8.19446042359362018E-05   7.77597153838513937E-07   8.07095352842569258E+06   5.76519602125173360E+07   1.03490395835527341E-07   2.46319343482742841E-12   6.15046459805974953E-17   3.69675077386883604E-05   1.08042422564099587E-05   4.52544359175147906E-10   2.62997523410073657E-08   7.83406720146982963E-13   1.17609079056802909E-09
  1.04111443125309646E-04   1.60654262661086900E-01   1.85373260303876521E+02   4.06787964835301350E+15   2.61486152554772579E-08   1.00000000000000000E+09   6.65037861084847443E-02   1.61917955479733921E-07   7.00848030072565287E+00   2.77923327957087880E-04   8.19445310773708551E-05   7.77596433499069966E-07   8.07095352842569258E+06   5.76519602125173360E+07   1.03471126378764290E-07   3.06138647982986411E-12   7.53289888720700305E-17   3.69549153480261278E-05   1.07840296824371879E-05   5.66164811047861812E-10   3.06440787679918607E-08   1.06001851741488961E-12   1.45755628854615697E-09
  8.33744828385699668E-05   1.60727396628545044E-01   1.85373260303876521E+02   3.25763769812279800E+15   2.09403223630340374E-08   1.00000000000000000E+09   6.65038155846545964E-02   1.94930531501526017E-07   7.00847891010299318E+00   2.77923032289525724E-04   8.19444396739494566E-05   7.77595533967217999E-07   8.07095352842569258E+06   5.76519602125173360E+07   1.03447114061371577E-07   3.80354053028852115E-12   9.19469804101117715E-17   3.69391090452564670E-05   1.07614902065136794E-05   7.08084079537639825E-10   3.54596119092603679E-08   1.41086606421404866E-12   1.80336856588167658E-09
  6.67814143259175112E-05   1.60800530578878026E-01   1.85373260303876521E+02   2.60930737361558650E+15   1.67728089735411187E-08   1.00000000000000000E+09   6.65038504781480799E-02   2.33567639794943205E-07   7.00847717551988225E+00   2.77922663108878896E-04   8.19443254925274352E-05   7.77594410872975687E-07   8.07095352842569258E+06   5.76519602125173360E+07   1.03417237782171206E-07   4.72406382766320507E-12   1.11842822589821397E-16   3.69192789557719849E-05   1.07366507503446733E-05   8.85261526863844272E-10   4.07505728870170660E-08   1.85083872120677659E-12   2.22748977196927109E-09
  5.35014713553018441E-05   1.60873664512660219E-01   1.85373260303876521E+02   2.09042867863452075E+15   1.34374199085167886E-08   1.00000000000000000E+09   6.65038917465123336E-02   2.78787281201411419E-07   7.00847501234516823E+00   2.77922202207770005E-04   8.19441828779475268E-05   7.77593008903896621E-07   8.07095352842569258E+06   5.76519602125173360E+07   1.03380133161463203E-07   5.86553600004479435E-12   1.35569835925964543E-16   3.68944252383099876E-05   1.07095435457200013E-05   1.10632963347183052E-09   4.65180331939452074E-08   2.39952645202684367E-12   2.74675513562336835E-09
  4.28709763632326350E-05   1.60946798431230748E-01   1.85373260303876521E+02   1.67507016537187625E+15   1.07674659645480839E-08   1.00000000000000000E+09   6.65039405632332908E-02   3.31787315045421489E-07   7.00847231523389791E+00   2.77921626880183598E-04   8.19440047763199782E-05   7.77591259113730509E-07   8.07095352842569258E+06   5.76519602125173360E+07   1.03334149745065813E-07   7.28055616553089683E-12   1.63756724387710616E-16   3.68633395785493916E-05   1.06801873309984928E-05   1.38196902727251540E-09   5.27609750183120719E-08   3.08673743139241094E-12   3.38140524954217326E-09
  3.43596269713022554E-05   1.61019932333527904E-01   1.85373260303876521E+02   1.34251166909032350E+15   8.62975643869115837E-09   1.00000000000000000E+09   6.65039983636737664E-02   3.94009200380811483E-07   7.00846895308435602E+00   2.77920908809853133E-04   8.19437823901549397E-05   7.77589075569241659E-07   8.07095352842569258E+06   5.76519602125173360E+07   1.03277310737157810E-07   9.03381586439837507E-12   1.97109404194711900E-16   3.68246158795614120E-05   1.06485758064921292E-05   1.72533534151912038E-09   5.94764695979148499E-08   3.96037783502135703E-12   4.15565292141948163E-09
  2.75436065111478509E-05   1.61093066219172021E-01   1.85373260303876521E+02   1.07619367290956138E+15   6.91784557093093343E-09   1.00000000000000000E+09   6.65040668891933168E-02   4.67091639631372799E-07   7.00846476277388053E+00   2.77920012683441559E-04   8.19435047485783945E-05   7.77586351171913292E-07   8.07095352842569258E+06   5.76519602125173360E+07   1.03207288457288436E-07   1.12041613648273665E-11   2.36402958550685137E-16   3.67767024568135847E-05   1.06146758905154430E-05   2.15251086681968327E-09   6.66587686542594654E-08   5.09261523872846241E-12   5.09822538198881824E-09
  2.20841329328332361E-05   1.61166200088032313E-01   1.85373260303876521E+02   8.62879163060565625E+14   5.54664489006910707E-09   1.00000000000000000E+09   6.65041482330120115E-02   5.52779713699975450E-07   7.00845954137930160E+00   2.77918894460808688E-04   8.19431581718007012E-05   7.77582952450782113E-07   8.07095352842569258E+06   5.76519602125173360E+07   1.03121413471117968E-07   1.38861923644737745E-11   2.82458434225898233E-16   3.67179913157113905E-05   1.05784347310824054E-05   2.68292627338882009E-09   7.42975102742753074E-08   6.57882924536668848E-12   6.24279883426411435E-09
  1.77103427082784172E-05   1.61239333941140706E-01   1.85373260303876521E+02   6.91984862621206625E+14   4.44812433614191841E-09   1.00000000000000000E+09   6.65042448968901495E-02   6.52813375128501298E-07   7.00845303651725615E+00   2.77917499218585824E-04   8.19427256039806232E-05   7.77578713072376261E-07   8.07095352842569258E+06   5.76519602125173360E+07   1.03016733686054917E-07   1.71907705380263035E-11   3.36102627097463162E-16   3.66469242584932818E-05   1.05397915756747082E-05   3.33966852171521063E-09   8.23755510793812759E-08   8.52673247854683109E-12   7.62823693203506726E-09
  1.42056309100042264E-05   1.61312467777853852E-01   1.85373260303876521E+02   5.55047506173436500E+14   3.56788143528509211E-09   1.00000000000000000E+09   6.65043598698121519E-02   7.68823026423083365E-07   7.00844493435277016E+00   2.77915758463551674E-04   8.19421857823929512E-05   7.77573425751390252E-07   8.07095352842569258E+06   5.76519602125173360E+07   1.02890130096463591E-07   2.12438033824919799E-11   3.98114713027405791E-16   3.65620919608495188E-05   1.04986900952280629E-05   4.14956988726936957E-09   9.08670182761359980E-08   1.10387353551438162E-11   9.29855801323269030E-09
  1.13967473657218087E-05   1.61385601597122286E-01   1.85373260303876521E+02   4.45297800844432188E+14   2.86240269036227466E-09   1.00000000000000000E+09   6.65044967385992891E-02   9.02250190063588640E-07   7.00843484471602096E+00   2.77913586787911792E-04   8.19415122030455958E-05   7.77566832168562458E-07   8.07095352842569258E+06   5.76519602125173360E+07   1.02738481006685976E-07   2.61828843297634234E-11   4.69168880064424489E-16   3.64623103195049398E-05   1.04550882674250098E-05   5.14296748506826302E-09   9.97360508789882941E-08   1.41950114282453738E-11   1.13025790794507642E-08
  9.14509105080716252E-06   1.61458735398333608E-01   1.85373260303876521E+02   3.57320277686844188E+14   2.29687708097597909E-09   1.00000000000000000E+09   6.65046598381427434E-02   1.05429787988634845E-06   7.00842228263407829E+00   2.77910877708523456E-04   8.19406718332708238E-05   7.77558610406960549E-07   8.07095352842569258E+06   5.76519602125173360E+07   1.02558852575942188E-07   3.21517651944814497E-11   5.49784424581140422E-16   3.63466698664519406E-05   1.04089649381306085E-05   6.35303740704894720E-09   1.08936482449843996E-07   1.80447640734295631E-11   1.36932092987225977E-08
  7.33975814412889407E-06   1.61531869184885796E-01   1.85373260303876521E+02   2.86781662822584312E+14   1.84345001359908241E-09   1.00000000000000000E+09   6.65048544479235476E-02   1.22590647580320584E-06   7.00840664541881431E+00   2.77907498494889391E-04   8.19396235098861805E-05   7.77548359300098215E-07   8.07095352842569258E+06   5.76519602125173360E+07   1.02348686403782907E-07   3.92931005811897713E-11   6.40293114158968990E-16   3.62145617540682866E-05   1.03603235161636187E-05   7.81464573940325841E-09   1.18412510439884458E-07   2.26092280519922696E-11   1.65263904838171698E-08
  5.89198936725252821E-06   1.61605002951737631E-01   1.85373260303876521E+02   2.30213921888594750E+14   1.47982871574599512E-09   1.00000000000000000E+09   6.65050870423621321E-02   1.41774864771363496E-06   7.00838718424784268E+00   2.77903283744670364E-04   8.19383159467636116E-05   7.77535578939566174E-07   8.07095352842569258E+06   5.76519602125173360E+07   1.02105956802198594E-07   4.77403066910575579E-11   7.40828912790243077E-16   3.60656860254757942E-05   1.03091936551992415E-05   9.56272132236557724E-09   1.28100245368012447E-07   2.78948131846220175E-11   1.98597098165944878E-08
  4.73073406583755432E-06   1.61678136703589964E-01   1.85373260303876521E+02   1.84840938234124156E+14   1.18816811110282046E-09   1.00000000000000000E+09   6.65053656049054420E-02   1.63023878503392330E-06   7.00836296892265054E+00   2.77898027408218220E-04   8.19366852574070074E-05   7.77519646409506843E-07   8.07095352842569258E+06   5.76519602125173360E+07   1.01829279130679182E-07   5.76096042640194622E-11   8.51339466573774294E-16   3.59000466220612042E-05   1.02556315801289069E-05   1.16302365626183084E-08   1.37929937338696343E-07   3.39114379755523721E-11   2.37507430973034917E-08
  3.79910572230125106E-06   1.61751270436116534E-01   1.85373260303876521E+02   1.48440021440196250E+14   9.54180586490586627E-10   1.00000000000000000E+09   6.65057000189440833E-02   1.86355529748991494E-06   7.00833284417590718E+00   2.77891472892299375E-04   8.19346518755993631E-05   7.77499785591903058E-07   8.07095352842569258E+06   5.76519602125173360E+07   1.01517961683838829E-07   6.89932975847000177E-11   9.71614134579867148E-16   3.57179355257707126E-05   1.01997193631369855E-05   1.40459670158114862E-08   1.47828623486742747E-07   4.06907051584013104E-11   2.82552213599898081E-08
  3.05154919044659627E-06   1.61824404150730794E-01   1.85373260303876521E+02   1.19231224494938578E+14   7.66424514855382337E-10   1.00000000000000000E+09   6.65061025523058930E-02   2.11767611317689746E-06   7.00829537551392168E+00   2.77883300784226718E-04   8.19321167293411191E-05   7.77475029610330349E-07   8.07095352842569258E+06   5.76519602125173360E+07   1.01172003306830074E-07   8.19550839954023618E-11   1.10132103385447765E-15   3.55199071930121078E-05   1.01415632136952928E-05   1.68322639343259022E-08   1.57722918338147844E-07   4.83004477107905522E-11   3.34251410467261409E-08
  2.45157628592067252E-06   1.61897537848366663E-01   1.85373260303876521E+02   9.57888679717781250E+13   6.15735526444885910E-10   1.00000000000000000E+09   6.65065884562497517E-02   2.39242822701214959E-06   7.00824878210417168E+00   2.77873113626878727E-04   8.19289564889551567E-05   7.77444174138384966E-07   8.07095352842569258E+06   5.76519602125173360E+07   1.00792045342700926E-07   9.65277750836075292E-11   1.24004562282567087E-15   3.53067443480495843E-05   1.00812907851468741E-05   2.00030936589430183E-08   1.67541677993331709E-07   5.68547707892941864E-11   3.93069485489688418E-08
  1.96995533667880920E-06   1.61970671526905696E-01   1.85373260303876521E+02   7.69708014958063125E+13   4.94771796522762137E-10   1.00000000000000000E+09   6.65071767048970725E-02   2.68755165610352000E-06   7.00819085362984406E+00   2.77860417037782670E-04   8.19250176679012124E-05   7.77405719377686756E-07   8.07095352842569258E+06   5.76519602125173360E+07   1.00379289635978242E-07   1.12713368240714441E-10   1.38732500924975198E-15   3.50794168595412102E-05   1.00190475700280475E-05   2.35625627848886777E-08   1.77218307748449318E-07   6.65207628993555143E-11   4.59399183619260082E-08
  1.58326339546076097E-06   1.62043805186215167E-01   1.85373260303876521E+02   6.18618352703576797E+13   3.97650419227010240E-10   1.00000000000000000E+09   6.65078909073031077E-02   3.00277731623798169E-06   7.00811884730825074E+00   2.77844596296043540E-04   8.19201093027529262E-05   7.77357797991487928E-07   8.07095352842569258E+06   5.76519602125173360E+07   9.99353949550660186E-08   1.30485050244971172E-10   1.54267440407599684E-15   3.48390362374272194E-05   9.95499257542758926E-06   2.75040658990874333E-08   1.86692545517514691E-07   7.75240777234282422E-11   5.33548115253541262E-08
  1.27272823574577010E-06   1.62116938825894369E-01   1.85373260303876521E+02   4.97284941276147188E+13   3.19656563409405003E-10   1.00000000000000000E+09   6.65087604322723014E-02   3.33791770081474880E-06   7.00802936037599888E+00   2.77824887312985160E-04   8.19139938748228815E-05   7.77298085642206928E-07   8.07095352842569258E+06   5.76519602125173360E+07   9.94623633038087887E-08   1.49790505624612851E-10   1.70560412212399181E-15   3.45868088339654456E-05   9.88929357474870354E-06   3.18100867725426854E-08   1.95911628822033632E-07   9.01557693550647018E-11   6.15728544694691538E-08
  1.02330194428749661E-06   1.62190072445244110E-01   1.85373260303876521E+02   3.99828206038498906E+13   2.57010796241635736E-10   1.00000000000000000E+09   6.65098217959054078E-02   3.69296913606473905E-06   7.00791817224299507E+00   2.77800340648147416E-04   8.19063760575480961E-05   7.77223689999591531E-07   8.07095352842569258E+06   5.76519602125173360E+07   9.89624258850562855E-08   1.70555845239116023E-10   1.87562683300774031E-15   3.43239909330684330E-05   9.82212229025917738E-06   3.64525841604946137E-08   2.04830827957478418E-07   1.04782507687807871E-10   7.06050277991282392E-08
  9.99999999999999955E-07   1.62197802417746090E-01   1.85373260303876521E+02   3.90723586787368828E+13   2.51158292060000953E-10   1.00000000000000000E+09   6.65099590512041039E-02   3.73263240048411687E-06   7.00790357310324019E+00   2.77797110166300490E-04   8.19053732843738527E-05   7.77213894369915329E-07   8.07095352842569258E+06   5.76519602125173360E+07   9.89069891235487154E-08   1.72895300161415294E-10   1.89429586544869776E-15   3.42952264078568954E-05   9.81488498697963871E-06   3.69748565036806435E-08   2.05737975718614786E-07   1.06587750243858968E-10   7.16457780187312540E-08
  8.22919643951362513E-07   1.62263206043228775E-01   1.85373260303876521E+02   3.21534114922460820E+13   2.06682904122691952E-10   1.00000000000000000E+09   6.65111203741129420E-02   4.06822496447383171E-06   7.00778004916202768E+00   2.77769776922257136E-04   8.18968887779780567E-05   7.77131013131392591E-07   8.07095352842569258E+06   5.76519602125173360E+07   9.84379363310981949E-08   1.92689527570725646E-10   2.05225534144702846E-15   3.40518485389649462E-05   9.75364985670213833E-06   4.13938249702571267E-08   2.13413391434739153E-07   1.21861984144600439E-10   8.04516098074731957E-08
  6.61906232875704608E-07   1.62336339618430303E-01   1.85373260303876521E+02   2.58622377426110703E+13   1.66242889343899764E-10   1.00000000000000000E+09   6.65127125173854139E-02   4.46440031229902407E-06   7.00760850259533452E+00   2.77731731601467587E-04   8.18850759640710586E-05   7.77015581026983310E-07   8.07095352842569258E+06   5.76519602125173360E+07   9.78912763733541715E-08   2.16085765150581178E-10   2.23499118742345785E-15   3.37716238914479228E-05   9.68404284577884959E-06   4.65875026957330172E-08   2.21629995606370044E-07   1.41965160630405460E-10   9.11018880055859124E-08
  5.32501490004478993E-07   1.62409473171166940E-01   1.85373260303876521E+02   2.08060892144168242E+13   1.33741695632370244E-10   1.00000000000000000E+09   6.65146681635410825E-02   4.88277088374019288E-06   7.00739549041436138E+00   2.77684386668837296E-04   8.18703712079767382E-05   7.76871832599083238E-07   8.07095352842569258E+06   5.76519602125173360E+07   9.73247766062716416E-08   2.40627045235618618E-10   2.42330403144539495E-15   3.34845097643306143E-05   9.61346001788466457E-06   5.19799949479600573E-08   2.29457816619879658E-07   1.65806925759748173E-10   1.02533936097836874E-07
  4.28479855236593176E-07   1.62482606698617443E-01   1.85373260303876521E+02   1.67417185904174219E+13   1.07615712154723428E-10   1.00000000000000000E+09   6.65170740667616889E-02   5.32532990765700940E-06   7.00713104756267136E+00   2.77625486144095939E-04   8.18520714045583474E-05   7.76692858819855200E-07   8.07095352842569258E+06   5.76519602125173360E+07   9.67406528303723526E-08   2.66185515761986699E-10   2.61660137739817197E-15   3.31916318027198771E-05   9.54204986317288409E-06   5.75116570998524448E-08   2.36879351140007044E-07   1.94286202890994392E-10   1.14714350145641111E-07
  3.44845949549668522E-07   1.62555740196896781E-01   1.85373260303876521E+02   1.34739446297142520E+13   8.66103003598025418E-11   1.00000000000000000E+09   6.65200377890155514E-02   5.79496841240026603E-06   7.00680282974564506E+00   2.77552231744114541E-04   8.18293042191394686E-05   7.76470080634646202E-07   8.07095352842569258E+06   5.76519602125173360E+07   9.61409570039311229E-08   2.92623079890266518E-10   2.81418798358560282E-15   3.28940387384181609E-05   9.46994893623812237E-06   6.31181020910354575E-08   2.43881106495749934E-07   2.28534820869839792E-10   1.27597840233501259E-07
  2.77590699363864900E-07   1.62628873667318791E-01   1.85373260303876521E+02   1.08461233714263457E+13   6.97185421729712898E-11   1.00000000000000000E+09   6.65236926343610591E-02   6.29568430192795873E-06   7.00639554996890812E+00   2.77461154176571092E-04   8.18009879936995712E-05   7.76192851921625722E-07   8.07095352842569258E+06   5.76519602125173360E+07   9.55275411201498065E-08   3.19790105857819322E-10   3.01521466804306751E-15   3.25927001504458150E-05   9.39728096233600101E-06   6.87314634962262919E-08   2.50452265257018470E-07   2.69970718594425185E-10   1.41126579976620728E-07
  2.23495963726884371E-07   1.62702007101748536E-01   1.85373260303876521E+02   8.73251445798679395E+12   5.61321701530927104E-11   1.00000000000000000E+09   6.65282037497019751E-02   6.83282457766076166E-06   7.00589028319435503E+00   2.77347954611489411E-04   8.17657824115005250E-05   7.75847970996643844E-07   8.07095352842569258E+06   5.76519602125173360E+07   9.49020321040039416E-08   3.47522706543782076E-10   3.21861743900924464E-15   3.22885111936425037E-05   9.32415665480785186E-06   7.42816686041318796E-08   2.56583406932133453E-07   3.20344834117158955E-10   1.55229227163533444E-07
  1.79977986994229778E-07   1.62775140501217414E-01   1.85373260303876521E+02   7.03216446211558789E+12   4.52022490580012864E-11   1.00000000000000000E+09   6.65337756701293997E-02   7.41336058339207026E-06   7.00526360886358290E+00   2.77207309766454638E-04   8.17220279023217575E-05   7.75419080978583082E-07   8.07095352842569258E+06   5.76519602125173360E+07   9.42658158374838509E-08   3.75638596095655113E-10   3.42305012380945453E-15   3.19823033134452217E-05   9.25067412078491445E-06   7.96977550200557960E-08   2.62265342758775525E-07   3.81762606017756983E-10   1.69819545376386778E-07
  1.44961936654860260E-07   1.62848273856508297E-01   1.85373260303876521E+02   5.66400478374303516E+12   3.64076647545048300E-11   1.00000000000000000E+09   6.65406616544586826E-02   8.04618906329503763E-06   7.00448655437889744E+00   2.77032632765761852E-04   8.16676713821557106E-05   7.74885935725574455E-07   8.07095352842569258E+06   5.76519602125173360E+07   9.36200285745884488E-08   4.03931612631424800E-10   3.62681677909205090E-15   3.16748596411647388E-05   9.17691968214022059E-06   8.49092501289826863E-08   2.67488090678097601E-07   4.56651992943330039E-10   1.84794574055724337E-07
  1.16781334004520786E-07   1.62921407161985804E-01   1.85373260303876521E+02   4.56292216920600781E+12   2.93298652169056300E-11   1.00000000000000000E+09   6.65491752368189277E-02   8.74244637940590850E-06   7.00352329464478718E+00   2.76815780500338268E-04   8.16001754846133905E-05   7.74223504045318128E-07   8.07095352842569258E+06   5.76519602125173360E+07   9.29655542767008321E-08   4.32165125880176642E-10   3.82781357376331254E-15   3.13669337821791003E-05   9.10296894611353347E-06   8.98476062654426143E-08   2.72239988882835459E-07   5.47643616387331253E-10   2.00032306004430246E-07
  9.40974228344059303E-08   1.62994540411519589E-01   1.85373260303876521E+02   3.67660825573067480E+12   2.36326091592015464E-11   1.00000000000000000E+09   6.65597045180873481E-02   9.51581557886887452E-06   7.00232955326560358E+00   2.76546696657502321E-04   8.15164079660703872E-05   7.73400880534641472E-07   8.07095352842569258E+06   5.76519602125173360E+07   9.23030267388949420E-08   4.60064733522530327E-10   4.02349252360914175E-15   3.10592710618842101E-05   9.02888803192439031E-06   9.44476566806895029E-08   2.76506919767295409E-07   6.57329645792790593E-10   2.15388832453739718E-07
  7.58345106905400895E-08   1.63067673594611884E-01   1.85373260303876521E+02   2.96303320192728906E+12   1.90457263404148877E-11   1.00000000000000000E+09   6.65727298491326780E-02   1.03827792260803789E-05   7.00085063979067357E+00   2.76212977981366210E-04   8.14125074748237861E-05   7.72379966859867158E-07   8.07095352842569258E+06   5.76519602125173360E+07   9.16328357051033731E-08   4.87310877678162582E-10   4.21086012814270108E-15   3.07526317203363873E-05   8.95473495972280738E-06   9.86490368888341394E-08   2.80271593284274331E-07   7.87880554442361839E-10   2.30694907525021404E-07
  6.11281084584842415E-08   1.63140806698725993E-01   1.85373260303876521E+02   2.38841937904262598E+12   1.53520922999223226E-11   1.00000000000000000E+09   6.65888457319184085E-02   1.13627031166614145E-05   6.99901904436399391E+00   2.75799349802423050E-04   8.12837214083506331E-05   7.71113882864159504E-07   8.07095352842569258E+06   5.76519602125173360E+07   9.09551363937239027E-08   5.13532250900018495E-10   4.38652146989924182E-15   3.04478157744600159E-05   8.88056129680973421E-06   1.02397506540318091E-07   2.83512821395821717E-07   9.40524025083059703E-10   2.45751871316442348E-07
  4.92833268637696135E-08   1.63213939709142414E-01   1.85373260303876521E+02   1.92561582410263501E+12   1.23771792225137870E-11   1.00000000000000000E+09   6.66087880008330580E-02   1.24775044503350915E-05   6.99675149623592763E+00   2.75287035670234380E-04   8.11242112156611902E-05   7.69545063209187800E-07   8.07095352842569258E+06   5.76519602125173360E+07   9.02698619259597940E-08   5.38301057461581181E-10   4.54677424609711180E-15   3.01456892742411112E-05   8.80641423094374911E-06   1.05646108265738336E-07   2.86204706618381995E-07   1.11492378193295359E-09   2.60326862401165393E-07
  3.97414947483679128E-08   1.63287072607566197E-01   1.85373260303876521E+02   1.55279393723736914E+12   9.98067178723305769E-12   1.00000000000000000E+09   6.66334676437698448E-02   1.37504733006808900E-05   6.99394537597936861E+00   2.74653005409509566E-04   8.09268203554622218E-05   7.67602993495760889E-07   8.07095352842569258E+06   5.76519602125173360E+07   8.95767381554839333E-08   5.61131283313674594E-10   4.68774821925280833E-15   2.98472117154924486E-05   8.73233931857194367E-06   1.08356108350182322E-07   2.88315671856132566E-07   1.30852775915915434E-09   2.74147262813492107E-07
  3.20533690803391140E-08   1.63360205372301726E-01   1.85373260303876521E+02   1.25240073356894434E+12   8.04973859775796894E-12   1.00000000000000000E+09   6.66640129835117390E-02   1.52035804107818905E-05   6.99047435338493273E+00   2.73869086678452600E-04   8.06828003891141418E-05   7.65201541975583089E-07   8.07095352842569258E+06   5.76519602125173360E+07   8.88753007469328664E-08   5.81481026009411457E-10   4.80557561550751631E-15   2.95534648775763005E-05   8.65838423859922475E-06   1.10497670995747682E-07   2.89807274469934816E-07   1.51597139935265271E-09   2.86894378812569714E-07
  2.58576308583286182E-08   1.63433337976610610E-01   1.85373260303876521E+02   1.01031862747899084E+12   6.49363122067358526E-12   1.00000000000000000E+09   6.67018226353107285E-02   1.68518186683916483E-05   6.98618310475594662E+00   2.72900928015632730E-04   8.03814916677468414E-05   7.62235852276922933E-07   8.07095352842569258E+06   5.76519602125173360E+07   8.81649160860187191E-08   5.98759540054001583E-10   4.89656980379418414E-15   2.92656851772442182E-05   8.58460400814430315E-06   1.12050213503195294E-07   2.90632766057757831E-07   1.72861204771186635E-09   2.98196486393341423E-07
  2.08636205864059175E-08   1.63506470385507113E-01   1.85373260303876521E+02   8.15190866889130615E+11   5.23934804151269593E-12   1.00000000000000000E+09   6.67486334967372225E-02   1.86902845926105206E-05   6.98088094584751140E+00   2.71706807694903829E-04   8.00099572056878401E-05   7.58578783796405192E-07   8.07095352842569258E+06   5.76519602125173360E+07   8.74448124650278969E-08   6.12338834543825772E-10   4.95738586443527088E-15   2.89853060276242261E-05   8.51106842167836098E-06   1.13002398338536897E-07   2.90735396208637499E-07   1.93423215898181672E-09   3.07621544126301123E-07
  1.68374747686635161E-08   1.63579602558344833E-01   1.85373260303876521E+02   6.57879853405403198E+11   4.22815233398346907E-12   1.00000000000000000E+09   6.68066114861333438E-02   2.06639458355385647E-05   6.97433420162930595E+00   2.70236294278011877E-04   7.95525722515003227E-05   7.54076926316628280E-07   8.07095352842569258E+06   5.76519602125173360E+07   8.67141359914527313E-08   6.21568203891311236E-10   4.98513868487521465E-15   2.87140232352303696E-05   8.43787297643271307E-06   1.13351832428943342E-07   2.90046589348567922E-07   2.11689403864247866E-09   3.14670109301020339E-07
  1.35909912631037639E-08   1.63652734451641219E-01   1.85373260303876521E+02   5.31032085431569519E+11   3.41277571985197025E-12   1.00000000000000000E+09   6.68784764597835923E-02   2.26039504052886793E-05   6.96625712495467209E+00   2.68428784095113028E-04   7.89905786718060577E-05   7.48546283345113283E-07   8.07095352842569258E+06   5.76519602125173360E+07   8.59720511126911925E-08   6.25787102276807577E-10   4.97746061704049061E-15   2.84539003913159796E-05   8.36515477681745480E-06   1.13104837497988190E-07   2.88484415777283200E-07   2.25688216858624712E-09   3.18769416964054083E-07
  1.09726846103439966E-08   1.63725866005110465E-01   1.85373260303876521E+02   4.28728668764016846E+11   2.75517166266089028E-12   1.00000000000000000E+09   6.69676760944701993E-02   2.41090737026469576E-05   6.95630117908437740E+00   2.66211971398069380E-04   7.83016237674867945E-05   7.41767827074757761E-07   8.07095352842569258E+06   5.76519602125173360E+07   8.52179033962889251E-08   6.24324154289733273E-10   4.93248893539340730E-15   2.82075305302351602E-05   8.29311445747245432E-06   1.12277065158445815E-07   2.85953229907503374E-07   2.33065261955208676E-09   3.19270155200041712E-07
