# lambda[A]  T_theo  T_instr  T_rot+instr  (H-alpha 6562.8)
6.560925370766244669e+03 9.999999994590681451e-01 9.999999994536272752e-01 9.999999994535291314e-01
6.560944117058583288e+03 9.999999994480670562e-01 9.999999994462608344e-01 9.999999994462069886e-01
6.560962863350920088e+03 9.999999994367259060e-01 9.999999994361480349e-01 9.999999994361266076e-01
6.560981609643257798e+03 9.999999994250325930e-01 9.999999994246934198e-01 9.999999994246852042e-01
6.561000355935594598e+03 9.999999994129704639e-01 9.999999994126477221e-01 9.999999994126423930e-01
6.561019102227932308e+03 9.999999994005248638e-01 9.999999994001903536e-01 9.999999994001849135e-01
6.561037848520270927e+03 9.999999993876792503e-01 9.999999993873300852e-01 9.999999993873244231e-01
6.561056594812607727e+03 9.999999993744159710e-01 9.999999993740514848e-01 9.999999993740454896e-01
6.561075341104945437e+03 9.999999993607165960e-01 9.999999993603363446e-01 9.999999993603302384e-01
6.561094087397282237e+03 9.999999993465623627e-01 9.999999993461646808e-01 9.999999993461586856e-01
6.561112833689620857e+03 9.999999993319322877e-01 9.999999993315167313e-01 9.999999993315102920e-01
6.561131579981957657e+03 9.999999993168058321e-01 9.999999993163707357e-01 9.999999993163638523e-01
6.561150326274295367e+03 9.999999993011589039e-01 9.999999993007040455e-01 9.999999993006969401e-01
6.561169072566633076e+03 9.999999992849680774e-01 9.999999992844917918e-01 9.999999992844842422e-01
6.561187818858970786e+03 9.999999992682077066e-01 9.999999992677088834e-01 9.999999992677011118e-01
6.561206565151308496e+03 9.999999992508511459e-01 9.999999992503280088e-01 9.999999992503194601e-01
6.561225311443645296e+03 9.999999992328684195e-01 9.999999992323201914e-01 9.999999992323115316e-01
6.561244057735983006e+03 9.999999992142306615e-01 9.999999992136553439e-01 9.999999992136460181e-01
6.561262804028321625e+03 9.999999991949047873e-01 9.999999991943011590e-01 9.999999991942910560e-01
6.561281550320658425e+03 9.999999991748570460e-01 9.999999991742224426e-01 9.999999991742121175e-01
6.561300296612996135e+03 9.999999991540500233e-01 9.999999991533828902e-01 9.999999991533721211e-01
6.561319042905332935e+03 9.999999991324458604e-01 9.999999991317439774e-01 9.999999991317324310e-01
6.561337789197671555e+03 9.999999991100025909e-01 9.999999991092639595e-01 9.999999991092521912e-01
6.561356535490009264e+03 9.999999990866765831e-01 9.999999990858986498e-01 9.999999990858857712e-01
6.561375281782346065e+03 9.999999990624206525e-01 9.999999990616005308e-01 9.999999990615873191e-01
6.561394028074683774e+03 9.999999990371842840e-01 9.999999990363196423e-01 9.999999990363058755e-01
6.561412774367020575e+03 9.999999990109149639e-01 9.999999990100023606e-01 9.999999990099874836e-01
6.561431520659359194e+03 9.999999989835545167e-01 9.999999989825907321e-01 9.999999989825749669e-01
6.561450266951696904e+03 9.999999989550421020e-01 9.999999989540229173e-01 9.999999989540064860e-01
6.561469013244033704e+03 9.999999989253115507e-01 9.999999989242336351e-01 9.999999989242164267e-01
6.561487759536372323e+03 9.999999988942928075e-01 9.999999988931517203e-01 9.999999988931332906e-01
6.561506505828709123e+03 9.999999988619100444e-01 9.999999988607009005e-01 9.999999988606815826e-01
6.561525252121046833e+03 9.999999988280823260e-01 9.999999988267999074e-01 9.999999988267790352e-01
6.561543998413383633e+03 9.999999987927219447e-01 9.999999987913609223e-01 9.999999987913390509e-01
6.561562744705721343e+03 9.999999987557354197e-01 9.999999987542890212e-01 9.999999987542658175e-01
6.561581490998059962e+03 9.999999987170203886e-01 9.999999987154822856e-01 9.999999987154576386e-01
6.561600237290396763e+03 9.999999986764677162e-01 9.999999986748309144e-01 9.999999986748044911e-01
6.561618983582734472e+03 9.999999986339594971e-01 9.999999986322150036e-01 9.999999986321866929e-01
6.561637729875071273e+03 9.999999985893669452e-01 9.999999985875062114e-01 9.999999985874762354e-01
6.561656476167409892e+03 9.999999985425515048e-01 9.999999985405653158e-01 9.999999985405333414e-01
6.561675222459747602e+03 9.999999984933638508e-01 9.999999984912401052e-01 9.999999984912054662e-01
6.561693968752084402e+03 9.999999984416390042e-01 9.999999984393665997e-01 9.999999984393295183e-01
6.561712715044422112e+03 9.999999983871996623e-01 9.999999983847649432e-01 9.999999983847255303e-01
6.561731461336759821e+03 9.999999983298527573e-01 9.999999983272406245e-01 9.999999983271981030e-01
6.561750207629097531e+03 9.999999982693864586e-01 9.999999982665805920e-01 9.999999982665351839e-01
6.561768953921435241e+03 9.999999982055697290e-01 9.999999982025524758e-01 9.999999982025030709e-01
6.561787700213772041e+03 9.999999981381503256e-01 9.999999981349004807e-01 9.999999981348477451e-01
6.561806446506110660e+03 9.999999980668508037e-01 9.999999980633458296e-01 9.999999980632886531e-01
6.561825192798447461e+03 9.999999979913664072e-01 9.999999979875807687e-01 9.999999979875193734e-01
6.561843939090785170e+03 9.999999979113636250e-01 9.999999979072679013e-01 9.999999979072013989e-01
6.561862685383121971e+03 9.999999978264720868e-01 9.999999978220338592e-01 9.999999978219615837e-01
6.561881431675460590e+03 9.999999977362838965e-01 9.999999977314663058e-01 9.999999977313878130e-01
6.561900177967798300e+03 9.999999976403468605e-01 9.999999976351071629e-01 9.999999976350217867e-01
6.561918924260135100e+03 9.999999975381591577e-01 9.999999975324485035e-01 9.999999975323551338e-01
6.561937670552472810e+03 9.999999974291601257e-01 9.999999974229205613e-01 9.999999974228180877e-01
6.561956416844809610e+03 9.999999973127217112e-01 9.999999973058821823e-01 9.999999973057697167e-01
6.561975163137148229e+03 9.999999971881331495e-01 9.999999971806045052e-01 9.999999971804803822e-01
6.561993909429485939e+03 9.999999970545817574e-01 9.999999970462430943e-01 9.999999970461049825e-01
6.562012655721822739e+03 9.999999969111180720e-01 9.999999969017964174e-01 9.999999969016400980e-01
6.562031402014161358e+03 9.999999967566003400e-01 9.999999967460302397e-01 9.999999967458510497e-01
6.562050148306498158e+03 9.999999965895974841e-01 9.999999965773480604e-01 9.999999965771360078e-01
6.562068894598835868e+03 9.999999964082111337e-01 9.999999963935585212e-01 9.999999963932968416e-01
6.562087640891173578e+03 9.999999962097640971e-01 9.999999961914608493e-01 9.999999961911206769e-01
6.562106387183510378e+03 9.999999959902367008e-01 9.999999959661201032e-01 9.999999959656508119e-01
6.562125133475848997e+03 9.999999957432774700e-01 9.999999957096012970e-01 9.999999957089150682e-01
6.562143879768185798e+03 9.999999954584782857e-01 9.999999954088092391e-01 9.999999954077548603e-01
6.562162626060523507e+03 9.999999951184248559e-01 9.999999950418553274e-01 9.999999950401735616e-01
6.562181372352861217e+03 9.999999946937502271e-01 9.999999945720640104e-01 9.999999945693217596e-01
6.562200118645198927e+03 9.999999941349982935e-01 9.999999939382877567e-01 9.999999939337684829e-01
6.562218864937536637e+03 9.999999933595150603e-01 9.999999930395565562e-01 9.999999930320931929e-01
6.562237611229873437e+03 9.999999922307736266e-01 9.999999917112561976e-01 9.999999916989753546e-01
6.562256357522211147e+03 9.999999905264648214e-01 9.999999896889204543e-01 9.999999896688602785e-01
6.562275103814548856e+03 9.999999878903071959e-01 9.999999865543667266e-01 9.999999865219076911e-01
6.562293850106886566e+03 9.999999837608668507e-01 9.999999816572582301e-01 9.999999816052866919e-01
6.562312596399224276e+03 9.999999772687455657e-01 9.999999740033639339e-01 9.999999739210672089e-01
6.562331342691561076e+03 9.999999670914110350e-01 9.999999620989256099e-01 9.999999619700723485e-01
6.562350088983899695e+03 9.999999512529629264e-01 9.999999437389237578e-01 9.999999435394698599e-01
6.562368835276236496e+03 9.999999268546281295e-01 9.999999157262148275e-01 9.999999154210638119e-01
6.562387581568574205e+03 9.999998897215395255e-01 9.999998735093166280e-01 9.999998730481187703e-01
6.562406327860911915e+03 9.999998339535411951e-01 9.999998107303935679e-01 9.999998100424332126e-01
6.562425074153249625e+03 9.999997513742915345e-01 9.999997186836696583e-01 9.999997176722227321e-01
6.562443820445587335e+03 9.999996308864236294e-01 9.999995857003900479e-01 9.999995842374942434e-01
6.562462566737924135e+03 9.999994577641833082e-01 9.999993965020048670e-01 9.999993944254114142e-01
6.562481313030261845e+03 9.999992129517193407e-01 9.999991315996964447e-01 9.999991287146947627e-01
6.562500059322600464e+03 9.999988724857140632e-01 9.999987668637672078e-01 9.999987629533915179e-01
6.562518805614937264e+03 9.999984072206162811e-01 9.999982734327568235e-01 9.999982682800474532e-01
6.562537551907274974e+03 9.999977830888449049e-01 9.999976181620153781e-01 9.999976115868745019e-01
6.562556298199611774e+03 9.999969621482327486e-01 9.999967647953388328e-01 9.999967567053212880e-01
6.562575044491949484e+03 9.999959046101415394e-01 9.999956759299996056e-01 9.999956663770409593e-01
6.562593790784288103e+03 9.999945718505431902e-01 9.999943154310483306e-01 9.999943046384931478e-01
6.562612537076624903e+03 9.999929300376679819e-01 9.999926486586350194e-01 9.999926368330809279e-01
6.562631283368962613e+03 9.999909533680788609e-01 9.999906235655049436e-01 9.999906096945936351e-01
6.562650029661299413e+03 9.999886232131438568e-01 9.999880507663486684e-01 9.999880286139863905e-01
6.562668775953638033e+03 9.999858883550547528e-01 9.999841536517476426e-01 9.999841061288807786e-01
6.562687522245974833e+03 9.999822427205520281e-01 9.999766596592628565e-01 9.999765646014795450e-01
6.562706268538312543e+03 9.999738783638696393e-01 9.999613909119583477e-01 9.999612448906138873e-01
6.562725014830650252e+03 9.999469515288403887e-01 9.999338627393347112e-01 9.999336925668956821e-01
6.562743761122987962e+03 9.999036838989092679e-01 9.998918333377474488e-01 9.998917102138413782e-01
6.562762507415325672e+03 9.998517337714516451e-01 9.998389183477656150e-01 9.998389896411090660e-01
6.562781253707662472e+03 9.997507595512008516e-01 9.997907792617187761e-01 9.997911397227756680e-01
6.562800000000000182e+03 9.997306646666006547e-01 9.997708708116516130e-01 9.997713738371997172e-01
6.562818746292338801e+03 9.997507592148948685e-01 9.997907784958486310e-01 9.997911389559104300e-01
6.562837492584675601e+03 9.998517316749488959e-01 9.998389168019317097e-01 9.998389880946358943e-01
6.562856238877013311e+03 9.999036819711609736e-01 9.998918311645098589e-01 9.998917080417409897e-01
6.562874985169350111e+03 9.999469477982050325e-01 9.999338603616160226e-01 9.999336901911907161e-01
6.562893731461688731e+03 9.999738763029695221e-01 9.999613888736170741e-01 9.999612428510175066e-01
6.562912477754026440e+03 9.999822417419476084e-01 9.999766581901781137e-01 9.999765631276525957e-01
6.562931224046363241e+03 9.999858875134568503e-01 9.999841525651355090e-01 9.999841050382499708e-01
6.562949970338700950e+03 9.999886222936856806e-01 9.999880497978184124e-01 9.999880276440915594e-01
6.562968716631037751e+03 9.999909523729820782e-01 9.999906225886807665e-01 9.999906087180788772e-01
6.562987462923376370e+03 9.999929290060873832e-01 9.999926476597350566e-01 9.999926358349378042e-01
6.563006209215713170e+03 9.999945708259262434e-01 9.999943144380623039e-01 9.999943036461229617e-01
6.563024955508050880e+03 9.999959036319877592e-01 9.999956749773657450e-01 9.999956654246923149e-01
6.563043701800389499e+03 9.999969612477929148e-01 9.999967639123765739e-01 9.999967558222904174e-01
6.563062448092726299e+03 9.999977822870905753e-01 9.999976173694783421e-01 9.999976107939686498e-01
6.563081194385064009e+03 9.999984065281665169e-01 9.999982727422088713e-01 9.999982675889198536e-01
6.563099940677400809e+03 9.999988719041760232e-01 9.999987662784136644e-01 9.999987623673446402e-01
6.563118686969738519e+03 9.999992124757844936e-01 9.999991311160307816e-01 9.999991282303078988e-01
6.563137433262077138e+03 9.999994573839131595e-01 9.999993961117751295e-01 9.999993940344960031e-01
6.563156179554413939e+03 9.999996305893399384e-01 9.999995853925056633e-01 9.999995839289991251e-01
6.563174925846751648e+03 9.999997511470612999e-01 9.999997184458202515e-01 9.999997174338552952e-01
6.563193672139088449e+03 9.999998337831910167e-01 9.999998105502755363e-01 9.999998098618936293e-01
6.563212418431427068e+03 9.999998895962352030e-01 9.999998733754691393e-01 9.999998729139379927e-01
6.563231164723764778e+03 9.999999267640919953e-01 9.999999156285063195e-01 9.999999153230987314e-01
6.563249911016101578e+03 9.999999511886202841e-01 9.999999436687656562e-01 9.999999434691191347e-01
6.563268657308439288e+03 9.999999670463505241e-01 9.999999620492953101e-01 9.999999619203003842e-01
6.563287403600776997e+03 9.999999772375667284e-01 9.999999739686954436e-01 9.999999738862961340e-01
6.563306149893114707e+03 9.999999837394695223e-01 9.999999816332661995e-01 9.999999815812217197e-01
6.563324896185452417e+03 9.999999878756590244e-01 9.999999865378385033e-01 9.999999865053287307e-01
6.563343642477789217e+03 9.999999905163824421e-01 9.999999896775086938e-01 9.999999896574135461e-01
6.563362388770127836e+03 9.999999922237220451e-01 9.999999917032865726e-01 9.999999916909819708e-01
6.563381135062464637e+03 9.999999933544404529e-01 9.999999930338628884e-01 9.999999930263835379e-01
6.563399881354802346e+03 9.999999941311946694e-01 9.999999939340752375e-01 9.999999939295455276e-01
6.563418627647139147e+03 9.999999946907541792e-01 9.999999945688037295e-01 9.999999945660550393e-01
6.563437373939477766e+03 9.999999951159393996e-01 9.999999950392027825e-01 9.999999950375165758e-01
6.563456120231815476e+03 9.999999954563166815e-01 9.999999954065440511e-01 9.999999954054867857e-01
6.563474866524152276e+03 9.999999957413248097e-01 9.999999957075847989e-01 9.999999957068970158e-01
6.563493612816489986e+03 9.999999959884223744e-01 9.999999959642676961e-01 9.999999959637974056e-01
6.563512359108826786e+03 9.999999962080462490e-01 9.999999961897202416e-01 9.999999961893796252e-01
6.563531105401165405e+03 9.999999964065652280e-01 9.999999963918987378e-01 9.999999963916367252e-01
6.563549851693503115e+03 9.999999965880083108e-01 9.999999965757510045e-01 9.999999965755383968e-01
6.563568597985839915e+03 9.999999967550590174e-01 9.999999967444834770e-01 9.999999967443042870e-01
6.563587344278178534e+03 9.999999969096184937e-01 9.999999969002932865e-01 9.999999969001374112e-01
6.563606090570515335e+03 9.999999970531202598e-01 9.999999970447790432e-01 9.999999970446409314e-01
6.563624836862853044e+03 9.999999971867068460e-01 9.999999971791764253e-01 9.999999971790520803e-01
6.563643583155190754e+03 9.999999973113286034e-01 9.999999973044878532e-01 9.999999973043756096e-01
6.563662329447527554e+03 9.999999974277988812e-01 9.999999974215575405e-01 9.999999974214553999e-01
6.563681075739866174e+03 9.999999975368275562e-01 9.999999975311159028e-01 9.999999975310224221e-01
6.563699822032202974e+03 9.999999976390439027e-01 9.999999976338035390e-01 9.999999976337177188e-01
6.563718568324540684e+03 9.999999977350083613e-01 9.999999977301895493e-01 9.999999977301109455e-01
6.563737314616878393e+03 9.999999978252226418e-01 9.999999978207835261e-01 9.999999978207110285e-01
6.563756060909216103e+03 9.999999979101391601e-01 9.999999979060427702e-01 9.999999979059760458e-01
6.563774807201553813e+03 9.999999979901669223e-01 9.999999979863798405e-01 9.999999979863181121e-01
6.563793553493890613e+03 9.999999980656736343e-01 9.999999980621678830e-01 9.999999980621107065e-01
6.563812299786228323e+03 9.999999981369954716e-01 9.999999981337448496e-01 9.999999981336918919e-01
6.563831046078566033e+03 9.999999982044365243e-01 9.999999982014182720e-01 9.999999982013693112e-01
6.563849792370903742e+03 9.999999982682734601e-01 9.999999982654673714e-01 9.999999982654220743e-01
6.563868538663241452e+03 9.999999983287598537e-01 9.999999983261473879e-01 9.999999983261049774e-01
6.563887284955578252e+03 9.999999983861260766e-01 9.999999983836906914e-01 9.999999983836515005e-01
6.563906031247916872e+03 9.999999984405839593e-01 9.999999984383106666e-01 9.999999984382739182e-01
6.563924777540253672e+03 9.999999984923263474e-01 9.999999984902020467e-01 9.999999984901679628e-01
6.563943523832591382e+03 9.999999985415318760e-01 9.999999985395446878e-01 9.999999985395127133e-01
6.563962270124929091e+03 9.999999985883636366e-01 9.999999985865026808e-01 9.999999985864725938e-01
6.563981016417266801e+03 9.999999986329721757e-01 9.999999986312274602e-01 9.999999986311993716e-01
6.563999762709604511e+03 9.999999986754964931e-01 9.999999986738586921e-01 9.999999986738323798e-01
6.564018509001941311e+03 9.999999987160639314e-01 9.999999987145256064e-01 9.999999987145005154e-01
6.564037255294279021e+03 9.999999987547937286e-01 9.999999987533472190e-01 9.999999987533239043e-01
6.564056001586617640e+03 9.999999987917950195e-01 9.999999987904333310e-01 9.999999987904112375e-01
6.564074747878954440e+03 9.999999988271688345e-01 9.999999988258858608e-01 9.999999988258655437e-01
6.564093494171292150e+03 9.999999988610095425e-01 9.999999988598005096e-01 9.999999988597808587e-01
6.564112240463628950e+03 9.999999988934054063e-01 9.999999988922639860e-01 9.999999988922454452e-01
6.564130986755966660e+03 9.999999989244369170e-01 9.999999989233584463e-01 9.999999989233413489e-01
6.564149733048304370e+03 9.999999989541792367e-01 9.999999989531604960e-01 9.999999989531439537e-01
6.564168479340642079e+03 9.999999989827043079e-01 9.999999989817399682e-01 9.999999989817243140e-01
6.564187225632979789e+03 9.999999990100760794e-01 9.999999990091632540e-01 9.999999990091485991e-01
6.564205971925316589e+03 9.999999990363570568e-01 9.999999990354923041e-01 9.999999990354779822e-01
6.564224718217655209e+03 9.999999990616039725e-01 9.999999990607839617e-01 9.999999990607707501e-01
6.564243464509992009e+03 9.999999990858707832e-01 9.999999990850927389e-01 9.999999990850800824e-01
6.564262210802329719e+03 9.999999991092072271e-01 9.999999991084687068e-01 9.999999991084567164e-01
6.564280957094667428e+03 9.999999991316607106e-01 9.999999991309589387e-01 9.999999991309476144e-01
6.564299703387005138e+03 9.999999991532748655e-01 9.999999991526076215e-01 9.999999991525971854e-01
6.564318449679342848e+03 9.999999991740917693e-01 9.999999991734564997e-01 9.999999991734462856e-01
6.564337195971679648e+03 9.999999991941488364e-01 9.999999991935447641e-01 9.999999991935352162e-01
6.564355942264017358e+03 9.999999992134838145e-01 9.999999992129081638e-01 9.999999992128991710e-01
6.564374688556355977e+03 9.999999992321305653e-01 9.999999992315822261e-01 9.999999992315734554e-01
6.564393434848692777e+03 9.999999992501215074e-01 9.999999992495983703e-01 9.999999992495899326e-01
6.564412181141030487e+03 9.999999992674869498e-01 9.999999992669877935e-01 9.999999992669796889e-01
6.564430927433367287e+03 9.999999992842556473e-01 9.999999992837793616e-01 9.999999992837714791e-01
6.564449673725705907e+03 9.999999993004548005e-01 9.999999992999994980e-01 9.999999992999921705e-01
6.564468420018043616e+03 9.999999993161092782e-01 9.999999993156745148e-01 9.999999993156674094e-01
6.564487166310380417e+03 9.999999993312443936e-01 9.999999993308283930e-01 9.999999993308213986e-01
6.564505912602718126e+03 9.999999993458814629e-01 9.999999993454840030e-01 9.999999993454772307e-01
6.564524658895054927e+03 9.999999993600431347e-01 9.999999993596624392e-01 9.999999993596561110e-01
6.564543405187393546e+03 9.999999993737497261e-01 9.999999993733851289e-01 9.999999993733791337e-01
6.564562151479730346e+03 9.999999993870199999e-01 9.999999993866708348e-01 9.999999993866652837e-01
6.564580897772068056e+03 9.999999993998730519e-01 9.999999993995382086e-01 9.999999993995327685e-01
6.564599644064406675e+03 9.999999994123252023e-01 9.999999994120024605e-01 9.999999994119969093e-01
6.564618390356743475e+03 9.999999994243938817e-01 9.999999994240547085e-01 9.999999994240466039e-01
6.564637136649081185e+03 9.999999994360944111e-01 9.999999994355157629e-01 9.999999994354944466e-01
6.564655882941417985e+03 9.999999994474415566e-01 9.999999994456341135e-01 9.999999994455802677e-01
6.564674629233755695e+03 9.999999994584489738e-01 9.999999994530049952e-01 9.999999994529069625e-01
