# EXHALE schema 2
# columns r[Rp] rho[mH/cm3] v[cm/s] p[cgs] T[K] heat[erg/cm3/s] cool[erg/cm3/s]
# rows 504: 2 ghost cells at each end; physical cells are rows 3 to 502
# coupling: sec_ion=T sec_ion_step=7379 recon=WENO3 certified=F cert_reason=failing_entries mode=init
# provenance: git=43bc28cef587 tree=dirty run=2026-09-14T01:35:49
# provenance: ck_input=1260237361560544917 ck_base=-1 ck_metals=4583919659595562347
# provenance: recon=WENO3 base_bc=characteristic carrier=none restart_schema=3 resid_def=145 N=500
# restart_schema 1
# reservoir He/H 8.5099999999999995E-02 C/H 2.6899999999999998E-04 O/H 4.8999999999999998E-04 N/H 6.7600000000000003E-05 Mg/H 3.9799999999999998E-05 Ca/H 2.1900000000000002E-06 Na/H 1.7400000000000001E-06 Fe/H 3.1600000000000002E-05
# species_columns 34 r HI HII HeI HeII HeIII HeITR CI CII CIII OI OII OIII NI NII NIII MgI MgII MgIII SiI SiII SiIII CaI CaII CaIII NaI NaII KI KII SI SII FeI FeII FeIII
# grid N 500 R0[cm] 1.5781859000000000E+10 r_min[Rp] 1.0001973003694156E+00 r_max[Rp] 1.5666182019207202E+00 mode Mixed
# constants set IAU2015+CODATA2018 RJ[cm] 7.1492000000000000E+09 kB[erg/K] 1.3806490000000000E-16
# options He23S=T metals=T eos_metals=T mol=F molbase=F oxychem=F carrier=F carrier_newton=F iontrans=F he_diff=F he_metal_diff=F sec_ion=T caloric_mono=F excH=T base_ir=F mol_ir=F mol_heat=T visc=F cond=F jlya=2 wellbal=F
# t_phys[s] 0.0000000000000000E+00
# source git=43bc28cef587 tree=dirty
  0.99980269963058455        3780976661434.3584       -5908.6490489077351        1.0154610474002947        2422.0139693071555        1.3765782787993435E-005   1.1958029961812641E-006
   1.0000000000000000        3761597428343.6987       -5936.7462589837232        1.0068013799095812        2413.7271822267808        1.3811295121714764E-005   1.1591833772086249E-006
   1.0001973003694156        3742267667261.8984       -5964.2897924868366       0.99819216619000406        2405.4443841713996        1.3859456761669842E-005   1.1236334280512064E-006
   1.0003946007388309        3715017380170.9150       -5967.8977885194627       0.98952393796186922        2402.0418461244444        1.3873393932080489E-005   1.1019882583412308E-006
   1.0005919011082465        3691237093201.6284       -5984.0693317522409       0.98095388917135251        2396.5745915378284        1.3898072712555920E-005   1.0755637974029041E-006
   1.0007892014776620        3667000809103.9399       -5994.9981216388787       0.97243154628353001        2391.4510449943896        1.3920778318944433E-005   1.0506977192956715E-006
   1.0009865018470776        3644543516624.0645       -6007.9714577651894       0.96397266128895587        2385.2518465920316        1.3949703093804648E-005   1.0238591576780666E-006
   1.0011838022164929        3622155190529.7256       -6020.1202998753561       0.95556844055055190        2379.0666167873337        1.3978108688656971E-005   9.9782317710558002E-007
   1.0013811025859085        3596988805412.5156       -6032.4709627742213       0.94722446936775240        2374.7876817548708        1.3992924924708415E-005   9.7697449376952735E-007
   1.0015784029553241        3564658001669.5928       -6044.5273725261050       0.93895089708474433        2375.3896704268927        1.3973912897564156E-005   9.6782295282241363E-007
   1.0017757033247396        3522373573586.3062       -6056.3231355603584       0.93076796626339631        2382.9472945589964        1.3907163889871764E-005   9.7474788372596241E-007
   1.0019730036941550        3471922844461.7344       -6067.8832591885102       0.92269665072739382        2396.6001979046378        1.3799426335676744E-005   9.9589616673214514E-007
   1.0021703040635705        3419734965415.1899       -6079.4773440482331       0.91474858153906602        2412.2049031855113        1.3679412336932990E-005   1.0220121463171881E-006
   1.0023676044329861        3373340759122.5474       -6091.3481926477780       0.90691893169724003        2424.4402194288805        1.3582223334203307E-005   1.0404122283715494E-006
   1.0025649048024015        3336940610602.3008       -6103.5757697648978       0.89918913627083707        2429.9896138982008        1.3528559127380813E-005   1.0427303371953694E-006
   1.0027622051718170        3309279925449.5010       -6115.9889139278284       0.89153726576188530        2429.4430712028002        1.3513849570192995E-005   1.0304202668566658E-006
   1.0029595055412326        3285248081644.0039       -6128.3766005215321       0.88394892622144572        2426.3794986172920        1.3514736255179565E-005   1.0124096754720236E-006
   1.0031568059106482        3258577766894.2930       -6140.5911804333409       0.87642291213451096        2425.4048838706813        1.3501282330619488E-005   9.9958328760829138E-007
   1.0033541062800635        3224112995316.1318       -6152.5912721972236       0.86897117108433919        2430.4815243886646        1.3447816019932693E-005   1.0007929333530430E-006
   1.0035514066494791        3179248909736.9536       -6164.4089291177197       0.86161459112896421        2443.9026872222407        1.3340351487477947E-005   1.0212923618746716E-006
   1.0037487070188946        3124766649931.8955       -6176.1732232597587       0.85437617098943563        2465.6118242290377        1.3181381465518461E-005   1.0618243645988572E-006
   1.0039460073883102        3064417756791.5229       -6188.0601748503450       0.84727364071341749        2493.2530667679243        1.2988523981024837E-005   1.1183253549872779E-006
   1.0041433077577255        3003541305947.8687       -6200.2290920304577       0.84031423648031101        2522.8771502302884        1.2788064283275736E-005   1.1823749849498604E-006
   1.0043406081271411        2947409973533.2744       -6212.7813891606147       0.83349297956298041        2550.0391344058230        1.2606746111286802E-005   1.2425739844468040E-006
   1.0045379084965567        2899744321687.8618       -6225.7299961321569       0.82679454609392011        2571.1125366401989        1.2464119773031291E-005   1.2878005151636267E-006
   1.0047352088659722        2861824114348.7271       -6238.9867424950689       0.82019787349429063        2584.3837710134949        1.2367741063648582E-005   1.3118648692283080E-006
   1.0049325092353876        2832580686844.9688       -6252.3912180783736       0.81368170685386021        2590.3117752513522        1.2313274818618287E-005   1.3152682588010064E-006
   1.0051298096048031        2809570523545.2617       -6265.7827349803092       0.80722889164210343        2590.8082660966920        1.2289134951277877E-005   1.3034014803772252E-006
   1.0053271099742187        2790108174574.1099       -6279.0516008169952       0.80082818982695003        2588.1873689655708        1.2282111872605382E-005   1.2830866072685864E-006
   1.0055244103436340        2772015846526.0845       -6292.1422579539421       0.79447394273047078        2584.4033318803040        1.2281232544730699E-005   1.2599939771444878E-006
   1.0057217107130496        2753970709704.9150       -6305.0451534103649       0.78816450188464138        2580.6721050126434        1.2279684186186178E-005   1.2375055403662071E-006
   1.0059190110824652        2735501200349.5977       -6317.7804847084444       0.78190026501570609        2577.4403371616854        1.2274964846366968E-005   1.2167690939098158E-006
   1.0061163114518807        2716728583792.3301       -6330.3779550327690       0.77568201989565022        2574.6044226008289        1.2267670658634354E-005   1.1974451034350937E-006
   1.0063136118212961        2698018134318.7036       -6342.8626615067806       0.76950999076772530        2571.8242908604961        1.2259731875484276E-005   1.1786194838172378E-006
   1.0065109121907116        2679665424384.3574       -6355.2486029351730       0.76338364275014525        2568.8162174740005        1.2252755419150584E-005   1.1595753110014465E-006
   1.0067082125601272        2661684534502.1484       -6367.5388067163758       0.75730208538226174        2565.5601169562701        1.2246850156073950E-005   1.1402849021179813E-006
   1.0069055129295428        2643718961148.9141       -6379.7300140320895       0.75126481709082449        2562.3959718070687        1.2240077435374449E-005   1.1215855941312236E-006
   1.0071028132989586        2625063493917.2471       -6391.8191512072171       0.74527254361143391        2560.0154734316593        1.2228496299948614E-005   1.1050878408535371E-006
   1.0073001136683757        2604772154881.6821       -6403.8095419953534       0.73932784655552819        2559.3713365371168        1.2206697619776882E-005   1.0929142103304151E-006
   1.0074974140377972        2581825103271.4810       -6415.7154349077600       0.73343553808744433        2561.5311355132912        1.2168702251773164E-005   1.0873735745983161E-006
   1.0076947144072372        2555331200168.3911       -6427.5643546274450       0.72760259649882875        2567.4964706935125        1.2109109025528577E-005   1.0906326227797916E-006
   1.0078920147767507        2524742252243.5732       -6439.3984238041730       0.72183762984529543        2578.0023880326430        1.2024360981359764E-005   1.1043892202424647E-006
   1.0080893151465575        2490033252450.7705       -6451.2740315540286       0.71614989115370353        2593.3275245467962        1.1913859177903127E-005   1.1295444744459039E-006
   1.0082866155175381        2451789680289.8022       -6463.2576290630632       0.71054798978280065        2613.1615072534901        1.1780561065970331E-005   1.1658916070702627E-006
   1.0084839158932140        2411166399193.2212       -6475.4173879344962       0.70503855247417446        2636.5679630205495        1.1630827030731053E-005   1.2118605053169932E-006
   1.0086812162876715        2369724011683.0103       -6487.8126469942408       0.69962511988741105        2662.0610489425844        1.1473525164288801E-005   1.2643989400344121E-006
   1.0088785167572543        2329180857614.1089       -6500.4836012043570       0.69430751153333936        2687.7947570425463        1.1318609839131072E-005   1.3191226978295479E-006
   1.0090758175273393        2291134661971.9912       -6513.4434108673213       0.68908178435982415        2711.8443080842394        1.1175496248554143E-005   1.3708583568443853E-006
   1.0092731194994322        2256811126526.4185       -6526.6743482966995       0.68394077580271251        2732.5317239649053        1.1051574840689778E-005   1.4145727361221451E-006
   1.0094704262795582        2226892065198.5610       -6540.1292066649848       0.67887506544681187        2748.7181373869475        1.0951176084213405E-005   1.4464550275358676E-006
   1.0096677522918156        2201461941677.0630       -6553.7390971134591       0.67387395487268398        2759.9733022066789        1.0875213020734167E-005   1.4647341452049352E-006
   1.0098651552325988        2180081466491.3831       -6567.4290070090283       0.66892548747597280        2766.5629615726657        1.0821565938956028E-005   1.4698621420919998E-006
   1.0100628658874844        2161954671272.5613       -6581.1409536272640       0.66401449398586032        2769.2673419310922        1.0786039963736537E-005   1.4640103617406368E-006
   1.0102614813545636        2146136803772.5310       -6594.8441356530957       0.65912348285119615        2769.1203040692435        1.0763529556891571E-005   1.4502083256650118E-006
   1.0104614184863190        2131720115220.9199       -6608.5184036536812       0.65423975212546992        2767.1825715069876        1.0748988456727899E-005   1.4315778586150820E-006
   1.0106626860776220        2117948299736.4653       -6622.1432665543052       0.64935869193972107        2764.3882232140240        1.0738066147527817E-005   1.4108225377792045E-006
   1.0108652929818691        2104267797907.8735       -6635.7064356370929       0.64447968306109904        2761.4463197571527        1.0727491277618405E-005   1.3899262127342474E-006
   1.0110692481113699        2090340985234.5667       -6649.2077554038569       0.63960313092377219        2758.8014368952072        1.0715220032704020E-005   1.3700705606639618E-006
   1.0112745604377402        2076023874701.5007       -6662.6545205752109       0.63473001045218602        2756.6539437857273        1.0700339805237309E-005   1.3517397349352464E-006
   1.0114812389922971        2061315606119.4763       -6676.0568421781936       0.62986148281115528        2755.0192092147872        1.0682794654552829E-005   1.3349202373062504E-006
   1.0116892928664547        2046298138428.3064       -6689.4240178842201       0.62499863191029315        2753.8018706288281        1.0663039320489133E-005   1.3193210631560867E-006
   1.0118987312121255        2031081750907.8215       -6702.7623537750806       0.62014232993991170        2752.8650854437333        1.0641716157738420E-005   1.3045626446998843E-006
   1.0121095632421220        2015766214974.9260       -6716.0744675332280       0.61529321090326039        2752.0815991202703        1.0619418114857210E-005   1.2903069068051872E-006
   1.0123217982305626        2000420617785.7354       -6729.3597145070880       0.61045171459366310        2751.3618129007864        1.0596560400875381E-005   1.2763227215551447E-006
   1.0125354455132793        1985079434484.5640       -6742.6152152932646       0.60561816115625389        2750.6608737758806        1.0573350262178716E-005   1.2624968507806258E-006
   1.0127505144882285        1969749628798.9141       -6755.8369988007598       0.60079282402021872        2749.9707604836040        1.0549825760764007E-005   1.2488085622266520E-006
   1.0129670146159035        1954423029622.5842       -6769.0209255780937       0.59597598108591388        2749.3045111234242        1.0525929650941408E-005   1.2352874008182854E-006
   1.0131849554197525        1939089256319.7537       -6782.1632128209540       0.59116793618041918        2748.6788155094105        1.0501589440480146E-005   1.2219699463777639E-006
   1.0134043464865949        1923746146742.1270       -6795.2605639567428       0.58636901213144288        2748.0992363841415        1.0476784211655035E-005   1.2088655412267781E-006
   1.0136251974670467        1908406205739.4688       -6808.3099826110747       0.58157952252963607        2747.5503633656267        1.0451588006014890E-005   1.1959355816818106E-006
   1.0138475180759410        1893098650015.4119       -6821.3084076908353       0.57679973196204481        2746.9918291101167        1.0426186002432899E-005   1.1830874244237298E-006
   1.0140713180927581        1877867147415.5120       -6834.2522920130905       0.57202981530309915        2746.3604300580391        1.0400862987832861E-005   1.1701823402074093E-006
   1.0142966073620547        1862763538942.8225       -6847.1372273146490       0.56726982662814240        2745.5783419379140        1.0375964877127315E-005   1.1570564411229222E-006
   1.0145233957938966        1847837965100.4336       -6859.9577044283787       0.56251968784756623        2744.5672123134591        1.0351834981310168E-005   1.1435530739689096E-006
   1.0147516933642953        1833126099280.8308       -6872.7070771883582       0.55777920615813636        2743.2674341247198        1.0328728677305949E-005   1.1295640681971002E-006
   1.0149815101156467        1818634678573.2476       -6885.3778099348519       0.55304812733577891        2741.6610516407063        1.0306713555164724E-005   1.1150753541283072E-006
   1.0152128561571723        1804327126255.1287       -6897.9620688331424       0.54832622828697664        2739.7956675604869        1.0285566503373304E-005   1.1002103907989410E-006
   1.0154457416653648        1790111595605.2639       -6910.4527105520447       0.54361344701020087        2737.8057335243807        1.0264683384615725E-005   1.0852635526506070E-006
   1.0156801768844348        1775834030643.2996       -6922.8446727095325       0.53891004149465405        2735.9270891779288        1.0243019614532908E-005   1.0707160542561273E-006
   1.0159161721267620        1761278674306.0371       -6935.1366952991866       0.53421676200124257        2734.5008539249170        1.0219079879691803E-005   1.0572295222974841E-006
   1.0161537377733489        1746177758164.8552       -6947.3332243663981       0.52953501483591947        2733.9638842484028        1.0190971505711967E-005   1.0456164922012642E-006
   1.0163928842742773        1730230915104.5415       -6959.4461847178418       0.52486699183773489        2734.8248064331951        1.0156528444093138E-005   1.0367915321501480E-006
   1.0166336221491676        1713133431895.7820       -6971.4966103879951       0.52021573888579753        2737.6265414574955        1.0113503103322609E-005   1.0317093373035369E-006
   1.0168759619876417        1694611114286.3708       -6983.5152707489651       0.51558514123436761        2742.8976806189021        1.0059812863487869E-005   1.0312956361907158E-006
   1.0171199144497898        1674458257866.2168       -6995.5438689764178       0.51097980638022600        2751.0961263184799        9.9938179873988365E-006   1.0363738199409667E-006
   1.0173654902666371        1652573823381.1191       -7007.6331425911285       0.50640484631193272        2762.5498592292111        9.9145952581427973E-006   1.0475882890775636E-006
   1.0176127002406188        1628990016766.4409       -7019.8407636736993       0.50186555471082106        2777.4009368575753        9.8221629732809075E-006   1.0653214029100072E-006
   1.0178615552460524        1603887825214.7725       -7032.2295556914414       0.49736702110359876        2795.5596373044741        9.7176149271062022E-006   1.0896034660432090E-006
   1.0181120662296184        1577595190915.7781       -7044.8619898589886       0.49291370936430245        2816.6764111380749        9.6031278454827602E-006   1.1200274924500856E-006
   1.0183642442108400        1550566545037.4421       -7057.7962935012965       0.48850905515748261        2840.1381523014220        9.4818299738134733E-006   1.1559116671393161E-006
   1.0186181002825689        1523344912431.5107       -7071.0803300986590       0.48415513770391377        2865.0948603832067        9.3575387237359841E-006   1.1955921546214297E-006
   1.0188736456114731        1496510863792.7676       -7084.7456048393942       0.47985246424947997        2890.5196421379624        9.2343982959852674E-006   1.2370528692824891E-006
   1.0191308914385273        1470624758749.9663       -7098.8034588629889       0.47559990815080011        2915.3004963269486        9.1164654084915855E-006   1.2779085203743848E-006
   1.0193898490795090        1446169858569.7271       -7113.2423479711142       0.47139480905130815        2938.3558936971908        9.0072986450437012E-006   1.3156293505481801E-006
   1.0196505299254948        1423504598790.9314       -7128.0275237403021       0.46723322996050942        2958.7577270418315        8.9096104629228189E-006   1.3478671652974367E-006
   1.0199129454433618        1402831463512.0469       -7143.1031206201760       0.46311033675760482        2975.8389822411937        8.8250339405644476E-006   1.3727961546482507E-006
   1.0201771071762922        1384187379952.5388       -7158.3972037859130       0.45902085026306466        2989.2631701066725        8.7540385351480030E-006   1.3893778109022546E-006
   1.0204430267442812        1367456573352.7996       -7173.8286651687167       0.45495950721626677        2999.0401315326944        8.6960023643826335E-006   1.3974729253758352E-006
   1.0207107158446480        1352402278739.2957       -7189.3150824351651       0.45092146908003788        3005.4866496200616        8.6494181564374984E-006   1.3977729306684543E-006
   1.0209801862525505        1338709944282.7703       -7204.7799848250406       0.44690263083090542        3009.1450626644523        8.6121844602662685E-006   1.3915844306554438E-006
   1.0212514498215028        1326033130543.6667       -7220.1583191460577       0.44289980459435291        3010.6820132428329        8.5819230065942306E-006   1.3805420582309690E-006
   1.0215245184838964        1314034693852.7214       -7235.3994762638322       0.43891077661823769        3010.7892005292406        8.5562711462199811E-006   1.3663282032453544E-006
   1.0217994042515268        1302418620449.9219       -7250.4680012034023       0.43493425444864853        3010.1015693922245        8.5331158403880558E-006   1.3504534964307680E-006
   1.0220761192161196        1290950256486.6130       -7265.3424060875659       0.43096973239472031        3009.1412710328104        8.5107507059600789E-006   1.3341213687832724E-006
   1.0223546755498640        1279464563158.4993       -7280.0126116081201       0.42701730872741422        3008.2897383275358        8.4879499521570082E-006   1.3181755220235052E-006
   1.0226350855059474        1267863830384.7046       -7294.4766546995797       0.42307748790213690        3007.7851044481686        8.4639659734636191E-006   1.3031133389284796E-006
   1.0229173614190947        1256107624715.5547       -7308.7372762809309       0.41915099594248467        3007.7387950973261        8.4384679387250519E-006   1.2891419914683572E-006
   1.0232015157061114        1244198357443.6836       -7322.7989161511159       0.41523862862372796        3008.1637158688277        8.4114444928483692E-006   1.2762548957903808E-006
   1.0234875608664282        1232165711138.5625       -7336.6653452813289       0.41134114254888876        3009.0067770535375        8.3830939007455666E-006   1.2643108985762859E-006
   1.0237755094826528        1220052474203.7231       -7350.3383312596725       0.40745918993246866        3010.1799164573877        8.3537209842527242E-006   1.2531043343683909E-006
   1.0240653742211225        1207903387732.1304       -7363.8163906867121       0.40359329264917360        3011.5857112710842        8.3236536168154665E-006   1.2424194131570682E-006
   1.0243571678324608        1195757680836.0952       -7377.0952098630314       0.39974384343766434        3013.1355502216516        8.2931850177062881E-006   1.2320665108893972E-006
   1.0246509031521389        1183645191981.9695       -7390.1680173506975       0.39591112843563953        3014.7600836931833        8.2625422725905108E-006   1.2219012956968983E-006
   1.0249465931010404        1171585403850.5161       -7403.0255767760364       0.39209535542729090        3016.4129617182862        8.2318766259237641E-006   1.2118297849278022E-006
   1.0252442506860298        1159588548354.9851       -7415.6573023357651       0.38829668460251615        3018.0694764992591        8.2012698564083153E-006   1.2018033385816627E-006
   1.0255438890005235        1147657797379.3879       -7428.0516898763035       0.38451525393882302        3019.7222136177552        8.1707496014629071E-006   1.1918082032575539E-006
   1.0258455212250674        1135791768127.2073       -7440.1969126963513       0.38075119786769590        3021.3755083389838        8.1403077237581334E-006   1.1818533582823541E-006
   1.0261491606279156        1123986807889.5010       -7452.0811140971709       0.37700465846223685        3023.0400490985053        8.1099175962607539E-006   1.1719593062800220E-006
   1.0264548205656141        1112238753374.9248       -7463.6925152018266       0.37327579023818874        3024.7284854028344        8.0795477577707193E-006   1.1621493614879059E-006
   1.0267625144835890        1100544055765.2139       -7475.0193961607783       0.36956476024811408        3026.4524400112409        8.0491709080690305E-006   1.1524440202608925E-006
   1.0270722559167369        1088900318227.4681       -7486.0500149794880       0.36587174537772055        3028.2209278218761        8.0187684284881430E-006   1.1428582194576846E-006
   1.0273840584900218        1077306390590.7272       -7496.7725326272166       0.36219692851063173        3030.0399034988131        7.9883314324018857E-006   1.1334007897663529E-006
   1.0276979359190725        1065762186620.2916       -7507.1749281200146       0.35854049474138616        3031.9125691291333        7.9578595646632403E-006   1.1240752962832672E-006
   1.0280139020107877        1054268376088.0099       -7517.2449498134838       0.35490262826390606        3033.8400711447675        7.9273587228349455E-006   1.1148815183385262E-006
   1.0283319706639422        1042826064673.6979       -7526.9699880695753       0.35128351031229416        3035.8222922568430        7.8968385773207883E-006   1.1058170098569240E-006
   1.0286521558697985        1031436529507.6007       -7536.3372042008068       0.34768331784189566        3037.8585432494729        7.8663105000097459E-006   1.0968783970949703E-006
   1.0289744717127227        1020101039554.5115       -7545.3330442533852       0.34410222361839288        3039.9480645495564        7.8357860342786344E-006   1.0880622804027838E-006
   1.0292989323708039        1008820766562.4913       -7553.9444992147228       0.34054039493307009        3042.0902789055258        7.8052762292331709E-006   1.0793656554505584E-006
   1.0296255521164774        997596694561.56628       -7562.1573554279512       0.33699799694988408        3044.2851086189989        7.7747909233335733E-006   1.0707864393390639E-006
   1.0299543453171534        986429671304.45447       -7569.9562043093365       0.33347518937760695        3046.5328165079118        7.7443389372432219E-006   1.0623231448087996E-006
   1.0302853264358474        975320443872.21887       -7577.3261267183279       0.32997212971423118        3048.8339451661941        7.7139284361737554E-006   1.0539747695991530E-006
   1.0306185100318186        964269690442.62854       -7584.2513018919799       0.32648897214552236        3051.1892228580191        7.6835672527325461E-006   1.0457406157365860E-006
   1.0309539107612080        953278061845.72314       -7590.7155976796530       0.32302586794625687        3053.5994451288025        7.6532631682885827E-006   1.0376200888466400E-006
   1.0312915433776852        942346204768.82690       -7596.7023362496184       0.31958296550524501        3056.0654032613957        7.6230241572047244E-006   1.0296125818002573E-006
   1.0316314227330965        931474770906.05518       -7602.1942086224399       0.31616041017295027        3058.5878517004217        7.5928584621054591E-006   1.0217174254352236E-006
   1.0319735637781176        920664416902.22473       -7607.1732707046440       0.31275834422369597        3061.1675047234726        7.5627745965722906E-006   1.0139338883256410E-006
   1.0323179815629120        909915798342.39526       -7611.6210129903920       0.30937690666366208        3063.8050514072120        7.5327813124210000E-006   1.0062612036477991E-006
   1.0326646912377928        899229562595.22485       -7615.5182191190261       0.30601623334169342        3066.5011787271569        7.5028875359800959E-006   9.9869860828765651E-007
   1.0330137080538895        888606346060.03113       -7618.8452443613205       0.30267645645931640        3069.2565751813968        7.4731023515348143E-006   9.9124534754399653E-007
   1.0333650473638183        878046777677.92114       -7621.5819437477458       0.29935770506401982        3072.0719229176148        7.4434350773466091E-006   9.8390066804161081E-007
   1.0337187246223580        867551472365.58752       -7623.7073080404680       0.29606010466658861        3074.9479158077693        7.4138952021088129E-006   9.7666384422817779E-007
   1.0340747553871290        857121033138.69336       -7625.1996874709630       0.29278377743051448        3077.8852538204765        7.3844923969267643E-006   9.6953417215075246E-007
   1.0344331553192783        846756050159.19678       -7626.0367876011269       0.28952884201057216        3080.8846443744496        7.3552365342374217E-006   9.6251097220994737E-007
   1.0347939401841684        836457098889.68738       -7626.1956149170228       0.28629541357096566        3083.9468092707530        7.3260997478202363E-006   9.5559349802775465E-007
   1.0351571258520711        826224740659.49084       -7625.6533044802381       0.28308360341185473        3087.0724785862308        7.2970291562772907E-006   9.4878096228428808E-007
   1.0355227282988646        816059521017.07654       -7624.3862072840247       0.27989351999522494        3090.2624067701777        7.2681358094602715E-006   9.4207307224821728E-007
   1.0358907636067363        805961972790.68567       -7622.3691146870160       0.27672526734112352        3093.5173454855644        7.2394304792674420E-006   9.3546927426446032E-007
   1.0362612479648921        795932620796.11841       -7619.5763644287135       0.27357894587741727        3096.8380332737174        7.2109243029389336E-006   9.2896901741220876E-007
   1.0366341976702662        785971978183.37439       -7615.9815672475552       0.27045465229019228        3100.2252064787117        7.1826287093879474E-006   9.2257177047437683E-007
   1.0370096291282394        776080545916.93970       -7611.5575060744131       0.26735247946063884        3103.6795996091819        7.1545554522984036E-006   9.1627702446443664E-007
   1.0373875588533596        766258819916.62708       -7606.2762180370873       0.26427251647993977        3107.2019156328838        7.1267167023778899E-006   9.1008425608211480E-007
   1.0377680034700700        756507282185.61560       -7600.1089327668451       0.26121484854314508        3110.7928581171445        7.0991249732766352E-006   9.0399297374885354E-007
   1.0381509797134385        746826361773.52246       -7593.0258955854615       0.25817955710516127        3114.4532949865206        7.0717927559871609E-006   8.9800293221181919E-007
   1.0385365044298951        737216434182.13306       -7584.9961790720463       0.25516672010766356        3118.1842747175165        7.0447325318596538E-006   8.9211414642100848E-007
   1.0389245945779719        727677893788.84595       -7575.9876682867762       0.25217641137541336        3121.9867204484203        7.0179575363452393E-006   8.8632649139252094E-007
   1.0393152672290509        718211155862.20569       -7565.9676272108545       0.24920870177573162        3125.8614255758516        6.9914817981026597E-006   8.8063971528828719E-007
   1.0397085395681120        708816602906.43433       -7554.9022701735294       0.24626365820229079        3129.8092669795574        6.9653196017955167E-006   8.7505370909154563E-007
   1.0401044288944921        699494590885.63440       -7542.7564331388558       0.24334134367155105        3133.8311836528783        6.9394855996704344E-006   8.6956847880818802E-007
   1.0405029526226441        690245448091.68616       -7529.4937342052399       0.24044181768940798        3137.9281902339931        6.9139948370121371E-006   8.6418416320599710E-007
   1.0409041282829037        681069474658.17102       -7515.0765348562300       0.23756513596399820        3142.1013799836569        6.8888627494101432E-006   8.5890103460658749E-007
   1.0413079735222592        671966942451.37219       -7499.4655096030128       0.23471135096182569        3146.3519374736898        6.8641052498314068E-006   8.5371951613959891E-007
   1.0417145061051305        662938104280.82886       -7482.6211909142730       0.23188051085070543        3150.6810860770747        6.8397387844311059E-006   8.4864011110148412E-007
   1.0421237439141475        653983178949.08557       -7464.5018200795330       0.22907266184954331        3155.0901939814344        6.8157801490984234E-006   8.4366354372614712E-007
   1.0425357049509389        645102350008.17261       -7445.0632814888841       0.22628784522818934        3159.5807478175107        6.7922466621067829E-006   8.3879070587010948E-007
   1.0429504073369229        636295794527.70740       -7424.2611336193440       0.22352609974790114        3164.1542518861424        6.7691564451629367E-006   8.3403812204846689E-007
   1.0433678693141049        627563672935.36768       -7402.0492529780195       0.22078746041415601        3168.8122609573629        6.7465282932990379E-006   8.2941410856385955E-007
   1.0437881092458796        618906126934.53271       -7378.3801469329255       0.21807195904544302        3173.5564013116468        6.7243817256243929E-006   8.2489738624028427E-007
   1.0442111456178387        610323282803.75452       -7353.2045686825340       0.21537962368482641        3178.3883485264582        6.7027370548510201E-006   8.2048925312580186E-007
   1.0446369970385838        601815258774.65137       -7326.4717066610356       0.21271047907271368        3183.3097974491266        6.6816155215996243E-006   8.1619107930361626E-007
   1.0450656822405471        593382169772.94141       -7298.1291810277626       0.21006454621613355        3188.3224296159506        6.6610393830864343E-006   8.1200427231808433E-007
   1.0454972200808117        585024139951.37781       -7268.1229711721689       0.20744184280816008        3193.4278482149234        6.6410320870457513E-006   8.0793021424394892E-007
   1.0459316295419443        576741301176.09351       -7236.3969238929576       0.20484238282673237        3198.6275717863605        6.6216183234452521E-006   8.0397026148741109E-007
   1.0463689297328282        568533797003.14490       -7202.8930037066157       0.20226617661818705        3203.9230043690618        6.6028241390715100E-006   8.0012572225384211E-007
   1.0468091398895056        560401781214.63379       -7167.5511406293817       0.19971323074942349        3209.3154303575429        6.5846769716216377E-006   7.9639786041484347E-007
   1.0472522793760222        552345413543.02759       -7130.3091134258302       0.19718354792276327        3214.8060265580730        6.5672056649682169E-006   7.9278791794101671E-007
   1.0476983676852791        544364853677.92426       -7091.1024228042224       0.19467712690742159        3220.3958862026930        6.5504404619306225E-006   7.8929714919745676E-007
   1.0481474244398921        536460256079.28143       -7049.8641600931423       0.19219396248261628        3226.0860410196410        6.5344130052427191E-006   7.8592685097416291E-007
   1.0485994693930525        528631764448.46027       -7006.5249118444153       0.18973404543509065        3231.8774887924678        6.5191563344642465E-006   7.8267839786357637E-007
   1.0490545224293970        520879500018.20148       -6961.0127595037729       0.18729736256535431        3237.7712624085339        6.5047047992186166E-006   7.7955331815140352E-007
   1.0495126035658833        513203544512.58417       -6913.2531222248044       0.18488389682877018        3243.7685420180633        6.4910939065424570E-006   7.7655341092862359E-007
   1.0499737329526688        505603928824.21143       -6863.1689849238610       0.18249362729576299        3249.8707386052652        6.4783601944020483E-006   7.7368082753640152E-007
   1.0504379308739982        498080620473.62250       -6810.6798784083921       0.18012652981340779        3256.0796063637408        6.4665411208336193E-006   7.7093818331835206E-007
   1.0509052177490954        490633517472.41461       -6755.7027814135918       0.17778257635015371        3262.3972992276795        6.4556750214896052E-006   7.6832859966121022E-007
   1.0513756141330624        483262441360.65692       -6698.1519806934884       0.17546173653768746        3268.8264789440536        6.4458009659931158E-006   7.6585581086405741E-007
   1.0518491407177815        475967125518.29315       -6637.9376444140053       0.17316397713052042        3275.3704260423033        6.4369586323559286E-006   7.6352425570876729E-007
   1.0523258183328283        468747212192.98212       -6574.9668973806001       0.17088926277661967        3282.0331253460636        6.4291882511731937E-006   7.6133914996887996E-007
   1.0528056679463860        461602248287.94983       -6509.1427126961325       0.16863755667219202        3288.8193650942849        6.4225305300199937E-006   7.5930657023920823E-007
   1.0532887106661679        454531701293.65247       -6440.3657183565720       0.16640882013709815        3295.7346772026394        6.4170267721722262E-006   7.5743337473164407E-007
   1.0537749677403463        447534946069.08838       -6368.5314424929811       0.16420301484738170        3302.7855370867110        6.4127186090686187E-006   7.5572739739964834E-007
   1.0542644605584877        440611268748.32507       -6293.5301930370370       0.16202010084900206        3309.9793676561972        6.4096480966937382E-006   7.5419741967651788E-007
   1.0547572106524925        433759900229.37231       -6215.2496131980179       0.15986003880948049        3317.3244036019346        6.4078580327258855E-006   7.5285304609565284E-007
   1.0552532396975429        426980016302.05359       -6133.5721959541406       0.15772278949270124        3324.8297383484401        6.4073918512734748E-006   7.5170473807859383E-007
   1.0557525695130563        420270756199.63629       -6048.3761929439606       0.15560831415636203        3332.5052479465180        6.4082938458231811E-006   7.5076374313140557E-007
   1.0562552220636452        413631242270.95959       -5959.5353156858882       0.15351657480218853        3340.3614918031344        6.4106093426776868E-006   7.5004200730984787E-007
   1.0567612194600828        407060597583.19305       -5866.9184992327864       0.15144753405518849        3348.4096089175096        6.4143848847577097E-006   7.4955208759131194E-007
   1.0572705839602761        400557965048.60919       -5770.3898621967701       0.14940115523360123        3356.6611922087059        6.4196684401198759E-006   7.4930705278947296E-007
   1.0577833379702448        394122522054.55481       -5669.8083697512538       0.14737740223997772        3365.1281813240371        6.4265095590462953E-006   7.4932040671379507E-007
   1.0582995040451073        387753494809.89594       -5565.0277672852044       0.14537623937486621        3373.8227427700112        6.4349595413294627E-006   7.4960600493744711E-007
   1.0588191048900724        381450171871.76672       -5455.8964433088686       0.14339763110736800        3382.7571417204767        6.4450716056712708E-006   7.5017796926966930E-007
   1.0593421633614384        375211915805.96271       -5342.2577101120505       0.14144154161806421        3391.9436099103955        6.4569010191179108E-006   7.5105060200691015E-007
   1.0598687024675975        369038173688.32178       -5223.9486547650113       0.13950793477821408        3401.3942193800272        6.4705052523546494E-006   7.5223831276577097E-007
   1.0603987453700496        362928491581.10571       -5100.8009336887399       0.13759677295915052        3411.1206752857320        6.4859442190765163E-006   7.5375546604829360E-007
   1.0609323153844201        356882523037.83826       -4972.6405456479069       0.13570801743363145        3421.1341823225562        6.5032803889280598E-006   7.5561631152477259E-007
   1.0614694359814851        350900007786.31769       -4839.2861247443216       0.13384162720090856        3431.4455467178836        6.5225784779688403E-006   7.5783511252173647E-007
   1.0620101307882048        344980769597.09381       -4700.5492668102042       0.13199755898240578        3442.0651323869779        6.5439054354926391E-006   7.6042615143816977E-007
   1.0625544235887627        339124714099.71466       -4556.2336958965489       0.13017576669303751        3453.0027997254888        6.5673304061475804E-006   7.6340371401371293E-007
   1.0631023383256111        333331831103.71478       -4406.1350135505700       0.12837620109145897        3464.2677967798477        6.5929247959368289E-006   7.6678203102347769E-007
   1.0636538991005240        327602188221.50366       -4250.0406052846947       0.12659880917332211        3475.8687238506850        6.6207621706253991E-006   7.7057528095266980E-007
   1.0642091301756598        321935914442.30212       -4087.7284555805604       0.12484353399342148        3487.8136168621504        6.6509180131186491E-006   7.7479770047911529E-007
   1.0647680559746253        316333188173.87103       -3918.9689394426136       0.12311031353277790        3500.1099676186946        6.6834694745976068E-006   7.7946362485750723E-007
   1.0653307010835520        310794203439.37671       -3743.5216513998462       0.12139908196883432        3512.7650655027060        6.7184946979953093E-006   7.8458783969455263E-007
   1.0658970902521767        305319163946.12360       -3561.1349728512146       0.11970976761479145        3525.7859662011783        6.7560727135566684E-006   7.9018556219150780E-007
   1.0664672483949313        299908281588.12341       -3371.5493399575030       0.11804229412421227        3539.1795045312438        6.7962832884814417E-006   7.9627249530629873E-007
   1.0670412005920376        294561764528.15277       -3174.4947384363859       0.11639657974841129        3552.9523755391428        6.8392065665063766E-006   8.0289251259293219E-007
   1.0676189720906106        289279812124.75024       -2969.6923467287497       0.11477253728387629        3567.1111656792359        6.8849228416246937E-006   8.1009035989761125E-007
   1.0682005883057704        284062588846.74188       -2756.8522636470902       0.11317007453848997        3581.6626700327774        6.9335118327628543E-006   8.1783393217515676E-007
   1.0687860748217579        278910220669.52203       -2535.6725103767872       0.11158909384673699        3596.6139337201198        6.9850524339506166E-006   8.2614260907205445E-007
   1.0693754573930629        273822796139.19519       -2305.8406387693594       0.11002949264438416        3611.9722724170342        7.0396224773290456E-006   8.3503691158790610E-007
   1.0699687619455549        268800360367.46814       -2067.0317533198563       0.10849116375246826        3627.7453800973794        7.0972983263177753E-006   8.4453865585151477E-007
   1.0705660145776241        263842912280.92703       -1818.9093702185312       0.10697399518276615        3643.9413898266871        7.1581545311936341E-006   8.5467106486321245E-007
   1.0711672415613296        258950411493.82327       -1561.1250931801085       0.10547787098958172        3660.5688427405830        7.2222636377340612E-006   8.6545881383800231E-007
   1.0717724693435553        254122772624.66620       -1293.3172500251067       0.10400267096554974        3677.6367905253201        7.2896957277017644E-006   8.7692819477062117E-007
   1.0723817245471727        249359836874.15604       -1015.1113466275337       0.10254827119437163        3695.1552781658879        7.3605173398083849E-006   8.8910767381563278E-007
   1.0729950339722130        244661370228.32895       -726.11937405415551       0.10111454437350212        3713.1354827025739        7.4347908987282554E-006   9.0202814208418430E-007
   1.0736124245970435        240027094036.58636       -425.93974551801563        9.9701360183747298E-002   3731.5893671896661        7.5125749568604407E-006   9.1572270783508425E-007
   1.0742339235795582        235456694466.80450       -114.15685961284203        9.8308585519138542E-002   3750.5296075989122        7.5939239625613488E-006   9.3022675531545960E-007
   1.0748595582583684        230949827122.36984        209.65929532446629        9.6936084681828641E-002   3769.9695821882297        7.6788879195956880E-006   9.4557807456119138E-007
   1.0754893561540091        226506122834.69016        545.95311792474058        9.5583719671060427E-002   3789.9233398144347        7.7675120784360819E-006   9.6181698415019147E-007
   1.0761233449701457        222125193411.40399        895.18329306668215        9.4251350416871424E-002   3810.4055582995215        7.8598366322213234E-006   9.7898645387927923E-007
   1.0767615525947958        217806634275.46915        1257.8226279709195        9.2938834530502459E-002   3831.4315275954968        7.9558963209831000E-006   9.9713225662842037E-007
   1.0774040071015545        213550028320.56454        1634.3584480599905        9.1646027454291082E-002   3853.0171227441028        8.0557201150031112E-006   1.0163031284913617E-006
   1.0780507367508292        209354952397.30423        2025.2891492590743        9.0372781902416890E-002   3875.1786908106837        8.1593309385709563E-006   1.0365508329777749E-006
   1.0787017699910839        205220980556.15717        2431.1265830617722        8.9118949001409584E-002   3897.9330540183751        8.2667453140285118E-006   1.0579303901339373E-006
   1.0793571354600886        201147678391.27460        2852.3961626485143        8.7884376854336019E-002   3921.2975677917084        8.3779728108405289E-006   1.0805003323218126E-006
   1.0800168619861810        197134622743.18518        3289.6329998576462        8.6668911736931961E-002   3945.2898028780469        8.4930162768601713E-006   1.1043226004738599E-006
   1.0806809785895333        193181409187.02463        3743.3844184750042        8.5472397650825468E-002   3969.9273460182403        8.6118717928646299E-006   1.1294630097048198E-006
   1.0813495144834298        189287648179.09338        4214.2080578529285        8.4294676352428599E-002   3995.2278301625252        8.7345283232699319E-006   1.1560190250784377E-006
   1.0820224990755509        185452973212.63281        4702.6717024773907        8.3135587586855880E-002   4021.2087220109138        8.8609677940975522E-006   1.1840600434464086E-006
   1.0826999619692674        181677029628.80447        5209.3547234218631        8.1994968933850138E-002   4047.8874856084817        8.9911645225579790E-006   1.2136422761961882E-006
   1.0833819329649423        177959480517.28036        5734.8479781855785        8.0872655784238245E-002   4075.2813938921481        9.1250853544865943E-006   1.2448467902837408E-006
   1.0840684420612416        174300010170.79150        6279.7508731893286        7.9768481005430408E-002   4103.4073522656136        9.2626897691850393E-006   1.2777586596404509E-006
   1.0847595194564548        170698319257.16275        6844.6703929834221        7.8682275137470906E-002   4132.2819242932419        9.4039296816358874E-006   1.3124671934670341E-006
   1.0854551955498219        167154134909.27078        7430.2205851542731        7.7613865847684746E-002   4161.9209576573221        9.5487499936650074E-006   1.3490656084363898E-006
   1.0861555009428716        163667205997.85498        8037.0204197145231        7.6563077878742669E-002   4192.3395571520859        9.6970886084571200E-006   1.3876511259017450E-006
   1.0868604664407673        160237294154.58884        8665.6932117825381        7.5529732943212607E-002   4223.5521705928513        9.8488762490567914E-006   1.4283252190601606E-006
   1.0875701230536614        156864172062.04260        9316.8661214489475        7.4513649870351140E-002   4255.5725178741659        1.0004036650595939E-005   1.4711936579452735E-006
   1.0882845019980603        153547625075.21844        9991.1697698274711        7.3514644768447240E-002   4288.4134245186715        1.0162487009425329E-005   1.5163664095937189E-006
   1.0890036346981973        150287452090.78571        10689.236612335650        7.2532531006985243E-002   4322.0866459195231        1.0324138511679682E-005   1.5639575021517938E-006
   1.0897275527874144        147083463821.66196        11411.698014187847        7.1567118938161048E-002   4356.6027325237037        1.0488896823339141E-005   1.6140849331616124E-006
   1.0904562881095547        143935478566.39929        12159.179039085513        7.0618215166822193E-002   4391.9709333226965        1.0656662460257758E-005   1.6668706337880784E-006
   1.0911898727203619        140843318016.75879        12932.296847199890        6.9685622375872849E-002   4428.1991336146075        1.0827331238590193E-005   1.7224405499228022E-006
   1.0919283388888918        137806803088.82297        13731.651790787249        6.8769137828560575E-002   4465.2937123095307        1.1000794526890629E-005   1.7809246118679750E-006
   1.0926717190989306        134825721565.44632        14557.852003220696        6.7868557601217239E-002   4503.2607103005139        1.1176937846893034E-005   1.8420582660574506E-006
   1.0934200460504244        131899848221.68234        15411.503716565530        6.6983670805854045E-002   4542.1047475030400        1.1355642894318589E-005   1.9062924027831229E-006
   1.0941733526609181        129028985404.40948        16293.190488893537        6.6114267428440579E-002   4581.8279850602476        1.1536791094111576E-005   1.9737766960798949E-006
   1.0949316720670015        126212924549.49643        17203.496773222701        6.5260135464317304E-002   4622.4310013240583        1.1720261983973969E-005   2.0446501951289112E-006
   1.0956950376257693        123451445485.49821        18142.999324134271        6.4421061908823574E-002   4663.9127362143063        1.1905934281163815E-005   2.1190583024902266E-006
   1.0964634829162865        120744321239.64671        19112.261558668943        6.3596831860087660E-002   4706.2700892879748        1.2093687222265288E-005   2.1971536124804424E-006
   1.0972370417410673        118091313066.15582        20111.825712549627        6.2787227800628259E-002   4749.4978698501891        1.2283401259495143E-005   2.2790978178006269E-006
   1.0980157481275599        115492161702.28505        21142.202502565113        6.1992028490429597E-002   4793.5888920371708        1.2474958285609139E-005   2.3650643833379612E-006
   1.0987996363296446        112946573225.72597        22203.869581748531        6.1211009527004021E-002   4838.5344801823903        1.2668241172322958E-005   2.4552427727487881E-006
   1.0995887408291409        110454230841.61240        23297.271829214173        6.0443942715276110E-002   4884.3238603518103        1.2863135599843053E-005   2.5498408274711740E-006
   1.1003830963373238        108014797682.93697        24422.813248547754        5.9690597100094722E-002   4930.9439980861207        1.3059531164610098E-005   2.6490885127515491E-006
   1.1011827377964500        105627922907.04747        25580.867284174255        5.8950740182227374E-002   4978.3792859351279        1.3257323001149948E-005   2.7532415995178399E-006
   1.1019877003812959        103293246479.27765        26771.768238844339        5.8224137593390450E-002   5026.6111214509428        1.3456412875715790E-005   2.8619805050724931E-006
   1.1027980195007043        101010198481.18286        27995.914993466304        5.7510559757239864E-002   5075.6282797692447        1.3656688361264161E-005   2.9746366520414773E-006
   1.1036137307991427        98778350800.473999        29253.643342072435        5.6809765608837520E-002   5125.4088473555394        1.3858061036583009E-005   3.0927955445268890E-006
   1.1044348701582705        96597303131.554291        30545.147012390014        5.6121524498137253E-002   5175.9268265653618        1.4060456419486040E-005   3.2168044587854936E-006
   1.1052614736985180        94466648802.725372        31870.595653881719        5.5445600859455844E-002   5227.1521874171394        1.4263811431986333E-005   3.3470432847038177E-006
   1.1060935777806740        92385965813.418289        33230.083242906607        5.4781760077676128E-002   5279.0516778041492        1.4468075195372731E-005   3.4839264387385498E-006
   1.1069312190074871        90354827228.914062        34623.639795842188        5.4129766117365433E-002   5331.5878651746280        1.4673211242587248E-005   3.6278972767150723E-006
   1.1077744342252749        88372799482.084885        36051.217251311056        5.3489382920357952E-002   5384.7191459149826        1.4879198725105806E-005   3.7794574954669863E-006
   1.1086232605255437        86439439609.423203        37512.680978964425        5.2860374191047860E-002   5438.3996954789536        1.5086033189958544E-005   3.9391461854944955E-006
   1.1094777352466221        84554282242.487961        39007.807780023635        5.2242504401592560E-002   5492.5802403641001        1.5293725583548218E-005   4.1073706863647438E-006
   1.1103378959753021        82716851864.155502        40536.307567452663        5.1635539512654580E-002   5547.2073097603807        1.5502305208187420E-005   4.2846198864243745E-006
   1.1112037805484929        80926659688.748840        42097.755214439800        5.1039240814076639E-002   5602.2226667881932        1.5711819074819829E-005   4.4713633789742412E-006
   1.1120754270548852        79183126192.083130        43691.827502264445        5.0453387791946802E-002   5657.5711982958583        1.5922319252080350E-005   4.6645608369275257E-006
   1.1129528738366268        77485283725.235794        45318.367769417586        4.9877740874857114E-002   5713.2193564062090        1.6133809902799895E-005   4.8653854556463568E-006
   1.1138361594910091        75832569676.575378        46976.897694095729        4.9312065609826185E-002   5769.1024796378088        1.6346380260292227E-005   5.0761762899579685E-006
   1.1147253228721647        74224384079.345947        48666.742358706389        4.8756140260280113E-002   5825.1553662530696        1.6560133065986856E-005   5.2971933535676017E-006
   1.1156204030927768        72660090928.785629        50387.207963474131        4.8209739213919918E-002   5881.3106482839230        1.6775184755693367E-005   5.5286311206188924E-006
   1.1165214395257996        71139033374.429916        52137.516622610332        4.7672641184044379E-002   5937.4988801303189        1.6991668631676871E-005   5.7706125270527325E-006
   1.1174284718061906        69660521987.698257        53916.846897072770        4.7144626098988666E-002   5993.6494275533132        1.7209731748364370E-005   6.0231865526663385E-006
   1.1183415398326535        68223823329.480675        55724.327016657408        4.6625477413610367E-002   6049.6922043149298        1.7429531583423644E-005   6.2863336133628470E-006
   1.1192606837693935        66828157854.536461        57559.044945326379        4.6114981381751588E-002   6105.5584348820357        1.7651233700060922E-005   6.5599684238342252E-006
   1.1201859440478839        65472712564.945557        59420.074240780348        4.5612928517688972E-002   6161.1804254530043        1.7875012818977925E-005   6.8439395397918532E-006
   1.1211173613686447        64156642571.853592        61306.465993768361        4.5119110330304531E-002   6216.4916228470629        1.8101051293321026E-005   7.1380298148818875E-006
   1.1220549767030339        62879063042.888786        63217.313866036966        4.4633323164668226E-002   6271.4285800966445        1.8329535314448104E-005   7.4419709398154825E-006
   1.1229988312950476        61639079625.870880        65151.746656442170        4.4155364124975567E-002   6325.9281522793426        1.8560657710396818E-005   7.7522263752975488E-006
   1.1239489666631368        60435076754.018295        67109.729199283945        4.3685056765167783E-002   6380.0055552401836        1.8794426268256790E-005   8.0640099918654260E-006
   1.1249054246020314        59266048418.636116        69091.040921604334        4.3222170017839324E-002   6433.6114128642585        1.9031002480480297E-005   8.3840586329366844E-006
   1.1258682471845800        58130993398.508972        71094.698969392717        4.2766541235354359E-002   6486.7075052780183        1.9270551470228962E-005   8.7120709350805606E-006
   1.1268374767636005        57028921233.515442        73120.039827027111        4.2317986782052168E-002   6539.2536082116976        1.9513240159069543E-005   9.0476880441493853E-006
   1.1278131559737434        55958845068.645569        75166.306599380739        4.1876338131223510E-002   6591.2138607262705        1.9759238535780529E-005   9.3905506762761697E-006
   1.1287953277333655        54919765930.646385        77232.834295423963        4.1441426282797358E-002   6642.5566728489994        2.0008711813750486E-005   9.7402982397766435E-006
   1.1297840352464201        53910687440.410789        79318.980495697338        4.1013087954187594E-002   6693.2544813718314        2.0261823851718519E-005   1.0096573461146219E-005
   1.1307793220043560        52930606557.151108        81424.155254394063        4.0591163769253570E-002   6743.2850229584992        2.0518732325846681E-005   1.0459036742770897E-005
   1.1317812317880316        51978520918.807365        83547.811047410461        4.0175500508482856E-002   6792.6313070524993        2.0779589421121986E-005   1.0827372753872522E-005
   1.1327898086696395        51053441263.754860        85689.444463464388        3.9765950452849440E-002   6841.2803264031509        2.1044544715217384E-005   1.1201284495990048E-005
   1.1338050970146463        50154400140.724937        87848.583599750331        3.9362371515557139E-002   6889.2221497988457        2.1313747519215185E-005   1.1580489171104882E-005
   1.1348271414837428        49280448461.188766        90024.816379064156        3.8964627712777700E-002   6936.4505740862014        2.1587345414987108E-005   1.1964727952098099E-005
   1.1358559870348106        48430649846.224701        92217.738621358396        3.8572584635546997E-002   6982.9632535109386        2.1865480907664746E-005   1.2353769307870864E-005
   1.1368916789248982        47604093543.068245        94427.124661227615        3.8186121571353253E-002   7028.7622020377366        2.2148297672586510E-005   1.2747425319159707E-005
   1.1379342627122118        46799894872.256271        96652.444437227925        3.7805092432126979E-002   7073.8465955172323        2.2435934912506716E-005   1.3145459036603879E-005
   1.1389837842581201        46016869673.746300        98894.573521137339        3.7429439084053967E-002   7118.2828890287556        2.2728387629922823E-005   1.3535668844258873E-005
   1.1400402897291704        45253851327.618912        101154.92062240043        3.7058968945998277E-002   7162.1199706056541        2.3025629974376292E-005   1.3928654729111751E-005
   1.1411038255991213        44510053601.110497        103433.09779774799        3.6693594706083278E-002   7205.3764469757434        2.3327783893560762E-005   1.4326313318753947E-005
   1.1421744386509853        43784796940.717476        105728.90430384765        3.6333217170200417E-002   7248.0570939561176        2.3635005492729711E-005   1.4728607721200562E-005
   1.1432521759790872        43077402669.530594        108042.13453206251        3.5977741102730637E-002   7290.1717196160071        2.3947446270476590E-005   1.5135565887831335E-005
   1.1443370849911358        42387215475.546745        110372.57867798756        3.5627075815256481E-002   7331.7317687426375        2.4265263014195739E-005   1.5547247523124486E-005
   1.1454292134103095        41713614086.104622        112720.05593102695        3.5281133299416893E-002   7372.7479778522174        2.4588624537360134E-005   1.5963716206990601E-005
   1.1465286092773552        41055999055.000824        115084.38596498365        3.4939829725258512E-002   7413.2324842593152        2.4917707289306959E-005   1.6385067228511420E-005
   1.1476353209527015        40413793284.248520        117465.39345313047        3.4603084478333261E-002   7453.1984007246938        2.5252696763731464E-005   1.6811424347700030E-005
   1.1487493971185863        39786449154.777390        119862.89902780714        3.4270820341204711E-002   7492.6583825644339        2.5593793102201531E-005   1.7242922884192571E-005
   1.1498708867811982        39173445331.929550        122276.72786459063        3.3942963016244443E-002   7531.6248127233557        2.5941211485171292E-005   1.7679712186912059E-005
   1.1509998392728313        38574280482.425148        124706.71269643474        3.3619441176273059E-002   7570.1107407581694        2.6295180528553727E-005   1.8121969964017103E-005
   1.1521363042540571        37988472302.712524        127152.69243649232        3.3300186561463684E-002   7608.1299275162201        2.6655943503293344E-005   1.8569905657418273E-005
   1.1532803317159075        37415560221.608490        129614.50465303668        3.2985134024716971E-002   7645.6961604245371        2.7023762035793976E-005   1.9023752988975382E-005
   1.1544319719820739        36855106433.472870        132091.98049496504        3.2674221178142865E-002   7682.8227402179364        2.7398919200118539E-005   1.9483763419246462E-005
   1.1555912757111213        36306693888.186867        134584.94919711654        3.2367387638203404E-002   7719.5224568466347        2.7781720834433884E-005   1.9950205921673634E-005
   1.1567582938987164        35769923257.600273        137093.25284398437        3.2064574222751767E-002   7755.8077882737616        2.8172496138191729E-005   2.0423370293502584E-005
   1.1579330778798713        35244410843.709381        139616.75403733255        3.1765722435958370E-002   7791.6910108402381        2.8571598823849988E-005   2.0903569736213149E-005
   1.1591156793312007        34729788574.907059        142155.34360144640        3.1470775746572956E-002   7827.1843219358361        2.8979410066243909E-005   2.1391146037249133E-005
   1.1603061502731966        34225702248.002354        144708.88227817207        3.1179678189996753E-002   7862.2997021690990        2.9396339649578863E-005   2.1886467670180035E-005
   1.1615045430725142        33731819167.749348        147277.33964200001        3.0892382019898901E-002   7897.0489318925293        2.9822836561921339E-005   2.2389941430004396E-005
   1.1627109104442779        33247805710.680176        149860.40375416630        3.0608820523765630E-002   7931.4416077920059        3.0259368954873888E-005   2.2901943988864101E-005
   1.1639253054543990        32773232282.640038        152459.10393092438        3.0328982901666510E-002   7965.5266410496251        3.0706345887889152E-005   2.3413407865623966E-005
   1.1651477815219093        32307445139.790359        155075.67486854037        3.0052762878474810E-002   7999.3863102836604        3.1163992339463090E-005   2.3930681324008631E-005
   1.1663783924213125        31850182909.646812        157710.10738232499        2.9780105054576910E-002   8033.0282915421712        3.1632887533222518E-005   2.4459766472542849E-005
   1.1676171922849483        31401294808.660931        160361.69417652077        2.9510987124996634E-002   8066.4432684617132        3.2113748536865632E-005   2.5001023405192118E-005
   1.1688642356053744        30960593072.766254        163030.12778554350        2.9245367563728523E-002   8099.6260773276272        3.2607309002927319E-005   2.5554888107027951E-005
   1.1701195772377626        30527877878.048477        165714.96958426453        2.8983212926602001E-002   8132.5773221930003        3.3114345744033347E-005   2.6121956738618020E-005
   1.1713832724023132        30102954187.057144        168415.90251331500        2.8724485990278530E-002   8165.2960708929158        3.3635695991929073E-005   2.6702826910297725E-005
   1.1726553766866825        29685632556.651958        171132.64289528856        2.8469151329814365E-002   8197.7810446492440        3.4172263992004246E-005   2.7298131445767013E-005
   1.1739359460484295        29275718204.534256        173865.00347689624        2.8217172915109341E-002   8230.0327825484856        3.4725013685095778E-005   2.7908586360577817E-005
   1.1752250368174757        28873012149.272808        176612.86634984365        2.7968515173946534E-002   8262.0537378271438        3.5294973471898053E-005   2.8535003095603408E-005
   1.1765227056985843        28477314856.279732        179376.18694381401        2.7723142217984477E-002   8293.8471239100309        3.5883243985797835E-005   2.9178268521092234E-005
   1.1778290097738540        28088428327.179859        182154.98523532233        2.7481017503764079E-002   8325.4162105229698        3.6491005044522722E-005   2.9839332964515995E-005
   1.1791440065052303        27706152952.816528        184949.35673029980        2.7242104024030461E-002   8356.7652228418101        3.7119516595409172E-005   3.0519237260178786E-005
   1.1804677537370323        27330288315.904003        187759.48049898652        2.7006364132695054E-002   8387.8990569027756        3.7770124128653068E-005   3.1219111948635407E-005
   1.1818003096984981        26960633731.851852        190585.62163954825        2.6773760390593166E-002   8418.8233596443370        3.8444264007094052E-005   3.1940187219855811E-005
   1.1831417330063461        26596988702.652370        193428.14261845613        2.6544255331983756E-002   8449.5442966594783        3.9143468732604910E-005   3.2683792861802090E-005
   1.1844920826673526        26239153392.674469        196287.50554192817        2.6317811611925909E-002   8480.0684145277100        3.9869372352986857E-005   3.3451360595179396E-005
   1.1858514180809481        25886928405.654423        199164.28032796041        2.6094391643032525E-002   8510.4025440213081        4.0623714767260997E-005   3.4244425896369806E-005
   1.1872197990418303        25540114539.408340        202059.14871978736        2.5873957494815514E-002   8540.5537935294851        4.1408345729734623E-005   3.5064632231836276E-005
   1.1885972857425942        25198512640.631184        204972.91072193469        2.5656470799968203E-002   8570.5295171870530        4.2225228586940503E-005   3.5913734093419333E-005
   1.1899839387763793        24861923531.694801        207906.49223079099        2.5441892675918430E-002   8600.3372679441036        4.3076443635686976E-005   3.6793598885295649E-005
   1.1913798191395355        24530147950.527767        210860.95324236437        2.5230183642835125E-002   8629.9847483292724        4.3964190886284834E-005   3.7706207765820235E-005
   1.1927849882343069        24202986448.397896        213837.49797486086        2.5021303520532164E-002   8659.4797727982441        4.4890791981047338E-005   3.8653655627486028E-005
   1.1941995078715311        23880239244.268421        216837.48685111292        2.4815211324915189E-002   8688.8302520296456        4.5858691077816257E-005   3.9638150443824826E-005
   1.1956234402733597        23561706091.036278        219862.45044366346        2.4611865222335279E-002   8718.0442035553169        4.6870454610112139E-005   4.0662012190945788E-005
   1.1970568480759942        23247186137.653126        222914.10010069088        2.4411222503332268E-002   8747.1297841504438        4.7928769680679081E-005   4.1727671024668789E-005
   1.1984997943324425        22936477960.745712        225994.33681213489        2.4213239792176683E-002   8776.0953603423295        4.9036441246839559E-005   4.2837665893302775E-005
   1.1999523425152911        22629379511.303009        229105.25492371307        2.4017872957298968E-002   8804.9495212673501        5.0196387299343047E-005   4.3994638522131313E-005
   1.2014145565194982        22325686925.495220        232249.16551156086        2.3825076444987339E-002   8833.7013225149076        5.1411629136366023E-005   4.5201332021520578E-005
   1.2028865006652043        22025198650.453846        235428.67074844605        2.3634802530154240E-002   8862.3585328340650        5.2685291842897445E-005   4.6460509340472799E-005
   1.2043682397005604        21727690651.270901        238646.66968506816        2.3446994526943560E-002   8890.9346223542434        5.4020529168839513E-005   4.7775187880528080E-005
   1.2058598388045767        21432981426.500797        241906.79888716014        2.3261599152690892E-002   8919.4286043365846        5.5420664354554721E-005   4.9143399074401645E-005
   1.2073613635899909        21140496029.740471        245215.96730209282        2.3078561206885451E-002   8947.9945391073234        5.6887980605483654E-005   5.0564299506471252E-005
   1.2088728801061532        20850064313.451595        248579.19546026902        2.2897745309614970E-002   8976.6033324025793        5.8425763830401134E-005   5.2052912049412064E-005
   1.2103944548419314        20561634012.863628        251997.78930443377        2.2719160512591846E-002   9005.2320855428352        6.0037673682417057E-005   5.3611241723049589E-005
   1.2119261547286362        20275069066.287449        255475.63328088418        2.2542742898279317E-002   9033.8626307867526        6.1727149687016472E-005   5.5241028986868903E-005
   1.2134680471429655        19990211579.414410        259016.71348113191        2.2368443988888570E-002   9062.4913298070715        6.3497549317670092E-005   5.6944531509672113E-005
   1.2150201999099683        19706876743.113937        262625.95879689616        2.2196199482945080E-002   9091.1200050577027        6.5352072554662155E-005   5.8723999573739223E-005
   1.2165826813060276        19424867765.320534        266308.83549166826        2.2025941857247176E-002   9119.7551720331830        6.7293757799585460E-005   6.0581674040533059E-005
   1.2181555600618634        19143977767.641941        270071.45586148999        2.1857596722075070E-002   9148.4061783853849        6.9325432364566422E-005   6.2519652049128276E-005
   1.2197389053655581        18863993690.644634        273920.55064297811        2.1691084658849814E-002   9177.0844938195387        7.1449668187791040E-005   6.4539819962660812E-005
   1.2213327868655972        18584698189.122528        277863.50695499667        2.1526320986619742E-002   9205.8029102459386        7.3668726737967670E-005   6.6643762780051814E-005
   1.2229372746739351        18305870871.485149        281908.40289815754        2.1363215620416563E-002   9234.5749434673799        7.5984497037531883E-005   6.8832673706524684E-005
   1.2245524393690783        18027288739.652393        286064.06118011934        2.1201672547378880E-002   9263.4143218841582        7.8398424753099504E-005   7.1107255442194993E-005
   1.2261783519991898        17748726071.003235        290340.11990363878        2.1041589165089896E-002   9292.3345646905309        8.0911431732243311E-005   7.3467613561086656E-005
   1.2278150840852156        17469953827.802856        294747.12556696375        2.0882855516681485E-002   9321.3486376295641        8.3523824357526746E-005   7.5913140124665251E-005
   1.2294627076240288        17190738762.596157        299296.64409505849        2.0725353223154511E-002   9350.4685378072299        8.6235188957387352E-005   7.8442374752157412E-005
   1.2311212950915986        16910841573.860186        304001.40334537503        2.0568954492702789E-002   9379.7053173450204        8.9044266911752747E-005   8.1052873604083343E-005
   1.2327909194461775        16630015648.795086        308875.45854693674        2.0413520424946263E-002   9409.0685069689571        9.1948812949768614E-005   8.3741012285674834E-005
   1.2344716541315104        16348004843.066685        313934.38094204629        2.0258899777260170E-002   9438.5662739794516        9.4945421473733945E-005   8.6501807680410106E-005
   1.2361635730800649        16064541861.445711        319195.49117241980        2.0104926659164583E-002   9468.2049801485045        9.8029321389839796E-005   8.9328655649147898E-005
   1.2378667507162850        15779345966.410913        324678.11674510990        1.9951418598130433E-002   9497.9895765220172        1.0119412004253686E-004   9.2213081485139172E-005
   1.2395812619598638        15492121647.934362        330403.90019546670        1.9798174051012106E-002   9527.9238246606565        1.0443149279806795E-004   9.5144422601823025E-005
   1.2413071822290385        15202558179.396687        336397.11928394344        1.9644969256037880E-002   9558.0105921894919        1.0773080241773760E-004   9.8109449032950260E-005
   1.2430445874439093        14910331152.352646        342685.01318988099        1.9491555829386102E-002   9588.2526473810576        1.1107863981336782E-004   1.0109196043845645E-004
   1.2447935540297783        14615106388.410591        349298.10923209781        1.9337657903676687E-002   9618.6535986132603        1.1445827464534894E-004   1.0407232700565175E-004
   1.2465541589205105        14316547373.254677        356270.51178901253        1.9182969672135265E-002   9649.2192062151535        1.1784901583793348E-004   1.0702701065178794E-004
   1.2483264795619202        14014327591.078535        363640.07540420361        1.9027153419350736E-002   9679.9587588691829        1.2122549777395014E-004   1.0992807175843770E-004
   1.2501105939151753        13708147479.718708        371448.49002988904        1.8869839951449585E-002   9710.8879294229973        1.2455691186908087E-004   1.1274284919933294E-004
   1.2519065804602278        13397768316.409040        379740.89266671828        1.8710625342370227E-002   9742.0227328553356        1.2780638815882746E-004   1.1543296336918411E-004
   1.2537145181992657        13082971953.598919        388566.73955439107        1.8549093322189663E-002   9773.4353186498793        1.3092946025617630E-004   1.1795252560897984E-004
   1.2555344866601894        12763726407.448835        397977.22860344168        1.8384765262600737E-002   9805.1493074108839        1.3387530821992022E-004   1.2025780671065761E-004
   1.2573665659001074        12440200723.366560        408021.51763696352        1.8217218914903795E-002   9837.2059249813610        1.3658670178341134E-004   1.2229708868376438E-004
   1.2592108365088603        12112754906.762751        418748.05906754645        1.8046025565579441E-002   9869.6581788627991        1.3900024387967304E-004   1.2401547496510397E-004
   1.2610673796125653        11781993947.463718        430200.91823999863        1.7870793501031546E-002   9902.5701976454657        1.4104828539164102E-004   1.2535808156896995E-004
   1.2629362768771832        11448802458.265738        442416.50252262270        1.7691195155619854E-002   9936.0097060916323        1.4266180786987794E-004   1.2627264933163704E-004
   1.2648176105121127        11114350846.583250        455419.91594430845        1.7506994070680890E-002   9970.0446990972960        1.4377418347254358E-004   1.2671318224655563E-004
   1.2667114632738059        10780102823.538097        469221.80229073216        1.7318075323878596E-002   10004.721998103074        1.4432623697591539E-004   1.2663771361682755E-004
   1.2686179184694077        10447514933.390776        483822.40308375488        1.7124486448436178E-002   10040.272803902468        1.4426599572296825E-004   1.2601212797594335E-004
   1.2705370599604222        10118494368.498684        499197.01537238486        1.6926301917787007E-002   10076.627962841705        1.4356402950471407E-004   1.2485061740539753E-004
   1.2724689721664002        9795151709.1695919        515285.03544982732        1.6724093543871763E-002   10113.755633453697        1.4221463209181315E-004   1.2316562022317255E-004
   1.2744137400686535        9479472528.0917625        532012.23206757905        1.6518474400944994E-002   10151.595474894184        1.4023418211123222E-004   1.2098633220801611E-004
   1.2763714492139915        9173299783.7254047        549284.63370026858        1.6310244494616696E-002   10190.082435677707        1.3766254349050489E-004   1.1836127219445259E-004
   1.2783421857184867        8878237914.6895008        566993.98590280290        1.6100320163898237E-002   10229.132196224416        1.3456069425932168E-004   1.1535305201426284E-004
   1.2803260362712607        8595592573.4626865        585021.92654029361        1.5889704778027380E-002   10268.643546304342        1.3100653292470651E-004   1.1203394339010432E-004
   1.2823230881382988        8326325731.3494110        603246.06174533023        1.5679432209923801E-002   10308.500231719265        1.2708899842325848E-004   1.0848047344702437E-004
   1.2843334291662873        8071040972.7305374        621545.92345489957        1.5470514038554156E-002   10348.575485920070        1.2290160554766555E-004   1.0476839672514033E-004
   1.2863571477864797        7829995587.5936146        639808.43839335453        1.5263890595844699E-002   10388.736963487667        1.1853628346190440E-004   1.0096842863406369E-004
   1.2883943330185845        7603135041.3030577        657932.26571540488        1.5060392614590282E-002   10428.851983282964        1.1407827527150678E-004   9.7143173417709664E-005
   1.2904450744746827        7390142332.9147224        675830.72433892882        1.4860715798023305E-002   10468.792583058595        1.0960253128702506E-004   9.3345352324039052E-005
   1.2925094623631688        7190494592.2693996        693433.25017849740        1.4665408914311225E-002   10508.440007402636        1.0517170114188637E-004   8.9617224382780537E-005
   1.2945875874927186        7003520112.8177309        710685.54243747750        1.4474873952406651E-002   10547.688350342132        1.0083555791288883E-004   8.5990945040153617E-005
   1.2966795412762853        6828450972.1166887        727548.67556429724        1.4289375565806577E-002   10586.446877926290        9.6631532733903070E-005   8.2489541701981153E-005
   1.2987854157351184        6664467966.9600124        743997.51493776590        1.4109056899299739E-002   10624.641411136570        9.2585975293718096E-005   7.9128235305546348E-005
   1.3009053035028133        6510736696.2575493        760018.76210281381        1.3933958324770936E-002   10662.214376113036        8.8715798210095860E-005   7.5915852417040336E-005
   1.3030392978293848        6366434872.8226900        775608.86125771515        1.3764037274166354E-002   10699.124052028781        8.5030232435161969E-005   7.2856190949255995E-005
   1.3051874925853701        6230771602.8459454        790771.98037130269        1.3599187028513543E-002   10735.343148584569        8.1532505499774328E-005   6.9949237486096425E-005
   1.3073499822659578        6102999995.4241114        805518.17208191426        1.3439253593546734E-002   10770.856983334184        7.8221336493707581E-005   6.7192198893212734E-005
   1.3095268619951432        5982424392.0016432        819861.78469375113        1.3284050144484166E-002   10805.661630117798        7.5092197337948125E-005   6.4580344991434612E-005
   1.3117182275299151        5868403764.4483604        833820.12634613377        1.3133368797273471E-002   10839.761741156875        7.2138340284853077E-005   6.2107663874384577E-005
   1.3139241752644655        5760352102.0329351        847412.38182864559        1.2986990310049426E-002   10873.168998873954        6.9351599013192951E-005   5.9767377727282543E-005
   1.3161448022344315        5657736836.0699110        860658.78567155800        1.2844691030073139E-002   10905.900343164325        6.6722999001628616E-005   5.7552313567275681E-005
   1.3183802061211631        5560076156.8278580        873579.95856673026        1.2706248550306096E-002   10937.976632994836        6.4243210497919484E-005   5.5455181847520539E-005
   1.3206304852560196        5466935537.3292561        886196.42802281224        1.2571445587086352E-002   10969.421456563818        6.1902872581914457E-005   5.3468769541636161E-005
   1.3228957386246960        5377923947.5904169        898528.27558547514        1.2440072743722217E-002   11000.260181714326        5.9692818421377181E-005   5.1586073065689015E-005
   1.3251760658715761        5292689977.9223089        910594.89256788499        1.2311930316751363E-002   11030.519204759164        5.7604224779468028E-005   4.9800384706595123E-005
   1.3274715673041169        5210918077.2546873        922414.81502756709        1.2186829358518034E-002   11060.225293625883        5.5628705989182476E-005   4.8105343634473627E-005
   1.3297823438972596        5132324876.9776630        934005.63080985087        1.2064592249416447E-002   11089.405318721321        5.3758364165382944E-005   4.6494965901360643E-005
   1.3321084972978723        5056655994.1761675        945383.92705905926        1.1945052690969647E-002   11118.085493205052        5.1985816088051768E-005   4.4963647332650207E-005
   1.3344501298292215        4983682879.6994400        956565.23847933940        1.1828055925682018E-002   11146.291603368669        5.0304192620092665E-005   4.3506170438014369E-005
   1.3368073444954718        4913199934.2255774        967564.15012818063        1.1713457917584311E-002   11174.048617697588        4.8707126265558074E-005   4.2117686080178804E-005
   1.3391802449862178        4845021842.0014315        978394.36340803246        1.1601121888347570E-002   11201.378122625871        4.7188734322083557E-005   4.0793647185053826E-005
   1.3415689356810452        4778975631.5958080        989069.94121310813        1.1490915121875387E-002   11228.308050890730        4.5743472882023096E-005   3.9527629865772132E-005
   1.3439735216541218        4714869881.5931330        999610.48879500222        1.1382675041986907E-002   11254.905623082414        4.4365570625035822E-005   3.8313282694830297E-005
   1.3463941086788205        4652546982.8320894        1010034.2796305328        1.1276209423492771E-002   11281.160370636175        4.3050204870306805E-005   3.7151379832681052E-005
   1.3488308032323706        4591899958.8074627        1020347.6547118684        1.1171464764470963E-002   11307.101456000843        4.1793436960767108E-005   3.6039088597541777E-005
   1.3512837125005432        4532820777.2024574        1030560.2324298722        1.1068346603329176E-002   11332.737820892053        4.0591493932838049E-005   3.4973253160611729E-005
   1.3537529443823646        4475214696.0378256        1040679.7288140722        1.0966781714561483E-002   11358.083872082047        3.9440938311230514E-005   3.3951124355144198E-005
   1.3562386074948636        4418993564.2536163        1050713.8778719222        1.0866696193633622E-002   11383.151602967986        3.8338571926406656E-005   3.2970099705785076E-005
   1.3587408111778485        4364077118.2468672        1060669.7778806863        1.0768022741505123E-002   11407.953198487086        3.7281443809018139E-005   3.2027788797052920E-005
   1.3612596654987181        4310391671.8571520        1070554.1109813156        1.0670698261165942E-002   11432.500319115923        3.6266823638735490E-005   3.1121975461561544E-005
   1.3637952812573020        4257869601.2349405        1080373.1292040814        1.0574664055906447E-002   11456.804290610229        3.5292185722083498E-005   3.0250608406405331E-005
   1.3663477699907349        4206448919.0753231        1090132.6544926886        1.0479865423882165E-002   11480.875592182369        3.4355195628635001E-005   2.9411783859104382E-005
   1.3689172439783637        4156072291.6239886        1099838.1762802405        1.0386251772597263E-002   11504.725468134327        3.3453685125012000E-005   2.8603744990315708E-005
   1.3715038162466850        4106687996.0394597        1109494.7369337962        1.0293774019648108E-002   11528.359688202849        3.2585669395093169E-005   2.7824820927420094E-005
   1.3741076005743182        4058242732.1213622        1119108.0562383444        1.0202386201310056E-002   11551.798532060831        3.1749204222738205E-005   2.7072586235173565E-005
   1.3767287114970101        4010682848.2935762        1128685.6046585815        1.0112019492698765E-002   11575.044779007390        3.0942458799899490E-005   2.6346069183643543E-005
   1.3793672643126722        3963965832.7031822        1138232.1280376404        1.0022630938040115E-002   11598.105395238050        3.0163827168253870E-005   2.5644257513913405E-005
   1.3820233750864543        3918054214.8989162        1147751.4554241346        9.9341864841586622E-003   11620.988596532632        2.9411839374634133E-005   2.4965946461927050E-005
   1.3846971606558480        3872912472.9185929        1157247.5163552260        9.8466507853253674E-003   11643.700360802417        2.8685119663691039E-005   2.4309981081796624E-005
   1.3873887386358272        3828508045.5434284        1166723.8525725580        9.7599922754952294E-003   11666.246871290392        2.7982391117030307E-005   2.3675295411712063E-005
   1.3900982274240223        3784810476.2308249        1176183.8720822681        9.6741807242485232E-003   11688.633720396190        2.7302460911277210E-005   2.3060888060887231E-005
   1.3928257462059270        3741791510.1697836        1185630.7659891285        9.5891878943096427E-003   11710.866007110653        2.6644217153939190E-005   2.2465822363445308E-005
   1.3955714149601417        3699424867.2679296        1195067.5255431894        9.5049875037230089E-003   11732.948607619111        2.6006621528218616E-005   2.1889222852029392E-005
   1.3983353544636521        3657685995.4502368        1204496.9937290365        9.4215546755243868E-003   11754.885939243632        2.5388702840981983E-005   2.1330267170769026E-005
   1.4011176862971393        3616551997.3091636        1213921.8468024421        9.3388661166476095E-003   11776.682108912022        2.4789552497868307E-005   2.0788184185168526E-005
   1.4039185328503314        3576001477.2895536        1223344.6137532929        9.2568999240866118E-003   11798.340883066634        2.4208319506979240E-005   2.0262249478541873E-005
   1.4067380173273842        3536014429.0299444        1232767.6827881506        9.1756355184581129E-003   11819.865716424467        2.3644206161693907E-005   1.9751782093573736E-005
   1.4095762637523019        3496572124.7274027        1242193.3109173363        9.0950535482057834E-003   11841.259762665857        2.3096464011665151E-005   1.9256141291010931E-005
   1.4124333969743939        3457657015.3245916        1251623.6322792440        9.0151358072881379E-003   11862.525889731492        2.2564390180719768E-005   1.8774723631689607E-005
   1.4153095426737643        3419252640.2383204        1261060.6657987607        8.9358651576699304E-003   11883.666690414699        2.2047324008015548E-005   1.8306960281484380E-005
   1.4182048273668419        3381343542.8704777        1270506.3224975681        8.8572254621098641E-003   11904.684505526300        2.1544643930673580E-005   1.7852314596726160E-005
   1.4211193784119460        3343915199.5558138        1279962.4113597886        8.7792015155126208E-003   11925.581416878145        2.1055764728210746E-005   1.7410279794391168E-005
   1.4240533240148863        3306953949.5948410        1289430.6439571544        8.7017790124678373E-003   11946.359299131231        2.0580134869363696E-005   1.6980377116603031E-005
   1.4270067932346044        3270446936.9485888        1298912.6415919666        8.6249444487690105E-003   11967.019757311575        2.0117234261417631E-005   1.6562153516913891E-005
   1.4299799159888513        3234382015.5546017        1308409.9467100217        8.5486851033687375E-003   11987.564312279655        1.9666571473679357E-005   1.6155180483090580E-005
   1.4329728230599001        3198747739.3750372        1317924.0273972654        8.4729888391111632E-003   12007.994053018305        1.9227682576639261E-005   1.5759050866507854E-005
   1.4359856461003007        3163533378.5320849        1327456.2330883406        8.3978446015556003E-003   12028.310160852958        1.8800129423703447E-005   1.5373381131711562E-005
   1.4390185176386701        3128728723.0042529        1337007.8779737472        8.3232416598219266E-003   12048.513470831318        1.8383496786164255E-005   1.4997805523177138E-005
   1.4420715710855225        3094324140.4373226        1346580.1957127310        8.2491699890218147E-003   12068.604708523635        1.7977391606841123E-005   1.4631977311030253E-005
   1.4451449407391375        3060310503.4409313        1356174.3608831805        8.1756200824838771E-003   12088.584411936030        1.7581441263577388E-005   1.4275566712405115E-005
   1.4482387617914678        3026679160.9740772        1365791.4890976739        8.1025829463504673E-003   12108.452955107459        1.7195292279276828E-005   1.3928259974523679E-005
   1.4513531703340861        2993421898.9021282        1375432.6438629490        8.0300500413057422E-003   12128.210542913810        1.6818609021219351E-005   1.3589758232499856E-005
   1.4544883033641711        2960530911.2969384        1385098.8394492185        7.9580132547745885E-003   12147.857214930113        1.6451072569783650E-005   1.3259776592172354E-005
   1.4576442987905347        2927998767.4408388        1394791.0458012554        7.8864648696185969E-003   12167.392866675578        1.6092379592497630E-005   1.2938043286354792E-005
   1.4608212954396873        2895818389.9943433        1404510.1929952709        7.8153975023850727E-003   12186.817185347520        1.5742241457529453E-005   1.2624298622265035E-005
   1.4640194330619449        2863982997.1998553        1414257.1821490824        7.7448041010700951E-003   12206.129825826334        1.5400382856360155E-005   1.2318294621834229E-005
   1.4672388523375770        2832486236.6297636        1424032.8350038405        7.6746780720131288E-003   12225.330008767620        1.5066521605150451E-005   1.2019794305792080E-005
   1.4704796948829937        2801322474.6111321        1433837.7061860696        7.6050147759575935E-003   12244.417602196865        1.4740412777343340E-005   1.1728578575966871E-005
   1.4737421032569766        2770486223.0848174        1443672.3477915565        7.5358097811794285E-003   12263.392748873373        1.4421843556054869E-005   1.1444437707104032E-005
   1.4770262209669482        2739971884.1220198        1453537.4850175967        7.4670573435881623E-003   12282.254496441250        1.4110586112811897E-005   1.1167163271926408E-005
   1.4803321924752864        2709774169.5485325        1463433.7594439704        7.3987524329314578E-003   12301.002198423697        1.3806423071392443E-005   1.0896557758671077E-005
   1.4836601632056765        2679887992.2897739        1473361.8067770198        7.3308900084730977E-003   12319.634780864577        1.3509146591344785E-005   1.0632430353640872E-005
   1.4870102795495110        2650308604.4448647        1483322.1506104169        7.2634658981588825E-003   12338.151540959898        1.3218558612594147E-005   1.0374600816317804E-005
   1.4903826888723271        2621031345.4359593        1493315.3528449575        7.1964756622230853E-003   12356.551360422141        1.2934468752742221E-005   1.0122893882928025E-005
   1.4937775395202895        2592051764.1930637        1503341.9335755557        7.1299151808827121E-003   12374.833103363324        1.2656694766050518E-005   9.8771416254889502E-006
   1.4971949808267164        2563365561.3411841        1513402.4017066651        7.0637804335454682E-003   12392.995479449790        1.2385061781886953E-005   9.6371821726897270E-006
   1.5006351631186488        2534968580.8774614        1523497.2552821669        6.9980675016996924E-003   12411.037058968363        1.2119401905265604E-005   9.4028594694206489E-006
   1.5040982377234604        2506856796.7811227        1533626.9854890571        6.9327725461819489E-003   12428.956269682365        1.1859553806475689E-005   9.1740229423547020E-006
   1.5075843569755181        2479026315.3973513        1543792.0708654360        6.8678918545157473E-003   12446.751443934554        1.1605362433053097E-005   8.9505274655465981E-006
   1.5110936742228804        2451473403.2986526        1553992.9542937018        6.8034219918486722E-003   12464.420931530402        1.1356678909161156E-005   8.7322337106571846E-006
   1.5146263438340428        2424194553.4405336        1564229.9942411250        6.7393601303819542E-003   12481.963354522804        1.1113360673999505E-005   8.5190091385129657E-006
   1.5181825212047302        2397186615.8690848        1574503.3676092911        6.6757046096366096E-003   12499.377976092253        1.0875272075567510E-005   8.3107296823580016E-006
   1.5217623627647299        2370446992.9666352        1584812.9287795846        6.6124559007551724E-003   12516.665511038527        1.0642285216333406E-005   8.1072828397846477E-006
   1.5253660259847743        2343974009.2528663        1595157.9304022717        6.5496179078348539E-003   12533.828710576699        1.0414282269336096E-005   7.9085712130893997E-006
   1.5289936693834685        2317767263.9429760        1605536.7519419892        6.4872004498178985E-003   12550.875307511880        1.0191156324779769E-005   7.7145210154310730E-006
   1.5326454525342605        2291828861.1344943        1615946.0093665915        6.4252216335049760E-003   12567.816259425597        9.9728214270874794E-006   7.5250855790353302E-006
   1.5363215360724629        2266162260.3260045        1626381.1387835492        6.3637116573265450E-003   12584.679405104134        9.7591961550631152E-006   7.3402640791621717E-006
   1.5400220817023182        2240779421.0089593        1636831.9180302920        6.3027169921589209E-003   12601.479596866033        9.5502723692297771E-006   7.1597183025359439E-006
   1.5437472522041129        2215662721.9483819        1647305.4192802426        6.2422348479099915E-003   12618.297207253388        9.3457885255586396E-006   6.9836337793288489E-006
   1.5474972114413350        2190869734.8516560        1657767.3953284265        6.1823391170174550E-003   12634.950896720051        9.1461726947260089E-006   6.8121221816544899E-006
   1.5512721243678851        2166260210.1905642        1668288.6884273083        6.1229485771801062E-003   12652.053956245391        8.9500191667432478E-006   6.6452246075158510E-006
   1.5550721570353310        2142401498.4251964        1678531.0209602609        6.0650834322725049E-003   12668.461768545934        8.7619155226138966E-006   6.4848553382106875E-006
   1.5588974766002131        2117573677.0732870        1689531.4244651443        6.0052793101979789E-003   12686.905267235736        8.5680802397537892E-006   6.3232545516637004E-006
   1.5627482513313951        2097015538.1211057        1698072.4865253870        5.9552066499681082E-003   12701.233042376269        8.4087745536530541E-006   6.1873988979777089E-006
   1.5666182019207202        2066117721.0921063        1713954.0645199681        5.8820031657565693E-003   12728.287220225367        8.1727452857808919E-006   6.0013380371709434E-006
   1.5704945585783205        2067201135.5557089        1713954.0645199683        5.8850875240386170E-003   12727.449646749292        8.1756380826048730E-006   5.9970362059033745E-006
   1.5743709152359207        2068425742.2394619        1713954.0645199681        5.8885738405815282E-003   12726.627853770276        8.1795224642089380E-006   5.9938121199012080E-006
