# lambda[A]  T_theo  T_instr  T_rot+instr  (H-beta 4861.35)
4.859979857412428828e+03 9.999999999969422237e-01 9.999999999969109155e-01 9.999999999969102493e-01
4.859993558838305034e+03 9.999999999968799402e-01 9.999999999968693931e-01 9.999999999968688380e-01
4.860007260264179422e+03 9.999999999968156583e-01 9.999999999968123277e-01 9.999999999968118836e-01
4.860020961690055628e+03 9.999999999967497111e-01 9.999999999967473796e-01 9.999999999967473796e-01
4.860034663115930925e+03 9.999999999966813213e-01 9.999999999966792119e-01 9.999999999966792119e-01
4.860048364541807132e+03 9.999999999966109332e-01 9.999999999966086017e-01 9.999999999966086017e-01
4.860062065967683338e+03 9.999999999965381026e-01 9.999999999965363262e-01 9.999999999965362152e-01
4.860075767393558635e+03 9.999999999964632735e-01 9.999999999964609421e-01 9.999999999964608310e-01
4.860089468819434842e+03 9.999999999963858910e-01 9.999999999963835595e-01 9.999999999963833375e-01
4.860103170245309229e+03 9.999999999963055108e-01 9.999999999963032904e-01 9.999999999963032904e-01
4.860116871671185436e+03 9.999999999962226882e-01 9.999999999962202457e-01 9.999999999962202457e-01
4.860130573097061642e+03 9.999999999961373121e-01 9.999999999961344255e-01 9.999999999961344255e-01
4.860144274522936939e+03 9.999999999960487163e-01 9.999999999960460517e-01 9.999999999960457187e-01
4.860157975948813146e+03 9.999999999959571229e-01 9.999999999959542363e-01 9.999999999959539032e-01
4.860171677374688443e+03 9.999999999958621988e-01 9.999999999958589791e-01 9.999999999958588681e-01
4.860185378800564649e+03 9.999999999957639440e-01 9.999999999957607244e-01 9.999999999957605024e-01
4.860199080226440856e+03 9.999999999956620256e-01 9.999999999956584729e-01 9.999999999956584729e-01
4.860212781652315243e+03 9.999999999955564434e-01 9.999999999955530017e-01 9.999999999955526686e-01
4.860226483078191450e+03 9.999999999954469754e-01 9.999999999954433116e-01 9.999999999954433116e-01
4.860240184504066747e+03 9.999999999953337326e-01 9.999999999953298468e-01 9.999999999953298468e-01
4.860253885929942953e+03 9.999999999952160490e-01 9.999999999952117191e-01 9.999999999952113861e-01
4.860267587355819160e+03 9.999999999950935914e-01 9.999999999950890395e-01 9.999999999950890395e-01
4.860281288781694457e+03 9.999999999949662488e-01 9.999999999949618079e-01 9.999999999949616969e-01
4.860294990207569754e+03 9.999999999948341323e-01 9.999999999948295804e-01 9.999999999948296914e-01
4.860308691633445960e+03 9.999999999946966867e-01 9.999999999946915796e-01 9.999999999946915796e-01
4.860322393059321257e+03 9.999999999945538010e-01 9.999999999945485829e-01 9.999999999945486939e-01
4.860336094485197464e+03 9.999999999944050311e-01 9.999999999943993689e-01 9.999999999943995910e-01
4.860349795911072761e+03 9.999999999942500439e-01 9.999999999942444928e-01 9.999999999942442708e-01
4.860363497336948967e+03 9.999999999940889506e-01 9.999999999940826223e-01 9.999999999940822892e-01
4.860377198762825174e+03 9.999999999939199746e-01 9.999999999939136464e-01 9.999999999939135353e-01
4.860390900188699561e+03 9.999999999937443373e-01 9.999999999937374540e-01 9.999999999937373429e-01
4.860404601614575768e+03 9.999999999935609285e-01 9.999999999935534900e-01 9.999999999935533790e-01
4.860418303040451065e+03 9.999999999933690820e-01 9.999999999933614214e-01 9.999999999933614214e-01
4.860432004466327271e+03 9.999999999931686867e-01 9.999999999931606931e-01 9.999999999931603600e-01
4.860445705892203478e+03 9.999999999929591876e-01 9.999999999929505279e-01 9.999999999929501948e-01
4.860459407318078775e+03 9.999999999927399186e-01 9.999999999927304817e-01 9.999999999927303707e-01
4.860473108743954981e+03 9.999999999925096583e-01 9.999999999924996663e-01 9.999999999924995553e-01
4.860486810169829369e+03 9.999999999922684069e-01 9.999999999922581928e-01 9.999999999922580818e-01
4.860500511595705575e+03 9.999999999920157201e-01 9.999999999920045068e-01 9.999999999920043958e-01
4.860514213021581782e+03 9.999999999917503768e-01 9.999999999917384974e-01 9.999999999917383864e-01
4.860527914447457078e+03 9.999999999914710447e-01 9.999999999914586102e-01 9.999999999914583881e-01
4.860541615873333285e+03 9.999999999911777238e-01 9.999999999911642901e-01 9.999999999911640680e-01
4.860555317299208582e+03 9.999999999908688597e-01 9.999999999908545378e-01 9.999999999908542048e-01
4.860569018725084788e+03 9.999999999905434533e-01 9.999999999905279102e-01 9.999999999905274661e-01
4.860582720150960995e+03 9.999999999902001724e-01 9.999999999901836301e-01 9.999999999901835190e-01
4.860596421576835382e+03 9.999999999898376846e-01 9.999999999898200320e-01 9.999999999898195879e-01
4.860610123002711589e+03 9.999999999894549907e-01 9.999999999894356728e-01 9.999999999894353397e-01
4.860623824428586886e+03 9.999999999890498703e-01 9.999999999890291091e-01 9.999999999890287761e-01
4.860637525854463092e+03 9.999999999886211022e-01 9.999999999885986757e-01 9.999999999885982316e-01
4.860651227280339299e+03 9.999999999881664658e-01 9.999999999881423740e-01 9.999999999881418189e-01
4.860664928706214596e+03 9.999999999876838519e-01 9.999999999876576506e-01 9.999999999876573176e-01
4.860678630132090802e+03 9.999999999871711509e-01 9.999999999871425072e-01 9.999999999871418410e-01
4.860692331557965190e+03 9.999999999866251432e-01 9.999999999865940570e-01 9.999999999865930578e-01
4.860706032983841396e+03 9.999999999860432753e-01 9.999999999860087474e-01 9.999999999860079702e-01
4.860719734409717603e+03 9.999999999854213284e-01 9.999999999853829147e-01 9.999999999853821375e-01
4.860733435835592900e+03 9.999999999847554166e-01 9.999999999847113408e-01 9.999999999847104526e-01
4.860747137261469106e+03 9.999999999840393228e-01 9.999999999839868092e-01 9.999999999839861431e-01
4.860760838687344403e+03 9.999999999832638320e-01 9.999999999831988839e-01 9.999999999831977737e-01
4.860774540113220610e+03 9.999999999824163988e-01 9.999999999823301344e-01 9.999999999823284691e-01
4.860788241539096816e+03 9.999999999814747076e-01 9.999999999813505847e-01 9.999999999813480311e-01
4.860801942964971204e+03 9.999999999803996786e-01 9.999999999802086093e-01 9.999999999802046124e-01
4.860815644390847410e+03 9.999999999791227001e-01 9.999999999788109495e-01 9.999999999788040661e-01
4.860829345816723617e+03 9.999999999775190940e-01 9.999999999769912939e-01 9.999999999769798587e-01
4.860843047242598914e+03 9.999999999753651503e-01 9.999999999744536572e-01 9.999999999744335621e-01
4.860856748668475120e+03 9.999999999722600785e-01 9.999999999706761233e-01 9.999999999706417064e-01
4.860870450094350417e+03 9.999999999674992202e-01 9.999999999647530835e-01 9.999999999646932425e-01
4.860884151520225714e+03 9.999999999598543354e-01 9.999999999551321128e-01 9.999999999550298613e-01
4.860897852946101921e+03 9.999999999472239942e-01 9.999999999391981920e-01 9.999999999390246641e-01
4.860911554371977218e+03 9.999999999260723582e-01 9.999999999126171213e-01 9.999999999123269090e-01
4.860925255797853424e+03 9.999999998905496623e-01 9.999999998683287705e-01 9.999999998678505975e-01
4.860938957223728721e+03 9.999999998311537297e-01 9.999999997950299591e-01 9.999999997942542462e-01
4.860952658649604928e+03 9.999999997327214674e-01 9.999999996749405762e-01 9.999999996737016783e-01
4.860966360075481134e+03 9.999999995714962120e-01 9.999999994805850445e-01 9.999999994786367141e-01
4.860980061501355522e+03 9.999999993109315310e-01 9.999999991702567259e-01 9.999999991672404720e-01
4.860993762927231728e+03 9.999999988958382380e-01 9.999999986817729170e-01 9.999999986771738181e-01
4.861007464353107025e+03 9.999999982444053304e-01 9.999999979240811188e-01 9.999999979171760867e-01
4.861021165778983232e+03 9.999999972376016899e-01 9.999999967662549505e-01 9.999999967560412317e-01
4.861034867204859438e+03 9.999999957054603872e-01 9.999999950234281787e-01 9.999999950085419753e-01
4.861048568630734735e+03 9.999999934098157128e-01 9.999999924393069284e-01 9.999999924179183708e-01
4.861062270056610942e+03 9.999999900231983929e-01 9.999999886650360326e-01 9.999999886347225031e-01
4.861075971482485329e+03 9.999999851038302578e-01 9.999999832344141915e-01 9.999999831919990090e-01
4.861089672908361536e+03 9.999999780669702742e-01 9.999999755357179554e-01 9.999999754770494409e-01
4.861103374334237742e+03 9.999999681532054652e-01 9.999999647806250280e-01 9.999999647002464354e-01
4.861117075760113039e+03 9.999999543945299330e-01 9.999999499707951101e-01 9.999999498614172699e-01
4.861130777185989245e+03 9.999999355790153421e-01 9.999999298624037136e-01 9.999999297140341747e-01
4.861144478611864542e+03 9.999999102141825524e-01 9.999999029280333129e-01 9.999999027266065488e-01
4.861158180037740749e+03 9.999998764876668611e-01 9.999998673132867166e-01 9.999998670387008071e-01
4.861171881463616955e+03 9.999998322215715163e-01 9.999998207786842119e-01 9.999998204022547688e-01
4.861185582889491343e+03 9.999997748138909071e-01 9.999997605864106021e-01 9.999997600671570730e-01
4.861199284315367549e+03 9.999997011472809838e-01 9.999996831471223979e-01 9.999996824216941249e-01
4.861212985741242846e+03 9.999996073579315858e-01 9.999995826341734340e-01 9.999995815761525408e-01
4.861226687167119053e+03 9.999994878937547016e-01 9.999994455483042222e-01 9.999994438184197643e-01
4.861240388592995259e+03 9.999993312462838180e-01 9.999992316300003736e-01 9.999992282545034916e-01
4.861254090018870556e+03 9.999991015339914080e-01 9.999988183527730445e-01 9.999988109509366785e-01
4.861267791444746763e+03 9.999986662824660311e-01 9.999978804986860981e-01 9.999978649044314327e-01
4.861281492870621150e+03 9.999975650366799140e-01 9.999957385209462535e-01 9.999957112108907031e-01
4.861295194296497357e+03 9.999945340971244656e-01 9.999914074979618928e-01 9.999913728010543235e-01
4.861308895722373563e+03 9.999873755845211099e-01 9.999842387014677980e-01 9.999842154988384246e-01
4.861322597148248860e+03 9.999750537712692733e-01 9.999751110648704699e-01 9.999751254991019467e-01
4.861336298574125067e+03 9.999616953534021802e-01 9.999670308800456819e-01 9.999670920533652030e-01
4.861350000000000364e+03 9.999557264710551285e-01 9.999637569208642551e-01 9.999638397113647104e-01
4.861363701425876570e+03 9.999616952910110879e-01 9.999670307456003382e-01 9.999670919188378138e-01
4.861377402851752777e+03 9.999750534539508795e-01 9.999751107962662200e-01 9.999751252307411686e-01
4.861391104277627164e+03 9.999873750832655173e-01 9.999842383478237950e-01 9.999842151456578287e-01
4.861404805703503371e+03 9.999945336734101797e-01 9.999914071524751424e-01 9.999913724556680483e-01
4.861418507129379577e+03 9.999975647883987406e-01 9.999957382550117568e-01 9.999957109444950198e-01
4.861432208555254874e+03 9.999986661518485143e-01 9.999978803237935532e-01 9.999978647288643163e-01
4.861445909981131081e+03 9.999991014525297928e-01 9.999988182413901416e-01 9.999988108390295283e-01
4.861459611407006378e+03 9.999993311802065632e-01 9.999992315510107810e-01 9.999992281752271284e-01
4.861473312832881675e+03 9.999994878320409564e-01 9.999994454828231571e-01 9.999994437528065827e-01
4.861487014258757881e+03 9.999996072984883577e-01 9.999995825744367739e-01 9.999995815163484902e-01
4.861500715684633178e+03 9.999997010906697126e-01 9.999996830911558332e-01 9.999996823656792655e-01
4.861514417110509385e+03 9.999997747611537591e-01 9.999997605343653451e-01 9.999997600150694055e-01
4.861528118536384682e+03 9.999998321735905638e-01 9.999998207311882048e-01 9.999998203547196818e-01
4.861541819962260888e+03 9.999998764450170885e-01 9.999998672708690917e-01 9.999998669962485431e-01
4.861555521388137095e+03 9.999999101771256393e-01 9.999999028909716259e-01 9.999999026895139975e-01
4.861569222814011482e+03 9.999999355475297502e-01 9.999999298307142848e-01 9.999999296823172124e-01
4.861582924239887689e+03 9.999999543683582015e-01 9.999999499442692175e-01 9.999999498348662863e-01
4.861596625665762986e+03 9.999999681319138300e-01 9.999999647588796448e-01 9.999999646784787366e-01
4.861610327091639192e+03 9.999999780500099522e-01 9.999999755182534811e-01 9.999999754595649826e-01
4.861624028517515399e+03 9.999999850905972876e-01 9.999999832206675210e-01 9.999999831782347970e-01
4.861637729943390696e+03 9.999999900130813746e-01 9.999999886544280736e-01 9.999999886240994451e-01
4.861651431369266902e+03 9.999999934022338888e-01 9.999999924312791277e-01 9.999999924098778026e-01
4.861665132795141290e+03 9.999999956998891770e-01 9.999999950174683905e-01 9.999999950025714179e-01
4.861678834221017496e+03 9.999999972335859022e-01 9.999999967619129793e-01 9.999999967516909338e-01
4.861692535646893703e+03 9.999999982415654909e-01 9.999999979209759360e-01 9.999999979140640205e-01
4.861706237072768999e+03 9.999999988938670370e-01 9.999999986795918838e-01 9.999999986749879000e-01
4.861719938498645206e+03 9.999999993095879391e-01 9.999999991687523737e-01 9.999999991657321230e-01
4.861733639924520503e+03 9.999999995705961542e-01 9.999999994795651936e-01 9.999999994776141987e-01
4.861747341350396709e+03 9.999999997321284972e-01 9.999999996742602315e-01 9.999999996730193352e-01
4.861761042776272916e+03 9.999999998307690374e-01 9.999999997945829833e-01 9.999999997938054941e-01
4.861774744202147303e+03 9.999999998903030818e-01 9.999999998680390023e-01 9.999999998675599411e-01
4.861788445628023510e+03 9.999999999259157057e-01 9.999999999124314920e-01 9.999999999121401695e-01
4.861802147053898807e+03 9.999999999471249623e-01 9.999999999390796201e-01 9.999999999389054262e-01
4.861815848479775013e+03 9.999999999597912748e-01 9.999999999550565066e-01 9.999999999549535890e-01
4.861829549905651220e+03 9.999999999674581419e-01 9.999999999647040116e-01 9.999999999646441706e-01
4.861843251331526517e+03 9.999999999722325450e-01 9.999999999706433718e-01 9.999999999706087328e-01
4.861856952757402723e+03 9.999999999753452773e-01 9.999999999744307866e-01 9.999999999744109136e-01
4.861870654183277111e+03 9.999999999775041060e-01 9.999999999769744186e-01 9.999999999769630943e-01
4.861884355609153317e+03 9.999999999791103766e-01 9.999999999787976268e-01 9.999999999787910765e-01
4.861898057035029524e+03 9.999999999803891315e-01 9.999999999801973960e-01 9.999999999801935102e-01
4.861911758460904821e+03 9.999999999814651597e-01 9.999999999813407037e-01 9.999999999813382612e-01
4.861925459886781027e+03 9.999999999824077390e-01 9.999999999823208086e-01 9.999999999823192542e-01
4.861939161312657234e+03 9.999999999832556163e-01 9.999999999831903352e-01 9.999999999831891140e-01
4.861952862738532531e+03 9.999999999840309961e-01 9.999999999839787046e-01 9.999999999839778164e-01
4.861966564164408737e+03 9.999999999847473120e-01 9.999999999847033472e-01 9.999999999847026810e-01
4.861980265590283125e+03 9.999999999854137789e-01 9.999999999853751431e-01 9.999999999853745880e-01
4.861993967016159331e+03 9.999999999860358368e-01 9.999999999860010869e-01 9.999999999860003097e-01
4.862007668442035538e+03 9.999999999866178158e-01 9.999999999865866185e-01 9.999999999865859523e-01
4.862021369867910835e+03 9.999999999871640455e-01 9.999999999871355127e-01 9.999999999871347356e-01
4.862035071293787041e+03 9.999999999876769685e-01 9.999999999876505452e-01 9.999999999876501011e-01
4.862048772719662338e+03 9.999999999881595825e-01 9.999999999881356016e-01 9.999999999881350465e-01
4.862062474145537635e+03 9.999999999886145519e-01 9.999999999885919033e-01 9.999999999885915702e-01
4.862076175571413842e+03 9.999999999890434310e-01 9.999999999890225588e-01 9.999999999890224478e-01
4.862089876997289139e+03 9.999999999894485514e-01 9.999999999894292335e-01 9.999999999894289004e-01
4.862103578423165345e+03 9.999999999898315783e-01 9.999999999898137037e-01 9.999999999898133707e-01
4.862117279849040642e+03 9.999999999901937331e-01 9.999999999901769687e-01 9.999999999901768577e-01
4.862130981274916849e+03 9.999999999905373471e-01 9.999999999905216930e-01 9.999999999905213599e-01
4.862144682700793055e+03 9.999999999908627535e-01 9.999999999908483206e-01 9.999999999908480985e-01
4.862158384126667443e+03 9.999999999911717286e-01 9.999999999911582949e-01 9.999999999911581838e-01
4.862172085552543649e+03 9.999999999914653825e-01 9.999999999914526150e-01 9.999999999914525040e-01
4.862185786978418946e+03 9.999999999917447147e-01 9.999999999917328353e-01 9.999999999917326132e-01
4.862199488404295153e+03 9.999999999920101690e-01 9.999999999919989557e-01 9.999999999919988447e-01
4.862213189830171359e+03 9.999999999922629668e-01 9.999999999922527527e-01 9.999999999922526417e-01
4.862226891256046656e+03 9.999999999925043292e-01 9.999999999924946703e-01 9.999999999924944483e-01
4.862240592681922863e+03 9.999999999927343675e-01 9.999999999927249306e-01 9.999999999927248195e-01
4.862254294107797250e+03 9.999999999929540806e-01 9.999999999929454209e-01 9.999999999929450878e-01
4.862267995533673457e+03 9.999999999931635797e-01 9.999999999931556971e-01 9.999999999931554751e-01
4.862281696959549663e+03 9.999999999933639749e-01 9.999999999933564254e-01 9.999999999933564254e-01
4.862295398385424960e+03 9.999999999935559325e-01 9.999999999935486050e-01 9.999999999935484940e-01
4.862309099811301166e+03 9.999999999937394524e-01 9.999999999937327910e-01 9.999999999937324580e-01
4.862322801237176463e+03 9.999999999939152007e-01 9.999999999939088724e-01 9.999999999939086504e-01
4.862336502663052670e+03 9.999999999940839546e-01 9.999999999940776263e-01 9.999999999940774043e-01
4.862350204088928876e+03 9.999999999942453810e-01 9.999999999942394968e-01 9.999999999942396078e-01
4.862363905514803264e+03 9.999999999944005902e-01 9.999999999943948170e-01 9.999999999943947060e-01
4.862377606940679470e+03 9.999999999945490270e-01 9.999999999945439200e-01 9.999999999945438089e-01
4.862391308366554767e+03 9.999999999946922458e-01 9.999999999946872498e-01 9.999999999946872498e-01
4.862405009792430974e+03 9.999999999948295804e-01 9.999999999948251395e-01 9.999999999948251395e-01
4.862418711218307180e+03 9.999999999949619189e-01 9.999999999949574780e-01 9.999999999949574780e-01
4.862432412644182477e+03 9.999999999950891505e-01 9.999999999950848206e-01 9.999999999950847096e-01
4.862446114070058684e+03 9.999999999952116081e-01 9.999999999952076113e-01 9.999999999952075003e-01
4.862459815495934890e+03 9.999999999953291807e-01 9.999999999953254060e-01 9.999999999953255170e-01
4.862473516921809278e+03 9.999999999954428676e-01 9.999999999954393148e-01 9.999999999954393148e-01
4.862487218347685484e+03 9.999999999955522245e-01 9.999999999955488938e-01 9.999999999955490049e-01
4.862500919773560781e+03 9.999999999956579178e-01 9.999999999956545871e-01 9.999999999956546981e-01
4.862514621199436988e+03 9.999999999957597252e-01 9.999999999957565056e-01 9.999999999957566166e-01
4.862528322625313194e+03 9.999999999958580910e-01 9.999999999958550934e-01 9.999999999958550934e-01
4.862542024051188491e+03 9.999999999959529040e-01 9.999999999959500174e-01 9.999999999959499064e-01
4.862555725477064698e+03 9.999999999960447195e-01 9.999999999960417219e-01 9.999999999960417219e-01
4.862569426902939085e+03 9.999999999961333152e-01 9.999999999961306507e-01 9.999999999961306507e-01
4.862583128328815292e+03 9.999999999962188024e-01 9.999999999962164710e-01 9.999999999962163599e-01
4.862596829754691498e+03 9.999999999963019581e-01 9.999999999962994046e-01 9.999999999962992936e-01
4.862610531180566795e+03 9.999999999963821162e-01 9.999999999963795627e-01 9.999999999963794517e-01
4.862624232606443002e+03 9.999999999964593878e-01 9.999999999964571673e-01 9.999999999964571673e-01
4.862637934032318299e+03 9.999999999965345499e-01 9.999999999965324404e-01 9.999999999965324404e-01
4.862651635458193596e+03 9.999999999966073805e-01 9.999999999966052711e-01 9.999999999966051600e-01
4.862665336884069802e+03 9.999999999966776576e-01 9.999999999966757702e-01 9.999999999966755482e-01
4.862679038309945099e+03 9.999999999967458253e-01 9.999999999967436048e-01 9.999999999967436048e-01
4.862692739735821306e+03 9.999999999968122166e-01 9.999999999968085529e-01 9.999999999968082198e-01
4.862706441161696603e+03 9.999999999968762765e-01 9.999999999968656184e-01 9.999999999968651743e-01
4.862720142587572809e+03 9.999999999969387821e-01 9.999999999969072517e-01 9.999999999969065856e-01
