# lambda[A]  T_theo  T_instr  T_rot+instr  (H-beta 4861.35)
4.860000000000000000e+03 9.999999999957567276e-01 9.999999999957125407e-01 9.999999999957117636e-01
4.860013500000000022e+03 9.999999999956702412e-01 9.999999999956550312e-01 9.999999999956545871e-01
4.860026999999999134e+03 9.999999999955812013e-01 9.999999999955762053e-01 9.999999999955762053e-01
4.860040499999999156e+03 9.999999999954894969e-01 9.999999999954866103e-01 9.999999999954867214e-01
4.860054000000000087e+03 9.999999999953949059e-01 9.999999999953921304e-01 9.999999999953921304e-01
4.860067500000000109e+03 9.999999999952970953e-01 9.999999999952946528e-01 9.999999999952946528e-01
4.860081000000000131e+03 9.999999999951963980e-01 9.999999999951935115e-01 9.999999999951937335e-01
4.860094499999999243e+03 9.999999999950923701e-01 9.999999999950892615e-01 9.999999999950893725e-01
4.860108000000000175e+03 9.999999999949847895e-01 9.999999999949816809e-01 9.999999999949819030e-01
4.860121500000000196e+03 9.999999999948737672e-01 9.999999999948705476e-01 9.999999999948706586e-01
4.860134999999999309e+03 9.999999999947591922e-01 9.999999999947555285e-01 9.999999999947556395e-01
4.860148499999999331e+03 9.999999999946405094e-01 9.999999999946367346e-01 9.999999999946367346e-01
4.860162000000000262e+03 9.999999999945178297e-01 9.999999999945137219e-01 9.999999999945132778e-01
4.860175500000000284e+03 9.999999999943905982e-01 9.999999999943864903e-01 9.999999999943862683e-01
4.860189000000000306e+03 9.999999999942589257e-01 9.999999999942547069e-01 9.999999999942545958e-01
4.860202499999999418e+03 9.999999999941227014e-01 9.999999999941181494e-01 9.999999999941180384e-01
4.860215999999999440e+03 9.999999999939813700e-01 9.999999999939769291e-01 9.999999999939768180e-01
4.860229500000000371e+03 9.999999999938352646e-01 9.999999999938303796e-01 9.999999999938303796e-01
4.860242999999999483e+03 9.999999999936834971e-01 9.999999999936783901e-01 9.999999999936783901e-01
4.860256499999999505e+03 9.999999999935261785e-01 9.999999999935208495e-01 9.999999999935208495e-01
4.860269999999999527e+03 9.999999999933631978e-01 9.999999999933574246e-01 9.999999999933572026e-01
4.860283500000000458e+03 9.999999999931933337e-01 9.999999999931873385e-01 9.999999999931872274e-01
4.860297000000000480e+03 9.999999999930169192e-01 9.999999999930110350e-01 9.999999999930108130e-01
4.860310499999999593e+03 9.999999999928339545e-01 9.999999999928276262e-01 9.999999999928274041e-01
4.860323999999999614e+03 9.999999999926438843e-01 9.999999999926370009e-01 9.999999999926367789e-01
4.860337500000000546e+03 9.999999999924459315e-01 9.999999999924384930e-01 9.999999999924381600e-01
4.860350999999999658e+03 9.999999999922394300e-01 9.999999999922318805e-01 9.999999999922314364e-01
4.860364499999999680e+03 9.999999999920246019e-01 9.999999999920166083e-01 9.999999999920164973e-01
4.860377999999999702e+03 9.999999999918006699e-01 9.999999999917920102e-01 9.999999999917920102e-01
4.860391499999999724e+03 9.999999999915670790e-01 9.999999999915581972e-01 9.999999999915581972e-01
4.860405000000000655e+03 9.999999999913237181e-01 9.999999999913142812e-01 9.999999999913142812e-01
4.860418499999999767e+03 9.999999999910695880e-01 9.999999999910594850e-01 9.999999999910593740e-01
4.860431999999999789e+03 9.999999999908041337e-01 9.999999999907933645e-01 9.999999999907933645e-01
4.860445499999999811e+03 9.999999999905265780e-01 9.999999999905151427e-01 9.999999999905150316e-01
4.860458999999999833e+03 9.999999999902360326e-01 9.999999999902240422e-01 9.999999999902240422e-01
4.860472499999999854e+03 9.999999999899317205e-01 9.999999999899192860e-01 9.999999999899190639e-01
4.860485999999999876e+03 9.999999999896134195e-01 9.999999999895997638e-01 9.999999999895996527e-01
4.860499499999999898e+03 9.999999999892796865e-01 9.999999999892651426e-01 9.999999999892646985e-01
4.860513000000000829e+03 9.999999999889294111e-01 9.999999999889140900e-01 9.999999999889136459e-01
4.860526499999999942e+03 9.999999999885619273e-01 9.999999999885453850e-01 9.999999999885448299e-01
4.860539999999999964e+03 9.999999999881754587e-01 9.999999999881578061e-01 9.999999999881572510e-01
4.860553499999999985e+03 9.999999999877691170e-01 9.999999999877502432e-01 9.999999999877499102e-01
4.860566999999999098e+03 9.999999999873414591e-01 9.999999999873212531e-01 9.999999999873210310e-01
4.860580500000000029e+03 9.999999999868910416e-01 9.999999999868692813e-01 9.999999999868690592e-01
4.860594000000000051e+03 9.999999999864163103e-01 9.999999999863927735e-01 9.999999999863924405e-01
4.860607500000000073e+03 9.999999999859148225e-01 9.999999999858898425e-01 9.999999999858892874e-01
4.860621000000000095e+03 9.999999999853851351e-01 9.999999999853579347e-01 9.999999999853574906e-01
4.860634500000000116e+03 9.999999999848250276e-01 9.999999999847959398e-01 9.999999999847952736e-01
4.860648000000000138e+03 9.999999999842320575e-01 9.999999999842005272e-01 9.999999999841998610e-01
4.860661500000000160e+03 9.999999999836033382e-01 9.999999999835691433e-01 9.999999999835684772e-01
4.860674999999999272e+03 9.999999999829360942e-01 9.999999999828991237e-01 9.999999999828985686e-01
4.860688499999999294e+03 9.999999999822273278e-01 9.999999999821873597e-01 9.999999999821865826e-01
4.860702000000000226e+03 9.999999999814734863e-01 9.999999999814299656e-01 9.999999999814289664e-01
4.860715500000000247e+03 9.999999999806702400e-01 9.999999999806225004e-01 9.999999999806217232e-01
4.860729000000000269e+03 9.999999999798132588e-01 9.999999999797611894e-01 9.999999999797605232e-01
4.860742499999999382e+03 9.999999999788981020e-01 9.999999999788410365e-01 9.999999999788402594e-01
4.860756000000000313e+03 9.999999999779186632e-01 9.999999999778559356e-01 9.999999999778549364e-01
4.860769500000000335e+03 9.999999999768690584e-01 9.999999999767995584e-01 9.999999999767986703e-01
4.860782999999999447e+03 9.999999999757416269e-01 9.999999999756642444e-01 9.999999999756630231e-01
4.860796499999999469e+03 9.999999999745279311e-01 9.999999999744398904e-01 9.999999999744385581e-01
4.860810000000000400e+03 9.999999999732163136e-01 9.999999999731132849e-01 9.999999999731113975e-01
4.860823500000000422e+03 9.999999999717915644e-01 9.999999999716644439e-01 9.999999999716624455e-01
4.860837000000000444e+03 9.999999999702297027e-01 9.999999999700618369e-01 9.999999999700588393e-01
4.860850499999999556e+03 9.999999999684908714e-01 9.999999999682483987e-01 9.999999999682436247e-01
4.860863999999999578e+03 9.999999999665031281e-01 9.999999999661188799e-01 9.999999999661109973e-01
4.860877500000000509e+03 9.999999999641295823e-01 9.999999999634751058e-01 9.999999999634610059e-01
4.860890999999999622e+03 9.999999999611094426e-01 9.999999999599384903e-01 9.999999999599130662e-01
4.860904499999999643e+03 9.999999999569396669e-01 9.999999999547944940e-01 9.999999999547473095e-01
4.860917999999999665e+03 9.999999999506634651e-01 9.999999999467095169e-01 9.999999999466232525e-01
4.860931500000000597e+03 9.999999999404874940e-01 9.999999999332396250e-01 9.999999999330823064e-01
4.860945000000000618e+03 9.999999999231133918e-01 9.999999999099902226e-01 9.999999999097072267e-01
4.860958499999999731e+03 9.999999998925992450e-01 9.999999998692238323e-01 9.999999998687235658e-01
4.860971999999999753e+03 9.999999998384749844e-01 9.999999997976096733e-01 9.999999997967412568e-01
4.860985500000000684e+03 9.999999997427093668e-01 9.999999996726893770e-01 9.999999996712115591e-01
4.860998999999999796e+03 9.999999995749673243e-01 9.999999994574816364e-01 9.999999994550179405e-01
4.861012499999999818e+03 9.999999992854204933e-01 9.999999990924902660e-01 9.999999990884655965e-01
4.861025999999999840e+03 9.999999987941881052e-01 9.999999984842338208e-01 9.999999984777936390e-01
4.861039499999999862e+03 9.999999979763412039e-01 9.999999974893218901e-01 9.999999974792286306e-01
4.861053000000000793e+03 9.999999966413565256e-01 9.999999958931217181e-01 9.999999958776273346e-01
4.861066499999999905e+03 9.999999945060338291e-01 9.999999933822621978e-01 9.999999933589595047e-01
4.861079999999999927e+03 9.999999911602939218e-01 9.999999895106733705e-01 9.999999894763287323e-01
4.861093499999999949e+03 9.999999860259987106e-01 9.999999836595990788e-01 9.999999836099602302e-01
4.861106999999999061e+03 9.999999783100622652e-01 9.999999749930272852e-01 9.999999749225980672e-01
4.861120499999999993e+03 9.999999669544937797e-01 9.999999624110901264e-01 9.999999623128115189e-01
4.861134000000000015e+03 9.999999505874130890e-01 9.999999445048144420e-01 9.999999443695430923e-01
4.861147500000000036e+03 9.999999274798487825e-01 9.999999195155149234e-01 9.999999193310792345e-01
4.861161000000000968e+03 9.999998955123435840e-01 9.999998852997038501e-01 9.999998850492238800e-01
4.861174500000000080e+03 9.999998521517766692e-01 9.999998392910512957e-01 9.999998389500128759e-01
4.861188000000000102e+03 9.999997944308225417e-01 9.999997784126634093e-01 9.999997779432425737e-01
4.861201500000000124e+03 9.999997189024345534e-01 9.999996987264709869e-01 9.999996980622372078e-01
4.861214999999999236e+03 9.999996214500195268e-01 9.999995939220163166e-01 9.999995929142727613e-01
4.861228500000000167e+03 9.999994963379478241e-01 9.999994492286072845e-01 9.999994474572153624e-01
4.861242000000000189e+03 9.999993316233193319e-01 9.999992194157149017e-01 9.999992156279751132e-01
4.861255500000000211e+03 9.999990895306820615e-01 9.999987609396081556e-01 9.999987518735624636e-01
4.861269000000000233e+03 9.999986311587222287e-01 9.999976697636885348e-01 9.999976491542420520e-01
4.861282499999999345e+03 9.999974534166092832e-01 9.999950402592219234e-01 9.999950017263076196e-01
4.861296000000000276e+03 9.999939764901182304e-01 9.999894513176919020e-01 9.999893994110158335e-01
4.861309500000000298e+03 9.999848235158554921e-01 9.999798188955080214e-01 9.999797811993279550e-01
4.861322999999999411e+03 9.999675516351732574e-01 9.999671962156980731e-01 9.999672136945048084e-01
4.861336499999999432e+03 9.999479781188818084e-01 9.999558229523176633e-01 9.999559113967491086e-01
4.861350000000000364e+03 9.999391395844772212e-01 9.999511768555716662e-01 9.999512984935421400e-01
4.861363500000000386e+03 9.999479780279938446e-01 9.999558227678576605e-01 9.999559112122933247e-01
4.861377000000000407e+03 9.999675511836527697e-01 9.999671958585167886e-01 9.999672133377717209e-01
4.861390499999999520e+03 9.999848228533951833e-01 9.999798184439017135e-01 9.999797807483180589e-01
4.861404000000000451e+03 9.999939759900202674e-01 9.999894508963854678e-01 9.999893989896628810e-01
4.861417500000000473e+03 9.999974531499696839e-01 9.999950399503949594e-01 9.999950014166877343e-01
4.861430999999999585e+03 9.999986310231163689e-01 9.999976695697250229e-01 9.999976489593118689e-01
4.861444499999999607e+03 9.999990894460777380e-01 9.999987608203825262e-01 9.999987517536472748e-01
4.861457999999999629e+03 9.999993315547690553e-01 9.999992193329186874e-01 9.999992155448161890e-01
4.861471500000000560e+03 9.999994962741171056e-01 9.999994491607622216e-01 9.999994473892057645e-01
4.861485000000000582e+03 9.999996213888808771e-01 9.999995938607130208e-01 9.999995928528909728e-01
4.861498499999999694e+03 9.999997188448218610e-01 9.999996986697021750e-01 9.999996980054205453e-01
4.861511999999999716e+03 9.999997943780302156e-01 9.999997783606991986e-01 9.999997778912413926e-01
4.861525500000000648e+03 9.999998521048343303e-01 9.999998392446177720e-01 9.999998389035467117e-01
4.861538999999999760e+03 9.999998954718378741e-01 9.999998852593359189e-01 9.999998850088259728e-01
4.861552499999999782e+03 9.999999274459159260e-01 9.999999194813872228e-01 9.999999192969234452e-01
4.861565999999999804e+03 9.999999505598007321e-01 9.999999444767508905e-01 9.999999443414528955e-01
4.861579500000000735e+03 9.999999669326533613e-01 9.999999623886326461e-01 9.999999622903297247e-01
4.861593000000000757e+03 9.999999782932598169e-01 9.999999749755296152e-01 9.999999749050780817e-01
4.861606499999999869e+03 9.999999860134185514e-01 9.999999836463178138e-01 9.999999835966594253e-01
4.861619999999999891e+03 9.999999911511211481e-01 9.999999895008476747e-01 9.999999894664857170e-01
4.861633499999999913e+03 9.999999944995169310e-01 9.999999933751727577e-01 9.999999933518559647e-01
4.861646999999999935e+03 9.999999966368418036e-01 9.999999958881304885e-01 9.999999958726247806e-01
4.861660499999999956e+03 9.999999979732898669e-01 9.999999974858909679e-01 9.999999974757891597e-01
4.861673999999999978e+03 9.999999987921743827e-01 9.999999984819296639e-01 9.999999984754830429e-01
4.861687500000000000e+03 9.999999992841213103e-01 9.999999990909772540e-01 9.999999990869476996e-01
4.861701000000000931e+03 9.999999995741472025e-01 9.999999994565089700e-01 9.999999994540418324e-01
4.861714500000000044e+03 9.999999997422015507e-01 9.999999996720760898e-01 9.999999996705957184e-01
4.861728000000000065e+03 9.999999998381651212e-01 9.999999997972294219e-01 9.999999997963592291e-01
4.861741500000000087e+03 9.999999998924118394e-01 9.999999998689906855e-01 9.999999998684893088e-01
4.861754999999999200e+03 9.999999999230000380e-01 9.999999999098476700e-01 9.999999999095640080e-01
4.861768500000000131e+03 9.999999999404177720e-01 9.999999999331519174e-01 9.999999999329940437e-01
4.861782000000000153e+03 9.999999999506186121e-01 9.999999999466542278e-01 9.999999999465677414e-01
4.861795500000000175e+03 9.999999999569092468e-01 9.999999999547577456e-01 9.999999999547107832e-01
4.861809000000000196e+03 9.999999999610871271e-01 9.999999999599127332e-01 9.999999999598873091e-01
4.861822500000000218e+03 9.999999999641115966e-01 9.999999999634553438e-01 9.999999999634413550e-01
4.861836000000000240e+03 9.999999999664874739e-01 9.999999999661025596e-01 9.999999999660947880e-01
4.861849500000000262e+03 9.999999999684769936e-01 9.999999999682340768e-01 9.999999999682291918e-01
4.861862999999999374e+03 9.999999999702164910e-01 9.999999999700484032e-01 9.999999999700452946e-01
4.861876500000000306e+03 9.999999999717787968e-01 9.999999999716521204e-01 9.999999999716500110e-01
4.861890000000000327e+03 9.999999999732044342e-01 9.999999999731009614e-01 9.999999999730994071e-01
4.861903500000000349e+03 9.999999999745162738e-01 9.999999999744280110e-01 9.999999999744265677e-01
4.861917000000000371e+03 9.999999999757300806e-01 9.999999999756529201e-01 9.999999999756516988e-01
4.861930499999999483e+03 9.999999999768579562e-01 9.999999999767887893e-01 9.999999999767875680e-01
4.861944000000000415e+03 9.999999999779075610e-01 9.999999999778451665e-01 9.999999999778442783e-01
4.861957500000000437e+03 9.999999999788875549e-01 9.999999999788303784e-01 9.999999999788294902e-01
4.861970999999999549e+03 9.999999999798028227e-01 9.999999999797510863e-01 9.999999999797500871e-01
4.861984499999999571e+03 9.999999999806601370e-01 9.999999999806123974e-01 9.999999999806117312e-01
4.861998000000000502e+03 9.999999999814632723e-01 9.999999999814198626e-01 9.999999999814191964e-01
4.862011500000000524e+03 9.999999999822175578e-01 9.999999999821773677e-01 9.999999999821768126e-01
4.862025000000000546e+03 9.999999999829265462e-01 9.999999999828896868e-01 9.999999999828891317e-01
4.862038499999999658e+03 9.999999999835939013e-01 9.999999999835598175e-01 9.999999999835593734e-01
4.862052000000000589e+03 9.999999999842226206e-01 9.999999999841912013e-01 9.999999999841906462e-01
4.862065500000000611e+03 9.999999999848161458e-01 9.999999999847870580e-01 9.999999999847865029e-01
4.862078999999999724e+03 9.999999999853764754e-01 9.999999999853493859e-01 9.999999999853490529e-01
4.862092499999999745e+03 9.999999999859061628e-01 9.999999999858812938e-01 9.999999999858808497e-01
4.862105999999999767e+03 9.999999999864077616e-01 9.999999999863842248e-01 9.999999999863841138e-01
4.862119500000000698e+03 9.999999999868829370e-01 9.999999999868609546e-01 9.999999999868606215e-01
4.862133000000000720e+03 9.999999999873335765e-01 9.999999999873131484e-01 9.999999999873128154e-01
4.862146499999999833e+03 9.999999999877610124e-01 9.999999999877421386e-01 9.999999999877419166e-01
4.862159999999999854e+03 9.999999999881676871e-01 9.999999999881499235e-01 9.999999999881497015e-01
4.862173500000000786e+03 9.999999999885541557e-01 9.999999999885372803e-01 9.999999999885371693e-01
4.862186999999999898e+03 9.999999999889218616e-01 9.999999999889062074e-01 9.999999999889062074e-01
4.862200499999999920e+03 9.999999999892719149e-01 9.999999999892574820e-01 9.999999999892573710e-01
4.862213999999999942e+03 9.999999999896058700e-01 9.999999999895923253e-01 9.999999999895923253e-01
4.862227500000000873e+03 9.999999999899245040e-01 9.999999999899118475e-01 9.999999999899118475e-01
4.862241000000000895e+03 9.999999999902287051e-01 9.999999999902167147e-01 9.999999999902167147e-01
4.862254500000000007e+03 9.999999999905194725e-01 9.999999999905079262e-01 9.999999999905078152e-01
4.862268000000000029e+03 9.999999999907970283e-01 9.999999999907863701e-01 9.999999999907862591e-01
4.862281500000000051e+03 9.999999999910627047e-01 9.999999999910522686e-01 9.999999999910524906e-01
4.862295000000000073e+03 9.999999999913167237e-01 9.999999999913071758e-01 9.999999999913071758e-01
4.862308500000000095e+03 9.999999999915606397e-01 9.999999999915513138e-01 9.999999999915515358e-01
4.862322000000000116e+03 9.999999999917941196e-01 9.999999999917854598e-01 9.999999999917854598e-01
4.862335500000000138e+03 9.999999999920181626e-01 9.999999999920099469e-01 9.999999999920098359e-01
4.862349000000001070e+03 9.999999999922331018e-01 9.999999999922254412e-01 9.999999999922252192e-01
4.862362500000000182e+03 9.999999999924394922e-01 9.999999999924320537e-01 9.999999999924319427e-01
4.862376000000000204e+03 9.999999999926374450e-01 9.999999999926305616e-01 9.999999999926304506e-01
4.862389500000000226e+03 9.999999999928278482e-01 9.999999999928214089e-01 9.999999999928214089e-01
4.862402999999999338e+03 9.999999999930109240e-01 9.999999999930048178e-01 9.999999999930048178e-01
4.862416500000000269e+03 9.999999999931873385e-01 9.999999999931815653e-01 9.999999999931815653e-01
4.862430000000000291e+03 9.999999999933569805e-01 9.999999999933515404e-01 9.999999999933516515e-01
4.862443500000000313e+03 9.999999999935201833e-01 9.999999999935148542e-01 9.999999999935148542e-01
4.862457000000000335e+03 9.999999999936775019e-01 9.999999999936725059e-01 9.999999999936726169e-01
4.862470500000000357e+03 9.999999999938293804e-01 9.999999999938246065e-01 9.999999999938247175e-01
4.862484000000000378e+03 9.999999999939758188e-01 9.999999999939713780e-01 9.999999999939711559e-01
4.862497500000000400e+03 9.999999999941171502e-01 9.999999999941127093e-01 9.999999999941125983e-01
4.862510999999999513e+03 9.999999999942533746e-01 9.999999999942492668e-01 9.999999999942491558e-01
4.862524499999999534e+03 9.999999999943850471e-01 9.999999999943811613e-01 9.999999999943810503e-01
4.862538000000000466e+03 9.999999999945123896e-01 9.999999999945085039e-01 9.999999999945082818e-01
4.862551500000000487e+03 9.999999999946350693e-01 9.999999999946315166e-01 9.999999999946314055e-01
4.862565000000000509e+03 9.999999999947539742e-01 9.999999999947504215e-01 9.999999999947503104e-01
4.862578499999999622e+03 9.999999999948686602e-01 9.999999999948653295e-01 9.999999999948653295e-01
4.862592000000000553e+03 9.999999999949797935e-01 9.999999999949766849e-01 9.999999999949767959e-01
4.862605500000000575e+03 9.999999999950873741e-01 9.999999999950844876e-01 9.999999999950844876e-01
4.862618999999999687e+03 9.999999999951915131e-01 9.999999999951885155e-01 9.999999999951885155e-01
4.862632499999999709e+03 9.999999999952922103e-01 9.999999999952894347e-01 9.999999999952894347e-01
4.862646000000000640e+03 9.999999999953900209e-01 9.999999999953872454e-01 9.999999999953873564e-01
4.862659500000000662e+03 9.999999999954846119e-01 9.999999999954816143e-01 9.999999999954818364e-01
4.862673000000000684e+03 9.999999999955765384e-01 9.999999999955714314e-01 9.999999999955714314e-01
4.862686499999999796e+03 9.999999999956653562e-01 9.999999999956501462e-01 9.999999999956498131e-01
4.862699999999999818e+03 9.999999999957519536e-01 9.999999999957077668e-01 9.999999999957068786e-01
