# lambda[A]  T_theo  T_instr  T_rot+instr  (H-alpha 6562.8)
6.561000000000000909e+03 9.999999992861691167e-01 9.999999992786525738e-01 9.999999992785185698e-01
6.561018000000000029e+03 9.999999992716540609e-01 9.999999992690116191e-01 9.999999992689360129e-01
6.561036000000000968e+03 9.999999992566911411e-01 9.999999992558072925e-01 9.999999992557753181e-01
6.561054000000000997e+03 9.999999992412622607e-01 9.999999992407626603e-01 9.999999992407498928e-01
6.561072000000000116e+03 9.999999992253486569e-01 9.999999992248844727e-01 9.999999992248770342e-01
6.561090000000001055e+03 9.999999992089282363e-01 9.999999992084492861e-01 9.999999992084418476e-01
6.561108000000000175e+03 9.999999991919803488e-01 9.999999991914806374e-01 9.999999991914727548e-01
6.561126000000000204e+03 9.999999991744816796e-01 9.999999991739602079e-01 9.999999991739521032e-01
6.561144000000001142e+03 9.999999991564080259e-01 9.999999991558633505e-01 9.999999991558551349e-01
6.561162000000000262e+03 9.999999991377340747e-01 9.999999991371651964e-01 9.999999991371564256e-01
6.561180000000000291e+03 9.999999991184331805e-01 9.999999991178383230e-01 9.999999991178291081e-01
6.561198000000001230e+03 9.999999990984762555e-01 9.999999990978544195e-01 9.999999990978447606e-01
6.561216000000000349e+03 9.999999990778339898e-01 9.999999990771832881e-01 9.999999990771732961e-01
6.561234000000000378e+03 9.999999990564742980e-01 9.999999990557928431e-01 9.999999990557821850e-01
6.561252000000001317e+03 9.999999990343635403e-01 9.999999990336496669e-01 9.999999990336386757e-01
6.561270000000000437e+03 9.999999990114661896e-01 9.999999990107177883e-01 9.999999990107061310e-01
6.561288000000000466e+03 9.999999989877436102e-01 9.999999989869593486e-01 9.999999989869469141e-01
6.561306000000001404e+03 9.999999989631570552e-01 9.999999989623336027e-01 9.999999989623210572e-01
6.561324000000000524e+03 9.999999989376630039e-01 9.999999989367988062e-01 9.999999989367855946e-01
6.561342000000000553e+03 9.999999989112164922e-01 9.999999989103085518e-01 9.999999989102945630e-01
6.561360000000000582e+03 9.999999988837695586e-01 9.999999988828154329e-01 9.999999988828006670e-01
6.561378000000000611e+03 9.999999988552712438e-01 9.999999988542676022e-01 9.999999988542520590e-01
6.561396000000000640e+03 9.999999988256665917e-01 9.999999988246101035e-01 9.999999988245937832e-01
6.561414000000000669e+03 9.999999987948977598e-01 9.999999987937853163e-01 9.999999987937679968e-01
6.561432000000000698e+03 9.999999987629033527e-01 9.999999987617305131e-01 9.999999987617123054e-01
6.561450000000000728e+03 9.999999987296165349e-01 9.999999987283798575e-01 9.999999987283607616e-01
6.561468000000000757e+03 9.999999986949672515e-01 9.999999986936620733e-01 9.999999986936419782e-01
6.561486000000000786e+03 9.999999986588797851e-01 9.999999986575013322e-01 9.999999986574800159e-01
6.561503999999999905e+03 9.999999986212737557e-01 9.999999986198163660e-01 9.999999986197938284e-01
6.561522000000000844e+03 9.999999985820620108e-01 9.999999985805207992e-01 9.999999985804968183e-01
6.561540000000000873e+03 9.999999985411524017e-01 9.999999985395203739e-01 9.999999985394951718e-01
6.561557999999999993e+03 9.999999984984448975e-01 9.999999984967158362e-01 9.999999984966888578e-01
6.561576000000000931e+03 9.999999984538330278e-01 9.999999984519992724e-01 9.999999984519709617e-01
6.561594000000000960e+03 9.999999984072009962e-01 9.999999984052549973e-01 9.999999984052247992e-01
6.561612000000000080e+03 9.999999983584257901e-01 9.999999983563579997e-01 9.999999983563260253e-01
6.561630000000001019e+03 9.999999983073730725e-01 9.999999983051744978e-01 9.999999983051406360e-01
6.561648000000001048e+03 9.999999982538989585e-01 9.999999982515589414e-01 9.999999982515228591e-01
6.561666000000000167e+03 9.999999981978482388e-01 9.999999981953549000e-01 9.999999981953163752e-01
6.561684000000001106e+03 9.999999981390513826e-01 9.999999981363923984e-01 9.999999981363513202e-01
6.561702000000001135e+03 9.999999980773267572e-01 9.999999980744875838e-01 9.999999980744436190e-01
6.561720000000000255e+03 9.999999980124761878e-01 9.999999980094416152e-01 9.999999980093945418e-01
6.561738000000001193e+03 9.999999979442844023e-01 9.999999979410373330e-01 9.999999979409868178e-01
6.561756000000000313e+03 9.999999978725178096e-01 9.999999978690392588e-01 9.999999978689851909e-01
6.561774000000000342e+03 9.999999977969221687e-01 9.999999977931908202e-01 9.999999977931326445e-01
6.561792000000001281e+03 9.999999977172187027e-01 9.999999977132115747e-01 9.999999977131495132e-01
6.561810000000000400e+03 9.999999976331048757e-01 9.999999976287956560e-01 9.999999976287289316e-01
6.561828000000000429e+03 9.999999975442487310e-01 9.999999975396082208e-01 9.999999975395361673e-01
6.561846000000001368e+03 9.999999974502856714e-01 9.999999974452815632e-01 9.999999974452040696e-01
6.561864000000000487e+03 9.999999973508162388e-01 9.999999973454124502e-01 9.999999973453281843e-01
6.561882000000000517e+03 9.999999972454013397e-01 9.999999972395563486e-01 9.999999972394656433e-01
6.561900000000001455e+03 9.999999971335561399e-01 9.999999971272240940e-01 9.999999971271256172e-01
6.561918000000000575e+03 9.999999970147457340e-01 9.999999970078747857e-01 9.999999970077682043e-01
6.561936000000000604e+03 9.999999968883783730e-01 9.999999968809103468e-01 9.999999968807945505e-01
6.561953999999999724e+03 9.999999967537988033e-01 9.999999967456666417e-01 9.999999967455401872e-01
6.561972000000000662e+03 9.999999966102773863e-01 9.999999966014050390e-01 9.999999966012669272e-01
6.561990000000000691e+03 9.999999964570016608e-01 9.999999964473034186e-01 9.999999964471525393e-01
6.562007999999999811e+03 9.999999962930660180e-01 9.999999962824427380e-01 9.999999962822772037e-01
6.562026000000000749e+03 9.999999961174553809e-01 9.999999961057935982e-01 9.999999961056117437e-01
6.562044000000000779e+03 9.999999959290306606e-01 9.999999959162000351e-01 9.999999959159999730e-01
6.562061999999999898e+03 9.999999957265113260e-01 9.999999957123610894e-01 9.999999957121397109e-01
6.562080000000000837e+03 9.999999955084499792e-01 9.999999954928050494e-01 9.999999954925606893e-01
6.562097999999999956e+03 9.999999952732102626e-01 9.999999952558666916e-01 9.999999952555952420e-01
6.562115999999999985e+03 9.999999950189309983e-01 9.999999949996516424e-01 9.999999949993496617e-01
6.562134000000000924e+03 9.999999947434941028e-01 9.999999947219985197e-01 9.999999947216617890e-01
6.562152000000000044e+03 9.999999944444741828e-01 9.999999944204323032e-01 9.999999944200558266e-01
6.562170000000000073e+03 9.999999941190874653e-01 9.999999940921070474e-01 9.999999940916832752e-01
6.562188000000001011e+03 9.999999937641225189e-01 9.999999937337321620e-01 9.999999937332545441e-01
6.562206000000000131e+03 9.999999933758587645e-01 9.999999933414839282e-01 9.999999933409423614e-01
6.562224000000000160e+03 9.999999929499570062e-01 9.999999929108746022e-01 9.999999929102568741e-01
6.562242000000001099e+03 9.999999924813136598e-01 9.999999924365611248e-01 9.999999924358492498e-01
6.562260000000000218e+03 9.999999919638349333e-01 9.999999919120078351e-01 9.999999919111730584e-01
6.562278000000000247e+03 9.999999913900468052e-01 9.999999913288235565e-01 9.999999913278129204e-01
6.562296000000001186e+03 9.999999907503136498e-01 9.999999906753417322e-01 9.999999906740479894e-01
6.562314000000000306e+03 9.999999900311256074e-01 9.999999899334631737e-01 9.999999899316569518e-01
6.562332000000000335e+03 9.999999892111998134e-01 9.999999890716243511e-01 9.999999890688068271e-01
6.562350000000000364e+03 9.999999882525780759e-01 9.999999880294071497e-01 9.999999880245027395e-01
6.562368000000000393e+03 9.999999870807240177e-01 9.999999866848564567e-01 9.999999866756013045e-01
6.562386000000000422e+03 9.999999855414353211e-01 9.999999847875145065e-01 9.999999847692888633e-01
6.562404000000000451e+03 9.999999833111669068e-01 9.999999818265576934e-01 9.999999817902590626e-01
6.562422000000000480e+03 9.999999797182164141e-01 9.999999767818543717e-01 9.999999767102066839e-01
6.562440000000000509e+03 9.999999734021097764e-01 9.999999676742623578e-01 9.999999675357194029e-01
6.562458000000000538e+03 9.999999616950235870e-01 9.999999507896455420e-01 9.999999505288250656e-01
6.562476000000000568e+03 9.999999395530682067e-01 9.999999194020484650e-01 9.999999189254676901e-01
6.562493999999999687e+03 9.999998978034789765e-01 9.999998617736800544e-01 9.999998609294884488e-01
6.562512000000000626e+03 9.999998204221889342e-01 9.999997581766074672e-01 9.999997567267921994e-01
6.562530000000000655e+03 9.999996805396108579e-01 9.999995766765081839e-01 9.999995742588627667e-01
6.562547999999999774e+03 9.999994349157329543e-01 9.999992674352411459e-01 9.999992635080791059e-01
6.562566000000000713e+03 9.999990167262136076e-01 9.999987552433095006e-01 9.999987489937729457e-01
6.562584000000000742e+03 9.999983265643582753e-01 9.999979295410282853e-01 9.999979197068712411e-01
6.562601999999999862e+03 9.999972212756329526e-01 9.999966289424124799e-01 9.999966134098194903e-01
6.562620000000000800e+03 9.999954987484875879e-01 9.999946076958834418e-01 9.999945824739923106e-01
6.562638000000000829e+03 9.999928709298826490e-01 9.999914366551694300e-01 9.999913932818206286e-01
6.562655999999999949e+03 9.999888907964545881e-01 9.999862011392199879e-01 9.999861217820046333e-01
6.562674000000000888e+03 9.999826729015554028e-01 9.999767684908775767e-01 9.999766230025100011e-01
6.562692000000000917e+03 9.999717432220448510e-01 9.999587047476099499e-01 9.999584637276837107e-01
6.562710000000000036e+03 9.999483426530683117e-01 9.999250425397480102e-01 9.999247158888886489e-01
6.562728000000000975e+03 9.998964160227383768e-01 9.998689231640817132e-01 9.998686057307003550e-01
6.562746000000000095e+03 9.998105165174937525e-01 9.997897927303623922e-01 9.997896722538918146e-01
6.562764000000000124e+03 9.996891420357655322e-01 9.997004795709116820e-01 9.997007435275823140e-01
6.562782000000001062e+03 9.995738877236834963e-01 9.996276458861944603e-01 9.996283073060161506e-01
6.562800000000000182e+03 9.995352922050750877e-01 9.995993770710982496e-01 9.996002069569391857e-01
6.562818000000000211e+03 9.995738872841500866e-01 9.996276445617039430e-01 9.996283059786471581e-01
6.562836000000001150e+03 9.996891390685246348e-01 9.997004767529090730e-01 9.997007407093764231e-01
6.562854000000000269e+03 9.998105115044571001e-01 9.997897885996388512e-01 9.997896681281615017e-01
6.562872000000000298e+03 9.998964098523794863e-01 9.998689184833492449e-01 9.998686010559347803e-01
6.562890000000001237e+03 9.999483378959469482e-01 9.999250382461449815e-01 9.999247115962286436e-01
6.562908000000000357e+03 9.999717402350122297e-01 9.999587013650224065e-01 9.999584603401544536e-01
6.562926000000000386e+03 9.999826707762548006e-01 9.999767659920971719e-01 9.999766204968765226e-01
6.562944000000001324e+03 9.999888890817131282e-01 9.999861992580378889e-01 9.999861198953331476e-01
6.562962000000000444e+03 9.999928695040414262e-01 9.999914351753638186e-01 9.999913917983960232e-01
6.562980000000000473e+03 9.999954975867035856e-01 9.999946065113264337e-01 9.999945812870010275e-01
6.562998000000000502e+03 9.999972203633716861e-01 9.999966280071005409e-01 9.999966124726812344e-01
6.563016000000000531e+03 9.999983258774012285e-01 9.999979288247373699e-01 9.999979189890955134e-01
6.563034000000000560e+03 9.999990162307414998e-01 9.999987547146836908e-01 9.999987484639071278e-01
6.563052000000000589e+03 9.999994345733490553e-01 9.999992670599591182e-01 9.999992631317722314e-01
6.563070000000000618e+03 9.999996803126364187e-01 9.999995764201724535e-01 9.999995740017070256e-01
6.563088000000000648e+03 9.999998202774987854e-01 9.999997580079059700e-01 9.999997565574612057e-01
6.563106000000000677e+03 9.999998977144320955e-01 9.999998616664124151e-01 9.999998608217607332e-01
6.563124000000000706e+03 9.999999394998032587e-01 9.999999193358429794e-01 9.999999188589419052e-01
6.563141999999999825e+03 9.999999616636947586e-01 9.999999507496630802e-01 9.999999504886301072e-01
6.563160000000000764e+03 9.999999733836369975e-01 9.999999676503156243e-01 9.999999675116384434e-01
6.563178000000000793e+03 9.999999797069721863e-01 9.999999767673231066e-01 9.999999766955939284e-01
6.563195999999999913e+03 9.999999833038428765e-01 9.999999818173542776e-01 9.999999817810081293e-01
6.563214000000000851e+03 9.999999855361817458e-01 9.999999847812340859e-01 9.999999847629821303e-01
6.563232000000000880e+03 9.999999870765527987e-01 9.999999866801476678e-01 9.999999866708786378e-01
6.563250000000000000e+03 9.999999882489839509e-01 9.999999880255419082e-01 9.999999880206299485e-01
6.563268000000000939e+03 9.999999892079328712e-01 9.999999890682242931e-01 9.999999890654029944e-01
6.563286000000000968e+03 9.999999900280659437e-01 9.999999899303386730e-01 9.999999899285306748e-01
6.563304000000000087e+03 9.999999907474033112e-01 9.999999906723986420e-01 9.999999906711038999e-01
6.563322000000001026e+03 9.999999913872562596e-01 9.999999913260156914e-01 9.999999913250041672e-01
6.563340000000000146e+03 9.999999919611478605e-01 9.999999919093105483e-01 9.999999919084753275e-01
6.563358000000000175e+03 9.999999924787201788e-01 9.999999924339607604e-01 9.999999924332483303e-01
6.563376000000001113e+03 9.999999929474499005e-01 9.999999929083616124e-01 9.999999929077435512e-01
6.563394000000000233e+03 9.999999933734313728e-01 9.999999933390517626e-01 9.999999933385099737e-01
6.563412000000000262e+03 9.999999937617700674e-01 9.999999937313756027e-01 9.999999937308977627e-01
6.563430000000001201e+03 9.999999941168049578e-01 9.999999940898208761e-01 9.999999940893971040e-01
6.563448000000000320e+03 9.999999944422581777e-01 9.999999944182127454e-01 9.999999944178354916e-01
6.563466000000000349e+03 9.999999947413399370e-01 9.999999947198413563e-01 9.999999947195046257e-01
6.563484000000001288e+03 9.999999950168362295e-01 9.999999949975536540e-01 9.999999949972516733e-01
6.563502000000000407e+03 9.999999952711704498e-01 9.999999952538245473e-01 9.999999952535530978e-01
6.563520000000000437e+03 9.999999955064627910e-01 9.999999954908156408e-01 9.999999954905710586e-01
6.563538000000001375e+03 9.999999957245740978e-01 9.999999957104214188e-01 9.999999957102002623e-01
6.563556000000000495e+03 9.999999959271412830e-01 9.999999959143084372e-01 9.999999959141083750e-01
6.563574000000000524e+03 9.999999961156110784e-01 9.999999961039472973e-01 9.999999961037653318e-01
6.563592000000000553e+03 9.999999962912646811e-01 9.999999962806395137e-01 9.999999962804738685e-01
6.563610000000000582e+03 9.999999964552415133e-01 9.999999964455413837e-01 9.999999964453903933e-01
6.563628000000000611e+03 9.999999966085562075e-01 9.999999965996824169e-01 9.999999965995444162e-01
6.563646000000000640e+03 9.999999967521150390e-01 9.999999967439812121e-01 9.999999967438549797e-01
6.563664000000000669e+03 9.999999968867308020e-01 9.999999968792613325e-01 9.999999968791454252e-01
6.563682000000000698e+03 9.999999970131322469e-01 9.999999970062601884e-01 9.999999970061534960e-01
6.563699999999999818e+03 9.999999971319756265e-01 9.999999971256422482e-01 9.999999971255436604e-01
6.563718000000000757e+03 9.999999972438521345e-01 9.999999972380062552e-01 9.999999972379151059e-01
6.563735999999999876e+03 9.999999973492976757e-01 9.999999973438925549e-01 9.999999973438085110e-01
6.563753999999999905e+03 9.999999974487964183e-01 9.999999974437913108e-01 9.999999974437133732e-01
6.563772000000000844e+03 9.999999975427875665e-01 9.999999975381460571e-01 9.999999975380738926e-01
6.563789999999999964e+03 9.999999976316706896e-01 9.999999976273605817e-01 9.999999976272934132e-01
6.563807999999999993e+03 9.999999977158102737e-01 9.999999977118022576e-01 9.999999977117400851e-01
6.563826000000000931e+03 9.999999977955388308e-01 9.999999977918070382e-01 9.999999977917489735e-01
6.563844000000000051e+03 9.999999978711590076e-01 9.999999978676795687e-01 9.999999978676255008e-01
6.563862000000000080e+03 9.999999979429488040e-01 9.999999979397010685e-01 9.999999979396506644e-01
6.563880000000001019e+03 9.999999980111630160e-01 9.999999980081279993e-01 9.999999980080805928e-01
6.563898000000000138e+03 9.999999980760354568e-01 9.999999980731958393e-01 9.999999980731519855e-01
6.563916000000000167e+03 9.999999981377812874e-01 9.999999981351215261e-01 9.999999981350803369e-01
6.563934000000001106e+03 9.999999981965982387e-01 9.999999981941043448e-01 9.999999981940657090e-01
6.563952000000000226e+03 9.999999982526693865e-01 9.999999982503285922e-01 9.999999982502920659e-01
6.563970000000000255e+03 9.999999983061624853e-01 9.999999983039633555e-01 9.999999983039289386e-01
6.563988000000000284e+03 9.999999983572332996e-01 9.999999983551656202e-01 9.999999983551332017e-01
6.564006000000000313e+03 9.999999984060269353e-01 9.999999984040801593e-01 9.999999984040496281e-01
6.564024000000000342e+03 9.999999984526761754e-01 9.999999984508421980e-01 9.999999984508135542e-01
6.564042000000000371e+03 9.999999984973051426e-01 9.999999984955755261e-01 9.999999984955487697e-01
6.564060000000000400e+03 9.999999985400285230e-01 9.999999985383963841e-01 9.999999985383712930e-01
6.564078000000000429e+03 9.999999985809544523e-01 9.999999985794123525e-01 9.999999985793887047e-01
6.564096000000000458e+03 9.999999986201818514e-01 9.999999986187239065e-01 9.999999986187013690e-01
6.564114000000000487e+03 9.999999986578025357e-01 9.999999986564238608e-01 9.999999986564024335e-01
6.564131999999999607e+03 9.999999986939051011e-01 9.999999986925993678e-01 9.999999986925793838e-01
6.564150000000000546e+03 9.999999987285683734e-01 9.999999987273315849e-01 9.999999987273123780e-01
6.564168000000000575e+03 9.999999987618691799e-01 9.999999987606963403e-01 9.999999987606779106e-01
6.564185999999999694e+03 9.999999987938775758e-01 9.999999987927645773e-01 9.999999987927474798e-01
6.564204000000000633e+03 9.999999988246593974e-01 9.999999988236026871e-01 9.999999988235862558e-01
6.564222000000000662e+03 9.999999988542768170e-01 9.999999988532728423e-01 9.999999988532571882e-01
6.564239999999999782e+03 9.999999988827876773e-01 9.999999988818333296e-01 9.999999988818182306e-01
6.564258000000000720e+03 9.999999989102470455e-01 9.999999989093387720e-01 9.999999989093248942e-01
6.564276000000000749e+03 9.999999989367053255e-01 9.999999989358406838e-01 9.999999989358271391e-01
6.564293999999999869e+03 9.999999989622107011e-01 9.999999989613873597e-01 9.999999989613744811e-01
6.564312000000000808e+03 9.999999989868091355e-01 9.999999989860240968e-01 9.999999989860119953e-01
6.564330000000000837e+03 9.999999990105420400e-01 9.999999990097939717e-01 9.999999990097822034e-01
6.564347999999999956e+03 9.999999990334506039e-01 9.999999990327367305e-01 9.999999990327255173e-01
6.564366000000000895e+03 9.999999990555722418e-01 9.999999990548902318e-01 9.999999990548796847e-01
6.564384000000000015e+03 9.999999990769420366e-01 9.999999990762908908e-01 9.999999990762808988e-01
6.564402000000000044e+03 9.999999990975946274e-01 9.999999990969720143e-01 9.999999990969624664e-01
6.564420000000000982e+03 9.999999991175607672e-01 9.999999991169657987e-01 9.999999991169569169e-01
6.564438000000000102e+03 9.999999991368716534e-01 9.999999991363024421e-01 9.999999991362934493e-01
6.564456000000000131e+03 9.999999991555549306e-01 9.999999991550102552e-01 9.999999991550019285e-01
6.564474000000001070e+03 9.999999991736376881e-01 9.999999991731161053e-01 9.999999991731081117e-01
6.564492000000000189e+03 9.999999991911453501e-01 9.999999991906457497e-01 9.999999991906380892e-01
6.564510000000000218e+03 9.999999992081023414e-01 9.999999992076230582e-01 9.999999992076157307e-01
6.564528000000001157e+03 9.999999992245310887e-01 9.999999992240673485e-01 9.999999992240594660e-01
6.564546000000000276e+03 9.999999992404537963e-01 9.999999992399535298e-01 9.999999992399413173e-01
6.564564000000000306e+03 9.999999992558906703e-01 9.999999992550061556e-01 9.999999992549745143e-01
6.564582000000000335e+03 9.999999992708613616e-01 9.999999992682179206e-01 9.999999992681423144e-01
6.564600000000000364e+03 9.999999992853844111e-01 9.999999992778637603e-01 9.999999992777299784e-01
