# lambda[A]  T_theo  T_instr  T_rot+instr  (He I 10830)
1.082820000000000073e+04 9.999999543433817362e-01 9.999999522228031346e-01 9.999999521477862530e-01
1.082822000164608107e+04 9.999999529143540622e-01 9.999999512916544209e-01 9.999999512303578975e-01
1.082824000329215960e+04 9.999999514019909386e-01 9.999999501385160583e-01 9.999999500901817218e-01
1.082826000493823994e+04 9.999999497986191699e-01 9.999999487663551179e-01 9.999999487291262312e-01
1.082828000658431847e+04 9.999999480955619191e-01 9.999999471838016962e-01 9.999999471550864438e-01
1.082830000823039700e+04 9.999999462829369801e-01 9.999999453976934349e-01 9.999999453745923583e-01
1.082832000987647734e+04 9.999999443493670093e-01 9.999999434039839041e-01 9.999999433835822238e-01
1.082834001152255769e+04 9.999999422815015748e-01 9.999999411761059109e-01 9.999999411554841844e-01
1.082836001316863440e+04 9.999999400631307545e-01 9.999999386470369567e-01 9.999999386228854981e-01
1.082838001481471474e+04 9.999999376733870182e-01 9.999999356771854808e-01 9.999999356448950882e-01
1.082840001646079509e+04 9.999999350829150702e-01 9.999999319939599784e-01 9.999999319459440539e-01
1.082842001810687179e+04 9.999999322455723760e-01 9.999999270787972572e-01 9.999999270015514918e-01
1.082844001975295214e+04 9.999999290805116070e-01 9.999999199606655065e-01 9.999999198296321001e-01
1.082846002139903248e+04 9.999999254341315202e-01 9.999999088473153774e-01 9.999999086178974483e-01
1.082848002304510919e+04 9.999999210010512840e-01 9.999998904807947397e-01 9.999998900726331241e-01
1.082850002469118954e+04 9.999999151641637551e-01 9.999998590327987547e-01 9.999998583022433607e-01
1.082852002633726988e+04 9.999999066797657932e-01 9.999998042444812052e-01 9.999998029362840990e-01
1.082854002798334659e+04 9.999998930752220794e-01 9.999997083431880762e-01 9.999997060053295028e-01
1.082856002962942694e+04 9.999998695298483176e-01 9.999995410018602815e-01 9.999995368345205859e-01
1.082858003127550728e+04 9.999998268555986281e-01 9.999992511938506912e-01 9.999992437808313817e-01
1.082860003292158581e+04 9.999997479575306603e-01 9.999987541587261886e-01 9.999987409911528236e-01
1.082862003456766433e+04 9.999996018023048494e-01 9.999979107240827281e-01 9.999978873655375189e-01
1.082864003621374468e+04 9.999993334123827848e-01 9.999964947939262716e-01 9.999964534494405477e-01
1.082866003785982321e+04 9.999988476681357374e-01 9.999941428087042450e-01 9.999940699548688361e-01
1.082868003950590173e+04 9.999979836217630647e-01 9.999902764385626419e-01 9.999901490815560345e-01
1.082870004115198208e+04 9.999964743661159394e-01 9.999839870854264623e-01 9.999837672156802748e-01
1.082872004279806060e+04 9.999938847544487253e-01 9.999738690392671048e-01 9.999734960826557328e-01
1.082874004444414095e+04 9.999895144163988281e-01 9.999577895444404785e-01 9.999571712570393123e-01
1.082876004609021948e+04 9.999822447162344252e-01 9.999325920578993054e-01 9.999315955506292708e-01
1.082878004773629800e+04 9.999702928308591421e-01 9.998937479946959916e-01 9.998921944353655888e-01
1.082880004938237835e+04 9.999508116692875648e-01 9.998350060184411081e-01 9.998326747235606327e-01
1.082882005102845687e+04 9.999192437998348781e-01 9.997481366342655384e-01 9.997447858728939485e-01
1.082884005267453540e+04 9.998683198842945874e-01 9.996229260434456032e-01 9.996183375093019574e-01
1.082886005432061575e+04 9.997866381331039776e-01 9.994476183150208248e-01 9.994416682482935022e-01
1.082888005596669609e+04 9.996569602395471987e-01 9.992100090387857625e-01 9.992027603933069102e-01
1.082890005761277280e+04 9.994548034801564729e-01 9.988993223124897902e-01 9.988911199703176536e-01
1.082892005925885314e+04 9.991485804647007862e-01 9.985088323697434154e-01 9.985003707476086676e-01
1.082894006090493349e+04 9.987031412326642377e-01 9.980389288314717167e-01 9.980312544064695590e-01
1.082896006255101020e+04 9.980884750769958291e-01 9.975000261717059669e-01 9.974944431526481248e-01
1.082898006419709054e+04 9.972938886891502541e-01 9.969144875818720664e-01 9.969123568260289669e-01
1.082900006584317089e+04 9.963451521444013359e-01 9.963166962796187187e-01 9.963191526045594992e-01
1.082902006748924759e+04 9.953182947866388020e-01 9.957506574546756140e-01 9.957583078176714952e-01
1.082904006913532794e+04 9.943394319478984222e-01 9.952650556074087440e-01 9.952777444037902432e-01
1.082906007078140829e+04 9.935608273600600171e-01 9.949064059959907835e-01 9.949231300857867000e-01
1.082908007242748681e+04 9.931190042808402119e-01 9.947116024894012698e-01 9.947306231743345828e-01
1.082910007407356534e+04 9.930958166503723872e-01 9.947015269023442574e-01 9.947206682042274428e-01
1.082912007571964568e+04 9.934956370559194783e-01 9.948772738902496027e-01 9.948943365299818264e-01
1.082914007736572421e+04 9.942441196480270582e-01 9.952199502652657737e-01 9.952331318939142690e-01
1.082916007901180274e+04 9.952089445267130463e-01 9.956941004191102174e-01 9.957023105256976869e-01
1.082918008065788308e+04 9.962374056935479061e-01 9.962538853214858436e-01 9.962568787008252436e-01
1.082920008230396161e+04 9.971990213002985826e-01 9.968505030022389857e-01 9.968488144222800162e-01
1.082922008395004195e+04 9.980120557160935268e-01 9.974391730139917644e-01 9.974338949185072023e-01
1.082924008559612048e+04 9.986458936529590824e-01 9.979843255822492543e-01 9.979768091284519915e-01
1.082926008724219901e+04 9.991081621137448687e-01 9.984622791085875360e-01 9.984538458836991204e-01
1.082928008888827935e+04 9.994275672678089029e-01 9.988614101450623561e-01 9.988531405000572461e-01
1.082930009053435788e+04 9.996392226750314691e-01 9.991803877285043711e-01 9.991730150046951309e-01
1.082932009218043640e+04 9.997753400650047917e-01 9.994253269928564665e-01 9.994192309802607532e-01
1.082934009382651675e+04 9.998612082095859055e-01 9.996067071115095626e-01 9.996019765170446325e-01
1.082936009547259710e+04 9.999147849900198448e-01 9.997366829170027946e-01 9.997332092806427983e-01
1.082938009711867380e+04 9.999480121774709795e-01 9.998271227696582386e-01 9.998246940468469290e-01
1.082940009876475415e+04 9.999685254863892592e-01 9.998884355154370462e-01 9.998868099016970934e-01
1.082942010041083449e+04 9.999811171383781172e-01 9.999290679573468177e-01 9.999280211724204115e-01
1.082944010205691120e+04 9.999887808826027902e-01 9.999554731378249572e-01 9.999548214588646067e-01
1.082946010370299155e+04 9.999933907962634816e-01 9.999723473984086786e-01 9.999719531719225563e-01
1.082948010534907189e+04 9.999961227157465604e-01 9.999829764863980008e-01 9.999827435244407203e-01
1.082950010699514860e+04 9.999977131831018218e-01 9.999895870862539615e-01 9.999894518775336305e-01
1.082952010864122894e+04 9.999986202985344796e-01 9.999936501687546331e-01 9.999935726783178991e-01
1.082954011028730929e+04 9.999991254624586157e-01 9.999961179815038959e-01 9.999960738956755746e-01
1.082956011193338782e+04 9.999993986386451761e-01 9.999975969239001117e-01 9.999975718882465614e-01
1.082958011357946634e+04 9.999995403951866813e-01 9.999984674978682486e-01 9.999984531920167452e-01
1.082960011522554669e+04 9.999996088034943664e-01 9.999989643951956442e-01 9.999989560207728223e-01
1.082962011687162521e+04 9.999996363462476667e-01 9.999992281622539503e-01 9.999992228988602294e-01
1.082964011851770374e+04 9.999996402046669175e-01 9.999993370694794104e-01 9.999993331345615744e-01
1.082966012016378409e+04 9.999996281054263081e-01 9.999993249681553564e-01 9.999993210147557487e-01
1.082968012180986261e+04 9.999996010268931146e-01 9.999991884406224107e-01 9.999991831026177058e-01
1.082970012345594296e+04 9.999995533323878805e-01 9.999988844200141669e-01 9.999988758531369593e-01
1.082972012510202148e+04 9.999994701938370589e-01 9.999983174481245074e-01 9.999983027111484235e-01
1.082974012674810001e+04 9.999993213737448094e-01 9.999973135326417628e-01 9.999972875990331689e-01
1.082976012839418036e+04 9.999990494113415451e-01 9.999955747601418921e-01 9.999955288317785573e-01
1.082978013004025888e+04 9.999985488458694727e-01 9.999926049376297588e-01 9.999925235284604641e-01
1.082980013168633741e+04 9.999976310957300329e-01 9.999875910230878739e-01 9.999874469754110873e-01
1.082982013333241775e+04 9.999959667008795350e-01 9.999792174611280560e-01 9.999789636624749622e-01
1.082984013497849810e+04 9.999929923518913188e-01 9.999653806309176662e-01 9.999649367981972015e-01
1.082986013662457481e+04 9.999877636039059547e-01 9.999427593245169277e-01 9.999419920270690154e-01
1.082988013827065515e+04 9.999787237073809454e-01 9.999061874244694614e-01 9.999048819222252638e-01
1.082990013991673550e+04 9.999633412794792786e-01 9.998477729090612387e-01 9.998455969535612331e-01
1.082992014156281220e+04 9.999375386946470767e-01 9.997557232297529239e-01 9.997521863144083198e-01
1.082994014320889255e+04 9.998947803750727337e-01 9.996128846472692731e-01 9.996073015923684357e-01
1.082996014485497290e+04 9.998246078099589651e-01 9.993950958280599650e-01 9.993865705061828475e-01
1.082998014650104960e+04 9.997103035063366061e-01 9.990695999107648273e-01 9.990570514553419601e-01
1.083000014814712995e+04 9.995252939696523953e-01 9.985939423049455810e-01 9.985761988709681569e-01
1.083002014979321029e+04 9.992280101356171285e-01 9.979159635831470476e-01 9.978919433821974438e-01
1.083004015143928882e+04 9.987554708010372151e-01 9.969756072018526316e-01 9.969445898152686780e-01
1.083006015308536735e+04 9.980171035266038881e-01 9.957092113838725833e-01 9.956711744673506503e-01
1.083008015473144769e+04 9.968922133809957620e-01 9.940566668395330874e-01 9.940126299953875311e-01
1.083010015637752622e+04 9.952362338234729267e-01 9.919712759818566372e-01 9.919235658290921354e-01
1.083012015802360474e+04 9.929008003227941526e-01 9.894314151882941388e-01 9.893837563131183677e-01
1.083014015966968509e+04 9.897693470065319632e-01 9.864523461629509660e-01 9.864097003118780238e-01
1.083016016131576362e+04 9.858036888339939408e-01 9.830959677616666337e-01 9.830640876546771212e-01
1.083018016296184396e+04 9.810887318608808583e-01 9.794761466749342116e-01 9.794608705493617062e-01
1.083020016460792249e+04 9.758520594536133075e-01 9.757576171606980875e-01 9.757639900714102366e-01
1.083022016625400101e+04 9.704375574468597776e-01 9.721472673744943060e-01 9.721786222215214046e-01
1.083024016790008136e+04 9.652514215385810115e-01 9.688777957108750671e-01 9.689349541560708934e-01
1.083026016954615989e+04 9.607270792087220235e-01 9.661850382928361958e-01 9.662657965224746848e-01
1.083028017119223841e+04 9.573100855117933072e-01 9.642815463291291023e-01 9.643805892505737942e-01
1.083030017283831876e+04 9.554143920734492479e-01 9.633300340697460440e-01 9.634393674883443559e-01
1.083032017448439910e+04 9.553282165946511695e-01 9.634209046173128899e-01 9.635308047796999897e-01
1.083034017613047581e+04 9.571333725214586918e-01 9.645579559239354506e-01 9.646583188953099519e-01
1.083036017777655616e+04 9.606870704220908941e-01 9.666553959251557027e-01 9.667372531013754822e-01
1.083038017942263650e+04 9.656313090229520224e-01 9.695474593754670467e-01 9.696043501747557691e-01
1.083040018106871321e+04 9.714208250694763569e-01 9.730095076546756427e-01 9.730384029325858108e-01
1.083042018271479355e+04 9.774086936415213867e-01 9.767870720562610298e-01 9.767886363437532360e-01
1.083044018436087390e+04 9.829968565416226101e-01 9.806275643110585749e-01 9.806057111063519738e-01
1.083046018600695061e+04 9.877734566048105291e-01 9.843088929813843535e-01 9.842697727800845398e-01
1.083048018765303095e+04 9.915595435181679962e-01 9.876601848311840071e-01 9.876108860077079665e-01
1.083050018929911130e+04 9.943721756822820890e-01 9.905719244706708837e-01 9.905192142830409052e-01
1.083052019094518801e+04 9.963505160236746372e-01 9.929954131095902747e-01 9.929447898303941367e-01
1.083054019259126835e+04 9.976820041401660566e-01 9.949337104302424795e-01 9.948889089803870656e-01
1.083056019423734870e+04 9.985488743749448837e-01 9.964275598158218727e-01 9.963905072935261842e-01
1.083058019588342722e+04 9.991005300551233370e-01 9.975400001274559170e-01 9.975111062458107414e-01
1.083060019752950575e+04 9.994466612886089285e-01 9.983426347012808177e-01 9.983212531527341227e-01
1.083062019917558609e+04 9.996620405023700640e-01 9.989053044898341671e-01 9.988902126596144182e-01
1.083064020082166462e+04 9.997952940634858843e-01 9.992896698152641255e-01 9.992794634048890456e-01
1.083066020246774315e+04 9.998772480006168362e-01 9.995462755022967993e-01 9.995396334332647958e-01
1.083068020411382349e+04 9.999272513552632802e-01 9.997141836158048855e-01 9.997100059908783365e-01
1.083070020575990202e+04 9.999574349746561674e-01 9.998221604512880223e-01 9.998196092743464325e-01
1.083072020740598236e+04 9.999754118806847281e-01 9.998905623061139503e-01 9.998890423170861963e-01
1.083074020905206089e+04 9.999859526996005554e-01 9.999333290423393361e-01 9.999324410393963802e-01
1.083076021069813942e+04 9.999920284615525512e-01 9.999597549439853683e-01 9.999592436908631976e-01
1.083078021234421976e+04 9.999954689024522780e-01 9.999759053014212196e-01 9.999756138819201334e-01
1.083080021399030011e+04 9.999973836110623848e-01 9.999856708850262121e-01 9.999855057869642128e-01
1.083082021563637682e+04 9.999984329781392844e-01 9.999915130315030209e-01 9.999914198123263098e-01
1.083084021728245716e+04 9.999990018447968421e-01 9.999949704669822692e-01 9.999949179299293389e-01
1.083086021892853751e+04 9.999993094478677458e-01 9.999969947369502510e-01 9.999969651705122864e-01
1.083088022057461421e+04 9.999994777657762457e-01 9.999981679360991915e-01 9.999981513256953614e-01
1.083090022222069456e+04 9.999995730550256257e-01 9.999988420952091728e-01 9.999988327829347767e-01
1.083092022386677490e+04 9.999996304611021847e-01 9.999992274723629171e-01 9.999992222606827186e-01
1.083094022551285161e+04 9.999996682109358881e-01 9.999994479533462766e-01 9.999994450359475096e-01
1.083096022715893196e+04 9.999996955705604540e-01 9.999995754730542918e-01 9.999995738320118788e-01
1.083098022880501230e+04 9.999997171811840779e-01 9.999996511627272655e-01 9.999996502272532339e-01
1.083100023045108901e+04 9.999997353550947876e-01 9.999996981727466983e-01 9.999996976251520620e-01
1.083102023209716936e+04 9.999997512572997849e-01 9.999997293320903591e-01 9.999997289971970238e-01
1.083104023374324970e+04 9.999997654971329863e-01 9.999997516479341986e-01 9.999997514301250945e-01
1.083106023538932823e+04 9.999997784168470627e-01 9.999997689018115254e-01 9.999997687494023291e-01
1.083108023703540675e+04 9.999997902291656304e-01 9.999997831194077369e-01 9.999997830046606362e-01
1.083110023868148710e+04 9.999998010817081617e-01 9.999997953865519262e-01 9.999997952946092505e-01
1.083112024032756563e+04 9.999998110869350310e-01 9.999998062933855847e-01 9.999998062162318568e-01
1.083114024197364415e+04 9.999998203362124860e-01 9.999998161714801492e-01 9.999998161046922407e-01
1.083116024361972450e+04 9.999998289066954760e-01 9.999998252180881675e-01 9.999998251591210030e-01
1.083118024526580302e+04 9.999998368649642977e-01 9.999998335601779642e-01 9.999998335074699041e-01
1.083120024691188337e+04 9.999998442691842016e-01 9.999998412870049203e-01 9.999998412395220138e-01
1.083122024855796190e+04 9.999998511705423532e-01 9.999998484665681975e-01 9.999998484235670393e-01
1.083124025020404042e+04 9.999998576143166451e-01 9.999998551539542868e-01 9.999998551148627790e-01
1.083126025185012077e+04 9.999998636407093633e-01 9.999998613956616600e-01 9.999998613600161734e-01
1.083128025349619929e+04 9.999998692855386340e-01 9.999998672319462267e-01 9.999998671993592936e-01
1.083130025514227782e+04 9.999998745808070799e-01 9.999998726981877972e-01 9.999998726683299033e-01
1.083132025678835817e+04 9.999998795551875430e-01 9.999998778257681575e-01 9.999998777983528653e-01
1.083134025843443851e+04 9.999998842344374195e-01 9.999998826426876875e-01 9.999998826174657518e-01
1.083136026008051522e+04 9.999998886417498234e-01 9.999998871740343187e-01 9.999998871507865816e-01
1.083138026172659556e+04 9.999998927980580099e-01 9.999998914423574581e-01 9.999998914208924061e-01
1.083140026337267591e+04 9.999998967222977209e-01 9.999998954679859553e-01 9.999998954481325031e-01
1.083142026501875262e+04 9.999999004316340034e-01 9.999998992692856747e-01 9.999998992508946083e-01
1.083144026666483296e+04 9.999999039416562763e-01 9.999999028628931974e-01 9.999999028458300687e-01
1.083146026831091331e+04 9.999999072665534117e-01 9.999999062639072234e-01 9.999999062480526835e-01
1.083148026995699001e+04 9.999999104192605071e-01 9.999999094860583249e-01 9.999999094713057923e-01
1.083150027160307036e+04 9.999999134115933330e-01 9.999999125418596035e-01 9.999999125281133772e-01
1.083152027324915070e+04 9.999999162543616871e-01 9.999999154427322567e-01 9.999999154299086257e-01
1.083154027489522923e+04 9.999999189574710901e-01 9.999999181991247044e-01 9.999999181871455090e-01
1.083156027654130776e+04 9.999999215300142685e-01 9.999999208206050705e-01 9.999999208094009218e-01
1.083158027818738810e+04 9.999999239803504247e-01 9.999999233159537759e-01 9.999999233054636116e-01
1.083160027983346663e+04 9.999999263161731822e-01 9.999999256932426972e-01 9.999999256834086747e-01
1.083162028147954516e+04 9.999999285445768660e-01 9.999999279598960067e-01 9.999999279506678329e-01
1.083164028312562550e+04 9.999999306721094605e-01 9.999999301227615600e-01 9.999999301140926056e-01
1.083166028477170403e+04 9.999999327048251230e-01 9.999999321881563041e-01 9.999999321800043806e-01
1.083168028641778437e+04 9.999999346483262608e-01 9.999999341619215665e-01 9.999999341542483711e-01
1.083170028806386290e+04 9.999999365078046099e-01 9.999999360494615797e-01 9.999999360422318073e-01
1.083172028970994143e+04 9.999999382880772059e-01 9.999999378557835605e-01 9.999999378489664581e-01
1.083174029135602177e+04 9.999999399936180255e-01 9.999999395855344586e-01 9.999999395791002721e-01
1.083176029300210030e+04 9.999999416285880738e-01 9.999999412430302659e-01 9.999999412369519058e-01
1.083178029464817882e+04 9.999999431968599195e-01 9.999999428322826622e-01 9.999999428265353707e-01
1.083180029629425917e+04 9.999999447020432308e-01 9.999999443570277702e-01 9.999999443515896758e-01
1.083182029794033951e+04 9.999999461475050921e-01 9.999999458207460279e-01 9.999999458155961474e-01
1.083184029958641622e+04 9.999999475363884338e-01 9.999999472266860590e-01 9.999999472218056296e-01
1.083186030123249657e+04 9.999999488716316831e-01 9.999999485778791053e-01 9.999999485732504745e-01
1.083188030287857691e+04 9.999999501559840853e-01 9.999999498771595663e-01 9.999999498727666358e-01
1.083190030452465362e+04 9.999999513920191374e-01 9.999999511271805419e-01 9.999999511230091009e-01
1.083192030617073397e+04 9.999999525821490209e-01 9.999999523304240467e-01 9.999999523264588852e-01
1.083194030781681431e+04 9.999999537286365925e-01 9.999999534892178854e-01 9.999999534854467909e-01
1.083196030946289102e+04 9.999999548336058197e-01 9.999999546057450894e-01 9.999999546021570707e-01
1.083198031110897136e+04 9.999999558990519954e-01 9.999999556820563518e-01 9.999999556786391963e-01
1.083200031275505171e+04 9.999999569268527289e-01 9.999999567200771322e-01 9.999999567168209591e-01
1.083202031440113024e+04 9.999999579187724974e-01 9.999999577216184266e-01 9.999999577185144650e-01
1.083204031604720876e+04 9.999999588764750813e-01 9.999999586883867586e-01 9.999999586854257938e-01
1.083206031769328911e+04 9.999999598015277824e-01 9.999999596219859566e-01 9.999999596191589957e-01
1.083208031933936763e+04 9.999999606954083076e-01 9.999999605239299205e-01 9.999999605212303022e-01
1.083210032098544616e+04 9.999999615595109859e-01 9.999999613956446209e-01 9.999999613930649067e-01
1.083212032263152651e+04 9.999999623951536520e-01 9.999999622384753151e-01 9.999999622360088436e-01
1.083214032427760503e+04 9.999999632035808661e-01 9.999999630536871020e-01 9.999999630513239923e-01
1.083216032592368538e+04 9.999999639859700196e-01 9.999999638424555970e-01 9.999999638401830815e-01
1.083218032756976390e+04 9.999999647434347771e-01 9.999999646058430613e-01 9.999999646036383805e-01
1.083220032921584243e+04 9.999999654770297397e-01 9.999999653447304571e-01 9.999999653425464263e-01
1.083222033086192278e+04 9.999999661877543300e-01 9.999999660596750051e-01 9.999999660574160343e-01
1.083224033250800130e+04 9.999999668765554572e-01 9.999999667506483947e-01 9.999999667481317411e-01
1.083226033415407983e+04 9.999999675443315139e-01 9.999999674166292207e-01 9.999999674135369165e-01
1.083228033580016017e+04 9.999999681919349293e-01 9.999999680550804015e-01 9.999999680509070732e-01
1.083230033744624052e+04 9.999999688201757220e-01 9.999999686614383654e-01 9.999999686554666978e-01
1.083232033909231723e+04 9.999999694298230546e-01 9.999999692288753517e-01 9.999999692202002910e-01
1.083234034073839757e+04 9.999999700216073428e-01 9.999999697486416927e-01 9.999999697362675910e-01
1.083236034238447792e+04 9.999999705962250296e-01 9.999999702111999067e-01 9.999999701942012820e-01
1.083238034403055462e+04 9.999999711543374747e-01 9.999999706080648920e-01 9.999999705857799404e-01
1.083240034567663497e+04 9.999999716965745078e-01 9.999999709339005838e-01 9.999999709060827247e-01
