# EXHALE schema 2
# columns r[Rp] rho[mH/cm3] v[cm/s] p[cgs] T[K] heat[erg/cm3/s] cool[erg/cm3/s]
# rows 504: 2 ghost cells at each end; physical cells are rows 3 to 502
# coupling: sec_ion=T sec_ion_step=0 recon=PLM certified=F cert_reason=no_stationary_claim mode=init
# provenance: git=43bc28cef587 tree=dirty run=2026-09-14T11:04:50
# provenance: ck_input=3359169808302853005 ck_base=658736355591907811 ck_metals=-1
# provenance: recon=PLM base_bc=characteristic carrier=none restart_schema=3 resid_def=145 N=500
# restart_schema 1
# reservoir He/H 3.0031451438013193E+00 C/H 2.7776597104578487E-04 O/H 5.5200493936927544E-07 N/H 8.1887669205026690E-05
# species_columns 34 r HI HII HeI HeII HeIII HeITR CI CII CIII OI OII OIII NI NII NIII MgI MgII MgIII SiI SiII SiIII CaI CaII CaIII NaI NaII KI KII SI SII FeI FeII FeIII
# grid N 500 R0[cm] 1.1608832677877674E+09 r_min[Rp] 1.0001933187778382E+00 r_max[Rp] 2.9031224061195065E+01 mode Mixed
# constants set IAU2015+CODATA2018 RJ[cm] 7.1492000000000000E+09 kB[erg/K] 1.3806490000000000E-16
# options He23S=T metals=T eos_metals=T mol=F molbase=F oxychem=F carrier=F carrier_newton=F iontrans=F he_diff=T he_metal_diff=F sec_ion=T caloric_mono=F excH=F base_ir=F mol_ir=F mol_heat=T visc=F cond=F jlya=0 wellbal=T
# t_phys[s] 0.0000000000000000E+00
# source git=43bc28cef587 tree=dirty restart_input=provenance_unknown
  0.99980668122216187        55236934740374.320       -3.0326887853340350        1.0119559004325014        428.60504852388812        2.2254368403465761E-008   1.6006982791313177E-010
   1.0000000000000000        54114965358850.977       -3.0943689888626298       0.97793090155006102        422.78154937219313        2.2939515092655792E-008   1.6278587104352285E-010
   1.0001933187778382        51783122701639.969      -0.11518723231250298       0.94500458672840582        426.94396474270280        2.3089038928211925E-008   1.6551854052932277E-010
   1.0003866375556763        48987181816610.656      -0.13651021779789621       0.91368223952043282        436.34979413365392        2.2947817746026021E-008   1.6820432287564972E-010
   1.0005799563335145        46300307234873.461        8.7356253048442120E-002  0.88406656021441321        446.70401227784458        2.2753625862152160E-008   1.7081350594007229E-010
   1.0007732751113527        43810218828840.328        4.7189112174102571E-002  0.85607219500785492        457.14116112751435        2.2554144138748742E-008   1.7334495074558593E-010
   1.0009665938891910        41514357183478.000        7.5090207573530382E-002  0.82957404077136954        467.48606545674971        2.2358525424090818E-008   1.7580024554778160E-010
   1.0011599126670290        39395783080746.930        7.1037424135605640E-002  0.80445678291414147        477.70652261874011        2.2168349417949458E-008   1.7818261009731063E-010
   1.0013532314448672        37436915459917.617        7.8078662511309946E-002  0.78061440801994408        487.79902869571106        2.1983682253740989E-008   1.8049504334709099E-010
   1.0015465502227054        35621891064209.016        8.0807439876035600E-002  0.75795191987070942        497.76599946477756        2.1804324405041119E-008   1.8274057193504916E-010
   1.0017398690005437        33936706783873.637        8.5258455506790662E-002  0.73638349509181600        507.61083687761555        2.1630037943598175E-008   1.8492206454120359E-010
   1.0019331877783817        32369033025279.262        8.9175136809237915E-002  0.71583164218313766        517.33703831459979        2.1460595140578173E-008   1.8704227803926956E-010
   1.0021265065562199        30907987157910.828        9.3421008285151957E-002  0.69622612499584624        526.94798382823831        2.1295783564070439E-008   1.8910384234107881E-010
   1.0023198253340582        29543935388864.027        9.7670165288569186E-002  0.67750315223336510        536.44691861890021        2.1135406152732717E-008   1.9110927036361444E-010
   1.0025131441118964        28268323061318.172       0.10204695828882195       0.65960463382916190        545.83695146812568        2.0979279473686035E-008   1.9306095819689864E-010
   1.0027064628897344        27073531511672.934       0.10650482143515153       0.64247755329170453        555.12106362586849        2.0827232329772422E-008   1.9496119072098183E-010
   1.0028997816675727        25952756517418.930       0.11106197136225639       0.62607341665545591        564.30211733291821        2.0679104415677564E-008   1.9681214581740197E-010
   1.0030931004454109        24899905026207.930       0.11571209129016902       0.61034777438650734        573.38286241866535        2.0534745273130144E-008   1.9861589923991022E-010
   1.0032864192232491        23909506857462.109       0.12045818066736601       0.59525980255586142        582.36594399209116        2.0394013316734009E-008   2.0037442924700608E-010
   1.0034797380010871        22976639118093.461       0.12529973260641603       0.58077193577485742        591.25390764665951        2.0256775072383401E-008   2.0208962125780604E-010
   1.0036730567789254        22096861114297.699       0.13023758923968928       0.56684954416969646        600.04920592674239        2.0122904452462779E-008   2.0376327233528329E-010
   1.0038663755567636        21266158231057.395       0.13527210266721854       0.55346064844350851        608.75420305229284        1.9992282162390713E-008   2.0539709549412773E-010
   1.0040596943346018        20480893332279.977       0.14040383028470579       0.54057566779042354        617.37117944549277        1.9864795166801894E-008   2.0699272379391593E-010
   1.0042530131124399        19737764525683.418       0.14563327122415046       0.52816719632386488        625.90233678392644        1.9740336185084873E-008   2.0855171421918731E-010
   1.0044463318902781        19033768446613.621       0.15096096498922534       0.51620980428042396        634.34980049201260        1.9618803308168349E-008   2.1007718589483624E-010
   1.0046396506681163        18366168102382.410       0.15638745360849440       0.50467986083789262        642.71562467190518        1.9500099568368545E-008   2.1156953091848000E-010
   1.0048329694459543        17732464733801.422       0.16191329577956490       0.49355537585332049        651.00179612727709        1.9384132568538403E-008   2.1302947447312801E-010
   1.0050262882237926        17130373146761.602       0.16753906085927911       0.48281585817141726        659.21023670333216        1.9270814186686946E-008   2.1445830364245876E-010
   1.0052196070016308        16557799954612.152       0.17326533045907785       0.47244218850054043        667.34280696621965        1.9160060260314887E-008   2.1585724570873202E-010
   1.0054129257794691        16012824423489.873       0.17909269737066844       0.46241650512526478        675.40130792506079        1.9051790346899200E-008   2.1722747082496101E-010
   1.0056062445573071        15493681484534.340       0.18502176550113217       0.45272210095861726        683.38748445593967        1.8945927450387088E-008   2.1857009452647129E-010
   1.0057995633351453        14998746711375.107       0.19105314945815319       0.44334333063686931        691.30302705403687        1.8842397810679235E-008   2.1988618008882317E-010
   1.0059928821129835        14526522943766.109       0.19718747425747041       0.43426552652368711        699.14957485841853        1.8741130670606841E-008   2.2117674074905277E-010
   1.0061862008908218        14075628417628.271       0.20342537493179255       0.42547492263394382        706.92871679369455        1.8642058107220595E-008   2.2244274179830969E-010
   1.0063795196686598        13644786138734.162       0.20976749630756891       0.41695858561444971        714.64199448521890        1.8545114825695521E-008   2.2368510256032362E-010
   1.0065728384464980        13232814416714.967       0.21621449273697543       0.40870435202699101        722.29090354768471        1.8450238007719444E-008   2.2490469826216428E-010
   1.0067661572243365        12838618381401.703       0.22276702780835667       0.40070077126155523        729.87689515762963        1.8357367161076346E-008   2.2610236181129007E-010
   1.0069594760021756        12461182360039.129       0.22942577393335781       0.39293705350108987        737.40137830527544        1.8266443960996752E-008   2.2727888548810567E-010
   1.0071527947800178        12099563050832.090       0.23619141220980483       0.38540302221798517        744.86572064385462        1.8177412135659622E-008   2.2843502256392707E-010
   1.0073461135578718        11752883357521.221       0.24306463216689012       0.37808907074479026        752.27125052673205        1.8090217329387715E-008   2.2957148885785554E-010
   1.0075394323357734        11420326851680.006       0.25004613137883608       0.37098612251453633        759.61925768706578        1.8004807006826569E-008   2.3068896424375302E-010
   1.0077327511138647        11101132752071.232       0.25713661540536270       0.36408559460990875        766.91099516058000        1.7921130333574403E-008   2.3178809412168774E-010
   1.0079260698927159        10794591400262.590       0.26433679730981108       0.35737936429743433        774.14768007179634        1.7839138091290471E-008   2.3286949086763486E-010
   1.0081193886746063        10500040151901.533       0.27164739761778317       0.35085973823776806        781.33049505615884        1.7758782585320572E-008   2.3393373528832453E-010
   1.0083127074686531        10216859646053.543       0.27906914444750719       0.34451942403339680        788.46058970773186        1.7680017565012019E-008   2.3498137815481761E-010
   1.0085060263113255        9944470379478.3691       0.28660277438658965       0.33835150355119137        795.53908392303117        1.7602798135738592E-008   2.3601294330042920E-010
   1.0086993453485009        9682329479376.0312       0.29424903766853455       0.33234940650467532        802.56707639968090        1.7527080676930303E-008   2.3702892805434055E-010
   1.0088926651636878        9429927283382.2344       0.30200871904934512       0.32650687900655473        809.54567798302787        1.7452822674139180E-008   2.3802981452189804E-010
   1.0090859880909211        9186782420114.3594       0.30988272412241119       0.32081792701544098        816.47613969542920        1.7379982301556615E-008   2.3901610461866430E-010
   1.0092793234663395        8952430330742.3691       0.31787242956082495       0.31527665687552292        823.36036148703658        1.7308516957111282E-008   2.3998845325098828E-010
   1.0094727086344986        8726385818125.9424       0.32598110523226720       0.30987670994144112        830.20291754318202        1.7238377769236627E-008   2.4094820082536094E-010
   1.0096662929736202        8508004778955.5908       0.33421968208541503       0.30460910961611309        837.01911665885098        1.7169488739301457E-008   2.4189950136095665E-010
   1.0098606739965927        8296177150884.2920       0.34262106416277199       0.29945384427212024        843.84443264237314        1.7101677128102665E-008   2.4285109964020077E-010
   1.0100574069010908        8089422771722.4824       0.35124108044692037       0.29436814187339089        850.69487757792751        1.7034568448832953E-008   2.4380244658255157E-010
   1.0102575990216738        7886687480385.1572       0.36012758935361683       0.28932432897364835        857.59169484020367        1.6967727540308482E-008   2.4475256269267021E-010
   1.0104613111828178        7687662502737.5615       0.36930222593880402       0.28432289883957673        864.56396181493108        1.6900973908867175E-008   2.4570648664840194E-010
   1.0106686052784950        7492319796742.9844       0.37877568975451381       0.27936441522767380        871.61235644168846        1.6834314578687435E-008   2.4666416481353219E-010
   1.0108795442909790        7300630462732.9189       0.38855912799942199       0.27444942469573863        878.73755540775721        1.6767756098266079E-008   2.4762552866246740E-010
   1.0110941923099799        7112564704769.6299       0.39866415129584698       0.26957845636452649        885.94024187654747        1.6701304327874208E-008   2.4859049220460485E-010
   1.0113126145521172        6928091852266.4092       0.40910285679897540       0.26475202171851908        893.22110726475114        1.6634964348200076E-008   2.4955894947260013E-010
   1.0115348773807351        6747180399206.7227       0.41988784938296553       0.25997061442168262        900.58085103035887        1.6568740408070101E-008   2.5053077222561565E-010
   1.0117610483260642        6569798040769.9150       0.43103226497586122       0.25523471014328514        908.02018070828967        1.6502635867803653E-008   2.5150580800735054E-010
   1.0119911961057415        6395911716644.2686       0.44254979453668697       0.25054476639202722        915.53981092467063        1.6436653162054574E-008   2.5248387867331930E-010
   1.0122253906456866        6225487648574.1943       0.45445470937599064       0.24590122235793255        923.14046297556433        1.6370793752927129E-008   2.5346477945080213E-010
   1.0124637031013488        6058491377774.4189       0.46676188742888264       0.24130449876356719        930.82286427619556        1.6305058087100657E-008   2.5444827853562399E-010
   1.0127062058793259        5894887804255.7197       0.47948684096678568       0.23675499772364250        938.58774732318409        1.6239445563604255E-008   2.5543411716275299E-010
   1.0129529726593638        5734641223376.4209       0.49264574551869850       0.23225310261292698        946.43584883268147        1.6173954500947724E-008   2.5642201002524559E-010
   1.0132040784167418        5577715361292.3398       0.50625547011706651       0.22779917794341850        954.36790883731885        1.6108582108246686E-008   2.5741164586787167E-010
   1.0134595994450530        5424073411103.0703       0.52033360914722993       0.22339356925056303        962.38466942864625        1.6043324466323151E-008   2.5840268805789252E-010
   1.0137196133793853        5273678069189.0908       0.53489851526200638       0.21903660298767641        970.48687316060796        1.5978176518846626E-008   2.5939477493713106E-010
   1.0139841992199077        5126491564537.5107       0.54996933451035657       0.21472858643085363        978.67526243392615        1.5913132052192993E-008   2.6038751978406505E-010
   1.0142534373558743        4982475698155.7295       0.56556604232720653       0.21046980759264319        986.95057676117926        1.5848183716382429E-008   2.6138051027884861E-010
   1.0145274095900483        4841591863644.4023       0.58170948223599928       0.20626053514772760        995.31355332095029        1.5783322998677209E-008   2.6237330741106826E-010
   1.0148061991635569        4703801102186.2881       0.59842140435982127       0.20210101836352390        1003.7649203338234        1.5718540320016762E-008   2.6336805429539836E-010
   1.0150898907811812        4569064111748.6953       0.61572450760903841       0.19799148703975547        1012.3053991071482        1.5653824998884963E-008   2.6436278572139461E-010
   1.0153785706370937        4437341272423.6777       0.63364248550203950       0.19393215146971193        1020.9357030643241        1.5589165274428551E-008   2.6535609975408458E-010
   1.0156723264410457        4308592681896.0005       0.65220007094353449       0.18992320241189209        1029.6565342418812        1.5524548378249206E-008   2.6634741349565214E-010
   1.0159712474450167        4182778182017.7588       0.67142308435252029       0.18596481107084462        1038.4685812866503        1.5459960591732113E-008   2.6733610553179048E-010
   1.0162754244703309        4059857385313.8428       0.69133848421119182       0.18205712909079461        1047.3725171854189        1.5395387317593678E-008   2.6832151587489444E-010
   1.0165849499352533        3939789700608.7842       0.71197442014225842       0.17820028856213110        1056.3689969093241        1.5330813163302480E-008   2.6930294619126047E-010
   1.0168999178830667        3822534356386.8975       0.73336028843917689       0.17439440204197679        1065.4586553805420        1.5266222030820442E-008   2.7027966033367360E-010
   1.0172204240106471        3708050425298.3511       0.75552679062567241       0.17063956258904223        1074.6421048949030        1.5201597225618852E-008   2.7125088520236998E-010
   1.0175465656975389        3596296845961.4038       0.77850599461565639       0.16693584381334661        1083.9199330424433        1.5136921569972824E-008   2.7221581195303305E-010
   1.0178784420355407        3487232445600.0947       0.80233139936396292       0.16328329994145618        1093.2927002059785        1.5072177534169395E-008   2.7317359757490120E-010
   1.0182161538588137        3380815960156.0088       0.82703800237825520       0.15968196589788117        1102.7609376358434        1.5007347371354370E-008   2.7412336685195304E-010
   1.0185598037745174        3277006055539.0791       0.85266237107631671       0.15613185740318991        1112.3251450587181        1.4942413270735326E-008   2.7506421472586846E-010
   1.0189094961939849        3175761347991.1562       0.87924271760432482       0.15263297108848692        1121.9857884149810        1.4877357520460540E-008   2.7599520907219658E-010
   1.0192653373644465        3077040419684.6196       0.90681897820232771       0.14918528462912353        1131.7432992360098        1.4812162660084171E-008   2.7691482171822990E-010
   1.0196274354013106        2980801841530.5723       0.93543289588764289       0.14578875689623805        1141.5980715564840        1.4746811677464350E-008   2.7782254809635969E-010
   1.0199959003210131        2887004190871.5601       0.96512810756791001       0.14244332812473562        1151.5504605119045        1.4681288193288442E-008   2.7871738495148154E-010
   1.0203708440744426        2795606068459.0952       0.99595023677518124       0.13914892010071542        1161.6007813574354        1.4615576650517683E-008   2.7959831416862800E-010
   1.0207523805809555        2706566116034.2764        1.0279469908495293       0.13590543636827099        1171.7493084393582        1.4549662514110812E-008   2.8046430933572030E-010
   1.0211406257629874        2619843033688.1440        1.0611682638709439       0.13271276245529304        1181.9962744389011        1.4483532475934259E-008   2.8131434093412202E-010
   1.0215356975812748        2535395596480.5557        1.0956662449385390       0.12957076611858462        1192.3418702091096        1.4417174660548546E-008   2.8214738192551756E-010
   1.0219377160706946        2453182671605.8130        1.1314955330139140       0.12647929760820395        1202.7862446877857        1.4350578837125512E-008   2.8296241371455676E-010
   1.0223468033767336        2373163234502.5820        1.1687132582962463       0.12343818995100397        1213.3295056716004        1.4283736626968728E-008   2.8375843246132818E-010
   1.0227630837926021        2295296385794.5381        1.2073792103618763       0.12044725925318876        1223.9717206615317        1.4216641715779814E-008   2.8453445572438180E-010
   1.0231866837969956        2219541367548.7471        1.2475559741169873       0.11750630502141649        1234.7129185312940        1.4149290060334972E-008   2.8528952939542789E-010
   1.0236177320925250        2145857579392.5649        1.2893090739502098       0.11461511050247335        1245.5530918543730        1.4081680090576769E-008   2.8602273488605044E-010
   1.0240563596448189        2074204596353.1262        1.3327071258055290       0.11177344304000009        1256.4921988524500        1.4013812918343674E-008   2.8673319716527648E-010
   1.0245026997223152        2004542180468.6587        1.3778220009083104       0.10898105445062950        1267.5301697513617        1.3945692497515794E-008   2.8741904819703080E-010
   1.0249568879367523        1936830302216.3806        1.4247289967455687       0.10623768141660117        1278.6669081803998        1.3877325841305109E-008   2.8808009826403356E-010
   1.0254190622843729        1871029156503.5500        1.4735070177195169       0.10354304589093119        1289.9022962592080        1.3808723196874956E-008   2.8871590408461507E-010
   1.0258893631878496        1807099178437.5269        1.5242387704909246       0.10089685551805598        1301.2362007308045        1.3739898207895043E-008   2.8932581755183848E-010
   1.0263679335389522        1745001059560.2510        1.5770109699230328        9.8298804068812806E-002   1312.6684797136975        1.3670868069198823E-008   2.8990927020544317E-010
   1.0268549187419593        1684695764331.1965        1.6319145584654864        9.5748571888263023E-002   1324.1989901995903        1.3601653672301570E-008   2.9046578065783125E-010
   1.0273504667578401        1626144546583.5217        1.6890449395630056        9.3245826354947395E-002   1335.8275965064240        1.3532279740088238E-008   2.9099496181101901E-010
   1.0278547281492065        1569308965947.2957        1.7485022263194776        9.0790222350381158E-002   1347.5541797176077        1.3462774951172394E-008   2.9149652779047586E-010
   1.0283678561260603        1514150904113.5581        1.8103915063734537        8.8381402737451251E-002   1359.3786481579450        1.3393172053308453E-008   2.9197030049904108E-010
   1.0288900065923423        1460632580962.3264        1.8748231241010465        8.6018998846467520E-002   1371.3009489874714        1.3323507968081844E-008   2.9241621572918117E-010
   1.0294213381933011        1408716570951.0173        1.9419129818473670        8.3702630967103439E-002   1383.3210805720621        1.3253823893173382E-008   2.9283432876511299E-010
   1.0299620123636948        1358365818056.9124        2.0117828619908940        8.1431908845430084E-002   1395.4391071319753        1.3184165388197966E-008   2.9322481935050514E-010
   1.0305121933768382        1309543652932.8042        2.0845607686835899        7.9206432183592551E-002   1407.6551721535341        1.3114582482309741E-008   2.9358799597156921E-010
   1.0310720483945157        1262213803764.1113        2.1603812987538613        7.7025791143542216E-002   1419.9695194758722        1.3045129725240563E-008   2.9392277016761284E-010
   1.0316417475177699        1216340413869.3555        2.2393860342122283        7.4889566852638326E-002   1432.3825086756513        1.2975866311534046E-008   2.9423001131675544E-010
   1.0322214638385825        1171888058263.2737        2.3217239552853859        7.2797331904106116E-002   1444.8946316947008        1.2906856214235434E-008   2.9451136524662238E-010
   1.0328113734924655        1128821755597.7600        2.4075518916497121        7.0748650854745368E-002   1457.5065356406205        1.2838168292484012E-008   2.9476765869317522E-010
   1.0334116557119772        1087106980774.9055        2.4970350053544506        6.8743080721147862E-002   1470.2190461953360        1.2769876429685381E-008   2.9499985394477158E-010
   1.0340224928811779        1046709677283.4965        2.5903473066454752        6.6780171471939584E-002   1483.0331926239942        1.2702059699990912E-008   2.9520904725769859E-010
   1.0346440705910427        1007596268751.4329        2.6876722079380047        6.4859466514734176E-002   1495.9502350206556        1.2634802562453045E-008   2.9539646607247767E-010
   1.0352765776958524        969733669807.86401        2.7892031189267326        6.2980503176833527E-002   1508.9716936713683        1.2568195087265624E-008   2.9556346495876276E-010
   1.0359202063705704        933089295981.89355        2.8951440862046147        6.1142813178920750E-002   1522.0993815650711        1.2502333217008971E-008   2.9571152036940480E-010
   1.0365751521692328        897631072996.13208        3.0057104817108429        5.9345923100906944E-002   1535.3354392685660        1.2437319065552039E-008   2.9584222408487429E-010
   1.0372416140843632        863327444785.46252        3.1211297447644122        5.7589354839456458E-002   1548.6823736610195        1.2373261246172221E-008   2.9595727538897319E-010
   1.0379197946074332        830147381383.50562        3.2416421806492277        5.5872626056299161E-002   1562.1430989215662        1.2310275241036054E-008   2.9605847201949329E-010
   1.0386098997903854        798060384069.89172        3.3675018267782377        5.4195250617971584E-002   1575.7209849452624        1.2248483768256354E-008   2.9614769993722386E-010
   1.0393121393082374        767036495228.76001        3.4989773755189777        5.2556739022756482E-002   1589.4198989880235        1.2188017245843850E-008   2.9622783669832690E-010
   1.0400267265227883        737046294931.33850        3.6363531998647902        5.0956598821445320E-002   1603.2442768298320        1.2129014064869813E-008   2.9629765908799989E-010
   1.0407538785474446        708060912683.00415        3.7799304399173175        4.9394335028124750E-002   1617.1991676478845        1.2071621084357578E-008   2.9636123379590055E-010
   1.0414938163131853        680052029215.37341        3.9300281648950381        4.7869450513249694E-002   1631.2903011938331        1.2015993946318307E-008   2.9642065401052828E-010
   1.0422467646356879        652991879246.73889        4.0869846667943621        4.6381446386293497E-002   1645.5241578339890        1.1962297343695011E-008   2.9647803404393651E-010
   1.0430129522836342        626853254055.30176        4.2511588380301673        4.4929822365238084E-002   1659.9080431948805        1.1910705187767124E-008   2.9653549427062066E-010
   1.0437926120482171        601609503890.82849        4.4229316716621403        4.3514077131225799E-002   1674.4501678036706        1.1861400639945098E-008   2.9659514599469200E-010
   1.0445859808138698        577234540063.48962        4.6027078809954478        4.2133708666820667E-002   1689.1597321725956        1.1814575962084584E-008   2.9665907649401397E-010
   1.0453932996302382        553702837213.63354        4.7909176520036851        4.0788214575865900E-002   1704.0470156635449        1.1770432147932525E-008   2.9672933448224594E-010
   1.0462148137854201        530989435411.67023        4.9880185355345885        3.9477092382654240E-002   1719.1234698527837        1.1729178282516447E-008   2.9680791630354989E-010
   1.0470507728804894        509069942555.74408        5.1944974870740319        3.8199839807886472E-002   1734.4018149720330        1.1691030594253333E-008   2.9689675328320509E-010
   1.0479014309053347        487920536990.34515        5.4108730612604585        3.6955955018259976E-002   1749.8961375234508        1.1656211146396003E-008   2.9699770029713465E-010
   1.0487670463158272        467517970202.79730        5.6376977692235997        3.5744936846646577E-002   1765.6219895849854        1.1624946130638802E-008   2.9711252614872748E-010
   1.0496478821123492        447839570498.43317        5.8755605960981603        3.4566284978661037E-002   1781.5964845079807        1.1597463748523785E-008   2.9724195517674122E-010
   1.0505442059197001        428863242308.93060        6.1250897264806872        3.3419500106986438E-002   1797.8384072897443        1.1573991509863092E-008   2.9738462294073628E-010
   1.0514562900684101        410567476548.67529        6.3869553609076810        3.2304084041771423E-002   1814.3682768028286        1.1554753334828392E-008   2.9754548154053471E-010
   1.0523844116774823        392931351754.76788        6.6618727051324109        3.1219539770914660E-002   1831.2084333440873        1.1539965962485900E-008   2.9772586330663090E-010
   1.0533288527385896        375934537081.67664        6.9506051850276354        3.0165371476164264E-002   1848.3831076234437        1.1529834938510644E-008   2.9792699543268663E-010
   1.0542899002017521        359557295325.40570        7.2539677484912826        2.9141084499091072E-002   1865.9184735075878        1.1524550183019148E-008   2.9815000476366434E-010
   1.0552678460625220        343780485315.80103        7.5728303152470309        2.8146185254050618E-002   1883.8426819682902        1.1524281178319156E-008   2.9839592538798821E-010
   1.0562629874507008        328585563322.98297        7.9081213227269203        2.7180181086689608E-002   1902.1858727843094        1.1529171848380090E-008   2.9866570896305205E-010
   1.0572756267206158        313954583058.17578        8.2608313524719890        2.6242580077786282E-002   1920.9801607378195        1.1539335221859408E-008   2.9896023760369582E-010
   1.0583060715429848        299870193888.00909        8.6320167972228106        2.5332890793657619E-002   1940.2595922135185        1.1554847989727045E-008   2.9928033893032962E-010
   1.0593546349983962        286315636811.04059        9.0228035321453230        2.4450621986021302E-002   1960.0600701517083        1.1575745093800072E-008   2.9962680306422393E-010
   1.0604216356724316        273274737893.25653        9.4343905408698454        2.3595282245922181E-002   1980.4192431586100        1.1602014495623587E-008   3.0000040092245499E-010
   1.0615073977524627        260731898504.81396        9.8680534501225434        2.2766379618546686E-002   2001.3763585235690        1.1633592277638528E-008   3.0040081113441028E-010
   1.0626122511261489        248672080963.57764        10.325147954028807        2.1963421189922200E-002   2022.9720875553642        1.1670358197264009E-008   3.0082695413204193E-010
   1.0637365314816669        237080795152.09735        10.807112918941366        2.1185912651143116E-002   2045.2482767250017        1.1712132126394323E-008   3.0128215422257399E-010
   1.0648805804097041        225944077152.82733        11.315473235479260        2.0433357851984073E-002   2068.2476888097299        1.1758671177301066E-008   3.0176722762246108E-010
   1.0660447455072439        215248465188.27066        11.851842412536179        1.9705258363090290E-002   2092.0137003889590        1.1809667888671243E-008   3.0228305002590006E-010
   1.0672293804831747        204980972141.14807        12.417924686857688        1.9001113060371701E-002   2116.5899620094178        1.1864749576403312E-008   3.0283056768817674E-010
   1.0684348452657599        195129054801.84698        13.015516686636067        1.8320417747491418E-002   2142.0200253666981        1.1923478960135532E-008   3.0341080522979275E-010
   1.0696615061119930        185680580195.56995        13.646508553634765        1.7662664832988555E-002   2168.3469439009500        1.1985356148263339E-008   3.0402487009712867E-010
   1.0709097357188797        176623789617.01224        14.312884484120108        1.7027343078303482E-002   2195.6128503906348        1.2049822017645918E-008   3.0467395334685937E-010
   1.0721799133366723        167947260862.84946        15.016722650766766        1.6413937432342533E-002   2223.8585222862002        1.2116262976403356E-008   3.0535932723638407E-010
   1.0734724248840997        159639870099.65448        15.760194446769821        1.5821928965917345E-002   2253.1229324196865        1.2184017088534525E-008   3.0608316632982563E-010
   1.0747876630656195        151690753345.09586        16.545563060024783        1.5250794917682140E-002   2283.4428060035011        1.2252381410389137E-008   3.0684708885302153E-010
   1.0761260274907352        144089268516.08047        17.375181434884002        1.4700008862071547E-002   2314.8521942651605        1.2320620373442873E-008   3.0765177991062715E-010
   1.0774879247954079        136824960198.85818        18.251489528927411        1.4169041004335491E-002   2347.3820546227753        1.2387975105318260E-008   3.0849879519283889E-010
   1.0788737687656071        129887527081.24879        19.177010906810466        1.3657358603596029E-002   2381.0598592420752        1.2453673407464966E-008   3.0938973631084269E-010
   1.0802839804630291        123266792812.80873        20.154348795341580        1.3164426522878065E-002   2415.9092413457115        1.2516940121439457E-008   3.1032615547491669E-010
   1.0817189883530298        116952681627.68701        21.186181559920250        1.2689707900129825E-002   2451.9496734988284        1.2577007665204479E-008   3.1130968213069629E-010
   1.0831792284348056        110935197689.45767        22.275257831204836        1.2232664932398630E-002   2489.1962164807692        1.2633126315293582E-008   3.1234211142392150E-010
   1.0846651443738622        105204413095.33878        23.424390881506632        1.1792759755958825E-002   2527.6592440477493        1.2684574441041311E-008   3.1343389345021333E-010
   1.0861771876368154        99750457843.306885        24.636452781144754        1.1369455406570150E-002   2567.3442836588297        1.2730667774697271E-008   3.1458875485120704E-010
   1.0877158176285582        94563512379.044510        25.914369357491900        1.0962216854662117E-002   2608.2519967835442        1.2770767414699722E-008   3.1580047991553654E-010
   1.0892815018318442        89633810866.577454        27.261114329020877        1.0570512090786792E-002   2650.3780911536232        1.2804287356342050E-008   3.1707142830560213E-010
   1.0908747159493224        84951647531.360428        28.679703063932582        1.0193813232874712E-002   2693.7133191164685        1.2830700671483011E-008   3.1840414292659871E-010
   1.0924959440480688        80507386859.104538        30.173186955304129        9.8315976387029942E-003   2738.2435356069009        1.2849544359395986E-008   3.1980138929717494E-010
   1.0941456787066632        76291477253.160477        31.744647789518474        9.4833490045667292E-003   2783.9498070240702        1.2860422845357387E-008   3.2126619777334611E-010
   1.0958244211648480        72294467493.163132        33.397192459813539        9.1485584316632635E-003   2830.8085656569083        1.2863010137951583E-008   3.2280578492635863E-010
   1.0975326814758202        68507027320.539162        35.133947228791726        8.8267254385158804E-003   2878.7917145912456        1.2857051061423630E-008   3.2443243947690768E-010
   1.0992709786612012        64919963238.519279        36.958053996584965        8.5173589135603620E-003   2927.8670016345877        1.2842360257175883E-008   3.2614050174854275E-010
   1.1010398408687325        61524240318.091583        38.872666753325127        8.2199779972430796E-003   2977.9982318859811        1.2818820905355185E-008   3.2793474078277476E-010
   1.1028398055327413        58311002703.399696        40.880947050641439        7.9341128743235980E-003   3029.1455351487975        1.2786382310762719E-008   3.2982036510297936E-010
   1.1046714195374312        55271592994.474663        42.986061194081003        7.6593054726034364E-003   3081.2656652692385        1.2745056590881506E-008   3.3180303116717747E-010
   1.1065352393830408        52397570798.901199        45.191177328111387        7.3951100635291705E-003   3134.3122871293376        1.2694914773714362E-008   3.3388883964160857E-010
   1.1084318313549262        49680728293.665367        47.499463817326983        7.1410937648282644E-003   3188.2363455295972        1.2636082067291394E-008   3.3607692537530590E-010
   1.1103617716956165        47113104851.773827        49.914088167013126        6.8968369461784732E-003   3242.9863919545260        1.2568732935963086E-008   3.3837077339839163E-010
   1.1123256467798925        44687001146.706398        52.438214530953104        6.6619335333013433E-003   3298.5087855761822        1.2493086381368950E-008   3.4078408582567875E-010
   1.1143240532929459        42394988324.380898        55.075002936253689        6.4359912163421441E-003   3354.7480416072490        1.2409400517328713E-008   3.4332358438233892E-010
   1.1163575984116705        40229915900.927574        57.827609477295020        6.2186315713842833E-003   3411.6471055039456        1.2317967386488358E-008   3.4599607383492364E-010
   1.1184268999891407        38184916241.711082        60.699187006173482        6.0094901014537154E-003   3469.1477085166734        1.2219107550805600E-008   3.4880834317057962E-010
   1.1205325867423348        36253410387.455376        63.692883579367496        5.8082161970813076E-003   3527.1903919589463        1.2113165922419092E-008   3.5176704015169124E-010
   1.1226752984431581        34429101362.532150        66.811851045370119        5.6144730422621218E-003   3585.7155010791116        1.2000504590575750E-008   3.5481795650546407E-010
   1.1248556861128247        32705979387.126484        70.059246886070341        5.4279374643373566E-003   3644.6629532766478        1.1881500021526586E-008   3.5797952848541442E-010
   1.1270744122196581        31078322401.643715        73.438223328993672        5.2482997055751717E-003   3703.9720784385577        1.1756540099825959E-008   3.6128626697877123E-010
   1.1293321508803693        29540688941.539097        76.951933323205182        5.0752631470007067E-003   3763.5820549672094        1.1626019525446688E-008   3.6474087601933601E-010
   1.1316295880648737        28087912161.625931        80.603535178155923        4.9085440019460474E-003   3823.4321218671225        1.1490336264986790E-008   3.6834513920566056E-010
   1.1339674218047104        26715092602.907650        84.396194758111022        4.7478709798768051E-003   3883.4618100476682        1.1349888271182185E-008   3.7209979375140075E-010
   1.1363463624051242        25417591696.172153        88.333086885145221        4.5929849221170247E-003   3943.6109221989668        1.1205071216685687E-008   3.7600439462133024E-010
   1.1387671326608793        24191019824.444408        92.417405279019306        4.4436384242535791E-003   4003.8202051756371        1.1056274615296243E-008   3.7998246570229845E-010
   1.1412304680758660        23031222653.494843        96.652388100358621        4.2995954686205883E-003   4064.0324575670516        1.0903877339364733E-008   3.8395815653207429E-010
   1.1437371170865689        21934287009.683018        101.04128545080462        4.1606310149653082E-003   4124.1901970575882        1.0748252452070157E-008   3.8804365569919104E-010
   1.1462878412894646        20896524506.677147        105.58735022482995        4.0265305583336878E-003   4184.2366197672927        1.0589763216129345E-008   3.9223118095580475E-010
   1.1488834156724195        19914460362.842567        110.29386914637868        3.8970897066096578E-003   4244.1158622838993        1.0428761358284139E-008   3.9651150841090050E-010
   1.1515246288501526        18984823159.397865        115.16415699309623        3.7721137638389007E-003   4303.7731192856800        1.0265585954566489E-008   4.0087397897515013E-010
   1.1542122833038420        18104534934.112167        120.20156407757533        3.6514173174316935E-003   4363.1547007405734        1.0100562664872386E-008   4.0530652063169025E-010
   1.1569471956249431        17270701138.331985        125.40948082541918        3.5348238317997349E-003   4422.2081430005319        9.9340030226913864E-009   4.0979569755226942E-010
   1.1597301967632936        16480601637.230154        130.79134146140262        3.4221652481219106E-003   4480.8820985537786        9.7662043768495012E-009   4.1424692694947026E-010
   1.1625621322795818        15731668052.891573        136.35070640837702        3.3132816364999334E-003   4539.1302147863025        9.5974416691917756E-009   4.1845266146499714E-010
   1.1654438626022534        15021498742.530041        142.09117960930288        3.2080208224677859E-003   4596.9049583525621        9.4279809313362310E-009   4.2263710025184424E-010
   1.1683762632889361        14347840775.764826        148.01635414297431        3.1062379762075067E-003   4654.1596441546380        9.2580745922225252E-009   4.2678259388272294E-010
   1.1713602252924609        13708579686.028439        154.12990813673787        3.0077952473066428E-003   4710.8488716057655        9.0879606415017746E-009   4.3087087728368308E-010
   1.1743966552315608        13101731062.315258        160.43557663611548        2.9125614203512088E-003   4766.9286130027986        8.9178626655555691E-009   4.3488320691629387E-010
   1.1774864756663284        12525432635.402649        166.93717075746576        2.8204115845329278E-003   4822.3562802237684        8.7479900139676015E-009   4.3880049742080843E-010
   1.1806306253785190        11977937196.779697        173.63857495787181        2.7312268160926524E-003   4877.0906183374827        8.5785383429685110E-009   4.4260343185690439E-010
   1.1838300596567810        11457604687.293852        180.54376179670726        2.6448938761591038E-003   4931.0920724218458        8.4096893680699738E-009   4.4627263698215796E-010
   1.1870857505869004        10962898171.123386        187.65677628000890        2.5613049151618152E-003   4984.3216720896417        8.2416132076126948E-009   4.4978862835952559E-010
   1.1903986873471515        10492369890.485107        194.98181659351351        2.4803572096002424E-003   5036.7444758983929        8.0744631275902508E-009   4.5293076512588666E-010
   1.1937698765088389        10044657377.132345        202.52329689071166        2.4019529328847293E-003   5088.3293573523124        7.9083770200667530E-009   4.5564967518854189E-010
   1.1972003423421254        9618489348.1274166        210.28565383003726        2.3259988887636869E-003   5139.0434265718459        7.7434868757825736E-009   4.5814652485842984E-010
   1.2006911271272349        9212673965.3459644        218.27335379233301        2.2524062371657889E-003   5188.8545382007524        7.5799148065726895E-009   4.6040558241159619E-010
   1.2042432914711307        8826092633.1369209        226.49100150598682        2.1810902587756564E-003   5237.7317970654394        7.4177726810231460E-009   4.6241169616817523E-010
   1.2078579146297592        8457695104.6666994        234.94331072949103        2.1119701375056409E-003   5285.6456538843431        7.2571624759753669E-009   4.6415035160762263E-010
   1.2115360948359608        8106495065.5635185        243.63512504395158        2.0449687546112904E-003   5332.5679113045044        7.0981767619591376E-009   4.6560770937578856E-010
   1.2152789496331473        7771566028.5542660        252.57141815909642        1.9800124937153353E-003   5378.4717164089434        6.9408992145150652E-009   4.6677063896994361E-010
   1.2190876162148445        7452037486.5125103        261.75730255136494        1.9170310559559272E-003   5423.3315529528472        6.7854051154718080E-009   4.6762675193460884E-010
   1.2229632517702078        7147091328.7581749        271.19803459527355        1.8559572848223745E-003   5467.1232201337934        6.6317618599197207E-009   4.6816443457571174E-010
   1.2269070338356107        6855958436.2466564        280.89902277261024        1.7967270003664672E-003   5509.8238510113379        6.4800294012926833E-009   4.6837289160339238E-010
   1.2309201606524165        6577915646.6233444        290.86583125149463        1.7392788419133569E-003   5551.4118117533517        6.3302608270685242E-009   4.6824217399459795E-010
   1.2350038515310395        6312282479.9955826        301.10419890233101        1.6835541201861762E-003   5591.8669673636005        6.1825024843870545E-009   4.6776327954995127E-010
   1.2391593472214111        6058419356.9415979        311.62002686000352        1.6294966744313417E-003   5631.1698250873160        6.0367953831936982E-009   4.6685561461386577E-010
   1.2433879102899557        5815717151.7739429        322.41966250791694        1.5770527686079215E-003   5669.3090973170683        5.8931674352674516E-009   4.6530237132110887E-010
   1.2476908255031967        5583608463.5100889        333.50959067907058        1.5261709677654065E-003   5706.2695257669529        5.7516476417477610E-009   4.6339408558131502E-010
   1.2520694002181090        5361560000.4110670        344.89622906076676        1.4768019880268260E-003   5742.0360112686749        5.6122613671744754E-009   4.6112775036699206E-010
   1.2565249647793331        5149069458.8053875        356.58628156709148        1.4288985767473880E-003   5776.5944392647552        5.4750296906541277E-009   4.5850140398377411E-010
   1.2610588729233749        4945663384.6679096        368.58662295929201        1.3824154062361065E-003   5809.9318372622929        5.3399695505851174E-009   4.5551422737857405E-010
   1.2656725021899122        4750895324.5322590        380.90435815254318        1.3373089733925920E-003   5842.0363939624331        5.2070940290438359E-009   4.5216661810769592E-010
   1.2703672543403324        4564344128.9913197        393.54681044240448        1.2935375052904820E-003   5872.8974496813717        5.0764126509935004E-009   4.4846025739986470E-010
   1.2751445557836316        4385612374.4281349        406.52153749817802        1.2510608697984269E-003   5902.5054791575640        4.9479316725371078E-009   4.4439817094807596E-010
   1.2800058580098004        4214324890.8660007        419.83633630185864        1.2098404910931963E-003   5930.8520712073796        4.8216543539931010E-009   4.3998478139337489E-010
   1.2849526380308309        4050127387.5724416        433.49925240701020        1.1698392697245658E-003   5957.9299056884893        4.6975812168604073E-009   4.3522594980327738E-010
   1.2899863988294786        3892685169.5691795        447.51858739304521        1.1310215070020971E-003   5983.7327281760181        4.5757102849835056E-009   4.3012900376791360E-010
   1.2951086698159142        3741681938.5764794        461.90290689161066        1.0933528334557889E-003   6008.2553220800728        4.4560373100461613E-009   4.2470274991009249E-010
   1.3003210072924043        3596818672.4930840        476.66104819623069        1.0568001411507774E-003   6031.4934783910421        4.3385559818137749E-009   4.1895746916900492E-010
   1.3056249949261645        3457812577.8341165        491.80212780321790        1.0213315196455971E-003   6053.4439632918566        4.2232581234430806E-009   4.1290489371470529E-010
   1.3110222442305255        3324396109.9928722        507.33554870704626        9.8691619539920811E-004   6074.1044835498169        4.1101338722294058E-009   4.0655816481149607E-010
   1.3165143950545604        3196316056.5159345        523.27100748930059        9.5352447444430066E-004   6093.4736503476233        3.9991718462195051E-009   3.9993177166761287E-010
   1.3221031160813197        3073332678.9627967        539.61850116214271        9.2112768815697530E-004   6111.5509414831640        3.8903592970876741E-009   3.9304147167677301E-010
   1.3277901053348302        2955218909.2378168        556.38833376537525        8.8969814196426605E-004   6128.3366625917097        3.7836822497740852E-009   3.8590419313410264E-010
   1.3335770906960043        2841759596.6104808        573.59112271251502        8.5920906684164289E-004   6143.8319076649605        3.6791256293891280E-009   3.7853792188280520E-010
   1.3394658304276241        2732750801.9108996        591.23780489007345        8.2963457346237328E-004   6158.0385193382508        3.5766733759110833E-009   3.7096157379067804E-010
   1.3454581137085557        2627999135.6971064        609.33964252271710        8.0094960886956145E-004   6170.9590494510830        3.4763085472957265E-009   3.6319485529365763E-010
   1.3515557611773557        2527321137.4196196        627.90822882053294        7.7312991554971482E-004   6182.5967203135533        3.3780134116027333E-009   3.5525811447241521E-010
   1.3577606254854362        2430542692.8558493        646.95549343448624        7.4615199279390570E-004   6192.9553872550168        3.2817695288058528E-009   3.4717218532450225E-010
   1.3640745918599584        2337498487.3145328        666.49370775035959        7.1999306023904676E-004   6202.0395026998485        3.1875578229704692E-009   3.3895822791248881E-010
   1.3704995786766205        2248031492.2915816        686.53549005818411        6.9463102348751914E-004   6209.8540823522962        3.0953586455085535E-009   3.3063756714195407E-010
   1.3770375380425204        2161992483.4614859        707.09381063793944        6.7004444170839486E-004   6216.4046737268382        3.0051518302442633E-009   3.2223153279086161E-010
   1.3836904563892638        2079239588.0379918        728.18199680857435        6.4621249712794359E-004   6221.6973276435783        2.9169167410398184E-009   3.1376130335179505E-010
   1.3904603550765042        1999637859.6977005        749.81373799008975        6.2311496632095156E-004   6225.7385726415596        2.8306323127042039E-009   3.0524775594021090E-010
   1.3973492910060930        1923058879.3923633        772.00309083008744        6.0073219321781911E-004   6228.5353926975358        2.7462770859349191E-009   2.9671132437723434E-010
   1.4043593572470283        1849380380.4938223        794.76448445111555        5.7904506374535040E-004   6230.0952084621504        2.6638292370141863E-009   2.8817186725765970E-010
   1.4114926836713946        1778485896.8326123        818.11272587426811        5.5803498202183083E-004   6230.4258620208320        2.5832666029659864E-009   2.7964854749631817E-010
   1.4187514376014818        1710264432.2773385        842.06300567506435        5.3768384802935459E-004   6229.5356053568757        2.5045667028476494E-009   2.7115972457468858E-010
   1.4261378244682847        1644610150.6014369        866.63090392874051        5.1797403668854308E-004   6227.4330923662455        2.4277067558218116E-009   2.6272286035721321E-010
   1.4336540884815800        1581422084.4523587        891.83239649960069        4.9888837826280103E-004   6224.1273743906368        2.3526636966095450E-009   2.5435443906899900E-010
   1.4413025133117852        1520603862.3168015        917.68386172813234        4.8041014002115896E-004   6219.6278992173984        2.2794141888972842E-009   2.4606990173771242E-010
   1.4490854227838079        1462063452.4311209        944.20208756607349        4.6252300909060040E-004   6213.9445132907040        2.2079346372019390E-009   2.3788359510319316E-010
   1.4570051815830944        1405712922.6514075        971.40427920833531        4.4521107643060218E-004   6207.0874668320603        2.1382011976643024E-009   2.2980873475048356E-010
   1.4650641959740942        1351468215.3440311        999.30806726509502        4.2845882186440763E-004   6199.0674217453170        2.0701897881886436E-009   2.2185738202319905E-010
   1.4732649145313550        1299248936.4104056        1027.9315165148587        4.1225110010345063E-004   6189.8954618811140        2.0038760982912019E-009   2.1404043404244369E-010
   1.4816098288834760        1248978157.5977759        1057.2931352732323        3.9657312770321709E-004   6179.5831053607435        1.9392355989647631E-009   2.0636762600930743E-010
   1.4901014744701397        1200582231.2985592        1087.4118854094572        3.8141047089082790E-004   6168.1423185303374        1.8762435528281673E-009   1.9884754482211384E-010
   1.4987424313124560        1153990617.0731437        1118.3071930310675        3.6674903420659826E-004   6155.5855312305666        1.8148750247741188E-009   1.9148765294762493E-010
   1.5075353247968519        1109135719.1540704        1149.9989598759394        3.5257504990408254E-004   6141.9256529924369        1.7551048932530078E-009   1.8429432139725581E-010
   1.5164828264727435        1065952734.3005679        1182.5075753676015        3.3887506805491428E-004   6127.1760894154822        1.6969078624183027E-009   1.7727287059687814E-010
   1.5255876548642340        1024379509.1555656        1215.8539295155813        3.2563594730803058E-004   6111.3507593728100        1.6402584748900663E-009   1.7042761798952981E-010
   1.5348525762960854        984356407.04305708        1250.0594261613994        3.1284484625213629E-004   6094.4641094298777        1.5851311261532918E-009   1.6376193100493987E-010
   1.5442804057342112        945826181.94813263        1285.1459980605637        3.0048921534151250E-004   6076.5311349484973        1.5315000777117089E-009   1.5727828464941804E-010
   1.5538740076409501        908733864.02752006        1321.1361193720086        2.8855678932143474E-004   6057.5673770325166        1.4793394775607758E-009   1.5097832128419828E-010
   1.5636362968453756        873026641.60892570        1358.0528287728428        2.7703558016903100E-004   6037.5889882430447        1.4286233624162149E-009   1.4486291519183144E-010
   1.5735702394289115        838653782.05087602        1395.9197239419198        2.6591387034015037E-004   6016.6125810471503        1.3793257175388736E-009   1.3893223039298626E-010
   1.5836788536265174        805566464.22650003        1434.7610464005638        2.5518020678611881E-004   5994.6557343177683        1.3314203682466012E-009   1.3318580087928409E-010
   1.5939652107437192        773717897.04768908        1474.6015079281094        2.4482339422053948E-004   5971.7354724485040        1.2848813749390621E-009   1.2762254639231830E-010
   1.6044324360897693        743062614.62110293        1515.4669555727232        2.3483249196264318E-004   5947.8729542729470        1.2396819318611646E-009   1.2220778602951901E-010
   1.6150837099272057        713557199.06251860        1557.3838988060220        2.2519680881374942E-004   5923.0876477592210        1.1957958306329267E-009   1.1697658032225254E-010
   1.6259222684381180        685159927.50019157        1600.3789240063311        2.1590589614768491E-004   5897.3990793334406        1.1531969891504005E-009   1.1192663110396574E-010
   1.6369514047073945        657830641.42572570        1644.4794957497249        2.0694954224259189E-004   5870.8272909155685        1.1118593665393636E-009   1.0705482727315036E-010
   1.6481744697232639        631530669.52362490        1689.7136993905367        1.9831776795456812E-004   5843.3929556844751        1.0717569649388631E-009   1.0235777722710798E-010
   1.6595948733954264        606222763.11667144        1736.1103794888177        1.9000082240151403E-004   5815.1172996375717        1.0328638452604618E-009   9.7831852154550538E-011
   1.6712160855910900        581871036.62136114        1783.6991160796936        1.8198917893625004E-004   5786.0221045711942        9.9515414716879124E-010   9.3473230597540545E-011
   1.6830416371892205        558440912.54287553        1832.5102638395119        1.7427353123110296E-004   5756.1296873987749        9.5860211118512986E-010   8.9277938378432868E-011
   1.6950751211533317        535899066.15279460        1882.5749723428507        1.6684478952944809E-004   5725.4629016052168        9.2318209411852949E-010   8.5241884812913230E-011
   1.7073201936231359        514213382.73509216        1933.9251969946608        1.5969407697025921E-004   5694.0450325103393        8.8886860265326611E-010   8.1360893566695708E-011
   1.7197805750253923        493352888.07663512        1986.5937684939493        1.5281272615271787E-004   5661.9000031831465        8.5563627060176178E-010   7.7630734299326192E-011
   1.7324600512042847        473287768.19442862        2040.6142841600958        1.4619227541514207E-004   5629.0516105603892        8.2346000171691135E-010   7.4047138138273432E-011
   1.7453624745716776        453989133.12970674        2096.0215889922492        1.3982446631666175E-004   5595.5257307174570        7.9231461577832103E-010   7.0593860153006096E-011
   1.7584917652775960        435429208.70727688        2152.8515161252922        1.3370124047768576E-004   5561.3477100699010        7.6217531063714449E-010   6.7278305546664961E-011
   1.7718519124012868        417581250.16841865        2211.1403843603475        1.2781473577348740E-004   5526.5427245159117        7.3301759083200570E-010   6.4098662998256524E-011
   1.7854469751632227        400419467.35197628        2270.9255385934671        1.2215728273198137E-004   5491.1361199896364        7.0481721164551001E-010   6.1050511743017612E-011
   1.7992810841584179        383918982.35647041        2332.2452748664250        1.1672140149511814E-004   5455.1534433345651        6.7755018055899478E-010   5.8129492360290447E-011
   1.8133584426114275        368055794.50858641        2395.1389160516801        1.1149979881464331E-004   5418.6204074790558        6.5119276883792884E-010   5.5331316364378490E-011
   1.8276833276534170        352806747.95350069        2459.6468204454532        1.0648536512062804E-004   5381.5628427669690        6.2572152448191451E-010   5.2651773765971208E-011
   1.8422600916216840        338149500.79788482        2525.8104166053658        1.0167117161580475E-004   5344.0066441202744        6.0111328467092259E-010   5.0086738953365815E-011
   1.8570931633820325        324062495.57006568        2593.6722278926582        9.7050467403322129E-005   5305.9777168523196        5.7734518740026321E-010   4.7632175162625935E-011
   1.8721870496743962        310524930.90692872        2663.2759015772635        9.2616676639030812E-005   5267.5019214507411        5.5439468227627847E-010   4.5284137750235969E-011
   1.8875463364821243        297516734.33911115        2734.6662368779480        8.8363395707531338E-005   5228.6050188325016        5.3223954035524381E-010   4.3038776471287975E-011
   1.9031756904253432        285018536.30408829        2807.8892132447672        8.4284390417609640E-005   5189.3126133165806        5.1085786342047115E-010   4.0892336918975034E-011
   1.9190798601788175        273011644.77081239        2882.9920213202167        8.0373593217918064E-005   5149.6501035247838        4.9022809158348502E-010   3.8841161332821040E-011
   1.9352636779147439        261478022.11063960        2960.0230867417795        7.6625100422228983E-005   5109.6426110979082        4.7032901263707609E-010   3.6881688746748987E-011
   1.9517320607709099        250400259.14194024        3039.0321182122057        7.3033169467690698E-005   5069.3149818448737        4.5113976298577746E-010   3.5010455056043620E-011
   1.9684900123446742        239761561.31967229        3120.0700871024851        6.9592216129427838E-005   5028.6915686583816        4.3263985074709373E-010   3.3224091751293375E-011
   1.9855426242132079        229545702.16456333        3203.1894397221195        6.6296811909418444E-005   4987.7966956700193        4.1480910939801900E-010   3.1517331392874701E-011
   2.0028950774804746        219737025.56128940        3288.4440954318907        6.3141681373131214E-005   4946.6541924587464        3.9762774860291899E-010   2.9888174056174267E-011
   2.0205526443514064        210320436.62979156        3375.8891439756271        6.0121699339191960E-005   4905.2870939891745        3.8107638024977013E-010   2.8334990302160676E-011
   2.0385206897337591        201281369.62053931        3465.5810301553588        5.7231888061323373E-005   4863.7178389454202        3.6513599513959628E-010   2.6854689575712412E-011
   2.0568046728681404        192605767.24647111        3557.5776742510279        5.4467414517294613E-005   4821.9682792267677        3.4978796070341392E-010   2.5444283671751167E-011
   2.0754101489866859        184280062.80332929        3651.9384777161404        5.1823587741285215E-005   4780.0596550203536        3.3501402238158707E-010   2.4100884393147842E-011
   2.0943427710009153        176291163.31491581        3748.7243681814684        4.9295856157053613E-005   4738.0125655522825        3.2079630519388607E-010   2.2821701181001488E-011
   2.1136082912192551        168626433.36002493        3847.9978274383948        4.6879804919744365E-005   4695.8469425979465        3.0711731487433808E-010   2.1604038763347194E-011
   2.1332125630947667        161273679.51996222        3949.8229259505697        4.4571153261862691E-005   4653.5820270874019        2.9395993852628212E-010   2.0445294831229770E-011
   2.1531615430036064        154221135.31075799        4054.2653558685975        4.2365751845965346E-005   4611.2363521047700        2.8130744458599773E-010   1.9342957756496115E-011
   2.1734612920547494        147457446.88665184        4161.3924617138291        4.0259580122251508E-005   4568.8277234095403        2.6914348277062136E-010   1.8294604330783321E-011
   2.1941179779315436        140971658.55724481        4271.2732817646793        3.8248743697155850E-005   4526.3732252506825        2.5745208205767385E-010   1.7297897590393521E-011
   2.2151378767656396        134753200.91046828        4383.9785573507988        3.6329471698003124E-005   4483.8891653214450        2.4621765267555594E-010   1.6350584536840067E-011
   2.2365273750438694        128791873.07070006        4499.5808512716467        3.4498114180039102E-005   4441.3912262046479        2.3542497418710039E-010   1.5450110865893064E-011
   2.2582929715486566        123077834.76463519        4618.1545588613753        3.2751139523260918E-005   4398.8943335035101        2.2505920296428217E-010   1.4594643196271771E-011
   2.2804412793325475        117601595.83494750        4739.7757874792669        3.1085131818209117E-005   4356.4125992499130        2.1510587305298941E-010   1.3782431571480752E-011
   2.3029790277274529        112354002.15900043        4864.5224687945392        2.9496788258746850E-005   4313.9594020260574        2.0555088811200250E-010   1.3011511885912118E-011
   2.3259130643892307        107326224.00795819        4992.4744261073629        2.7982916565825910E-005   4271.5474128847673        1.9638051728256209E-010   1.2279997799303923E-011
   2.3492503573782075        102509745.04823267        5123.7133981198131        2.6540432432411683E-005   4229.1886186759011        1.8758139125997539E-010   1.1586078169899875E-011
   2.3729979972762916        97896352.188199610        5258.3230662734377        2.5166356979013802E-005   4186.8943298526101        1.7914049908016029E-010   1.0928014541998322E-011
   2.3971631993413061        93478124.562942311        5396.3891083874141        2.3857814232579030E-005   4144.6752410321915        1.7104518198515455E-010   1.0304138782504953E-011
   2.4217533056992049        89247426.567602128        5537.9991415517788        2.2612028600690507E-005   4102.5413366854646        1.6328313505623718E-010   9.7130415891936407E-012
   2.4467757875748362        85196894.813065186        5683.2428151387521        2.1426322386057409E-005   4060.5020659678153        1.5584239473730258E-010   9.1529725072175375E-012
   2.4722382475619264        81319430.174192578        5832.2119307130752        2.0298113315738873E-005   4018.5663285104160        1.4871133643303775E-010   8.6224553447439027E-012
   2.4981484219329810        77608189.441471189        5985.0003531040466        1.9224912097272802E-005   3976.7424865186599        1.4187867040272645E-010   8.1200729621769810E-012
   2.5245141829898015        74056576.195617333        6141.7041058824116        1.8204319989663239E-005   3935.0384260738242        1.3533343514819803E-010   7.6444370916047061E-012
   2.5513435414553287        70658233.791743666        6302.4213366164777        1.7234026392720449E-005   3893.4615294060063        1.2906499463236166E-010   7.1943380984459626E-012
   2.5786446489075461        67407036.718291938        6467.2523275991080        1.6311806462884049E-005   3852.0187369123714        1.2306303121682173E-010   6.7685243920702848E-012
   2.6064258002561789        64297082.862824842        6636.2995674160775        1.5435518753087728E-005   3810.7165798258147        1.1731753987449133E-010   6.3658096455953239E-012
   2.6346954362629398        61322686.060220465        6809.6677466122655        1.4603102883970554E-005   3769.5612121371341        1.1181882235339118E-010   5.9850592535651245E-012
   2.6634621461060890        58478368.881564207        6987.4637857371617        1.3812577241219997E-005   3728.5584416550487        1.0655748124443627E-010   5.6251883497124227E-012
   2.6927346699900907        55758855.655469894        7169.7968474101690        1.3062036702896879E-005   3687.7137605441812        1.0152441396745077E-010   5.2851598952204757E-012
   2.7225219018011533        53159065.718502350        7356.7783515089832        1.2349650396757520E-005   3647.0323745524265        9.6710806703302750E-011   4.9639828324375557E-012
   2.7528328918094620        50674106.863320678        7548.5219870104602        1.1673659489218986E-005   3606.5192323700012        9.2108128234284637E-011   4.6607103019886985E-012
   2.7836768494189297        48299269.050553069        7745.1437180800704        1.1032375006343529E-005   3566.1790499637873        8.7708123871037182E-011   4.3744379166245642E-012
   2.8150631459652939        46030018.152932696        7946.7618012740331        1.0424175689299269E-005   3526.0163453775444        8.3502808978445233E-011   4.1042907338694684E-012
   2.8470013175634135        43861990.122473300        8153.4967885587002        9.8475058834398689E-006   3486.0354567653517        7.9484462999707182E-011   3.8494497154205568E-012
   2.8795010680046320        41790985.324225686        8365.4715034761175        9.3008734621793387E-006   3446.2405588093193        7.5645623437110262E-011   3.6091377147372748E-012
   2.9125722717050868        39812962.892042130        8582.8110454595135        8.7828477866456207E-006   3406.6356887499396        7.1979079489067886E-011   3.3826035282777159E-012
   2.9462249767058575        37924035.322182491        8805.6427902016057        8.2920577023955820E-006   3367.2247668270556        6.8477865847260222E-011   3.1691307225624052E-012
   2.9804694077258649        36120463.249424167        9034.0963751004565        7.8271895739451850E-006   3328.0116142684515        6.5135256553385545E-011   2.9680362089265286E-012
   3.0153159692684586        34398650.386706196        9268.3036844013204        7.3869853572262365E-006   3288.9999695799961        6.1944758894990826E-011   2.7786688697588835E-012
   3.0507752487826170        32755138.627890769        9508.3988271658127        6.9702407106457977E-006   3250.1935027367917        5.8900107359302199E-011   2.6004082342831136E-012
   3.0868580198797391        31186603.288314961        9754.5181132641683        6.5758031453158667E-006   3211.5958291636093        5.5995257606507052E-011   2.4326632030957360E-012
   3.1235752456069985        29689848.537886865        10006.800016589095        6.2025702144755195E-006   3173.2105177684230        5.3224380604680731E-011   2.2748708172563681E-012
   3.1609380817782493        28261802.840190560        10265.385156885799        5.8494877437252895E-006   3135.0411113572854        5.0581856518356641E-011   2.1264871151821700E-012
   3.1989578803635026        26899514.747044027        10530.416248190581        5.5155481004091164E-006   3097.0911242208726        4.8062269161147887E-011   1.9870085189615860E-012
   3.2376461929380054        25600148.713187888        10802.038020553537        5.1997885038482214E-006   3059.3640487169896        4.5660400266237960E-011   1.8559527952226426E-012
   3.2770147741919571        24360981.007396005        11080.397183578878        4.9012893756112453E-006   3021.8633640509347        4.3371223761322621E-011   1.7328578782864180E-012
   3.3170755855019443        23179395.777021356        11365.642362417857        4.6191727309967068E-006   2984.5925416192540        4.1189900188748427E-011   1.6172843782119824E-012
   3.3578407985651739        22052881.239168156        11657.924026000335        4.3526006112865303E-006   2947.5550488756112        3.9111771223159347E-011   1.5088145984500519E-012
   3.3993227990976052        20979025.992584299        11957.394405966434        4.1007735567449866E-006   2910.7543519564479        3.7132354284704097E-011   1.4070515913084048E-012
   3.4415341905971086        19955515.440135434        12264.207408168730        3.8629291203302722E-006   2874.1939179931533        3.5247337235299217E-011   1.3116182501477552E-012
   3.4844877981727906        18980128.335926469        12578.518510742189        3.6383404218606011E-006   2837.8772148311268        3.3452573200565401E-011   1.2221564362850430E-012
   3.5281966724416578        18050733.399951480        12900.484666450020        3.4263147428540409E-006   2801.8077157897515        3.1744075394978030E-011   1.1383230295245504E-012
   3.5726740934937888        17165286.082516797        13230.264188782718        3.2261921613469489E-006   2765.9888980119645        3.0118012148804123E-011   1.0597959012792470E-012
   3.6179335749272341        16321825.458879668        13568.016589217690        3.0373442264150926E-006   2730.4242353932368        2.8570702101034314E-011   9.8627276942186249E-013
   3.6639888679538570        15518471.150947377        13913.902438598092        2.8591726723216998E-006   2695.1172012011207        2.7098609328020111E-011   9.1746309171429173E-013
   3.7108539655773720        14753420.368909853        14268.083229638667        2.6911081717125644E-006   2660.0712671936326        2.5698338629057355E-011   8.5309144568586898E-013
   3.7585431068448472        14024945.050936509        14630.721203170480        2.5326091278581988E-006   2625.2899020880673        2.4366630924938719E-011   7.9289683865181667E-013
   3.8070707811729609        13331389.097198892        15001.979167949145        2.3831605050635026E-006   2590.7765691012301        2.3100358768392495E-011   7.3663219634996348E-013
   3.8564517327503305        12671165.687446877        15382.020304460095        2.2422726969493225E-006   2556.5347241649170        2.1896521947298467E-011   6.8406335254298487E-013
   3.9067009650172428        12042754.690524289        15771.007953629216        2.1094804319222704E-006   2522.5678128415288        2.0752243206308172E-011   6.3496850025281486E-013
   3.9578337452241605        11444700.138864841        16169.105400916722        1.9843417155334406E-006   2488.8792708844940        1.9664764029310806E-011   5.8913739882089833E-013
   4.0098656090703795        10875607.836144969        16576.475608197539        1.8664368085286796E-006   2455.4725141341059        1.8631440647460711E-011   5.4637424825364396E-013
   4.0628123654242456        10334142.973756518        16993.280957169191        1.7553672408638744E-006   2422.3509422939119        1.7649739987245457E-011   5.0649005784147604E-013
   4.1166901011263723        9819027.8640483357        17419.683001390851        1.6507548600874863E-006   2389.5179346441632        1.6717235815681640E-011   4.6930764675734446E-013
   4.1715151858773156        9329039.7437204998        17855.842145303915        1.5522409142804851E-006   2356.9768469263613        1.5831604976877017E-011   4.3465966503978294E-013
   4.2273042772111857        8863008.6478368789        18301.917339525229        1.4594851681911321E-006   2324.7310081566570        1.4990623726646531E-011   4.0238811521326740E-013
   4.2840743255567180        8419815.3542917967        18758.065743262501        1.3721650522021432E-006   2292.7837174428751        1.4192164167685926E-011   3.7234389363083094E-013
   4.3418425793873263        7998389.3974006595        19224.442372748566        1.2899748432567078E-006   2261.1382404148317        1.3434190786077148E-011   3.4438635070868419E-013
   4.4006265904617212        7597707.1461849911        19701.199730493128        1.2126248770733651E-006   2229.7978059634352        1.2714757081829858E-011   3.1838253782416721E-013
   4.4604442191566633        7216789.9451331776        20188.487423753540        1.1398407908918959E-006   2198.7656034746387        1.2032002291274800E-011   2.9420718527615462E-013
   4.5213136398934965        6854702.3347039334        20686.451733438818        1.0713627958437131E-006   2168.0447749276677        1.1384148244347643E-011   2.7174344048553215E-013
   4.5832533466600882        6510550.3140184907        21195.235177560935        1.0069449784162857E-006   2137.6384116503173        1.0769496271323893E-011   2.5088036632101417E-013
   4.6462821586298713        6183479.6681949263        21714.976082882185        9.4635462996911518E-007   2107.5495490496560        1.0186424213902730E-011   2.3151355247306341E-013
   4.7104192258796767        5872674.3551501371        22245.808112443166        8.8937160377643118E-007   2077.7811604739013        9.6333835296878303E-012   2.1354477352080974E-013
   4.7756840352081200        5577354.9488132456        22787.859787866226        8.3578769864457244E-007   2048.3361501333538        9.1088964848473187E-012   1.9688166186439262E-013
   4.8420964160562763        5296777.1370447604        23341.253993762475        7.8540606838901716E-007   2019.2173451347905        8.6115534319475618E-012   1.8143739500476071E-013
   4.9096765465324781        5030230.2732112072        23906.107471556374        7.3804065635659066E-007   1990.4274862683101        8.1400101714194476E-012   1.6713033416394725E-013
   4.9784449595430367        4777035.9763503438        24482.530313112675        6.9351565426421016E-007   1961.9692188409724        7.6929853853284082E-012   1.5388368738918936E-013
   5.0484225490307644        4536546.7896773955        25070.625429368094        6.5166498447601184E-007   1933.8450791872540        7.2692581663044926E-012   1.4162586345555623E-013
   5.1196305763231962        4308144.8802973833        25670.488020708814        6.1233180510317509E-007   1906.0574826515494        6.8676656016964225E-012   1.3028933888046565E-013
   5.1920906765924215        4091240.7881453037        26282.205074170477        5.7536803700617870E-007   1878.6087094175014        6.4871004315594509E-012   1.1981077442785972E-013
   5.2658248654285229        3885272.2217183313        26905.854847591363        5.4063391208799745E-007   1851.5008888682351        6.1265087738474612E-012   1.1013077763282425E-013
   5.3408555455285720        3689702.8986319453        27541.506376284520        5.0799754205255821E-007   1824.7359825177614        5.7848879118897261E-012   1.0119367680741277E-013
   5.4172055135032586        3504021.4298451026        28189.218996462696        4.7733450693021379E-007   1798.3157656565224        5.4612841406527213E-012   9.2947306186440122E-014
   5.4948979668032001        3327740.2461979650        28849.041897568779        4.4852746263787024E-007   1772.2418078884011        5.1547906679972708E-012   8.5342778796846043E-014
   5.5739565107670250        3160394.5656919298        29521.013711395230        4.2146576687673095E-007   1746.5154530271279        4.8645455668845134E-012   7.8334307370679687E-014
   5.6544051657934054        3001541.4026142997        30205.162133651673        3.9604512265039953E-007   1721.1377974782663        4.5897297806655914E-012   7.1879144084986442E-014
   5.7362683746391792        2850758.6137195211        30901.503597313069        3.7216723875966157E-007   1696.1096693492207        4.3295651708723515E-012   6.5937202775568012E-014
   5.8195710098458129        2707643.9827008718        31610.043012125487        3.4973950656425795E-007   1671.4316075345541        4.0833126111093351E-012   6.0470986895213661E-014
   5.9043383812964354        2571814.3416774790        32330.773556775621        3.2867469239872860E-007   1647.1038415215444        3.8502701255503522E-012   5.5445434820225600E-014
   5.9905962439057507        2442904.7282081051        33063.676544996975        3.0889064498557679E-007   1623.1262726377652        3.6297710710199858E-012   5.0827774317803678E-014
   6.0783708054451688        2320567.5775208403        33808.721359871714        2.9031001722629731E-007   1599.4984569349569        3.4211823651245959E-012   4.6587385841083173E-014
   6.1676887345055320        2204471.9466792578        34565.865478230386        2.7286000179250830E-007   1576.2195917980330        3.2239027573306584E-012   4.2695698927249097E-014
   6.2585771685998344        2094302.7771667289        35335.054525723819        2.5647207984249205E-007   1553.2885017797075        3.0373611619518529E-012   3.9126306093037866E-014
   6.3510637224084414        1989760.1778096636        36116.222485021593        2.4108178248960356E-007   1530.7036358254602        2.8610150198069922E-012   3.5853954962864058E-014
   6.4451764961692612        1890558.7467008184        36909.292000699206        2.2662846418479355E-007   1508.4630628283389        2.6943487356511029E-012   3.2855437180508553E-014
   6.5409440842154618        1796426.9211308821        37714.174647304018        2.1305508779320199E-007   1486.5644734406289        2.5368721737801735E-012   3.0109132872014237E-014
   6.6383955836632937        1707106.3548059280        38530.771355622215        2.0030802059746595E-007   1465.0051868511946        2.3881192181962748E-012   2.7594918445296640E-014
   6.7375606032526933        1622351.3221955968        39358.972866947224        1.8833684087139044E-007   1443.7821628152742        2.2476464035957900E-012   2.5294080177651144E-014
   6.8384692723433131        1541928.1486684131        40198.660256221112        1.7709415449036719E-007   1422.8920186696785        2.1150316210958524E-012   2.3189233041197231E-014
   6.9411522500687424        1465614.6653251096        41049.705492766640        1.6653542114156360E-007   1402.3310511875079        1.9898729021159219E-012   2.1264242078202160E-014
   7.0456407346516920        1393199.6874254991        41911.972034729166        1.5661878968246819E-007   1382.0952627444215        1.8717872828709043E-012   1.9504155771684165E-014
   7.1519664728829611        1324482.5152300124        42785.315440144921        1.4730494222876751E-007   1362.1803912841915        1.7604097505168665E-012   1.7895134881903389E-014
   7.2601617697670813        1259272.4560800756        43669.583985715268        1.3855694656281113E-007   1342.5819434231232        1.6553922705606588E-012   1.6424383755347962E-014
   7.3702594983375729        1197388.3667045212        44564.619278217317        1.3034011647346411E-007   1323.2952298467508        1.5564028939766067E-012   1.5080090673262153E-014
   7.4822931096447602        1138658.2146988781        45470.256845536816        1.2262187965432131E-007   1304.3154021732505        1.4631249409583862E-012   1.3851368071056042E-014
   7.5962966429192358        1082918.6581866215        46386.326696413853        1.1537165280179518E-007   1285.6374904287013        1.3752562570257258E-012   1.2728195110826980E-014
   7.7123047359140076        1030014.6427466958        47312.653837917795        1.0856072357021534E-007   1267.2564402949986        1.2925085360961298E-012   1.1701362422119078E-014
   7.8303526354285102        979799.01474476361        48249.058741781053        1.0216213905513508E-007   1249.1671493740018        1.2146067044293586E-012   1.0762418520992117E-014
   7.9504762080176601        932132.15030911297        49195.357751467483        9.6150600489251051E-008   1231.3645017540241        1.1412883587893816E-012   9.9036196493680536E-015
   8.0727119508892038        886881.59922662831        50151.363423811177        9.0502363848810848E-008   1213.8434003267496        1.0723032519481618E-012   9.1178796908586434E-015
   8.1970970029926882        843921.74312055844        51116.884801511602        8.5195146079846212E-008   1196.5987963907000        1.0074128186081121E-012   8.3987226500581584E-015
   8.3236691563034082        803133.46734757500        52091.727612855393        8.0208036665748412E-008   1179.6257162113600        9.4638973526438609E-013   7.7402376966395537E-015
   8.4524668673047554        764403.84610051650        53075.694397177009        7.5521414268585596E-008   1162.9192843289547        8.8901750782248444E-013   7.1370359297207311E-015
   8.5835292686724820        727625.84025787655        54068.584555896246        7.1116868187147746E-008   1146.4747435279576        8.3509008151845179E-013   6.5842092639992557E-015
   8.7168961811643904        692698.00756794517        55070.194329858139        6.6977124384954165E-008   1130.2874714784041        7.8441146833750428E-013   6.0772914885136578E-015
   8.8526081257191009        659524.22479099245        56080.316704695048        6.3085975851309724E-008   1114.3529941526012        7.3679538793349900E-013   5.6122214874189994E-015
   8.9907063357675554        628013.42145592719        57098.741246472971        5.9428217067963377E-008   1098.6669961847110        6.9206491880460310E-013   5.1853088760876199E-015
   9.1312327697609774        598079.32490662474        58125.253870379085        5.5989582363277244E-008   1083.2253283921868        6.5005215718484281E-013   4.7932016819691210E-015
   9.2742301239191445        569640.21632871230        59159.636545748595        5.2756687944729744E-008   1068.0240127270044        6.1059788187038610E-013   4.4328562249044436E-015
   9.4197418452027968        542618.69745829084        60201.666940766030        4.9716977409487435E-008   1053.0592449273117        5.7355122370416666E-013   4.1015093321370920E-015
   9.5678121445141500        516941.46768704831        61251.118009593665        4.6858670541231723E-008   1038.3273951426249        5.3876933902288722E-013   3.7966526115576100E-015
   9.7184860101295154        492539.11124756059        62307.757526806156        4.4170715210370761E-008   1023.8250068733782        5.0611708679649673E-013   3.5160087786230507E-015
   9.8718092213681121        469345.89426276583        63371.347567325742        4.1642742201544470E-008   1009.5487943251892        4.7546670954061930E-013   3.2575099479308995E-015
   10.027828362501229        447299.57113127358        64441.643949236102        3.9265022804958969E-008   995.49563893590289        4.4669751800636749E-013   3.0192787893632621E-015
   10.186590836905935        426341.20071079797        65518.395589503896        3.7028429001670429E-008   981.66258364888506        4.1969558127190559E-013   2.7996298895786983E-015
   10.348144881467684        406414.97036168474        66601.343872181256        3.4924396117379658E-008   968.04682879591383        3.9435342023140342E-013   2.5969852874338083E-015
   10.512539581236142        387468.02932982211        67690.222010586804        3.2944887755757029E-008   954.64572540261906        3.7056970807358245E-013   2.4099338166996669E-015
   10.679824884338730        369450.33042123233        68784.754249597754        3.1082362930575565E-008   941.45676875248239        3.4824897700954898E-013   2.2371909351243933E-015
   10.850051617156396        352314.47950210550        69884.655123196600        2.9329745220791886E-008   928.47759152229298        3.2730133180869133E-013   2.0775865522651842E-015
   11.023271499766199        336015.59271621192        70989.628639173010        2.7680393851288480E-008   915.70595685419664        3.0764217096366177E-013   1.9300540515469499E-015
   11.199537161655478        320511.16104490164        72099.367445970536        2.6128076572949959E-008   903.13975132838573        2.8919191592715796E-013   1.7936204002262399E-015
   11.378902157712268        305760.92193069623        73213.551959885837        2.4666944236488923E-008   890.77697797116650        2.7187574889861423E-013   1.6673972475184893E-015
   11.561420984496927        291726.73764786549        74331.849463292019        2.3291506954792739E-008   878.61574934625571        2.5562335950241146E-013   1.5505729167883403E-015
   11.747149096799845        278372.48012362019        75453.913170666958        2.1996611756719952E-008   866.65428079887261        2.4036870064914339E-013   1.4424052043704655E-015
   11.936142924490309        265663.92191261362        76579.381264972573        2.0777421639955596E-008   854.89088389722554        2.2604975375642413E-013   1.3422149043113476E-015
   12.128459889661618        253568.63303640793        77707.875904369328        1.9629395936250858E-008   843.32396011914295        2.1260830346875566E-013   1.2493799849853311E-015
   12.324158424077661        242055.88340580094        78839.002200309886        1.8548271907317495E-008   831.95199481760346        1.9998972191356513E-013   1.1633303502491886E-015
   12.523297986926277        231096.55055223533        79972.347167582149        1.7530047494554613E-008   820.77355149940865        1.8814276248242266E-013   1.0835431240572458E-015
   12.725939082884775        220663.03240292863        81107.478647122771        1.6570965150361721E-008   809.78726644500603        1.7701936306561852E-013   1.0095384034288414E-015
   12.932143280503086        210729.16484337245        82243.944202378436        1.5667496683170675E-008   798.99184369369743        1.6657445861734796E-013   9.4087543025206971E-016
   13.141973230910187        201270.14381993251        83381.269990204484        1.4816329052453095E-008   788.38605041604228        1.5676580289206538E-013   8.7714913878282945E-016
   13.355492686849413        192262.45174501813        84518.959607395504        1.4014351053868069E-008   777.96871269350243        1.4755379914612043E-013   8.1798703623257953E-016
   13.572766522048488        183683.78797631714        85656.492914274728        1.3258640838414993E-008   767.73871172052156        1.3890133957915882E-013   7.6304637533533620E-016
   13.793860750930149        175513.00315197796        86793.324836999629        1.2546454212916921E-008   757.69498043989927        1.3077365325882006E-013   7.1201161330933146E-016
   14.018842548669342        167730.03717240595        87928.884150589191        1.1875213672473978E-008   747.83650062549714        1.2313816225990501E-013   6.6459209495619824E-016
   14.247780271603080        160315.86062912692        89062.572245426869        1.1242498118576788E-008   738.16230041232780        1.1596434572581551E-013   6.2051995499219874E-016
   14.480743477999200        153252.41949034782        90193.761880322083        1.0646033219512218E-008   728.67145228183801        1.0922361155539496E-013   5.7954821300711455E-016
   14.717802949190276        146522.58286189655        91321.795926223072        1.0083682372396377E-008   719.36307149631261        1.0288917541335829E-013   5.4144904143762645E-016
   14.959030711079151        140110.09365105638        92445.986105427030        9.5534382287596044E-009   710.23631497854922        9.6935946752867630E-014   5.0601218912756797E-016
   15.204500056022610        133999.52196942471        93565.611732317149        9.0534147479982319E-009   701.29038062362690        9.1340421537377412E-014   4.7304354497397217E-016
   15.454285565099829        128176.22111910721        94679.918462911970        8.5818397452812073E-009   692.52450703003581        8.6080581360058572E-014   4.4236382790954119E-016
   15.708463130772389        122626.28601468033        95788.117062062622        8.1370479026104950E-009   683.93797362624753        8.1135798645210819E-014   4.1380739095661557E-016
   15.967109979942707        117336.51390094623        96889.382198831270        7.7174742137260377E-009   675.53010116989856        7.6486747635082414E-014   3.8722112843606797E-016
   16.230304697417949        112294.36723401968        97982.851282650518        7.3216478354019393E-009   667.30025258572687        7.2115320868220435E-014   3.6246347658206922E-016
   16.498127249786481        107487.93860018086        99067.623355137926        6.9481863194320197E-009   659.24783410959446        6.8004550849893397E-014   3.3940349884771286E-016
   16.770659009714151        102905.91755437740        100142.75805478127        6.5957902012190840E-009   651.37229669181522        6.4138536644483889E-014   3.1792004810332110E-016
   17.047982780667805        98537.559264701355        101207.27467546024        6.2632379224576072E-009   643.67313762475976        6.0502375112803477E-014   2.9790099871508412E-016
   17.330182822073503        94372.654861835443        102260.15133992012        5.9493810667006747E-009   636.14990230801902        5.7082096529388015E-014   2.7924254223064075E-016
   17.617344874917091        90401.503378910085        103300.32432148061        5.6531398883524079E-009   628.80218620448147        5.3864604320712040E-014   2.6184860586016452E-016
   17.909556187794941        86614.885237397320        104326.68751847657        5.3734991157152362E-009   621.62963655388296        5.0837618724674285E-014   2.4563107834973396E-016
   18.206905543422746        83004.037084514523        105338.09216051204        5.1095040128820888E-009   614.63195460045870        4.7989624031564986E-014   2.3050632264638413E-016
   18.509483285610397        79560.627997749238        106333.34680134740        4.8602566797431385E-009   607.80889723897360        4.5309819294942666E-014   2.1639777955114712E-016
   18.817381346711212        76276.736968886238        107311.21750934549        4.6249125813530092E-009   601.16027870618666        4.2788072271815215E-014   2.0323453919315491E-016
   19.130693275553778        73144.831546844420        108270.42845621920        4.4026772868702377E-009   594.68597193155244        4.0414876359006251E-014   1.9095083512363247E-016
   19.449514265864938        70157.747601268537        109209.66286720590        4.1928034077179054E-009   588.38590959432872        3.8181310358706261E-014   1.7948565407031342E-016
   19.773941185192562        67308.670131962834        110127.56442047709        3.9945877213811386E-009   582.26008473584534        3.6079000886526763E-014   1.6878237655282373E-016
   20.104072604336857        64591.115068596140        111022.73913666781        3.8073684696935265E-009   576.30855086211636        3.4100087250352674E-014   1.5878844580621954E-016
   20.440008827299181        61998.912002975339        111893.75782252656        3.6305228205788909E-009   570.53142143481136        3.2237188645490861E-014   1.4945506267398960E-016
   20.781851921757479        59526.187802854642        112739.15912378315        3.4634644832152159E-009   564.92886866905678        3.0483373508042489E-014   1.4073690431969117E-016
   21.129705750077530        57167.351059276887        113557.45324525288        3.3056414671683373E-009   559.50112154689634        2.8832130890592001E-014   1.3259186483070324E-016
   21.483676000869529        54917.077323893638        114347.12639109860        3.1565339767579756E-009   554.24846297070883        2.7277343726775709E-014   1.2498081592199581E-016
   21.843870221099497        52770.295096060683        115106.64597351504        3.0156524325066318E-009   549.17122598493347        2.5813263858135034E-014   1.1786738612953146E-016
   22.210397848765343        50722.172524472284        115834.46662988738        2.8825356121579247E-009   544.26978900330971        2.4434488712532576E-014   1.1121775700941580E-016
   22.583370246147449        48768.104788432589        116529.03707537954        2.7567489042458996E-009   539.54457001484752        2.3135939521355255E-014   1.0500047499114623E-016
   22.962900733643963        46903.702137229666        117188.80780953888        2.6378826678860561E-009   534.99601968989771        2.1912840983925070E-014   9.9186277662505896E-017
   23.349104624200962        45124.778539660278        117812.23965935239        2.5255506925603405E-009   530.62461356576387        2.0760702265348838E-014   9.3747933319654335E-017
   23.742099258348059        43427.340988812182        118397.81317088063        2.4193887531936818E-009   526.43084276496757        1.9675299299716037E-014   8.8660092855226583E-017
   24.142004039850040        41807.579237304315        118944.03869541432        2.3190532534239408E-009   522.41520513712169        1.8652658148733220E-014   8.3899152748171534E-017
   24.548940471985365        40261.856567229937        119449.46737612764        2.2242199578731419E-009   518.57819107515206        1.7689039838578294E-014   7.9443129133046826E-017
   24.963032194462574        38786.699694292911        119912.70216695475        2.1345827947871205E-009   514.92028273577557        1.6780925122211297E-014   7.5271539683678765E-017
   25.384405020985806        37378.793508633236        120332.41075564630        2.0498527621291685E-009   511.44190765561103        1.5925003538163413E-014   7.1365299849691513E-017
   25.813186977480850        36034.963301856980        120707.33506045016        1.9697568389995759E-009   508.14353499059962        1.5118153416170873E-014   6.7706611368349154E-017
   26.249508340993309        34752.197043030566        121036.30994430759        1.8940371330138889E-009   505.02531767407567        1.4357452564361996E-014   6.4278905507953472E-017
   26.693501679270760        33527.548224962396        121318.26085516116        1.8224496957510418E-009   502.08817372183751        1.3640100395526512E-014   6.1066654292774844E-017
   27.145301891040880        32358.402756512402        121552.24530648452        1.7547642855678124E-009   499.33030782701826        1.2963608351615691E-014   5.8055598751975509E-017
   27.605046246997787        31241.643150673950        121737.42689200303        1.6907623311970665E-009   496.75815843155516        1.2325189401273111E-014   5.5231766920481056E-017
   28.072874431509074        30176.154443086121        121873.09068358858        1.6302377240923190E-009   494.35168355306786        1.1723546873739747E-014   5.2584086113029119E-017
   28.548928585056196        29156.279929158813        121959.22409503469        1.5729938688538402E-009   492.15775152011054        1.1154222935323847E-014   5.0097478186035753E-017
   29.031224061195065        28196.478435758621        121994.75108242071        1.5190484388086338E-009   489.98587988330200        1.0626217848793460E-014   4.7783245399053361E-017
   29.515612030597531        27260.145741441000        121994.75108242071        1.4686047381617876E-009   488.47051606599831        1.0113384641566796E-014   4.5603442339738791E-017
   30.000000000000000        26383.663574296315        121994.75108242070        1.4213854064754504E-009   487.01335150670053        9.6400053788386148E-015   4.3586354971331969E-017
