# lambda[A]  T_theo  T_instr  T_rot+instr  (H-alpha 6562.8)
6.560980949690213492e+03 9.999999998759167008e-01 9.999999998746236241e-01 9.999999998745984220e-01
6.560999140193311177e+03 9.999999998733900552e-01 9.999999998729420803e-01 9.999999998729279804e-01
6.561017330696408862e+03 9.999999998707861382e-01 9.999999998706377013e-01 9.999999998706319282e-01
6.561035521199508366e+03 9.999999998681000646e-01 9.999999998680155766e-01 9.999999998680132451e-01
6.561053711702606051e+03 9.999999998653301692e-01 9.999999998652506772e-01 9.999999998652492339e-01
6.561071902205703736e+03 9.999999998624711228e-01 9.999999998623895214e-01 9.999999998623881892e-01
6.561090092708801421e+03 9.999999998595208162e-01 9.999999998594355510e-01 9.999999998594339967e-01
6.561108283211899106e+03 9.999999998564743642e-01 9.999999998563849912e-01 9.999999998563834369e-01
6.561126473714996791e+03 9.999999998533274370e-01 9.999999998532342893e-01 9.999999998532326240e-01
6.561144664218095386e+03 9.999999998500752607e-01 9.999999998499783382e-01 9.999999998499767839e-01
6.561162854721193071e+03 9.999999998467143936e-01 9.999999998466125861e-01 9.999999998466109208e-01
6.561181045224290756e+03 9.999999998432389514e-01 9.999999998431325920e-01 9.999999998431308157e-01
6.561199235727388441e+03 9.999999998396437162e-01 9.999999998395322498e-01 9.999999998395304734e-01
6.561217426230486126e+03 9.999999998359232478e-01 9.999999998358065634e-01 9.999999998358048980e-01
6.561235616733584720e+03 9.999999998320715511e-01 9.999999998319496486e-01 9.999999998319476502e-01
6.561253807236682405e+03 9.999999998280826308e-01 9.999999998279546221e-01 9.999999998279526237e-01
6.561271997739780090e+03 9.999999998239497145e-01 9.999999998238158216e-01 9.999999998238133792e-01
6.561290188242877775e+03 9.999999998196660300e-01 9.999999998195249207e-01 9.999999998195225892e-01
6.561308378745975460e+03 9.999999998152236946e-01 9.999999998150755909e-01 9.999999998150731484e-01
6.561326569249073145e+03 9.999999998106146037e-01 9.999999998104593946e-01 9.999999998104566190e-01
6.561344759752171740e+03 9.999999998058308748e-01 9.999999998056676720e-01 9.999999998056647854e-01
6.561362950255269425e+03 9.999999998008637370e-01 9.999999998006917634e-01 9.999999998006888768e-01
6.561381140758367110e+03 9.999999997957025322e-01 9.999999997955216768e-01 9.999999997955186792e-01
6.561399331261464795e+03 9.999999997903384896e-01 9.999999997901476423e-01 9.999999997901444226e-01
6.561417521764562480e+03 9.999999997847593969e-01 9.999999997845588906e-01 9.999999997845552269e-01
6.561435712267661074e+03 9.999999997789550399e-01 9.999999997787429873e-01 9.999999997787394346e-01
6.561453902770758759e+03 9.999999997729118739e-01 9.999999997726881640e-01 9.999999997726843892e-01
6.561472093273856444e+03 9.999999997666174645e-01 9.999999997663807649e-01 9.999999997663767681e-01
6.561490283776954129e+03 9.999999997600567125e-01 9.999999997598069124e-01 9.999999997598025825e-01
6.561508474280051814e+03 9.999999997532152962e-01 9.999999997529508411e-01 9.999999997529462892e-01
6.561526664783149499e+03 9.999999997460763401e-01 9.999999997457963419e-01 9.999999997457915679e-01
6.561544855286248094e+03 9.999999997386223027e-01 9.999999997383256511e-01 9.999999997383206551e-01
6.561563045789345779e+03 9.999999997308346433e-01 9.999999997305201171e-01 9.999999997305147881e-01
6.561581236292443464e+03 9.999999997226935999e-01 9.999999997223593118e-01 9.999999997223535386e-01
6.561599426795541149e+03 9.999999997141761909e-01 9.999999997138208085e-01 9.999999997138147023e-01
6.561617617298638834e+03 9.999999997052591016e-01 9.999999997048811817e-01 9.999999997048749645e-01
6.561635807801736519e+03 9.999999996959174631e-01 9.999999996955155623e-01 9.999999996955087900e-01
6.561653998304835113e+03 9.999999996861240747e-01 9.999999996856953066e-01 9.999999996856879791e-01
6.561672188807932798e+03 9.999999996758481835e-01 9.999999996753906606e-01 9.999999996753827780e-01
6.561690379311030483e+03 9.999999996650582590e-01 9.999999996645696498e-01 9.999999996645609901e-01
6.561708569814128168e+03 9.999999996537185520e-01 9.999999996531963031e-01 9.999999996531870883e-01
6.561726760317225853e+03 9.999999996417920922e-01 9.999999996412329839e-01 9.999999996412231029e-01
6.561744950820324448e+03 9.999999996292366911e-01 9.999999996286370596e-01 9.999999996286269566e-01
6.561763141323422133e+03 9.999999996160072735e-01 9.999999996153638993e-01 9.999999996153526860e-01
6.561781331826519818e+03 9.999999996020545456e-01 9.999999996013634318e-01 9.999999996013515524e-01
6.561799522329617503e+03 9.999999995873252168e-01 9.999999995865812563e-01 9.999999995865684888e-01
6.561817712832715188e+03 9.999999995717593348e-01 9.999999995709580869e-01 9.999999995709442091e-01
6.561835903335812873e+03 9.999999995552931731e-01 9.999999995544281983e-01 9.999999995544129883e-01
6.561854093838911467e+03 9.999999995378546780e-01 9.999999995369195371e-01 9.999999995369035499e-01
6.561872284342009152e+03 9.999999995193656899e-01 9.999999995183536106e-01 9.999999995183359580e-01
6.561890474845106837e+03 9.999999994997395003e-01 9.999999994986418228e-01 9.999999994986227270e-01
6.561908665348204522e+03 9.999999994788804081e-01 9.999999994776874734e-01 9.999999994776663792e-01
6.561926855851302207e+03 9.999999994566818318e-01 9.999999994553825378e-01 9.999999994553600002e-01
6.561945046354401711e+03 9.999999994330246444e-01 9.999999994316058904e-01 9.999999994315809104e-01
6.561963236857499396e+03 9.999999994077755083e-01 9.999999994062207520e-01 9.999999994061936626e-01
6.561981427360597081e+03 9.999999993807832110e-01 9.999999993790706920e-01 9.999999993790408270e-01
6.561999617863693857e+03 9.999999993518733366e-01 9.999999993499729678e-01 9.999999993499395501e-01
6.562017808366791542e+03 9.999999993208399385e-01 9.999999993187064229e-01 9.999999993186688974e-01
6.562035998869889227e+03 9.999999992874298860e-01 9.999999992849925023e-01 9.999999992849488706e-01
6.562054189372988731e+03 9.999999992513196601e-01 9.999999992484597255e-01 9.999999992484074340e-01
6.562072379876086416e+03 9.999999992120652825e-01 9.999999992085784051e-01 9.999999992085136791e-01
6.562090570379184101e+03 9.999999991690179391e-01 9.999999991645504016e-01 9.999999991644649144e-01
6.562108760882281786e+03 9.999999991211750983e-01 9.999999991151077294e-01 9.999999991149889356e-01
6.562126951385379471e+03 9.999999990669098393e-01 9.999999990581702747e-01 9.999999990579946374e-01
6.562145141888478065e+03 9.999999990035114417e-01 9.999999989902550457e-01 9.999999989899831521e-01
6.562163332391575750e+03 9.999999989263895772e-01 9.999999989054908500e-01 9.999999989050565308e-01
6.562181522894673435e+03 9.999999988277508134e-01 9.999999987939964807e-01 9.999999987932893797e-01
6.562199713397771120e+03 9.999999986944206887e-01 9.999999986392601459e-01 9.999999986381001849e-01
6.562217903900868805e+03 9.999999985043359629e-01 9.999999984140002240e-01 9.999999984120977459e-01
6.562236094403966490e+03 9.999999982210249216e-01 9.999999980737488414e-01 9.999999980706467673e-01
6.562254284907065085e+03 9.999999977850818622e-01 9.999999975471158820e-01 9.999999975421074438e-01
6.562272475410162770e+03 9.999999971013111555e-01 9.999999967213367702e-01 9.999999967133452738e-01
6.562290665913260455e+03 9.999999960197505366e-01 9.999999954212694941e-01 9.999999954086846721e-01
6.562308856416358140e+03 9.999999943083018872e-01 9.999999933795605811e-01 9.999999933600183244e-01
6.562327046919455825e+03 9.999999916141775191e-01 9.999999901952227876e-01 9.999999901653121581e-01
6.562345237422553510e+03 9.999999874108801423e-01 9.999999852774741349e-01 9.999999852323590011e-01
6.562363427925652104e+03 9.999999809270907480e-01 9.999999777714180249e-01 9.999999777043558913e-01
6.562381618428749789e+03 9.999999710537158526e-01 9.999999664621469497e-01 9.999999663638845515e-01
6.562399808931847474e+03 9.999999562256103314e-01 9.999999496541889243e-01 9.999999495122063875e-01
6.562417999434945159e+03 9.999999342752224907e-01 9.999999250239730575e-01 9.999999248215292180e-01
6.562436189938042844e+03 9.999999022567026552e-01 9.999998894441307629e-01 9.999998891589959582e-01
6.562454380441141438e+03 9.999998562407221847e-01 9.999998387797154331e-01 9.999998383823736070e-01
6.562472570944239123e+03 9.999997910819947711e-01 9.999997676572085492e-01 9.999997671080765871e-01
6.562490761447336808e+03 9.999997001622218384e-01 9.999996692063511938e-01 9.999996684512065803e-01
6.562508951950434493e+03 9.999995751091393936e-01 9.999995347705636917e-01 9.999995337329664613e-01
6.562527142453532178e+03 9.999994054849725700e-01 9.999993535705494763e-01 9.999993521398066187e-01
6.562545332956629863e+03 9.999991784224716573e-01 9.999991122761827667e-01 9.999991102896783612e-01
6.562563523459728458e+03 9.999988781606155008e-01 9.999987943444872407e-01 9.999987915632079227e-01
6.562581713962826143e+03 9.999984853698863363e-01 9.999983786145898446e-01 9.999983746847176391e-01
6.562599904465923828e+03 9.999979759018843284e-01 9.999978352918249547e-01 9.999978296533115207e-01
6.562618094969021513e+03 9.999973174595612191e-01 9.999971128684950195e-01 9.999971044689323074e-01
6.562636285472119198e+03 9.999964582181374295e-01 9.999960963144288728e-01 9.999960827935603369e-01
6.562654475975217792e+03 9.999952857302087939e-01 9.999944888124314701e-01 9.999944648576571948e-01
6.562672666478315477e+03 9.999934838308442986e-01 9.999915465716296969e-01 9.999915026045532729e-01
6.562690856981413162e+03 9.999900845218779866e-01 9.999856950215878504e-01 9.999856210372782828e-01
6.562709047484510847e+03 9.999824049508846402e-01 9.999744507827492690e-01 9.999743505745872785e-01
6.562727237987608532e+03 9.999651159275855239e-01 9.999554990519813336e-01 9.999554067303396687e-01
6.562745428490706217e+03 9.999339696324061055e-01 9.999291201509391547e-01 9.999290944544982906e-01
6.562763618993804812e+03 9.998947665155041298e-01 9.999001868571969487e-01 9.999002741142155593e-01
6.562781809496902497e+03 9.998617959179616488e-01 9.998772374396357465e-01 9.998774322157510941e-01
6.562800000000000182e+03 9.998487592249051259e-01 9.998684644730728710e-01 9.998687033794237955e-01
6.562818190503097867e+03 9.998617957797731881e-01 9.998772370088724326e-01 9.998774317838133863e-01
6.562836381006195552e+03 9.998947656588310640e-01 9.999001859085201449e-01 9.999002731653841014e-01
6.562854571509294146e+03 9.999339677764359502e-01 9.999291187274174098e-01 9.999290930328403881e-01
6.562872762012391831e+03 9.999651137914408183e-01 9.999554974378411787e-01 9.999554051182487635e-01
6.562890952515489516e+03 9.999824033685500435e-01 9.999744493304137949e-01 9.999743491223448411e-01
6.562909143018587201e+03 9.999900835489360373e-01 9.999856939143748624e-01 9.999856199282824987e-01
6.562927333521684886e+03 9.999934831941142965e-01 9.999915457838098876e-01 9.999915018145554280e-01
6.562945524024782571e+03 9.999952852323147345e-01 9.999944882290863202e-01 9.999944642727172095e-01
6.562963714527882075e+03 9.999964577745512617e-01 9.999960958376229447e-01 9.999960823158055012e-01
6.562981905030979760e+03 9.999973170452274296e-01 9.999971124463722383e-01 9.999971040462222183e-01
6.563000095534077445e+03 9.999979755144612348e-01 9.999978349056476423e-01 9.999978292666947821e-01
6.563018286037175130e+03 9.999984850133671888e-01 9.999983782611229222e-01 9.999983743308752393e-01
6.563036476540272815e+03 9.999988778392936428e-01 9.999987940254507768e-01 9.999987912438441651e-01
6.563054667043371410e+03 9.999991781391209811e-01 9.999991119936662010e-01 9.999991100068803540e-01
6.563072857546469095e+03 9.999994052405094536e-01 9.999993533254586398e-01 9.999993518944760851e-01
6.563091048049566780e+03 9.999995749027561498e-01 9.999995345623162724e-01 9.999995335245134287e-01
6.563109238552664465e+03 9.999996999916849205e-01 9.999996690330300586e-01 9.999996682777065882e-01
6.563127429055762150e+03 9.999997909440273558e-01 9.999997675158737165e-01 9.999997669665852129e-01
6.563145619558859835e+03 9.999998561313974133e-01 9.999998386667602324e-01 9.999998382692819598e-01
6.563163810061958429e+03 9.999999021718192216e-01 9.999998893556240054e-01 9.999998890703706289e-01
6.563182000565056114e+03 9.999999342106145050e-01 9.999999249559528014e-01 9.999999247534080427e-01
6.563200191068153799e+03 9.999999561773778023e-01 9.999999496028922907e-01 9.999999494608253769e-01
6.563218381571251484e+03 9.999999710183767876e-01 9.999999664241653319e-01 9.999999663258336557e-01
6.563236572074349169e+03 9.999999809016596464e-01 9.999999777437874604e-01 9.999999776766703707e-01
6.563254762577447764e+03 9.999999873928865357e-01 9.999999852577072801e-01 9.999999852125492916e-01
6.563272953080545449e+03 9.999999916016402146e-01 9.999999901812982595e-01 9.999999901513551004e-01
6.563291143583643134e+03 9.999999942996813385e-01 9.999999933698847654e-01 9.999999933503176397e-01
6.563309334086740819e+03 9.999999960138812316e-01 9.999999954146187031e-01 9.999999954020158954e-01
6.563327524589838504e+03 9.999999970973357799e-01 9.999999967167964021e-01 9.999999967087921382e-01
6.563345715092936189e+03 9.999999977823837982e-01 9.999999975440192479e-01 9.999999975390023721e-01
6.563363905596034783e+03 9.999999982191729586e-01 9.999999980716219872e-01 9.999999980685142509e-01
6.563382096099132468e+03 9.999999985030347815e-01 9.999999984125139685e-01 9.999999984106069384e-01
6.563400286602230153e+03 9.999999986934720031e-01 9.999999986381895578e-01 9.999999986370260441e-01
6.563418477105327838e+03 9.999999988270253937e-01 9.999999987931921241e-01 9.999999987924826916e-01
6.563436667608425523e+03 9.999999989258037125e-01 9.999999989048553584e-01 9.999999989044194848e-01
6.563454858111523208e+03 9.999999990030136177e-01 9.999999989897261354e-01 9.999999989894533536e-01
6.563473048614621803e+03 9.999999990664677485e-01 9.999999990577091991e-01 9.999999990575330067e-01
6.563491239117719488e+03 9.999999991207686456e-01 9.999999991146903966e-01 9.999999991145711586e-01
6.563509429620817173e+03 9.999999991686365775e-01 9.999999991641621566e-01 9.999999991640766694e-01
6.563527620123914858e+03 9.999999992117013514e-01 9.999999992082105882e-01 9.999999992081454181e-01
6.563545810627012543e+03 9.999999992509693847e-01 9.999999992481067856e-01 9.999999992480546052e-01
6.563564001130111137e+03 9.999999992870906018e-01 9.999999992846517749e-01 9.999999992846081431e-01
6.563582191633208822e+03 9.999999993205097581e-01 9.999999993183757985e-01 9.999999993183379399e-01
6.563600382136306507e+03 9.999999993515521490e-01 9.999999993496508921e-01 9.999999993496175854e-01
6.563618572639404192e+03 9.999999993804699061e-01 9.999999993787568320e-01 9.999999993787268560e-01
6.563636763142501877e+03 9.999999994074694198e-01 9.999999994059143305e-01 9.999999994058872410e-01
6.563654953645599562e+03 9.999999994327252173e-01 9.999999994313065743e-01 9.999999994312814833e-01
6.563673144148698157e+03 9.999999994563891770e-01 9.999999994550897719e-01 9.999999994550671234e-01
6.563691334651795842e+03 9.999999994785939705e-01 9.999999994774008139e-01 9.999999994773799417e-01
6.563709525154893527e+03 9.999999994994592800e-01 9.999999994983611584e-01 9.999999994983422846e-01
6.563727715657991212e+03 9.999999995190912427e-01 9.999999995180787193e-01 9.999999995180610668e-01
6.563745906161088897e+03 9.999999995375855599e-01 9.999999995366503081e-01 9.999999995366338768e-01
6.563764096664187491e+03 9.999999995550297172e-01 9.999999995541641873e-01 9.999999995541488662e-01
6.563782287167285176e+03 9.999999995715007639e-01 9.999999995706992939e-01 9.999999995706851941e-01
6.563800477670382861e+03 9.999999995870713088e-01 9.999999995863274593e-01 9.999999995863143587e-01
6.563818668173480546e+03 9.999999996018058557e-01 9.999999996011140757e-01 9.999999996011021963e-01
6.563836858676578231e+03 9.999999996157629134e-01 9.999999996151193171e-01 9.999999996151077708e-01
6.563855049179675916e+03 9.999999996289964388e-01 9.999999996283968073e-01 9.999999996283863712e-01
6.563873239682775420e+03 9.999999996415561698e-01 9.999999996409966174e-01 9.999999996409869585e-01
6.563891430185873105e+03 9.999999996534867375e-01 9.999999996529641555e-01 9.999999996529549406e-01
6.563909620688970790e+03 9.999999996648299971e-01 9.999999996643411659e-01 9.999999996643327282e-01
6.563927811192068475e+03 9.999999996756238074e-01 9.999999996751662845e-01 9.999999996751584019e-01
6.563946001695166160e+03 9.999999996859031404e-01 9.999999996854745943e-01 9.999999996854669337e-01
6.563964192198264755e+03 9.999999996957007475e-01 9.999999996952986248e-01 9.999999996952915193e-01
6.563982382701362440e+03 9.999999997050456058e-01 9.999999997046676858e-01 9.999999997046611355e-01
6.564000573204460125e+03 9.999999997139656926e-01 9.999999997136104213e-01 9.999999997136039820e-01
6.564018763707557810e+03 9.999999997224859882e-01 9.999999997221519221e-01 9.999999997221460379e-01
6.564036954210655495e+03 9.999999997306308064e-01 9.999999997303159471e-01 9.999999997303106181e-01
6.564055144713753180e+03 9.999999997384213524e-01 9.999999997381245898e-01 9.999999997381194827e-01
6.564073335216851774e+03 9.999999997458778322e-01 9.999999997455980560e-01 9.999999997455932821e-01
6.564091525719949459e+03 9.999999997530197859e-01 9.999999997527552198e-01 9.999999997527508899e-01
6.564109716223047144e+03 9.999999997598638668e-01 9.999999997596143997e-01 9.999999997596097367e-01
6.564127906726144829e+03 9.999999997664276163e-01 9.999999997661910278e-01 9.999999997661868090e-01
6.564146097229242514e+03 9.999999997727249124e-01 9.999999997725012024e-01 9.999999997724972056e-01
6.564164287732340199e+03 9.999999997787704098e-01 9.999999997785584682e-01 9.999999997785546935e-01
6.564182478235438793e+03 9.999999997845775423e-01 9.999999997843764810e-01 9.999999997843729282e-01
6.564200668738536478e+03 9.999999997901584115e-01 9.999999997899680082e-01 9.999999997899647886e-01
6.564218859241634163e+03 9.999999997955253406e-01 9.999999997953440412e-01 9.999999997953412656e-01
6.564237049744731848e+03 9.999999998006882107e-01 9.999999998005164592e-01 9.999999998005135726e-01
6.564255240247829533e+03 9.999999998056580131e-01 9.999999998054945882e-01 9.999999998054917016e-01
6.564273430750928128e+03 9.999999998104438514e-01 9.999999998102885312e-01 9.999999998102858667e-01
6.564291621254025813e+03 9.999999998150548297e-01 9.999999998149067260e-01 9.999999998149042835e-01
6.564309811757123498e+03 9.999999998194992745e-01 9.999999998193583872e-01 9.999999998193559447e-01
6.564328002260221183e+03 9.999999998237852905e-01 9.999999998236510645e-01 9.999999998236485110e-01
6.564346192763318868e+03 9.999999998279200941e-01 9.999999998277920854e-01 9.999999998277895319e-01
6.564364383266416553e+03 9.999999998319106798e-01 9.999999998317888883e-01 9.999999998317866678e-01
6.564382573769515147e+03 9.999999998357642639e-01 9.999999998356476905e-01 9.999999998356455810e-01
6.564400764272612832e+03 9.999999998394869527e-01 9.999999998393752643e-01 9.999999998393732659e-01
6.564418954775710517e+03 9.999999998430835202e-01 9.999999998429773829e-01 9.999999998429754955e-01
6.564437145278808202e+03 9.999999998465611828e-01 9.999999998464593753e-01 9.999999998464574880e-01
6.564455335781905887e+03 9.999999998499236042e-01 9.999999998498263487e-01 9.999999998498245724e-01
6.564473526285004482e+03 9.999999998531771128e-01 9.999999998530838541e-01 9.999999998530824108e-01
6.564491716788102167e+03 9.999999998563255943e-01 9.999999998562365544e-01 9.999999998562350001e-01
6.564509907291199852e+03 9.999999998593738226e-01 9.999999998592884465e-01 9.999999998592870032e-01
6.564528097794297537e+03 9.999999998623261277e-01 9.999999998622443043e-01 9.999999998622428610e-01
6.564546288297395222e+03 9.999999998651865063e-01 9.999999998651070143e-01 9.999999998651053490e-01
6.564564478800492907e+03 9.999999998679579560e-01 9.999999998678732460e-01 9.999999998678710256e-01
6.564582669303591501e+03 9.999999998706451398e-01 9.999999998704965920e-01 9.999999998704907078e-01
6.564600859806689186e+03 9.999999998732509443e-01 9.999999998728023032e-01 9.999999998727882033e-01
6.564619050309786871e+03 9.999999998757784780e-01 9.999999998744848462e-01 9.999999998744595331e-01
