# lambda[A]  T_theo  T_instr  T_rot+instr  (H-beta 4861.35)
4.860000000000000000e+03 9.999999999887064783e-01 9.999999999885893498e-01 9.999999999885873514e-01
4.860013500000000022e+03 9.999999999884769952e-01 9.999999999884364721e-01 9.999999999884352508e-01
4.860026999999999134e+03 9.999999999882404067e-01 9.999999999882269730e-01 9.999999999882261958e-01
4.860040499999999156e+03 9.999999999879963797e-01 9.999999999879887191e-01 9.999999999879884971e-01
4.860054000000000087e+03 9.999999999877446921e-01 9.999999999877372536e-01 9.999999999877372536e-01
4.860067500000000109e+03 9.999999999874845669e-01 9.999999999874772394e-01 9.999999999874770173e-01
4.860081000000000131e+03 9.999999999872163370e-01 9.999999999872086764e-01 9.999999999872085654e-01
4.860094499999999243e+03 9.999999999869397804e-01 9.999999999869315648e-01 9.999999999869315648e-01
4.860108000000000175e+03 9.999999999866536760e-01 9.999999999866454603e-01 9.999999999866453493e-01
4.860121500000000196e+03 9.999999999863582456e-01 9.999999999863494748e-01 9.999999999863493638e-01
4.860134999999999309e+03 9.999999999860531563e-01 9.999999999860438304e-01 9.999999999860437194e-01
4.860148499999999331e+03 9.999999999857374089e-01 9.999999999857276389e-01 9.999999999857275279e-01
4.860162000000000262e+03 9.999999999854107813e-01 9.999999999854007893e-01 9.999999999854005672e-01
4.860175500000000284e+03 9.999999999850728294e-01 9.999999999850623933e-01 9.999999999850621712e-01
4.860189000000000306e+03 9.999999999847229981e-01 9.999999999847118959e-01 9.999999999847117849e-01
4.860202499999999418e+03 9.999999999843609544e-01 9.999999999843490750e-01 9.999999999843489640e-01
4.860215999999999440e+03 9.999999999839856990e-01 9.999999999839733755e-01 9.999999999839731535e-01
4.860229500000000371e+03 9.999999999835966769e-01 9.999999999835840203e-01 9.999999999835837983e-01
4.860242999999999483e+03 9.999999999831935549e-01 9.999999999831801212e-01 9.999999999831797881e-01
4.860256499999999505e+03 9.999999999827751118e-01 9.999999999827611230e-01 9.999999999827609010e-01
4.860269999999999527e+03 9.999999999823411256e-01 9.999999999823262486e-01 9.999999999823260266e-01
4.860283500000000458e+03 9.999999999818901530e-01 9.999999999818747209e-01 9.999999999818744989e-01
4.860297000000000480e+03 9.999999999814217500e-01 9.999999999814054297e-01 9.999999999814054297e-01
4.860310499999999593e+03 9.999999999809351392e-01 9.999999999809178197e-01 9.999999999809178197e-01
4.860323999999999614e+03 9.999999999804292106e-01 9.999999999804110029e-01 9.999999999804106698e-01
4.860337500000000546e+03 9.999999999799026318e-01 9.999999999798834249e-01 9.999999999798832029e-01
4.860350999999999658e+03 9.999999999793542926e-01 9.999999999793341976e-01 9.999999999793340866e-01
4.860364499999999680e+03 9.999999999787835270e-01 9.999999999787622107e-01 9.999999999787620997e-01
4.860377999999999702e+03 9.999999999781887805e-01 9.999999999781662430e-01 9.999999999781659099e-01
4.860391499999999724e+03 9.999999999775688320e-01 9.999999999775448511e-01 9.999999999775445181e-01
4.860405000000000655e+03 9.999999999769216830e-01 9.999999999768962589e-01 9.999999999768960368e-01
4.860418499999999767e+03 9.999999999762460012e-01 9.999999999762192449e-01 9.999999999762189118e-01
4.860431999999999789e+03 9.999999999755405655e-01 9.999999999755120328e-01 9.999999999755115887e-01
4.860445499999999811e+03 9.999999999748029333e-01 9.999999999747726243e-01 9.999999999747722912e-01
4.860458999999999833e+03 9.999999999740313283e-01 9.999999999739992429e-01 9.999999999739989098e-01
4.860472499999999854e+03 9.999999999732239742e-01 9.999999999731898903e-01 9.999999999731894462e-01
4.860485999999999876e+03 9.999999999723783173e-01 9.999999999723417909e-01 9.999999999723415689e-01
4.860499499999999898e+03 9.999999999714918042e-01 9.999999999714531684e-01 9.999999999714529464e-01
4.860513000000000829e+03 9.999999999705619924e-01 9.999999999705205811e-01 9.999999999705200260e-01
4.860526499999999942e+03 9.999999999695856623e-01 9.999999999695416975e-01 9.999999999695411423e-01
4.860539999999999964e+03 9.999999999685599272e-01 9.999999999685130758e-01 9.999999999685124097e-01
4.860553499999999985e+03 9.999999999674815676e-01 9.999999999674314966e-01 9.999999999674308304e-01
4.860566999999999098e+03 9.999999999663468087e-01 9.999999999662929628e-01 9.999999999662920747e-01
4.860580500000000029e+03 9.999999999651510985e-01 9.999999999650933669e-01 9.999999999650927007e-01
4.860594000000000051e+03 9.999999999638906623e-01 9.999999999638289339e-01 9.999999999638280457e-01
4.860607500000000073e+03 9.999999999625605041e-01 9.999999999624938907e-01 9.999999999624931135e-01
4.860621000000000095e+03 9.999999999611556278e-01 9.999999999610837964e-01 9.999999999610826862e-01
4.860634500000000116e+03 9.999999999596697053e-01 9.999999999595923228e-01 9.999999999595914346e-01
4.860648000000000138e+03 9.999999999580964083e-01 9.999999999580131416e-01 9.999999999580120313e-01
4.860661500000000160e+03 9.999999999564299635e-01 9.999999999563393693e-01 9.999999999563381481e-01
4.860674999999999272e+03 9.999999999546611562e-01 9.999999999545634566e-01 9.999999999545621243e-01
4.860688499999999294e+03 9.999999999527823258e-01 9.999999999526766326e-01 9.999999999526749672e-01
4.860702000000000226e+03 9.999999999507847015e-01 9.999999999506693493e-01 9.999999999506674619e-01
4.860715500000000247e+03 9.999999999486565150e-01 9.999999999485310598e-01 9.999999999485291724e-01
4.860729000000000269e+03 9.999999999463872191e-01 9.999999999462502176e-01 9.999999999462483302e-01
4.860742499999999382e+03 9.999999999439637133e-01 9.999999999438136111e-01 9.999999999438116127e-01
4.860756000000000313e+03 9.999999999413712315e-01 9.999999999412066964e-01 9.999999999412040319e-01
4.860769500000000335e+03 9.999999999385936755e-01 9.999999999384119320e-01 9.999999999384092675e-01
4.860782999999999447e+03 9.999999999356123936e-01 9.999999999354102220e-01 9.999999999354068914e-01
4.860796499999999469e+03 9.999999999324038491e-01 9.999999999321762534e-01 9.999999999321730337e-01
4.860810000000000400e+03 9.999999999289418406e-01 9.999999999286800501e-01 9.999999999286758312e-01
4.860823500000000422e+03 9.999999999251897309e-01 9.999999999248783134e-01 9.999999999248732063e-01
4.860837000000000444e+03 9.999999999210962276e-01 9.999999999207064283e-01 9.999999999206999890e-01
4.860850499999999556e+03 9.999999999165820608e-01 9.999999999160604780e-01 9.999999999160510411e-01
4.860863999999999578e+03 9.999999999115166682e-01 9.999999999107631599e-01 9.999999999107480608e-01
4.860877500000000509e+03 9.999999999056700117e-01 9.999999999044975052e-01 9.999999999044727472e-01
4.860890999999999622e+03 9.999999998986276450e-01 9.999999998966946357e-01 9.999999998966528914e-01
4.860904499999999643e+03 9.999999998896343945e-01 9.999999998863287054e-01 9.999999998862550976e-01
4.860917999999999665e+03 9.999999998773189125e-01 9.999999998715619620e-01 9.999999998714322880e-01
4.860931500000000597e+03 9.999999998592116190e-01 9.999999998491474473e-01 9.999999998489194075e-01
4.860945000000000618e+03 9.999999998309390126e-01 9.999999998134403434e-01 9.999999998130435497e-01
4.860958499999999731e+03 9.999999997848855182e-01 9.999999997548073560e-01 9.999999997541271224e-01
4.860971999999999753e+03 9.999999997080575298e-01 9.999999996571317107e-01 9.999999996559842952e-01
4.860985500000000684e+03 9.999999995787411944e-01 9.999999994939974268e-01 9.999999994920958368e-01
4.860998999999999796e+03 9.999999993614283600e-01 9.999999992230148571e-01 9.999999992199201104e-01
4.861012499999999818e+03 9.999999989993259009e-01 9.999999987776123644e-01 9.999999987726703177e-01
4.861025999999999840e+03 9.999999984036255229e-01 9.999999980555063228e-01 9.999999980477632944e-01
4.861039499999999862e+03 9.999999974385973545e-01 9.999999969029869096e-01 9.999999968910829873e-01
4.861053000000000793e+03 9.999999959015515305e-01 9.999999950941688143e-01 9.999999950762088474e-01
4.861066499999999905e+03 9.999999934968007986e-01 9.999999923044888828e-01 9.999999922778838313e-01
4.861079999999999927e+03 9.999999898030397238e-01 9.999999880780010564e-01 9.999999880392760332e-01
4.861093499999999949e+03 9.999999842340031586e-01 9.999999817884216435e-01 9.999999817329695562e-01
4.861106999999999061e+03 9.999999759928611676e-01 9.999999725943042872e-01 9.999999725160506614e-01
4.861120499999999993e+03 9.999999640213619312e-01 9.999999593890227523e-01 9.999999592799337922e-01
4.861134000000000015e+03 9.999999469449751821e-01 9.999999407460254952e-01 9.999999405953688969e-01
4.861147500000000036e+03 9.999999230147036400e-01 9.999999148585648756e-01 9.999999146518486759e-01
4.861161000000000968e+03 9.999998900442522709e-01 9.999998794694261450e-01 9.999998791869917358e-01
4.861174500000000080e+03 9.999998453367950901e-01 9.999998317749995147e-01 9.999998313901578006e-01
4.861188000000000102e+03 9.999997855859126261e-01 9.999997682419898837e-01 9.999997677166951870e-01
4.861201500000000124e+03 9.999997067102035508e-01 9.999996840355568350e-01 9.999996832993585105e-01
4.861214999999999236e+03 9.999996034910839660e-01 9.999995704910099592e-01 9.999995693322109025e-01
4.861228500000000167e+03 9.999994683992234901e-01 9.999994032153336487e-01 9.999994008228366704e-01
4.861242000000000189e+03 9.999992858598671930e-01 9.999990923131840681e-01 9.999990858422990181e-01
4.861255500000000211e+03 9.999989992799931393e-01 9.999983160075172073e-01 9.999982977321306699e-01
4.861269000000000233e+03 9.999983367562880199e-01 9.999961245554432887e-01 9.999960804149941040e-01
4.861282499999999345e+03 9.999960871891282466e-01 9.999904290975076826e-01 9.999903479140169749e-01
4.861296000000000276e+03 9.999881751077089875e-01 9.999782366889669039e-01 9.999781348639786849e-01
4.861309500000000298e+03 9.999667466834702978e-01 9.999578717566680597e-01 9.999578085672368166e-01
4.861322999999999411e+03 9.999303464169903011e-01 9.999324113831465910e-01 9.999324560532011352e-01
4.861336499999999432e+03 9.998952576065540665e-01 9.999104597321826216e-01 9.999106263106731785e-01
4.861350000000000364e+03 9.998807533670238668e-01 9.999017245428483136e-01 9.999019446111412357e-01
4.861363500000000386e+03 9.998952574542957494e-01 9.999104593532563978e-01 9.999106259316410394e-01
4.861377000000000407e+03 9.999303455412608121e-01 9.999324106233773435e-01 9.999324552944826028e-01
4.861390499999999520e+03 9.999667451734778334e-01 9.999578707654285248e-01 9.999578075777457720e-01
4.861404000000000451e+03 9.999881739292719729e-01 9.999782357550119904e-01 9.999781339303734917e-01
4.861417500000000473e+03 9.999960866295712902e-01 9.999904284336321725e-01 9.999903472484560352e-01
4.861430999999999585e+03 9.999983365357334453e-01 9.999961241768016151e-01 9.999960800340101930e-01
4.861444499999999607e+03 9.999989991735663830e-01 9.999983158126795058e-01 9.999982975356024317e-01
4.861457999999999629e+03 9.999992857825155124e-01 9.999990922034679430e-01 9.999990857317576642e-01
4.861471500000000560e+03 9.999994683295634346e-01 9.999994031372244629e-01 9.999994007444203969e-01
4.861485000000000582e+03 9.999996034257788713e-01 9.999995704245190353e-01 9.999995692656156177e-01
4.861498499999999694e+03 9.999997066496847387e-01 9.999996839754654587e-01 9.999996832392183954e-01
4.861511999999999716e+03 9.999997855310805983e-01 9.999997681876886535e-01 9.999997676623558762e-01
4.861525500000000648e+03 9.999998452883392952e-01 9.999998317268323778e-01 9.999998313419541374e-01
4.861538999999999760e+03 9.999998900025092174e-01 9.999998794276770964e-01 9.999998791452074931e-01
4.861552499999999782e+03 9.999999229796517897e-01 9.999999148232417978e-01 9.999999146164925135e-01
4.861565999999999804e+03 9.999999469162816901e-01 9.999999407168563836e-01 9.999999405661693652e-01
4.861579500000000735e+03 9.999999639984595845e-01 9.999999593655113372e-01 9.999999592563945106e-01
4.861593000000000757e+03 9.999999759750322070e-01 9.999999725758017544e-01 9.999999724975234816e-01
4.861606499999999869e+03 9.999999842204608802e-01 9.999999817742017960e-01 9.999999817187282813e-01
4.861619999999999891e+03 9.999999897929995329e-01 9.999999880673250408e-01 9.999999880285816989e-01
4.861633499999999913e+03 9.999999934895313913e-01 9.999999922966551491e-01 9.999999922700345545e-01
4.861646999999999935e+03 9.999999958964083113e-01 9.999999950885479771e-01 9.999999950705756868e-01
4.861660499999999956e+03 9.999999974350390897e-01 9.999999968990407329e-01 9.999999968871270406e-01
4.861673999999999978e+03 9.999999984012152288e-01 9.999999980527931598e-01 9.999999980450425818e-01
4.861687500000000000e+03 9.999999989977254033e-01 9.999999987757826059e-01 9.999999987708353411e-01
4.861701000000000931e+03 9.999999993603837511e-01 9.999999992218030487e-01 9.999999992187045272e-01
4.861714500000000044e+03 9.999999995780682882e-01 9.999999994932066150e-01 9.999999994913022494e-01
4.861728000000000065e+03 9.999999997076279845e-01 9.999999996566206750e-01 9.999999996554712611e-01
4.861741500000000087e+03 9.999999997846110711e-01 9.999999997544780639e-01 9.999999997537968310e-01
4.861754999999999200e+03 9.999999998307610438e-01 9.999999998132266255e-01 9.999999998128291656e-01
4.861768500000000131e+03 9.999999998590929362e-01 9.999999998490062270e-01 9.999999998487774100e-01
4.861782000000000153e+03 9.999999998772354237e-01 9.999999998714647065e-01 9.999999998713343663e-01
4.861795500000000175e+03 9.999999998895715558e-01 9.999999998862575401e-01 9.999999998861840433e-01
4.861809000000000196e+03 9.999999998985769079e-01 9.999999998966392356e-01 9.999999998965972692e-01
4.861822500000000218e+03 9.999999999056266020e-01 9.999999999044509869e-01 9.999999999044265619e-01
4.861836000000000240e+03 9.999999999114776994e-01 9.999999999107224147e-01 9.999999999107075377e-01
4.861849500000000262e+03 9.999999999165458675e-01 9.999999999160236186e-01 9.999999999160141817e-01
4.861862999999999374e+03 9.999999999210616997e-01 9.999999999206714563e-01 9.999999999206649060e-01
4.861876500000000306e+03 9.999999999251568683e-01 9.999999999248450067e-01 9.999999999248398996e-01
4.861890000000000327e+03 9.999999999289099772e-01 9.999999999286478536e-01 9.999999999286438568e-01
4.861903500000000349e+03 9.999999999323728739e-01 9.999999999321450561e-01 9.999999999321416144e-01
4.861917000000000371e+03 9.999999999355818625e-01 9.999999999353796909e-01 9.999999999353766933e-01
4.861930499999999483e+03 9.999999999385642546e-01 9.999999999383825111e-01 9.999999999383799576e-01
4.861944000000000415e+03 9.999999999413425877e-01 9.999999999411777196e-01 9.999999999411754992e-01
4.861957500000000437e+03 9.999999999439352916e-01 9.999999999437853004e-01 9.999999999437833020e-01
4.861970999999999549e+03 9.999999999463597966e-01 9.999999999462223510e-01 9.999999999462204636e-01
4.861984499999999571e+03 9.999999999486295366e-01 9.999999999485041924e-01 9.999999999485023050e-01
4.861998000000000502e+03 9.999999999507580561e-01 9.999999999506427040e-01 9.999999999506410386e-01
4.862011500000000524e+03 9.999999999527566796e-01 9.999999999526507644e-01 9.999999999526489880e-01
4.862025000000000546e+03 9.999999999546358431e-01 9.999999999545381435e-01 9.999999999545367002e-01
4.862038499999999658e+03 9.999999999564050945e-01 9.999999999563145003e-01 9.999999999563133901e-01
4.862052000000000589e+03 9.999999999580722054e-01 9.999999999579887167e-01 9.999999999579877175e-01
4.862065500000000611e+03 9.999999999596455025e-01 9.999999999595684530e-01 9.999999999595674538e-01
4.862078999999999724e+03 9.999999999611320911e-01 9.999999999610604817e-01 9.999999999610593715e-01
4.862092499999999745e+03 9.999999999625376335e-01 9.999999999624707980e-01 9.999999999624699099e-01
4.862105999999999767e+03 9.999999999638681247e-01 9.999999999638062853e-01 9.999999999638052861e-01
4.862119500000000698e+03 9.999999999651288940e-01 9.999999999650712734e-01 9.999999999650706073e-01
4.862133000000000720e+03 9.999999999663248262e-01 9.999999999662712025e-01 9.999999999662706474e-01
4.862146499999999833e+03 9.999999999674603623e-01 9.999999999674098472e-01 9.999999999674092921e-01
4.862159999999999854e+03 9.999999999685388330e-01 9.999999999684922036e-01 9.999999999684916485e-01
4.862173500000000786e+03 9.999999999695650121e-01 9.999999999695211583e-01 9.999999999695204922e-01
4.862186999999999898e+03 9.999999999705413423e-01 9.999999999705003750e-01 9.999999999705000420e-01
4.862200499999999920e+03 9.999999999714718202e-01 9.999999999714331844e-01 9.999999999714325183e-01
4.862213999999999942e+03 9.999999999723584443e-01 9.999999999723224731e-01 9.999999999723220290e-01
4.862227500000000873e+03 9.999999999732047673e-01 9.999999999731705724e-01 9.999999999731701283e-01
4.862241000000000895e+03 9.999999999740122325e-01 9.999999999739803691e-01 9.999999999739799250e-01
4.862254500000000007e+03 9.999999999747840596e-01 9.999999999747539725e-01 9.999999999747535284e-01
4.862268000000000029e+03 9.999999999755220248e-01 9.999999999754937141e-01 9.999999999754930480e-01
4.862281500000000051e+03 9.999999999762279046e-01 9.999999999762012592e-01 9.999999999762005931e-01
4.862295000000000073e+03 9.999999999769039194e-01 9.999999999768782732e-01 9.999999999768780512e-01
4.862308500000000095e+03 9.999999999775508464e-01 9.999999999775273096e-01 9.999999999775268655e-01
4.862322000000000116e+03 9.999999999781713500e-01 9.999999999781488125e-01 9.999999999781487015e-01
4.862335500000000138e+03 9.999999999787663185e-01 9.999999999787450022e-01 9.999999999787448912e-01
4.862349000000001070e+03 9.999999999793374172e-01 9.999999999793171002e-01 9.999999999793169891e-01
4.862362500000000182e+03 9.999999999798856454e-01 9.999999999798664385e-01 9.999999999798664385e-01
4.862376000000000204e+03 9.999999999804124462e-01 9.999999999803944606e-01 9.999999999803943496e-01
4.862389500000000226e+03 9.999999999809189299e-01 9.999999999809018325e-01 9.999999999809014994e-01
4.862402999999999338e+03 9.999999999814057627e-01 9.999999999813894425e-01 9.999999999813893314e-01
4.862416500000000269e+03 9.999999999818742769e-01 9.999999999818588448e-01 9.999999999818584007e-01
4.862430000000000291e+03 9.999999999823254715e-01 9.999999999823107055e-01 9.999999999823103725e-01
4.862443500000000313e+03 9.999999999827599018e-01 9.999999999827458019e-01 9.999999999827453578e-01
4.862457000000000335e+03 9.999999999831781228e-01 9.999999999831649111e-01 9.999999999831646891e-01
4.862470500000000357e+03 9.999999999835814668e-01 9.999999999835689213e-01 9.999999999835684772e-01
4.862484000000000378e+03 9.999999999839707110e-01 9.999999999839584985e-01 9.999999999839582765e-01
4.862497500000000400e+03 9.999999999843461884e-01 9.999999999843344201e-01 9.999999999843343090e-01
4.862510999999999513e+03 9.999999999847083432e-01 9.999999999846974630e-01 9.999999999846972409e-01
4.862524499999999534e+03 9.999999999850585075e-01 9.999999999850478494e-01 9.999999999850477383e-01
4.862538000000000466e+03 9.999999999853965704e-01 9.999999999853863564e-01 9.999999999853863564e-01
4.862551500000000487e+03 9.999999999857230870e-01 9.999999999857135391e-01 9.999999999857135391e-01
4.862565000000000509e+03 9.999999999860389455e-01 9.999999999860297306e-01 9.999999999860297306e-01
4.862578499999999622e+03 9.999999999863444788e-01 9.999999999863357081e-01 9.999999999863357081e-01
4.862592000000000553e+03 9.999999999866400202e-01 9.999999999866314715e-01 9.999999999866314715e-01
4.862605500000000575e+03 9.999999999869263467e-01 9.999999999869181311e-01 9.999999999869181311e-01
4.862618999999999687e+03 9.999999999872032364e-01 9.999999999871952427e-01 9.999999999871952427e-01
4.862632499999999709e+03 9.999999999874713552e-01 9.999999999874639167e-01 9.999999999874639167e-01
4.862646000000000640e+03 9.999999999877313694e-01 9.999999999877240420e-01 9.999999999877239309e-01
4.862659500000000662e+03 9.999999999879833901e-01 9.999999999879757295e-01 9.999999999879753965e-01
4.862673000000000684e+03 9.999999999882275281e-01 9.999999999882140944e-01 9.999999999882134283e-01
4.862686499999999796e+03 9.999999999884643387e-01 9.999999999884237045e-01 9.999999999884225943e-01
4.862699999999999818e+03 9.999999999886939328e-01 9.999999999885766933e-01 9.999999999885746949e-01
