# EXHALE lower-atmosphere profile (docs/phase_e_flux_closure_design.md section 2)
# solution_id f2ae5650fc6210552e7a36d15223af4c3185f076e68037a36ce204bb3c92dd1c
# source_code photochem
# source_version photochem 0.8.4, photochem_to_lower_profile.py
# mechanism zahnle_HHeNOC_rxns.yaml sha256 908cc51ef08cfce6
# stellar_flux lhs1140_sed_gj1132_at_b.txt sha256 37a95348aeb58b91 dilution 1.000000E+00
# p_match_bar 9.99999999999999955E-07
# p_top_bar 1.11783404238282447E-08
# p_deep_bar 1.67309812445803168E+01
# trial_flux_H 6.79926199374410883E+06
# trial_flux_He 6.07055681395343542E+07
# measured_flux_H 6.79922725766131002E+06
# measured_flux_He 6.07056254495564029E+07
# iteration 1
# reached_steady_state T
# notes F_H and F_He columns are the STATED trial fluxes; the header measured_flux_* are what the solution carries across its own top. measured elemental escape at the model top (r_top = 1.143789e+09 cm): H 6.799227e+06 g/s, He 6.070563e+07 g/s; imposed H 6.799262e+06, He 6.070557e+07; atomic-H share of the hydrogen nuclei at the top 1.735e-55 imposed, 1.732e-04 converged. climate solved: deep boundary 20 bar at 438.0 K, background He, tropopause 2.208 bar at 185.4 K, cold-trap f_H2O 6.593e-08 (deep 7.577e-05). cold trap at the match: O/H gas 7.6633e-07 vs all-carrier 7.6633e-07; C/H gas 2.7780e-04 vs all-carrier 2.7780e-04; N/H gas 8.1906e-05 vs all-carrier 8.1906e-05; chemistry q_H2O at the tropopause (2.208 bar) 2.3993e-07, at the match 9.1560e-08.
# units p[bar] r[R_J] T[K] n_tot[cm^-3] rho[g/cm^3] Kzz[cm^2/s] q_*[-] X_*[El/H nuclei] F_*[g/s]
# columns: p r T n_tot rho Kzz q_H2 q_H X_He X_C X_N X_O F_H F_He q_H2O q_CO q_CO2 q_CH4 q_NH3 q_HCN q_N2 q_OH q_C2H2
  1.67309812445803168E+01   1.56496800761273869E-01   4.08572158904131925E+02   2.96598779965686481E+20   1.91113414702360628E-03   1.00000000000000000E+09   6.23419668363331611E-02   3.23360922884511530E-27   7.49999999909057724E+00   2.77587999966342515E-04   8.18465404128654740E-05   6.06177999926488784E-04   6.79926199374410883E+06   6.07055681395343542E+07   7.57752668969618868E-05   3.51711188919524787E-23   5.13626606821814745E-23   3.46998815321096390E-05   1.02310661763466909E-05   1.01556955748561605E-29   7.93599276813478185E-11   1.38012052202163844E-37   5.95110125687468922E-45
  1.57861755940943915E+01   1.56535439671795784E-01   4.00160085887565799E+02   2.85732656557807665E+20   1.84111828382037507E-03   1.00000000000000000E+09   6.23419668370046656E-02   7.25835300638231838E-28   7.49999999927304994E+00   2.77587999966220759E-04   8.18460026682707713E-05   6.06177999941236102E-04   6.79926199374410883E+06   6.07055681395343542E+07   7.57752668996237793E-05   3.51711188923313170E-23   1.42531782429414492E-22   3.46998815324833771E-05   1.02310661764568950E-05   1.01556955749655669E-29   4.57495525019461691E-11   1.99507115530953840E-38   4.67623965550340901E-46
  1.41381934570052366E+01   1.56606491660711888E-01   3.83335939854433491E+02   2.67135187997356524E+20   1.72128537492463509E-03   1.00000000000000000E+09   6.23419680905796109E-02   3.23616229779145438E-14   7.50000241065131767E+00   2.77588089212956141E-04   8.18460289823650126E-05   6.06017435175033631E-04   6.79926199374410883E+06   6.07055681395343542E+07   7.57551726701800431E-05   1.09939588917950097E-17   3.75341552000498150E-22   3.46998821039019677E-05   1.02310658843049908E-05   1.70205248767973551E-15   4.59198431413947138E-11   4.05598960191104123E-25   3.79325215113430178E-15
  1.26010758400547829E+01   1.56677543634021754E-01   3.66511793821301239E+02   2.49021238384485794E+20   1.60456798756407901E-03   1.00000000000000000E+09   6.23419698747612674E-02   6.73730272218363690E-14   7.50000584322697517E+00   2.77588216255763730E-04   8.18460664405161497E-05   6.05788873014975857E-04   6.79926199374410883E+06   6.07055681395343542E+07   7.57265687788612353E-05   2.27646578475991875E-17   6.24760333678695634E-22   3.46998829616547539E-05   1.02310656437111114E-05   3.52554118608849737E-15   4.61022671439238475E-11   3.40055861994391103E-25   7.86024964917531371E-15
  1.11717542763798967E+01   1.56748595591639339E-01   3.49701649033667934E+02   2.31387776008091206E+20   1.49094653954992833E-03   1.00000000000000000E+09   6.23419728466864873E-02   1.06513604783520632E-13   7.50001156184392848E+00   2.77588427908679897E-04   8.18461288457041953E-05   6.05408092748446498E-04   6.79926199374410883E+06   6.07055681395343542E+07   7.56789152876813972E-05   3.53903058821640091E-17   8.92799503819849016E-22   3.46998844704131227E-05   1.02310655582175401E-05   5.48518108579838356E-15   4.62982537142442580E-11   1.98853416127373561E-25   1.22417582652136029E-14
  9.84717661896862495E+00   1.56819647530098139E-01   3.32918351472746792E+02   2.14235140844334055E+20   1.38042311133246515E-03   1.00000000000000000E+09   6.23419786457265895E-02   1.52111363483949564E-13   7.50002272195981146E+00   2.77588840960625572E-04   8.18462506327972874E-05   6.04664985549015861E-04   6.79926199374410883E+06   6.07055681395343542E+07   7.55859178802112928E-05   4.89615698590919941E-17   1.18183678244694737E-21   3.46998875413664180E-05   1.02310658917795026E-05   7.59835696527596290E-15   4.65094788987368976E-11   9.55716019850795506E-26   1.69877781023272577E-14
  8.62421942690888343E+00   1.56890699437056691E-01   3.16135053911825651E+02   1.97589499361187824E+20   1.27316604308967208E-03   1.00000000000000000E+09   6.23419915045527462E-02   2.07451267987559412E-13   7.50004747069692090E+00   2.77589756950678476E-04   8.18465207097019754E-05   6.03017068390433579E-04   6.79926199374410883E+06   6.07055681395343542E+07   7.53796874257698426E-05   6.35872458015874423E-17   1.49468574719775006E-21   3.46998945289182854E-05   1.02310673330118374E-05   9.88563396713703577E-15   4.67379200848608981E-11   3.98224457018021818E-26   2.21575744232685553E-14
  7.49969359957610404E+00   1.56961751296711971E-01   2.99366134967963148E+02   1.81450248629077967E+20   1.16917080199264870E-03   1.00000000000000000E+09   6.23420227418738301E-02   2.77004942441554214E-13   7.50010759495693158E+00   2.77591982249782642E-04   8.18471768325108374E-05   5.99013642032037255E-04   6.79926199374410883E+06   6.07055681395343542E+07   7.48786794270152019E-05   7.94058250404708372E-17   1.83470792964480080E-21   3.46999117313246414E-05   1.02310717322611112E-05   1.23715815014113742E-14   4.69859414179261029E-11   1.58125232267711920E-26   2.78207786202495832E-14
  6.47038377725758629E+00   1.57032803031725704E-01   2.82607281112396151E+02   1.65830118536475509E+20   1.06851777012559432E-03   1.00000000000000000E+09   6.23421037446648535E-02   3.66507008047599644E-13   7.50026351318450235E+00   2.77597753049238722E-04   8.18488783356292649E-05   5.88631693373543310E-04   6.79926199374410883E+06   6.07055681395343542E+07   7.35794676038885201E-05   9.66037034760348871E-17   2.20596961535027588E-21   3.46999566165759866E-05   1.02310842318093792E-05   1.50859223907880744E-14   4.72564159891316537E-11   8.69805465641802070E-27   3.40594533768766246E-14
  5.53302554933652768E+00   1.57103854461872278E-01   2.65863329401393855E+02   1.50737377014620127E+20   9.71255926632202688E-04   1.00000000000000000E+09   6.23423248182768813E-02   4.81923946674455035E-13   7.50068908159654057E+00   2.77613504068909781E-04   8.18535224772196551E-05   5.60294859623704927E-04   6.79926199374410883E+06   6.07055681395343542E+07   7.00336136497089128E-05   1.15407565629030197E-16   2.61343896959100329E-21   3.47000794461492542E-05   1.02311196412186147E-05   1.80649745240940064E-14   4.75528949160327125E-11   1.05083713566212712E-26   4.09708557403422537E-14
  4.68438730332584186E+00   1.57174905020291605E-01   2.49184160117076203E+02   1.36159855055633351E+20   8.77295388160985934E-04   1.00000000000000000E+09   6.23429538318279880E-02   6.28532140656913069E-13   7.50190018984686890E+00   2.77658329278988099E-04   8.18667390580479608E-05   4.79652193257162776E-04   6.79926199374410883E+06   6.07055681395343542E+07   5.99446730998196565E-05   1.36092478356762040E-16   3.06331126698131976E-21   3.47004293132795435E-05   1.02312219077457163E-05   2.13540265330120455E-14   4.78799285247788943E-11   1.84592758780214444E-26   4.86721131087929566E-14
  3.92115164248743531E+00   1.57245953105737302E-01   2.32507370947051157E+02   1.22150044619126096E+20   7.86945673589934964E-04   1.00000000000000000E+09   6.23447523644846888E-02   8.13686507669538707E-13   7.50536512951883861E+00   2.77786572695881955E-04   8.19045512509889280E-05   2.48936261446902163E-04   6.79926199374410883E+06   6.07055681395343542E+07   3.10974164596367522E-05   1.59008888937817770E-16   3.56335907428030652E-21   3.47014301121528626E-05   1.02315159989157765E-05   2.50098920338996813E-14   4.82435515725583620E-11   2.26658224970728484E-26   5.73051594168217881E-14
  3.23977540677242448E+00   1.57317001787759481E-01   2.15853702902682784E+02   1.08710656496929915E+20   7.00301507873400957E-04   1.00000000000000000E+09   6.23462566172368199E-02   1.04956139667816668E-12   7.50826543244041389E+00   2.77893917927139170E-04   8.19362016755488564E-05   5.58171432679999596E-05   6.79926199374410883E+06   6.07055681395343542E+07   6.97021923571724822E-06   1.84600217578204236E-16   4.12329213744756072E-21   3.47022670784291501E-05   1.02317616668047470E-05   2.91035853523258681E-14   4.86495504686203577E-11   1.31684154555536824E-26   6.70423337244705570E-14
  2.63850879720928688E+00   1.57388052873169371E-01   2.00653119415219010E+02   9.52421845231942533E+19   6.13526482734139643E-04   1.00000000000000000E+09   6.23466103077847597E-02   1.35619617829717285E-12   7.50894767419969700E+00   2.77919168869232786E-04   8.19436468411810525E-05   1.03894969571802767E-05   6.79926199374410883E+06   6.07055681395343542E+07   1.29728786193465423E-06   2.13537035878806191E-16   4.75788740457861231E-21   3.47024635922089540E-05   1.02318183538833605E-05   3.37431573809756185E-14   4.91077924210193162E-11   6.74842412595289283E-27   7.81403505974447238E-14
  2.11956274420868018E+00   1.57459104548427098E-01   1.89418197590418458E+02   8.10478119763119145E+19   5.22087850875089859E-04   1.00000000000000000E+09   6.23466762331025548E-02   1.76616378354452266E-12   7.50907484812121240E+00   2.77923875787384361E-04   8.19450346619554778E-05   1.92151019521223763E-06   6.79926199374410883E+06   6.07055681395343542E+07   2.39926170116535728E-07   2.47034791031243317E-16   5.49396172935070423E-21   3.47024998758700679E-05   1.02318275983637265E-05   3.91246547215948334E-14   4.96380383966986134E-11   2.76826029670729647E-27   9.10636981360481592E-14
  1.68793339955233357E+00   1.57530156330261156E-01   1.85409491462824377E+02   6.59386515196170158E+19   4.24758546022365575E-04   1.00000000000000000E+09   6.23466852258698911E-02   2.33388627438986396E-12   7.50909219113325310E+00   2.77924517670940054E-04   8.19452239192394760E-05   7.66705762873983359E-07   6.79926199374410883E+06   6.07055681395343542E+07   9.57332257870823474E-08   2.87334710025940327E-16   6.38105504721685734E-21   3.47025043839676171E-05   1.02318271765777547E-05   4.56102643944083493E-14   5.02758363212643678E-11   2.43291642289839709E-27   1.06677169740399480E-13
  1.34117495326322000E+00   1.57601208116268487E-01   1.85409491462824377E+02   5.23926286982155305E+19   3.37498815568980500E-04   1.00000000000000000E+09   6.23466852294157076E-02   3.13637544583195747E-12   7.50909219102181424E+00   2.77924517652127737E-04   8.19452239134536582E-05   7.66705762816461140E-07   6.79926199374410883E+06   6.07055681395343542E+07   9.57332244360997102E-08   3.37490625521600129E-16   7.48691763780941847E-21   3.47025037632720649E-05   1.02318248114682258E-05   5.36953134522802220E-14   5.10694795884232466E-11   2.35909281562642581E-27   1.26177835732839377E-13
  1.06587331671208596E+00   1.57672259887940175E-01   1.85409491462824377E+02   4.16380463905605304E+19   2.68220772435737121E-04   1.00000000000000000E+09   6.23466852338187480E-02   4.26619570914240209E-12   7.50909219088165791E+00   2.77924517628454562E-04   8.19452239061729560E-05   7.66705762744397694E-07   6.79926199374410883E+06   6.07055681395343542E+07   9.57332227341475419E-08   4.00575157338806359E-16   8.88010471731855968E-21   3.47025029780329900E-05   1.02318218315025693E-05   6.38810143696210630E-14   5.20675220162986491E-11   5.04442018470597163E-27   1.50788225885652716E-13
  8.47257949995233739E-01   1.57743311646790174E-01   1.85409491462824377E+02   3.30978975395460710E+19   2.13207496834697603E-04   1.00000000000000000E+09   6.23466852392834045E-02   5.84027829898970476E-12   7.50909219070540157E+00   2.77924517598670715E-04   8.19452238970127080E-05   7.66705762654050936E-07   6.79926199374410883E+06   6.07055681395343542E+07   9.57332205904875307E-08   4.79902275007044974E-16   1.06349001198060443E-20   3.47025019846547317E-05   1.02318180774243223E-05   7.67104620575511526E-14   5.33222802109497139E-11   8.32671421178114215E-27   1.81838098613825961E-13
  6.73620817751191980E-01   1.57814363390436446E-01   1.85409491462824377E+02   2.63148109811889193E+19   1.69512730294834289E-04   1.00000000000000000E+09   6.23466852460619128E-02   8.01475026315118512E-12   7.50909219048380994E+00   2.77924517561206597E-04   8.19452238854903630E-05   7.66705762540725975E-07   6.79926199374410883E+06   6.07055681395343542E+07   9.57332178910390029E-08   5.79628042463349198E-16   1.28446974353589559E-20   3.47025007278590388E-05   1.02318133491196672E-05   9.28664643099673352E-14   5.48993134780170745E-11   1.18625421224517452E-26   2.21002217313847911E-13
  5.35679481759592901E-01   1.57885415119995542E-01   1.85409491462824377E+02   2.09261708331162706E+19   1.34800601647825470E-04   1.00000000000000000E+09   6.23466852544657668E-02   1.09960450181087839E-11   7.50909219020526919E+00   2.77924517514091779E-04   8.19452238709996215E-05   7.66705762398526084E-07   6.79926199374410883E+06   6.07055681395343542E+07   9.57332144924035685E-08   7.04962588780535078E-16   1.56268915312657080E-20   3.47024991375334096E-05   1.02318073952702660E-05   1.13207304097608054E-13   5.68807321068377408E-11   1.87616105064480333E-26   2.70389644480859932E-13
  4.26073051230262290E-01   1.57956466835239673E-01   1.85409491462824377E+02   1.66444259319848407E+19   1.07218785872837457E-04   1.00000000000000000E+09   6.23466852648804359E-02   1.50549440762312850E-11   7.50909218985523186E+00   2.77924517454852435E-04   8.19452238527797937E-05   7.66705762220051054E-07   6.79926199374410883E+06   6.07055681395343542E+07   9.57332102143686155E-08   8.62434860450406057E-16   1.91290158762801801E-20   3.47024971247016613E-05   1.02317999002658812E-05   1.38811610011647087E-13   5.93693162950916722E-11   3.01062964880534905E-26   3.32656135447087071E-13
  3.38963193667928375E-01   1.58027518536309919E-01   1.85409491462824377E+02   1.32415034332360274E+19   8.52981008193384418E-05   1.00000000000000000E+09   6.23466852777835659E-02   2.05442490775657548E-11   7.50909218941542100E+00   2.77924517380383792E-04   8.19452238298757111E-05   7.66705761996010098E-07   6.79926199374410883E+06   6.07055681395343542E+07   9.57332048305032580E-08   1.06022325198542574E-15   2.35364413572535610E-20   3.47024945763769170E-05   1.02317904676991489E-05   1.71034642890376261E-13   6.24936397417714703E-11   4.86821157094260914E-26   4.11145551845584820E-13
  2.69718242402778585E-01   1.58098570224801199E-01   1.85409491462824377E+02   1.05364685591251579E+19   6.78730147187949276E-05   1.00000000000000000E+09   6.23466852937682239E-02   2.79209357956298590E-11   7.50909218886294472E+00   2.77924517286790799E-04   8.19452238010892896E-05   7.66705761714748467E-07   6.79926199374410883E+06   6.07055681395343542E+07   9.57331980563643165E-08   1.30856840648421731E-15   2.90820318684757009E-20   3.47024913489859469E-05   1.02317785996748176E-05   2.11578888554909819E-13   6.64144365956724386E-11   7.89092687954815930E-26   5.10067731079592685E-13
  2.14663042356643352E-01   1.58169621898074930E-01   1.85409491462824377E+02   8.38575239274814566E+18   5.40186963380330826E-05   1.00000000000000000E+09   6.23466853135715010E-02   3.77739453623787388E-11   7.50909218816908819E+00   2.77924517169186305E-04   8.19452237649172287E-05   7.66705761361643830E-07   6.79926199374410883E+06   6.07055681395343542E+07   9.57331895347076384E-08   1.62028847589501696E-15   3.60582515091553079E-20   3.47024872599634846E-05   1.02317636709380311E-05   2.62582574430090178E-13   7.13325047950960848E-11   1.27772768748367552E-25   6.34722142937779897E-13
  1.70880812532282128E-01   1.58240673557681788E-01   1.85409491462824377E+02   6.67541169097282662E+18   4.30011548360679686E-05   1.00000000000000000E+09   6.23466853381109687E-02   5.08592236207046445E-11   7.50909218729783845E+00   2.77924517021440937E-04   8.19452237194741415E-05   7.66705760918352631E-07   6.79926199374410883E+06   6.07055681395343542E+07   9.57331788169485586E-08   2.01142210429547293E-15   4.48323427256423189E-20   3.47024820770017994E-05   1.02317448964700178E-05   3.26730638064880122E-13   7.74985046611052536E-11   2.06217397041112873E-25   7.91779033083816636E-13
  1.36056176364782566E-01   1.58311725203143572E-01   1.85409491462824377E+02   5.31499690852038042E+18   3.42377392721247563E-05   1.00000000000000000E+09   6.23466853685294767E-02   6.81441769373383003E-11   7.50909218620407248E+00   2.77924516835867646E-04   8.19452236623955592E-05   7.66705760361875702E-07   6.79926199374410883E+06   6.07055681395343542E+07   9.57331653399246357E-08   2.50203057783627410E-15   5.58653504011228290E-20   3.47024755042951870E-05   1.02317212907721973E-05   4.07393813651764057E-13   8.52250908787396803E-11   3.31304265172985190E-25   9.89632711564299436E-13
  1.08350780537370114E-01   1.58382776835024303E-01   1.85409491462824377E+02   4.23269328139782298E+18   2.72658388097083452E-05   1.00000000000000000E+09   6.23466854062514342E-02   9.08643889078487878E-11   7.50909218483125862E+00   2.77924516602830098E-04   8.19452235907171240E-05   7.66705759663375699E-07   6.79926199374410883E+06   6.07055681395343542E+07   9.57331483967762475E-08   3.11719826063511444E-15   6.97359614877674442E-20   3.47024671649348839E-05   1.02316916165529506E-05   5.08802925320472999E-13   9.49019108354257105E-11   5.29644480946346612E-25   1.23884533662240868E-12
  8.63047161682276159E-02   1.58453828451737527E-01   1.85409491462824377E+02   3.37146987281933722E+18   2.17180759360950223E-05   1.00000000000000000E+09   6.23466854530527678E-02   1.20596309453386157E-10   7.50909218310854598E+00   2.77924516310248601E-04   8.19452235007230175E-05   7.66705758786705810E-07   6.79926199374410883E+06   6.07055681395343542E+07   9.57331271004641808E-08   3.88827996441993337E-15   8.71703729786974992E-20   3.47024565783747655E-05   1.02316543198780553E-05   6.36267254051981694E-13   1.07014114847615060E-10   8.43047760785984692E-25   1.55270414750156357E-12
  6.87583736190783834E-02   1.58524880055499529E-01   1.85409491462824377E+02   2.68602685291166157E+18   1.73026416829673289E-05   1.00000000000000000E+09   6.23466855111475746E-02   1.59350618415783452E-10   7.50909218094721087E+00   2.77924515942985036E-04   8.19452233877564559E-05   7.66705757686564066E-07   6.79926199374410883E+06   6.07055681395343542E+07   9.57331003380709727E-08   4.85445572267533536E-15   1.09079704910414891E-19   3.47024431315928628E-05   1.02316074481213437E-05   7.96448066840605421E-13   1.22165156096538309E-10   1.33818346984747421E-24   1.94792083319891135E-12
  5.47904826121838398E-02   1.58595931645416965E-01   1.85409491462824377E+02   2.14037505301725747E+18   1.37877037850398171E-05   1.00000000000000000E+09   6.23466855832958064E-02   2.09691710948249475E-10   7.50909217823612796E+00   2.77924515482071447E-04   8.19452232459824394E-05   7.66705756306189306E-07   6.79926199374410883E+06   6.07055681395343542E+07   9.57330667135704016E-08   6.06466810436029489E-15   1.36606854738143759E-19   3.47024260422038768E-05   1.02315485466324803E-05   9.97701172390340034E-13   1.41104811685230061E-10   2.12334000483424226E-24   2.44550885586867185E-12
  4.36689752511072518E-02   1.58666983221004892E-01   1.85409491462824377E+02   1.70591644318740454E+18   1.09890416472550409E-05   1.00000000000000000E+09   6.23466856729364832E-02   2.74889112477915772E-10   7.50909217483617830E+00   2.77924514903746841E-04   8.19452230680915613E-05   7.66705754574474068E-07   6.79926199374410883E+06   6.07055681395343542E+07   9.57330244761686591E-08   7.58003539243284945E-15   1.71185163625971907E-19   3.47024043113202099E-05   1.02314745300642542E-05   1.25050583453031589E-12   1.64763532042086386E-10   3.37608154193542725E-24   3.07188340658842974E-12
  3.48120101582077984E-02   1.58738034782472309E-01   1.85409491462824377E+02   1.35992155089070618E+18   8.76023829744441353E-06   1.00000000000000000E+09   6.23466857843528663E-02   3.59107628833587710E-10   7.50909217057320966E+00   2.77924514178252632E-04   8.19452228449288187E-05   7.66705752402359507E-07   6.79926199374410883E+06   6.07055681395343542E+07   9.57329714305998016E-08   9.47685652704893817E-15   2.14611857365733609E-19   3.47023766633999068E-05   1.02313815237489906E-05   1.56800170393574853E-12   1.94294423764660191E-10   5.38543345609507851E-24   3.86023966246412339E-12
  2.77570501375213122E-02   1.58809086329875643E-01   1.85409491462824377E+02   1.08432148846392269E+18   6.98489896144628024E-06   1.00000000000000000E+09   6.23466859228770931E-02   4.67646152211602970E-10   7.50909216522925149E+00   2.77924513268323491E-04   8.19452225650301288E-05   7.66705749678322936E-07   6.79926199374410883E+06   6.07055681395343542E+07   9.57329048248530423E-08   1.18503517297072753E-14   2.69139963981890991E-19   3.47023414696480702E-05   1.02312646679054228E-05   1.96666083411234168E-12   2.31124388280856923E-10   8.61351026894926753E-24   4.85227864767927858E-12
  2.21363242368859472E-02   1.58880137863118248E-01   1.85409491462824377E+02   8.64749385353944448E+17   5.57047623487107285E-06   1.00000000000000000E+09   6.23466860951425034E-02   6.07240204029910957E-10   7.50909215853157441E+00   2.77924512127307281E-04   8.19452222140428502E-05   7.66705746262744421E-07   6.79926199374410883E+06   6.07055681395343542E+07   9.57328212096821857E-08   1.48193174599456570E-14   3.37593332982118038E-19   3.47022966507402281E-05   1.02311178728724048E-05   2.46712859497740235E-12   2.77016167676224294E-10   1.37875734487205702E-23   6.10036693382577038E-12
  1.76573520571353462E-02   1.58951189381950214E-01   1.85409491462824377E+02   6.89779575641687936E+17   4.44336913966830609E-06   1.00000000000000000E+09   6.23466863093952439E-02   7.86448814140574443E-10   7.50909215013897846E+00   2.77924510696808983E-04   8.19452217740014414E-05   7.66705741980859465E-07   6.79926199374410883E+06   6.07055681395343542E+07   9.57327162628418044E-08   1.85319173605869406E-14   4.23510533012631751E-19   3.47022395537031959E-05   1.02309335086859304E-05   3.09527571820156943E-12   3.34143273688587811E-10   2.21669328773461006E-23   7.67023749565488084E-12
  1.40874827863837239E-02   1.59022240887539829E-01   1.85409491462824377E+02   5.50323619691583232E+17   3.54503246273015146E-06   1.00000000000000000E+09   6.23466865758771707E-02   1.01615088163991415E-09   7.50909213962470190E+00   2.77924508903752612E-04   8.19452212224228426E-05   7.66705736613959396E-07   6.79926199374410883E+06   6.07055681395343542E+07   9.57325845692366742E-08   2.31728840394250707E-14   5.31324841850455653E-19   3.47021667967013431E-05   1.02307020084475974E-05   3.88351421564998727E-12   4.05179968371462487E-10   5.00468547482037917E-23   9.64436535687979179E-12
  1.12416188522920721E-02   1.59093292379493656E-01   1.85409491462824377E+02   4.39150732021913280E+17   2.82888748494315303E-06   1.00000000000000000E+09   6.23466869072968680E-02   1.31017954940639325E-09   7.50909212645508450E+00   2.77924506656706963E-04   8.19452205311755038E-05   7.66705729888400587E-07   6.79926199374410883E+06   6.07055681395343542E+07   9.57324193459833635E-08   2.89724723142751338E-14   6.66589335540376687E-19   3.47020740742074891E-05   1.02304113622475952E-05   4.87244301997164006E-12   4.93408580866515674E-10   8.26322987205660377E-22   1.21261846039850450E-11
  8.97246624018244003E-03   1.59164343856083357E-01   1.85409491462824377E+02   3.50506912677851136E+17   2.25786853089029134E-06   1.00000000000000000E+09   6.23466873194067767E-02   1.68612496539429410E-09   7.50909210996290355E+00   2.77924503841299225E-04   8.19452196650676592E-05   7.66705721461866106E-07   6.79926199374410883E+06   6.07055681395343542E+07   9.57322120986330043E-08   3.62175859150760770E-14   8.36258319223669655E-19   3.47019559135269422E-05   1.02300464773243681E-05   6.11290554482466686E-12   6.02846416500175582E-10   2.01204810110528579E-20   1.52453546597865977E-11
  7.16278986986994617E-03   1.59235395320078882E-01   1.85409491462824377E+02   2.79812405668884736E+17   1.80247407982659213E-06   1.00000000000000000E+09   6.23466878317098933E-02   2.16633552746377152E-09   7.50909208931414351E+00   2.77924500314486594E-04   8.19452185800836549E-05   7.66705710906228550E-07   6.79926199374410883E+06   6.07055681395343542E+07   9.57319521912448039E-08   4.52656003386035704E-14   1.04903912071991299E-18   3.47018053717848790E-05   1.02295883813517206E-05   7.66856174818916875E-12   7.38394243558398996E-10   2.96515668268431654E-19   1.91643355128812864E-11
  5.71926043012169726E-03   1.59306446768654963E-01   1.85409491462824377E+02   2.23421327258378624E+17   1.43921835763810159E-06   1.00000000000000000E+09   6.23466884683228015E-02   2.77914619419374041E-09   7.50909206346648350E+00   2.77924495897406774E-04   8.19452172211819892E-05   7.66705697686141497E-07   6.79926199374410883E+06   6.07055681395343542E+07   9.57316263078529135E-08   5.65615291829443003E-14   1.31583162434617618E-18   3.47016136601046771E-05   1.02290132484919080E-05   9.61910269683274363E-12   9.06007692514590190E-10   2.75969894352729375E-18   2.40865959762464526E-11
  4.56756464445492571E-03   1.59377498204768320E-01   1.85409491462824377E+02   1.78430649849048640E+17   1.14940086389166440E-06   1.00000000000000000E+09   6.23466892590257629E-02   3.56035447052520331E-09   7.50909203111755108E+00   2.77924490366451794E-04   8.19452155195461951E-05   7.66705681132324510E-07   6.79926199374410883E+06   6.07055681395343542E+07   9.57312177749196774E-08   7.06593349213461740E-14   1.65027643587733530E-18   3.47013696785446649E-05   1.02282912372383350E-05   1.20642673047704939E-11   1.11289168949149212E-09   1.75804287922632387E-17   3.02668554500106580E-11
  3.64851875807139635E-03   1.59448549625597680E-01   1.85409491462824377E+02   1.42528376424721984E+17   9.18128353603217145E-07   1.00000000000000000E+09   6.23466902405380302E-02   4.55493303582278547E-09   7.50909199064038457E+00   2.77924483442132007E-04   8.19452133891534904E-05   7.66705660408224453E-07   6.79926199374410883E+06   6.07055681395343542E+07   9.57307057044711090E-08   8.82483720715996086E-14   2.06943460709058388E-18   3.47010594411183468E-05   1.02273851619563912E-05   1.51288603810861486E-11   1.36771604871262995E-09   8.22553572996393656E-17   3.80238381000405486E-11
  2.91497878942153371E-03   1.59519601032192815E-01   1.85409491462824377E+02   1.13872840382042688E+17   7.33537320154856690E-07   1.00000000000000000E+09   6.23466914580609391E-02   5.81892190506613941E-09   7.50909194000291969E+00   2.77924474775177754E-04   8.19452107224913790E-05   7.66705634468417378E-07   6.79926199374410883E+06   6.07055681395343542E+07   9.57300639109129969E-08   1.10186175014937500E-13   2.59461990231295469E-18   3.47006653645682818E-05   1.02262490681839952E-05   1.89690202662698300E-11   1.68084735236385578E-09   3.00015398289481623E-16   4.77560762921356111E-11
  2.32938370588870423E-03   1.59590652426055274E-01   1.85409491462824377E+02   9.09967303679194400E+16   5.86175749856783683E-07   1.00000000000000000E+09   6.23466929671311898E-02   7.42145332216932598E-09   7.50909187666765909E+00   2.77924463929205576E-04   8.19452073852131578E-05   7.66705602006717920E-07   6.79926199374410883E+06   6.07055681395343542E+07   9.57292595537117205E-08   1.37539073709108932E-13   3.25239831779021744E-18   3.47001653871541974E-05   1.02248267781518995E-05   2.37800455124993595E-11   2.06458810098878649E-09   8.96205248934023391E-16   5.99613214204526602E-11
  1.86180147599109892E-03   1.59661703805474731E-01   1.85409491462824377E+02   7.27307598490821920E+16   4.68511422437144838E-07   1.00000000000000000E+09   6.23466948358172499E-02   9.44697593848916463E-09   7.50909179746659117E+00   2.77924450359097052E-04   8.19452032094683790E-05   7.66705561391466923E-07   6.79926199374410883E+06   6.07055681395343542E+07   9.57282514551174391E-08   1.71632459747245289E-13   4.07576312847635363E-18   3.46995318740486364E-05   1.02230503746654310E-05   2.98061661953477959E-11   2.53340872380000314E-09   2.28249103690945513E-15   7.52601263117013283E-11
  1.48837475248089247E-03   1.59732755170665597E-01   1.85409491462824377E+02   5.81429481521382560E+16   3.74540776304566393E-07   1.00000000000000000E+09   6.23466971472722842E-02   1.19978760730236611E-08   7.50909169844531554E+00   2.77924433384037835E-04   8.19451979855817617E-05   7.66705510584827419E-07   6.79926199374410883E+06   6.07055681395343542E+07   9.57269880251963618E-08   2.14112961152021296E-13   5.10549248242066547E-18   3.46987302530986445E-05   1.02208384834551112E-05   3.73527401525375695E-11   3.10415126694819690E-09   5.11956852852577038E-15   9.44242125472218225E-11
  1.19008420235345680E-03   1.59803806521691599E-01   1.85409491462824377E+02   4.64903102923362400E+16   2.99477707793637181E-07   1.00000000000000000E+09   6.23467000026450557E-02   1.51976873416470543E-08   7.50909157466883315E+00   2.77924412153902835E-04   8.19451914516722399E-05   7.66705447042178286E-07   6.79926199374410883E+06   6.07055681395343542E+07   9.57254046938264733E-08   2.67025337499836481E-13   6.39170104607340648E-18   3.46977173073057468E-05   1.02180942498735436E-05   4.68014721654035709E-11   3.79617531591416106E-09   1.03805795085878258E-14   1.18410383864519057E-10
  9.51764369758856363E-04   1.59874857858464670E-01   1.85409491462824377E+02   3.71804119303294560E+16   2.39505918835055499E-07   1.00000000000000000E+09   6.23467035243319007E-02   1.91948591345855536E-08   7.50909141997962859E+00   2.77924385607353371E-04   8.19451832807036994E-05   7.66705367586702973E-07   6.79926199374410883E+06   6.07055681395343542E+07   9.57234207127280826E-08   3.32907584006027375E-13   7.99560166309301326E-18   3.46964390271536219E-05   1.02147031611447272E-05   5.86294001560493397E-11   4.63140720954501015E-09   1.94282672332371003E-14   1.48401005391800952E-10
  7.61320345958769996E-04   1.59945909180745471E-01   1.85409491462824377E+02   2.97407688006431640E+16   1.91581796541846343E-07   1.00000000000000000E+09   6.23467078595349167E-02   2.41667124989764764E-08   7.50909122669637874E+00   2.77924352419610453E-04   8.19451730643331846E-05   7.66705268253099005E-07   6.79926199374410883E+06   6.07055681395343542E+07   9.57209351646217563E-08   4.14908545088113591E-13   9.99149102378314028E-18   3.46948278964733447E-05   1.02105312493944752E-05   7.34325730132372204E-11   5.63424413824766297E-09   3.41149887230632956E-14   1.85852400010681382E-10
  6.09104147568872447E-04   1.60016960490431404E-01   1.85409491462824377E+02   2.37944851001522040E+16   1.53277482449576320E-07   1.00000000000000000E+09   6.23467131840466302E-02   3.03229501054342046E-08   7.50909098523875063E+00   2.77924310937370230E-04   8.19451602927662181E-05   7.66705144092823828E-07   6.79926199374410883E+06   6.07055681395343542E+07   9.57178219999465708E-08   5.16933332839760766E-13   1.24689660362715626E-17   3.46927994496475060E-05   1.02054245300332261E-05   9.19555662225620277E-11   6.83125823997324718E-09   5.68974015551100817E-14   2.32552867538406402E-10
  4.87418141492004895E-04   1.60088011785643969E-01   1.85409491462824377E+02   1.90408549204042280E+16   1.22655912311646882E-07   1.00000000000000000E+09   6.23467197061362000E-02   3.79079494967620509E-08   7.50909068366033949E+00   2.77924259097705887E-04   8.19451443296358373E-05   7.66704988931467407E-07   6.79926199374410883E+06   6.07055681395343542E+07   9.57139238968712322E-08   6.43823113080989828E-13   1.55353739375838632E-17   3.46902478976806019E-05   1.01992107450525262E-05   1.15128249780271457E-10   8.25064725878219124E-09   9.09449264810293419E-14   2.90692395155564936E-10
  3.90119554815218314E-04   1.60159063065450857E-01   1.85409491462824377E+02   1.52399125361055140E+16   9.81712933331872160E-08   1.00000000000000000E+09   6.23467276703926140E-02   4.72009420381954966E-08   7.50909030706729208E+00   2.77924194327032687E-04   8.19451243806791797E-05   7.66704795066521659E-07   6.79926199374410883E+06   6.07055681395343542E+07   9.57090446972822746E-08   8.01577451323719853E-13   1.93185069742530828E-17   3.46870405847147085E-05   1.01917046902834901E-05   1.44111540623490066E-10   9.92139483574187878E-09   1.40225977231073399E-13   3.62946524075844818E-10
  3.12305429314892148E-04   1.60230114332971046E-01   1.85409491462824377E+02   1.22001252399772660E+16   7.85898248189248615E-08   1.00000000000000000E+09   6.23467373614539078E-02   5.85133946156157862E-08   7.50908983689480980E+00   2.77924113415239904E-04   8.19450994546871097E-05   7.66704552890962192E-07   6.79926199374410883E+06   6.07055681395343542E+07   9.57029401196258287E-08   9.97629464860635895E-13   2.39695707109937163E-17   3.46830110108837600E-05   1.01827182554166841E-05   1.80354238462261956E-10   1.18721445973340400E-08   2.09573330469504316E-13   4.52577298367085469E-10
  2.50061607565970180E-04   1.60301165584666089E-01   1.85409491462824377E+02   9.76858755452128800E+15   6.29265319986904751E-08   1.00000000000000000E+09   6.23467491077998870E-02   7.21842877179268638E-08   7.50908925000699679E+00   2.77924012358906464E-04   8.19450683148317940E-05   7.66704250424505452E-07   6.79926199374410883E+06   6.07055681395343542E+07   9.56953064052154360E-08   1.24118655828589416E-12   2.96664755161697754E-17   3.46779501273918907E-05   1.01720749595133095E-05   2.25663467264446970E-10   1.41298669326858537E-08   3.04746107620741130E-13   5.63554762388293861E-10
  2.00262696578967347E-04   1.60372216823922192E-01   1.85409491462824377E+02   7.82320686681211000E+15   5.03949280487094494E-08   1.00000000000000000E+09   6.23467632863790311E-02   8.85764944194752568E-08   7.50908851757708806E+00   2.77923886166007018E-04   8.19450294180149827E-05   7.66703872729951361E-07   6.79926199374410883E+06   6.07055681395343542E+07   9.56857665261149793E-08   1.54365259987413756E-12   3.66175148959992297E-17   3.46715955490248571E-05   1.01596262192822234E-05   2.82291771398057544E-10   1.67185010327209709E-08   4.32510023176445257E-13   7.00703101206908653E-10
  1.60412624328469370E-04   1.60443268047606280E-01   1.85409491462824377E+02   6.26647481337087800E+15   4.03668910759236279E-08   1.00000000000000000E+09   6.23467803297439865E-02   1.08079464972982432E-07   7.50908760369477157E+00   2.77923728612660455E-04   8.19449808393071539E-05   7.66703401186533972E-07   6.79926199374410883E+06   6.07055681395343542E+07   9.56738535716212264E-08   1.91915111796652142E-12   4.50654988543586323E-17   3.46636182270485712E-05   1.01452644743291678E-05   3.53044642934587463E-10   1.96578469205306383E-08   6.00744293264850167E-13   8.69876234433635099E-10
  1.28517526446446633E-04   1.60514319257291344E-01   1.85409491462824377E+02   5.02050163398799800E+15   3.23406767988562684E-08   1.00000000000000000E+09   6.23468007380596489E-02   1.31123112712738294E-07   7.50908646363448806E+00   2.77923531940128083E-04   8.19449201778368544E-05   7.66702812585312194E-07   6.79926199374410883E+06   6.07055681395343542E+07   9.56589909363495142E-08   2.38517356885965218E-12   5.52924111443903878E-17   3.46536059954413698E-05   1.01289285227009236E-05   4.41413243539073833E-10   2.29629884802315148E-08   8.18558883062517975E-13   1.07816845759373033E-09
  1.02984387375408825E-04   1.60585370453755732E-01   1.85409491462824377E+02   4.02305661639808550E+15   2.59154121876600003E-08   1.00000000000000000E+09   6.23468250981747962E-02   1.58205141576836149E-07   7.50908504170252211E+00   2.77923286477363169E-04   8.19448444395932425E-05   7.66702078003092753E-07   6.79926199374410883E+06   6.07055681395343542E+07   9.56404689269295997E-08   2.96338200871632582E-12   6.76246685740682901E-17   3.46410433135182680E-05   1.01105991309672534E-05   5.51738201191159567E-10   2.66444016938265237E-08   1.09642494045776796E-12   1.33416651553212285E-09
  8.25402018097252547E-05   1.60656421635555408E-01   1.85409491462824377E+02   3.22441016033795850E+15   2.07707529148377377E-08   1.00000000000000000E+09   6.23468541109826885E-02   1.89930520368113545E-07   7.50908326856105113E+00   2.77922980170754890E-04   8.19447498914924215E-05   7.66701161400697385E-07   6.79926199374410883E+06   6.07055681395343542E+07   9.56174172801516664E-08   3.68060104989127996E-12   8.24390672887758216E-17   3.46252868402120115E-05   1.00902863488151767E-05   6.89411262152852035E-10   3.07086827073301076E-08   1.44656344651997283E-12   1.64825005344040855E-09
  6.61674892649129860E-05   1.60727472802923793E-01   1.85409491462824377E+02   2.58481467202688900E+15   1.66506559751471443E-08   1.00000000000000000E+09   6.23468886269425079E-02   2.27057840428692900E-07   7.50908105790269342E+00   2.77922597998158153E-04   8.19446318796632445E-05   7.66700017878102392E-07   6.79926199374410883E+06   6.07055681395343542E+07   9.55887728678932544E-08   4.57003639029732179E-12   1.00169370643440251E-16   3.46055384453401385E-05   1.00680121864056432E-05   8.61121658609397588E-10   3.51596104052879937E-08   1.88448425557602258E-12   2.03294662584235509E-09
  5.30528434499856288E-05   1.60798523955937772E-01   1.85409491462824377E+02   2.07249465962412075E+15   1.33504324375435088E-08   1.00000000000000000E+09   6.23469296879218052E-02   2.70541363716264725E-07   7.50907830231869244E+00   2.77922121238592028E-04   8.19444846031678427E-05   7.66698591502363357E-07   6.79926199374410883E+06   6.07055681395343542E+07   9.55532424437838410E-08   5.67274506327747790E-12   1.21312860964523264E-16   3.45808225733949348E-05   1.00437931921676483E-05   1.07515206805998547E-09   3.99991114340288129E-08   2.43312850119555154E-12   2.50334211872705516E-09
  4.25458735230805699E-05   1.60869575094517547E-01   1.85409491462824377E+02   1.66204278473318375E+15   1.07064152537151221E-08   1.00000000000000000E+09   6.23469785719471398E-02   3.21550931906740835E-07   7.50907486816629444E+00   2.77921526561915962E-04   8.19443008322129140E-05   7.66696812603528424E-07   6.79926199374410883E+06   6.07055681395343542E+07   9.55092634225839694E-08   7.03933228400440679E-12   1.46434685504877009E-16   3.45499817207085551E-05   1.00176274578076277E-05   1.34172274327535171E-09   4.52276769836991216E-08   3.13011793411902285E-12   3.07753299269189356E-09
  3.41264318270644883E-05   1.60940626218423422E-01   1.85409491462824377E+02   1.33313962295525050E+15   8.58771231058018413E-09   1.00000000000000000E+09   6.23470368378842357E-02   3.81452283787153105E-07   7.50907058919414716E+00   2.77920784894056673E-04   8.19440715572321315E-05   7.66694594407898331E-07   6.79926199374410883E+06   6.07055681395343542E+07   9.54549718001895544E-08   8.73173434822217205E-12   1.76165853039252292E-16   3.45117046225645012E-05   9.98948938044534604E-06   1.67336914066961106E-09   5.08439352978904672E-08   4.03561562561219486E-12   3.77708290799684761E-09
  2.73784505656215873E-05   1.61011677327257158E-01   1.85409491462824377E+02   1.06953160087499700E+15   6.88962258353983749E-09   1.00000000000000000E+09   6.23471063708099099E-02   4.51743240322869207E-07   7.50906525862657670E+00   2.77919860002631127E-04   8.19437855519211173E-05   7.66691828845748957E-07   6.79926199374410883E+06   6.07055681395343542E+07   9.53881926129639968E-08   1.08247665701516769E-11   2.11189740545624405E-16   3.44645913023306202E-05   9.95933284048424471E-06   2.08531723418657517E-09   5.68433827844482942E-08   5.23547973867176886E-12   4.62742151871236504E-09
  2.19690505279959948E-05   1.61082728423419475E-01   1.85409491462824377E+02   8.58214884169351750E+14   5.52837896941511760E-09   1.00000000000000000E+09   6.23471894341629113E-02   5.33959602804282119E-07   7.50905861933638441E+00   2.77918706734710458E-04   8.19434288292368481E-05   7.66688381330595049E-07   6.79926199374410883E+06   6.07055681395343542E+07   9.53064702127919785E-08   1.34069315913036465E-11   2.52213530730334541E-16   3.44072434098099245E-05   9.92710045680132637E-06   2.59579494763212861E-09   6.32165838052094371E-08   6.83503309229193077E-12   5.65810965390955699E-09
  1.76318562340321940E-05   1.61153779503987460E-01   1.85409491462824377E+02   6.88783588362065125E+14   4.43694964006027015E-09   1.00000000000000000E+09   6.23472887383730787E-02   6.29575078957140550E-07   7.50905035164673329E+00   2.77917268822353784E-04   8.19429839643248502E-05   7.66684084257295865E-07   6.79926199374410883E+06   6.07055681395343542E+07   9.52071499175651008E-08   1.65799090424177071E-11   2.99925289303160739E-16   3.43383590182570880E-05   9.89273505292164114E-06   3.22619524980022970E-09   6.99473175527285797E-08   8.94348966266293166E-12   6.90289879225327473E-09
  1.41536679256728899E-05   1.61224830568737043E-01   1.85409491462824377E+02   5.52909123856927125E+14   3.56168412660275521E-09   1.00000000000000000E+09   6.23474075360710700E-02   7.39916637248202254E-07   7.50904005819342224E+00   2.77915476151744658E-04   8.19424292520798674E-05   7.66678728904865841E-07   6.79926199374410883E+06   6.07055681395343542E+07   9.50875099169434897E-08   2.04562703114309367E-11   3.54942685189698382E-16   3.42568132691149264E-05   9.85618998666593271E-06   4.00099466634591411E-09   7.70111339257954903E-08   1.16547563027269986E-11   8.39953044146747728E-09
  1.13638129471970249E-05   1.61295881620431736E-01   1.85409491462824377E+02   4.43924210551237688E+14   2.85963365624165044E-09   1.00000000000000000E+09   6.23475497524133143E-02   8.66105886179088093E-07   7.50902724514273689E+00   2.77913241367278019E-04   8.19417376592674029E-05   7.66672055353834738E-07   6.79926199374410883E+06   6.07055681395343542E+07   9.49449275241926333E-08   2.51552761133782703E-11   4.17763119348638575E-16   3.41617154162948160E-05   9.81743663923466100E-06   4.94733615345568268E-09   8.43746370679800912E-08   1.50328971488533490E-11   1.01892452165125134E-08
  9.12563619700037634E-06   1.61366932655373746E-01   1.85409491462824377E+02   3.56490454687607750E+14   2.29640977403944258E-09   1.00000000000000000E+09   6.23477201576653900E-02   1.00902687511751669E-06   7.50901129889249930E+00   2.77910455651743306E-04   8.19408755215040961E-05   7.66663739934294885E-07   6.79926199374410883E+06   6.07055681395343542E+07   9.47770535190556848E-08   3.07970266410035519E-11   4.88725486045192263E-16   3.40524416681436392E-05   9.77646888173276608E-06   6.09421090472620982E-09   9.19956336149598602E-08   1.91084348353104181E-11   1.23159968528967095E-08
  7.32969862758017320E-06   1.61437983676320618E-01   1.85409491462824377E+02   2.86332650136554938E+14   1.84447278520622692E-09   1.00000000000000000E+09   6.23479245892234121E-02   1.16931558020165986E-06   7.50899145717595395E+00   2.77906983486305597E-04   8.19398009234676735E-05   7.66653379604796640E-07   6.79926199374410883E+06   6.07055681395343542E+07   9.45819665992036555E-08   3.74956193905474818E-11   5.67990820765945025E-16   3.39286478820223478E-05   9.73330511933982802E-06   7.47122102789141241E-09   9.98241228907502237E-08   2.38866252603463683E-11   1.48253923456823179E-08
  5.88833988904653787E-06   1.61509034681782737E-01   1.85409491462824377E+02   2.30026369568772719E+14   1.48176347622773655E-09   1.00000000000000000E+09   6.23481702318318745E-02   1.34736592603469941E-06   7.50896677323143980E+00   2.77902656147601757E-04   8.19384616859690105E-05   7.66640472518893713E-07   6.79926199374410883E+06   6.07055681395343542E+07   9.43582864247161854E-08   4.53522172443880473E-11   6.55544058222925108E-16   3.37902668782101101E-05   9.68798862188234527E-06   9.10697096173712868E-09   1.07803989506644913E-07   2.93641154569356623E-11   1.77634066507408624E-08
  4.73133066782839853E-06   1.61580085670978146E-01   1.85409491462824377E+02   1.84828124268857375E+14   1.19060905146386855E-09   1.00000000000000000E+09   6.23484659673927202E-02   1.54334903496437105E-06   7.50893607138374275E+00   2.77897263641535672E-04   8.19367928653049821E-05   7.66624393858598936E-07   6.79926199374410883E+06   6.07055681395343542E+07   9.41052345193014042E-08   5.44489688493064875E-11   7.51214047018762696E-16   3.36374939690724296E-05   9.64058663486159607E-06   1.10272090866337412E-08   1.15875184136389592E-07   3.55482877511101455E-11   2.11749472445230683E-08
  3.80239565797033599E-06   1.61651136644181792E-01   1.85409491462824377E+02   1.48539534970459750E+14   9.56848159353194322E-10   1.00000000000000000E+09   6.23488228090564589E-02   1.75724432591257937E-06   7.50889789199046387E+00   2.77890544701445716E-04   8.19347136478096620E-05   7.66604365794270472E-07   6.79926199374410883E+06   6.07055681395343542E+07   9.38226429190713962E-08   6.48445459098198969E-11   8.54705526690340043E-16   3.34707630432938904E-05   9.59118852627989257E-06   1.32529036732359579E-08   1.23976140505502939E-07   4.24743927374095234E-11   2.51023650321607550E-08
  3.05643227664894397E-06   1.61722187602073408E-01   1.85409491462824377E+02   1.19398681746990219E+14   7.69130998564829766E-10   1.00000000000000000E+09   6.23492544381336264E-02   1.98888211502084437E-06   7.50885042322326424E+00   2.77882174388817480E-04   8.19321234947637190E-05   7.66579420158866098E-07   6.79926199374410883E+06   6.07055681395343542E+07   9.35109180858031700E-08   7.65717264774739576E-11   9.65635677346106094E-16   3.32907149889206233E-05   9.53990309758208320E-06   1.57984687067633587E-08   1.32046173306082035E-07   5.02180274795619350E-11   2.95840169899605362E-08
  2.45728547467517017E-06   1.61793238543687407E-01   1.85409491462824377E+02   9.59931775991846875E+13   6.18359362176902143E-10   1.00000000000000000E+09   6.23497778669619210E-02   2.23799748492031038E-06   7.50879141655565618E+00   2.77871748723566175E-04   8.19288973585803387E-05   7.66548352089074351E-07   6.79926199374410883E+06   6.07055681395343542E+07   9.31709714947385193E-08   8.96370639382732996E-11   1.08356878555496068E-15   3.30981603489123238E-05   9.48685517714589645E-06   1.86703420053399580E-08   1.40027630570407468E-07   5.89030530039565822E-11   3.46529781111073620E-08
  1.97596710959576594E-06   1.61864289468245270E-01   1.85409491462824377E+02   7.71906087576771406E+13   4.97238553409252072E-10   1.00000000000000000E+09   6.23504142565299846E-02   2.50429482507335270E-06   7.50871808209234093E+00   2.77858765633603089E-04   8.19248797490417332E-05   7.66509662472509380E-07   6.79926199374410883E+06   6.07055681395343542E+07   9.28041291466263859E-08   1.04022344465236674E-10   1.20804461503064267E-15   3.28940384936398964E-05   9.43218166938263060E-06   2.18660614154998180E-08   1.47867628741254928E-07   6.87067009731790465E-11   4.03359759321708029E-08
  1.58923078746015885E-06   1.61935340375740644E-01   1.85409491462824377E+02   6.20828612706960781E+13   3.99918752946798843E-10   1.00000000000000000E+09   6.23511899247551418E-02   2.78752207452243152E-06   7.50862695896557142E+00   2.77842601344419613E-04   8.19198773765357084E-05   7.66461486531480603E-07   6.79926199374410883E+06   6.07055681395343542E+07   9.24120311844513907E-08   1.19687319949565486E-10   1.33859826038443876E-15   3.26793758974640243E-05   9.37602729613836666E-06   2.53739004812788273E-08   1.55519268091715772E-07   7.98642302574675477E-11   4.66525850823570244E-08
  1.27843098966916363E-06   1.62006391266039163E-01   1.85409491462824377E+02   4.99415531098746172E+13   3.21707924924822133E-10   1.00000000000000000E+09   6.23521375901732108E-02   3.08755362796839954E-06   7.50851375490446138E+00   2.77822481122451609E-04   8.19136500356664208E-05   7.66401505249521864E-07   6.79926199374410883E+06   6.07055681395343542E+07   9.19965308194797353E-08   1.36573125051975597E-10   1.47477095189208813E-15   3.24552461298226321E-05   9.31854030619503792E-06   2.91730371183003680E-08   1.62942297128058911E-07   9.26753800672322762E-11   5.36146794896234852E-08
  1.02860960013377284E-06   1.62077442137480959E-01   1.85409491462824377E+02   4.01823496062947344E+13   2.58841946858628191E-10   1.00000000000000000E+09   6.23532979067716875E-02   3.40448124701091870E-06   7.50837314770394215E+00   2.77797443033052068E-04   8.19058993147687682E-05   7.66326835582335059E-07   6.79926199374410883E+06   6.07055681395343542E+07   9.15595995123151282E-08   1.54605820362692139E-10   1.61611223969079309E-15   3.22227338751550604E-05   9.25986842903699903E-06   3.32341607319844157E-08   1.70103256042863917E-07   1.07514450976344822E-10   6.12261037680551170E-08
  9.99999999999999955E-07   1.62086668109198195E-01   1.85409491462824377E+02   3.91635491750176328E+13   2.52279129541002476E-10   1.00000000000000000E+09   6.23534827424434418E-02   3.44788135752879471E-06   7.50835047479889184E+00   2.77793398201567180E-04   8.19046469488500490E-05   7.66314767153397209E-07   6.79926199374410883E+06   6.07055681395343542E+07   9.15003415068823810E-08   1.57085153190956180E-10   1.63507843623438215E-15   3.21915919940657177E-05   9.25211466395956830E-06   3.37907286015837903E-08   1.70995576454753489E-07   1.09764886183937898E-10   6.22981988481591801E-08
  8.27764365719114297E-07   1.62148492988609588E-01   1.85409491462824377E+02   3.23363860600100703E+13   2.08300522008159256E-10   1.00000000000000000E+09   6.23547213591948424E-02   3.73871322667462426E-06   7.50819853962462247E+00   2.77766293065495032E-04   8.18962546218109978E-05   7.66233894461973877E-07   6.79926199374410883E+06   6.07055681395343542E+07   9.11032430599841601E-08   1.73699603985537532E-10   1.76217429671812861E-15   3.19829047032303674E-05   9.20015530340775466E-06   3.75203890077577988E-08   1.76975174436650968E-07   1.24845453260980129E-10   6.94824988955124211E-08
  6.66262941908771709E-07   1.62219543819113271E-01   1.85409491462824377E+02   2.60273775959459727E+13   1.67659727400698176E-10   1.00000000000000000E+09   6.23564706040901987E-02   4.09108344412999348E-06   7.50798175367158560E+00   2.77727549601921989E-04   8.18842559014601690E-05   7.66118230469494394E-07   6.79926199374410883E+06   6.07055681395343542E+07   9.06294310064440270E-08   1.93759357564967404E-10   1.91249895799185833E-15   3.17367815227817475E-05   9.13953752471267962E-06   4.19883667420419721E-08   1.83536925137131594E-07   1.45243493603418797E-10   7.83712034300383520E-08
  5.36373460037393364E-07   1.62290594628350743E-01   1.85409491462824377E+02   2.09532809026452031E+13   1.34973883814946068E-10   1.00000000000000000E+09   6.23586233636197682E-02   4.46297342084176273E-06   7.50771265814551114E+00   2.77679374750995395E-04   8.18693322777406802E-05   7.65974315680998136E-07   6.79926199374410883E+06   6.07055681395343542E+07   9.01400398301003560E-08   2.14682308289320472E-10   2.06659779937615351E-15   3.14853279030197062E-05   9.07814235966345421E-06   4.65894463487576280E-08   1.89772345215214787E-07   1.69423191156707824E-10   8.78711486870418708E-08
  4.31888372506668277E-07   1.62361645412077815E-01   1.85409491462824377E+02   1.68715998496413359E+13   1.08680898616220729E-10   1.00000000000000000E+09   6.23612760020260393E-02   4.85645165900253272E-06   7.50737870273116759E+00   2.77619489514817352E-04   8.18507756872419206E-05   7.65795288546030150E-07   6.79926199374410883E+06   6.07055681395343542E+07   8.96368089581845965E-08   2.36358679115320007E-10   2.22392529199953115E-15   3.12294379878277776E-05   9.01608611230537272E-06   5.12708886884585861E-08   1.95669230637516294E-07   1.98273898192345101E-10   9.79526696952983047E-08
  3.47822983391623375E-07   1.62432696171065483E-01   1.85409491462824377E+02   1.35876086689537070E+13   8.75264027278985417E-11   1.00000000000000000E+09   6.23645479468079300E-02   5.27443503131574294E-06   7.50696434556713754E+00   2.77545069092773196E-04   8.18277083643119109E-05   7.65572636695692802E-07   6.79926199374410883E+06   6.07055681395343542E+07   8.91213079301744287E-08   2.58671262588555254E-10   2.38384509542057169E-15   3.09699325749195376E-05   8.95347310126533779E-06   5.59770597759155063E-08   2.01218296627853759E-07   2.32899263765934854E-10   1.08577159287905547E-07
  2.80173789312015896E-07   1.62503746900104606E-01   1.85409491462824377E+02   1.09449116080499883E+13   7.05029385033835973E-11   1.00000000000000000E+09   6.23685871541042949E-02   5.72087679840350241E-06   7.50645034608429107E+00   2.77452613831141270E-04   8.17990427969529735E-05   7.65295806261447238E-07   6.79926199374410883E+06   6.07055681395343542E+07   8.85949128205829061E-08   2.81493897308188157E-10   2.54559009114762104E-15   3.07075608476688872E-05   8.89039519213945632E-06   6.06506237859019050E-08   2.06412175447839404E-07   2.74654840323415243E-10   1.19696500087164987E-07
  2.25724727334120041E-07   1.62574797595424120E-01   1.85409491462824377E+02   8.81787405770427734E+12   5.68012031215446817E-11   1.00000000000000000E+09   6.23735768656622225E-02   6.20098378237753978E-06   7.50581289274711239E+00   2.77337790386366007E-04   8.17634324852247667E-05   7.64951721579436260E-07   6.79926199374410883E+06   6.07055681395343542E+07   8.80587900695188267E-08   3.04688865072084054E-10   2.70821792198288791E-15   3.04430070168895377E-05   8.82693179116686374E-06   6.52337408528585985E-08   2.11244499657739181E-07   3.25172060845720936E-10   1.31252220034439321E-07
  1.81891802973569235E-07   1.62645848255443981E-01   1.85409491462824377E+02   7.10555298789036230E+12   4.57709501114524091E-11   1.00000000000000000E+09   6.23797439646293431E-02   6.72146027299413613E-06   7.50502252799581271E+00   2.77195236569906993E-04   8.17192114987752344E-05   7.64524196032112760E-07   6.79926199374410883E+06   6.07055681395343542E+07   8.75138859946121512E-08   3.28103277645461473E-10   2.87056552904738857E-15   3.01769008236606713E-05   8.76315015700718681E-06   6.96692704204034159E-08   2.15709094194387351E-07   3.86350795925701484E-10   1.43174330333922928E-07
  1.46598471815496919E-07   1.62716898872487775E-01   1.85409491462824377E+02   5.72682876523099609E+12   3.68896298476253964E-11   1.00000000000000000E+09   6.23873693099706098E-02   7.29077098044141080E-06   7.50404282446561499E+00   2.77018322078070021E-04   8.16643204447058005E-05   7.63993211225898871E-07   6.79926199374410883E+06   6.07055681395343542E+07   8.69609204344924800E-08   3.51564598746912457E-10   3.03120817797574045E-15   2.99098307220560971E-05   8.69910586607683961E-06   7.39019636151793108E-08   2.19799276968735505E-07   4.60297594064600683E-10   1.55379815282448638E-07
  1.18175668438522707E-07   1.62787949439931551E-01   1.85409491462824377E+02   4.61649981055662695E+12   2.97372323983241360E-11   1.00000000000000000E+09   6.23968005160247738E-02   7.91941172101859110E-06   7.50282875673961236E+00   2.76798855889962177E-04   8.15962160236070931E-05   7.63334037733116412E-07   6.79926199374410883E+06   6.07055681395343542E+07   8.64003831954080847E-08   3.74875555185194832E-10   3.18843020789359819E-15   2.96423587326769987E-05   8.63484329919210659E-06   7.78796101348713965E-08   2.23507246919902196E-07   5.49185271430185006E-10   1.67770746544732056E-07
  9.52815925501129010E-08   1.62858999949615085E-01   1.85409491462824377E+02   3.72214906646335205E+12   2.39761021639443794E-11   1.00000000000000000E+09   6.24084677521718617E-02   8.62016627346085624E-06   7.50132470126648609E+00   2.76526729573713592E-04   8.15117608799614937E-05   7.62516166300793354E-07   6.79926199374410883E+06   6.07055681395343542E+07   8.58325322075020234E-08   3.97808824821065771E-10   3.34021551517700115E-15   2.93750363206648247E-05   8.57039609028456171E-06   8.15540936656026425E-08   2.26823521688828239E-07   6.55014585931217444E-10   1.80231988688894548E-07
  7.68373354721014623E-08   1.62930050391266762E-01   1.85409491462824377E+02   3.00162926376984668E+12   1.93347386503564661E-11   1.00000000000000000E+09   6.24229032796590200E-02   9.40829574221217011E-06   7.49946198347063309E+00   2.76189484148183656E-04   8.14070899653012152E-05   7.61502013907597741E-07   6.79926199374410883E+06   6.07055681395343542E+07   8.52573924929889244E-08   4.20102029642098670E-10   3.48426490347302901E-15   2.91084209593948107E-05   8.50578755489454674E-06   8.48823080039369273E-08   2.29736375053501298E-07   7.79271974522416672E-10   1.92628450951143395E-07
  6.19752090530879897E-08   1.63001100752051042E-01   1.85409491462824377E+02   2.42104440476786719E+12   1.55947937371144334E-11   1.00000000000000000E+09   6.24407656314770187E-02   1.03015359039248641E-05   7.49715587540987993E+00   2.75771786639282480E-04   8.12774491706918530E-05   7.60245364675703553E-07   6.79926199374410883E+06   6.07055681395343542E+07   8.46747551528898244E-08   4.41453681913852504E-10   3.61804448574820055E-15   2.88430931441860776E-05   8.44103117604358806E-06   8.78268931672802110E-08   2.32231218014636445E-07   9.22497728383399559E-10   2.04801827563419864E-07
  4.99972626367186817E-08   1.63072151016021238E-01   1.85409491462824377E+02   1.95312924005870801E+12   1.25806327135485062E-11   1.00000000000000000E+09   6.24628695856720081E-02   1.13196599012332190E-05   7.49430192966300446E+00   2.75254801276590330E-04   8.11170016228353053E-05   7.58689502082565985E-07   6.79926199374410883E+06   6.07055681395343542E+07   8.40841755866879741E-08   4.61520795601364441E-10   3.73886446037253893E-15   2.85796736034433373E-05   8.37613127727431501E-06   9.03567638280193938E-08   2.34289868999804723E-07   1.08380189607960510E-09   2.16566763835478488E-07
  4.03419729741494341E-08   1.63143201164589607E-01   1.85409491462824377E+02   1.57594801919420874E+12   1.01509519909929503E-11   1.00000000000000000E+09   6.24902233720071934E-02   1.24832266522189325E-05   7.49077151581255318E+00   2.74615439769607421E-04   8.09185968970545022E-05   7.56764987363249596E-07   6.79926199374410883E+06   6.07055681395343542E+07   8.34849702062068290E-08   4.79918845007514478E-10   3.84398162164481315E-15   2.83188405701291965E-05   8.31108406569024465E-06   9.24474164075625096E-08   2.35889669201596667E-07   1.26038295272945061E-09   2.27706401956699295E-07
  3.25574917867004110E-08   1.63214251174675695E-01   1.85409491462824377E+02   1.27184941410922729E+12   8.19204701120770791E-12   1.00000000000000000E+09   6.25240749276147895E-02   1.38109102300597025E-05   7.48640640574486937E+00   2.73825475866446672E-04   8.06734986740100088E-05   7.54387041443379112E-07   6.79926199374410883E+06   6.07055681395343542E+07   8.28762114259667595E-08   4.96224580261781261E-10   3.93071329544446842E-15   2.80613476356092584E-05   8.24587928454470564E-06   9.40810077823004985E-08   2.37002413549340925E-07   1.44710850536287487E-09   2.37967315165356403E-07
  2.62801559267793167E-08   1.63285301014971740E-01   1.85409491462824377E+02   1.02662702450030640E+12   6.61240446013878884E-12   1.00000000000000000E+09   6.25659698119264834E-02   1.53138748770220994E-05   7.48101223442317309E+00   2.72850512312984670E-04   8.03710673513388277E-05   7.51452497315293695E-07   6.79926199374410883E+06   6.07055681395343542E+07   8.22567226417182397E-08   5.09981832872324722E-10   3.99654664569149145E-15   2.78080446518703110E-05   8.18050283138503626E-06   9.52461956237621536E-08   2.37593081648243478E-07   1.63620266020981918E-09   2.47053928952399809E-07
  2.12172216373030152E-08   1.63356350651933685E-01   1.85409491462824377E+02   8.28844896444165039E+11   5.33835745889611547E-12   1.00000000000000000E+09   6.26178251642711819E-02   1.69829846492836692E-05   7.47435064591303355E+00   2.71648794691318758E-04   7.99983962552788764E-05   7.47836311074524993E-07   6.79926199374410883E+06   6.07055681395343542E+07   8.16250792077317996E-08   5.20709797371968087E-10   4.03922676506118460E-15   2.75599079647953782E-05   8.11494096647028007E-06   9.59377512512805876E-08   2.37618390473262337E-07   1.81705263790673697E-09   2.54622634206820576E-07
  1.71329899817378658E-08   1.63427400042147036E-01   1.85409491462824377E+02   6.69295516158708496E+11   4.31059413255443583E-12   1.00000000000000000E+09   6.26820266180800889E-02   1.87606492999287138E-05   7.46612992381017460E+00   2.70169878283417844E-04   7.95399040171860324E-05   7.43387659446039258E-07   6.79926199374410883E+06   6.07055681395343542E+07   8.09796266055601141E-08   5.27912189663226571E-10   4.05680974683418817E-15   2.73180903561561763E-05   8.04918704618573883E-06   9.61560640589276700E-08   2.37025305013164468E-07   1.97610899640386435E-09   2.60275956876192050E-07
  1.38376552759952837E-08   1.63498449135022400E-01   1.85409491462824377E+02   5.40564177078571472E+11   3.48135140948519355E-12   1.00000000000000000E+09   6.27615569733360051E-02   2.04864483796752059E-05   7.45599390754345048E+00   2.68353173709036613E-04   7.89768922899135713E-05   7.37925718715051843E-07   6.79926199374410883E+06   6.07055681395343542E+07   8.03185281249555192E-08   5.31083378945351804E-10   4.04767168669961053E-15   2.70840014960791397E-05   7.98325165575934973E-06   9.59068562158458658E-08   2.35749843372563964E-07   2.09682728126839665E-09   2.63557450571115062E-07
  1.11783404238282447E-08   1.63569497868980118E-01   1.85409491462824377E+02   4.36678777711220764E+11   2.81215913611495746E-12   1.00000000000000000E+09   6.28601670660911549E-02   2.18035925834987480E-05   7.44350902113045620E+00   2.66126428162453130E-04   7.82870884944903995E-05   7.31235326689498280E-07   6.79926199374410883E+06   6.07055681395343542E+07   7.96398509685137398E-08   5.29701708542977608E-10   4.01047004807823372E-15   2.68594280135017380E-05   7.91717656468670008E-06   9.52016435124756289E-08   2.33716780900498617E-07   2.15959420825020190E-09   2.63948274281812113E-07
