# lambda[A]  T_theo  T_instr  T_rot+instr  (He I 10830)
1.082820000000000073e+04 9.999999599203588385e-01 9.999999580851831604e-01 9.999999580096057272e-01
1.082822016516982330e+04 9.999999586699173104e-01 9.999999572733628828e-01 9.999999572117611590e-01
1.082824033033964588e+04 9.999999573474078751e-01 9.999999562681388676e-01 9.999999562197583458e-01
1.082826049550946846e+04 9.999999559463357279e-01 9.999999550739576692e-01 9.999999550369370604e-01
1.082828066067929103e+04 9.999999544593966005e-01 9.999999537018467999e-01 9.999999536736312589e-01
1.082830082584911361e+04 9.999999528783437563e-01 9.999999521644030720e-01 9.999999521422431314e-01
1.082832099101893436e+04 9.999999511938330032e-01 9.999999504711685194e-01 9.999999504525367566e-01
1.082834115618875694e+04 9.999999493952311802e-01 9.999999486253106085e-01 9.999999486081322386e-01
1.082836132135857770e+04 9.999999474703831215e-01 9.999999466214933852e-01 9.999999466041629148e-01
1.082838148652840027e+04 9.999999454053133396e-01 9.999999444437644991e-01 9.999999444249906277e-01
1.082840165169822285e+04 9.999999431838204611e-01 9.999999420613255863e-01 9.999999420398376637e-01
1.082842181686804361e+04 9.999999407868809254e-01 9.999999394187326640e-01 9.999999393928404867e-01
1.082844198203786618e+04 9.999999381916361285e-01 9.999999364146180403e-01 9.999999363814822129e-01
1.082846214720768876e+04 9.999999353694487558e-01 9.999999328580023716e-01 9.999999328123490017e-01
1.082848231237751133e+04 9.999999322817968439e-01 9.999999283818515883e-01 9.999999283135516670e-01
1.082850247754733391e+04 9.999999288711618473e-01 9.999999222762609996e-01 9.999999221657196458e-01
1.082852264271715649e+04 9.999999250405450235e-01 9.999999131729807589e-01 9.999999129822662036e-01
1.082854280788697724e+04 9.999999206078556968e-01 9.999998984590795503e-01 9.999998981147624200e-01
1.082856297305679982e+04 9.999999152064606989e-01 9.999998732030969117e-01 9.999998725625510732e-01
1.082858313822662240e+04 9.999999080741689417e-01 9.999998282107211978e-01 9.999998269946704932e-01
1.082860330339644497e+04 9.999998976187306488e-01 9.999997465307518540e-01 9.999997441854038271e-01
1.082862346856626755e+04 9.999998805505047050e-01 9.999995971971233910e-01 9.999995926082265729e-01
1.082864363373608830e+04 9.999998502038238701e-01 9.999993240201499045e-01 9.999993149184004393e-01
1.082866379890591088e+04 9.999997933839270825e-01 9.999988254842827606e-01 9.999988072256861260e-01
1.082868396407573164e+04 9.999996846078137436e-01 9.999979187307995732e-01 9.999978818714512219e-01
1.082870412924555421e+04 9.999994758447768861e-01 9.999962755038284135e-01 9.999962012043308590e-01
1.082872429441537679e+04 9.999990786136260246e-01 9.999933102508443694e-01 9.999931621191079367e-01
1.082874445958519755e+04 9.999983331943304021e-01 9.999879906652893169e-01 9.999877014537291720e-01
1.082876462475502012e+04 9.999969560081851672e-01 9.999785316971615545e-01 9.999779838953366529e-01
1.082878478992484270e+04 9.999944492196638501e-01 9.999619329104031396e-01 9.999609345965206897e-01
1.082880495509466527e+04 9.999899422023730278e-01 9.999333396916944006e-01 9.999316018586422716e-01
1.082882512026448785e+04 9.999819022455695983e-01 9.998852695071939189e-01 9.998823984018756494e-01
1.082884528543431043e+04 9.999675764964176539e-01 9.998068599908314091e-01 9.998023856333210224e-01
1.082886545060413118e+04 9.999418595639950613e-01 9.996834610187901315e-01 9.996769258770999977e-01
1.082888561577395376e+04 9.998949749870379433e-01 9.994970622911393265e-01 9.994881848417832559e-01
1.082890578094377634e+04 9.998080341022483886e-01 9.992281233999241730e-01 9.992170243599249879e-01
1.082892594611359891e+04 9.996458684562963271e-01 9.988592232398847415e-01 9.988466596686785826e-01
1.082894611128342149e+04 9.993490110497067480e-01 9.983804670991549557e-01 9.983679762876255248e-01
1.082896627645324224e+04 9.988324699610316992e-01 9.977958042062110566e-01 9.977856419457991066e-01
1.082898644162306482e+04 9.980051599685236807e-01 9.971285390858306563e-01 9.971233323777061175e-01
1.082900660679288558e+04 9.968208295431650878e-01 9.964237776691162729e-01 9.964259079781283557e-01
1.082902677196270815e+04 9.953490378702070096e-01 9.957457776038525221e-01 9.957566403637773123e-01
1.082904693713253073e+04 9.938209943583139472e-01 9.951693886391795862e-01 9.951887782977912877e-01
1.082906710230235149e+04 9.925939035049542447e-01 9.947667351279274595e-01 9.947926172263461542e-01
1.082908726747217406e+04 9.920199663846889226e-01 9.945922931727038119e-01 9.946211150739115991e-01
1.082910743264199664e+04 9.922809664110815442e-01 9.946706293901521612e-01 9.946981216847341489e-01
1.082912759781181921e+04 9.932929415342656165e-01 9.949906403650139453e-01 9.950128599226935044e-01
1.082914776298164179e+04 9.947510240351797872e-01 9.955081729572303750e-01 9.955224352726965709e-01
1.082916792815146437e+04 9.962804940632107309e-01 9.961561647828963695e-01 9.961615608992711035e-01
1.082918809332128512e+04 9.975918790303230921e-01 9.968590635456432425e-01 9.968564307405477498e-01
1.082920825849110770e+04 9.985555812548678745e-01 9.975472233936240052e-01 9.975386512831077024e-01
1.082922842366093028e+04 9.991817051083561330e-01 9.981675461580097330e-01 9.981556516930616407e-01
1.082924858883075285e+04 9.995518317768272709e-01 9.986884010199942319e-01 9.986756400132742462e-01
1.082926875400057543e+04 9.997571994269452977e-01 9.990989402273047215e-01 9.990871478221881041e-01
1.082928891917039800e+04 9.998677127123554165e-01 9.994044895776925674e-01 9.993947142785133408e-01
1.082930908434021694e+04 9.999270486181363049e-01 9.996202958546184236e-01 9.996128775244442766e-01
1.082932924951003952e+04 9.999593687010157605e-01 9.997656207533393014e-01 9.997604034951445007e-01
1.082934941467986209e+04 9.999772774875165249e-01 9.998593717306129003e-01 9.998559422048333145e-01
1.082936957984968467e+04 9.999873078206523713e-01 9.999176041429314044e-01 9.999154827126913725e-01
1.082938974501950543e+04 9.999929354126085856e-01 9.999526201723025753e-01 9.999513776521704589e-01
1.082940991018932800e+04 9.999960738025984730e-01 9.999731214066275298e-01 9.999724280148586386e-01
1.082943007535915058e+04 9.999978034261156612e-01 9.999848766064856065e-01 9.999845053698466213e-01
1.082945024052897315e+04 9.999987413975625072e-01 9.999915137350386951e-01 9.999913215332856264e-01
1.082947040569879573e+04 9.999992401137176579e-01 9.999952204422187796e-01 9.999951233365863557e-01
1.082949057086861831e+04 9.999994990467295786e-01 9.999972742763648670e-01 9.999972259171340250e-01
1.082951073603843906e+04 9.999996294386690465e-01 9.999984045596791438e-01 9.999983805727044039e-01
1.082953090120826164e+04 9.999996921387396265e-01 9.999990216381546837e-01 9.999990096701218967e-01
1.082955106637808422e+04 9.999997196826440060e-01 9.999993544774272713e-01 9.999993484162491564e-01
1.082957123154790679e+04 9.999997290266765537e-01 9.999995302248646523e-01 9.999995270779409307e-01
1.082959139671772937e+04 9.999997287558614056e-01 9.999996191550923896e-01 9.999996174521246228e-01
1.082961156188755194e+04 9.999997230669114279e-01 9.999996597285099043e-01 9.999996587329299524e-01
1.082963172705737088e+04 9.999997139052680950e-01 9.999996724159437855e-01 9.999996717401955504e-01
1.082965189222719346e+04 9.999997020668930370e-01 9.999996671300300788e-01 9.999996665423361852e-01
1.082967205739701603e+04 9.999996877224043290e-01 9.999996468369614089e-01 9.999996461515725521e-01
1.082969222256683861e+04 9.999996705974824041e-01 9.999996085610766139e-01 9.999996075534500761e-01
1.082971238773666119e+04 9.999996498885858065e-01 9.999995420775832367e-01 9.999995403824168960e-01
1.082973255290648194e+04 9.999996238569729412e-01 9.999994257869745384e-01 9.999994227289906723e-01
1.082975271807630452e+04 9.999995888766520791e-01 9.999992182946706443e-01 9.999992125646380847e-01
1.082977288324612709e+04 9.999995374510317614e-01 9.999988427377044520e-01 9.999988317372277002e-01
1.082979304841594967e+04 9.999994542713007695e-01 9.999981583718523526e-01 9.999981368624473177e-01
1.082981321358577225e+04 9.999993086356686600e-01 9.999969094533025515e-01 9.999968667754463025e-01
1.082983337875559300e+04 9.999990402805024603e-01 9.999946335390020868e-01 9.999945479977665475e-01
1.082985354392541558e+04 9.999985335720942281e-01 9.999904978216018758e-01 9.999903257555639025e-01
1.082987370909523815e+04 9.999975715409589183e-01 9.999830104741368464e-01 9.999826660531415667e-01
1.082989387426506073e+04 9.999957554710102725e-01 9.999695226968325912e-01 9.999688430346896917e-01
1.082991403943488331e+04 9.999923658904156243e-01 9.999453990142606052e-01 9.999440888662090021e-01
1.082993420460470588e+04 9.999861231198584610e-01 9.999027009056274951e-01 9.999002541375251463e-01
1.082995436977452482e+04 9.999747715291682493e-01 9.998282305692819394e-01 9.998238344427174962e-01
1.082997453494434740e+04 9.999543404619892772e-01 9.997008641311879718e-01 9.996933091033720631e-01
1.082999470011416997e+04 9.999177744440563842e-01 9.994883214562746421e-01 9.994759619322444166e-01
1.083001486528399255e+04 9.998522608593121141e-01 9.991439052083731509e-01 9.991247373164072743e-01
1.083003503045381512e+04 9.997338393724289896e-01 9.986042565128436799e-01 9.985761823875382026e-01
1.083005519562363588e+04 9.995167592613878327e-01 9.977896641405820111e-01 9.977509814764313756e-01
1.083007536079345846e+04 9.991145815559262511e-01 9.966086579252246835e-01 9.965587413272368744e-01
1.083009552596328103e+04 9.983734554068132150e-01 9.949682136778228436e-01 9.949082552589072481e-01
1.083011569113310361e+04 9.970498940732266391e-01 9.927897338466054045e-01 9.927233246217391782e-01
1.083013585630292619e+04 9.948241497954619650e-01 9.900292003164750110e-01 9.899625115572864287e-01
1.083015602147274694e+04 9.913866673309998934e-01 9.866980468659074521e-01 9.866394417428229202e-01
1.083017618664256952e+04 9.865974995985516971e-01 9.828800866712059658e-01 9.828391400020431989e-01
1.083019635181239209e+04 9.806370811618914107e-01 9.787398087768200972e-01 9.787258739495964255e-01
1.083021651698221467e+04 9.740178849485547907e-01 9.745185945674954553e-01 9.745391626234758409e-01
1.083023668215203725e+04 9.674093638090325298e-01 9.705174553739488452e-01 9.705765768884083711e-01
1.083025684732185618e+04 9.614096653325006070e-01 9.670671302352027432e-01 9.671641525652923121e-01
1.083027701249167876e+04 9.564764971103735247e-01 9.644884486779767840e-01 9.646173165528649784e-01
1.083029717766150134e+04 9.530775179864863222e-01 9.630478080427234966e-01 9.631971919285862160e-01
1.083031734283132391e+04 9.518394842565583991e-01 9.629145502319552685e-01 9.630690310316033509e-01
1.083033750800114649e+04 9.534063991865578958e-01 9.641285581791689818e-01 9.642709084649019324e-01
1.083035767317096906e+04 9.580116496352130140e-01 9.665864539762846208e-01 9.667006973456668817e-01
1.083037783834078982e+04 9.651079225148380125e-01 9.700521907180352787e-01 9.701267250219240967e-01
1.083039800351061240e+04 9.734261999608454508e-01 9.741923623094320694e-01 9.742222315740668437e-01
1.083041816868043497e+04 9.814712005612538093e-01 9.786296343360432193e-01 9.786172056776402117e-01
1.083043833385025755e+04 9.881133271172233279e-01 9.830020287235871068e-01 9.829558545746922560e-01
1.083045849902008013e+04 9.929018063061402222e-01 9.870139737081117248e-01 9.869462645210071994e-01
1.083047866418990270e+04 9.959823181517423185e-01 9.904680278752235889e-01 9.903916163021689867e-01
1.083049882935972346e+04 9.977957392629011046e-01 9.932727267025762696e-01 9.931984697335611845e-01
1.083051899452954603e+04 9.988020378250223041e-01 9.954292668833509827e-01 9.953645226234223431e-01
1.083053915969936861e+04 9.993453141382054872e-01 9.970049096389386190e-01 9.969532368311946335e-01
1.083055932486919119e+04 9.996383763719094429e-01 9.981025625142698754e-01 9.980643662139354610e-01
1.083057949003901012e+04 9.997986747353616588e-01 9.988342770797860037e-01 9.988079181757630876e-01
1.083059965520883270e+04 9.998877110129585910e-01 9.993028935531834689e-01 9.992858074903289145e-01
1.083061982037865528e+04 9.999376008803624316e-01 9.995925204362040573e-01 9.995820611481321949e-01
1.083063998554847785e+04 9.999655655233865570e-01 9.997661305018107347e-01 9.997600517563558498e-01
1.083066015071830043e+04 9.999811377539548074e-01 9.998676072493851708e-01 9.998642338121180861e-01
1.083068031588812300e+04 9.999897117960232507e-01 9.999257647608478239e-01 9.999239653220507451e-01
1.083070048105794376e+04 9.999943668195343527e-01 9.999586160596602991e-01 9.999576863458055076e-01
1.083072064622776634e+04 9.999968567258682439e-01 9.999769867548297109e-01 9.999765173461655499e-01
1.083074081139758891e+04 9.999981706816952753e-01 9.999871899467092096e-01 9.999869561017686870e-01
1.083076097656741149e+04 9.999988580501040225e-01 9.999928293814855929e-01 9.999927133344003183e-01
1.083078114173723407e+04 9.999992181256941448e-01 9.999959341123451084e-01 9.999958762681905311e-01
1.083080130690705664e+04 9.999994104355142133e-01 9.999976375058213796e-01 9.999976083747577071e-01
1.083082147207687740e+04 9.999995180376409776e-01 9.999985697588728017e-01 9.999985548883040254e-01
1.083084163724669997e+04 9.999995831575405614e-01 9.999990800650916389e-01 9.999990723588263464e-01
1.083086180241652255e+04 9.999996267820316920e-01 9.999993610730093518e-01 9.999993570112899466e-01
1.083088196758634513e+04 9.999996591475550645e-01 9.999995183945925570e-01 9.999995162072634614e-01
1.083090213275616588e+04 9.999996851942962728e-01 9.999996094305051431e-01 9.999996082156545896e-01
1.083092229792598664e+04 9.999997073183348739e-01 9.999996650517288810e-01 9.999996643455442147e-01
1.083094246309580922e+04 9.999997267188281969e-01 9.999997016711639208e-01 9.999997012339889579e-01
1.083096262826563179e+04 9.999997440382916158e-01 9.999997279189969390e-01 9.999997276268223212e-01
1.083098279343545437e+04 9.999997596588436899e-01 9.999997482950701011e-01 9.999997480836826380e-01
1.083100295860527694e+04 9.999997738364125865e-01 9.999997651398542242e-01 9.999997649758789464e-01
1.083102312377509770e+04 9.999997867609524693e-01 9.999997796810534689e-01 9.999997795469385276e-01
1.083104328894492028e+04 9.999997985837828507e-01 9.999997925797226017e-01 9.999997924659927984e-01
1.083106345411474285e+04 9.999998094305878604e-01 9.999998042101789775e-01 9.999998041114794844e-01
1.083108361928456543e+04 9.999998194081965996e-01 9.999998148010631471e-01 9.999998147141568872e-01
1.083110378445438801e+04 9.999998286085914900e-01 9.999998245054316781e-01 9.999998244281984583e-01
1.083112394962421058e+04 9.999998371115990103e-01 9.999998334352953044e-01 9.999998333662249994e-01
1.083114411479403134e+04 9.999998449868824357e-01 9.999998416786708422e-01 9.999998416166167026e-01
1.083116427996385391e+04 9.999998522955056979e-01 9.999998493081839745e-01 9.999998492522272908e-01
1.083118444513367649e+04 9.999998590911987062e-01 9.999998563855932998e-01 9.999998563349759007e-01
1.083120461030349907e+04 9.999998654214051763e-01 9.999998629643706005e-01 9.999998629184546628e-01
1.083122477547331982e+04 9.999998713281542662e-01 9.999998690913177724e-01 9.999998690495599529e-01
1.083124494064314058e+04 9.999998768487916578e-01 9.999998748076847077e-01 9.999998747696168255e-01
1.083126510581296316e+04 9.999998820165981739e-01 9.999998801500017409e-01 9.999998801152193417e-01
1.083128527098278573e+04 9.999998868613144687e-01 9.999998851507516662e-01 9.999998851189022542e-01
1.083130543615260831e+04 9.999998914095857838e-01 9.999998898389068636e-01 9.999998898096832400e-01
1.083132560132243088e+04 9.999998956853441978e-01 9.999998942403841573e-01 9.999998942135198687e-01
1.083134576649225164e+04 9.999998997101368081e-01 9.999998983784369466e-01 9.999998983536949604e-01
1.083136593166207422e+04 9.999999035034053962e-01 9.999999022739729515e-01 9.999999022511451008e-01
1.083138609683189679e+04 9.999999070827312320e-01 9.999999059458419826e-01 9.999999059247448585e-01
1.083140626200171937e+04 9.999999104640471259e-01 9.999999094110734177e-01 9.999999093915447057e-01
1.083142642717154195e+04 9.999999136618187290e-01 9.999999126850908082e-01 9.999999126669844030e-01
1.083144659234136452e+04 9.999999166892055147e-01 9.999999157818850737e-01 9.999999157650732995e-01
1.083146675751118528e+04 9.999999195582004452e-01 9.999999187141778156e-01 9.999999186985465416e-01
1.083148692268100785e+04 9.999999222797540943e-01 9.999999214935592073e-01 9.999999214790055158e-01
1.083150708785083043e+04 9.999999248638800076e-01 9.999999241306044562e-01 9.999999241170359765e-01
1.083152725302065119e+04 9.999999273197504035e-01 9.999999266349802740e-01 9.999999266223142946e-01
1.083154741819047376e+04 9.999999296557804396e-01 9.999999290155398013e-01 9.999999290037021593e-01
1.083156758336029452e+04 9.999999318797019310e-01 9.999999312804027651e-01 9.999999312693258480e-01
1.083158774853011710e+04 9.999999339986302971e-01 9.999999334370275328e-01 9.999999334266506112e-01
1.083160791369993967e+04 9.999999360191211828e-01 9.999999354922762818e-01 9.999999354825449549e-01
1.083162807886976225e+04 9.999999379472236383e-01 9.999999374524696227e-01 9.999999374433331534e-01
1.083164824403958482e+04 9.999999397885273034e-01 9.999999393234398903e-01 9.999999393148540916e-01
1.083166840920940740e+04 9.999999415482023757e-01 9.999999411105768843e-01 9.999999411025002338e-01
1.083168857437922816e+04 9.999999432310378022e-01 9.999999428188635076e-01 9.999999428112587019e-01
1.083170873954905073e+04 9.999999448414746972e-01 9.999999444529155124e-01 9.999999444457486897e-01
1.083172890471887331e+04 9.999999463836368729e-01 9.999999460170152510e-01 9.999999460102537707e-01
1.083174906988869589e+04 9.999999478613554871e-01 9.999999475151347683e-01 9.999999475087506529e-01
1.083176923505851846e+04 9.999999492781961319e-01 9.999999489509693307e-01 9.999999489449367118e-01
1.083178940022833922e+04 9.999999506374815939e-01 9.999999503279543012e-01 9.999999503222498642e-01
1.083180956539816179e+04 9.999999519423076189e-01 9.999999516492924512e-01 9.999999516438926594e-01
1.083182973056798437e+04 9.999999531955640064e-01 9.999999529179675051e-01 9.999999529128531517e-01
1.083184989573780513e+04 9.999999543999510410e-01 9.999999541367668998e-01 9.999999541319192220e-01
1.083187006090762770e+04 9.999999555579941468e-01 9.999999553082929982e-01 9.999999553036948985e-01
1.083189022607744846e+04 9.999999566720551014e-01 9.999999564349805192e-01 9.999999564306147892e-01
1.083191039124727104e+04 9.999999577443486887e-01 9.999999575191075296e-01 9.999999575149607356e-01
1.083193055641709361e+04 9.999999587769493603e-01 9.999999585628088772e-01 9.999999585588670303e-01
1.083195072158691619e+04 9.999999597718054467e-01 9.999999595680854059e-01 9.999999595643357386e-01
1.083197088675673876e+04 9.999999607307454852e-01 9.999999605368169453e-01 9.999999605332481334e-01
1.083199105192656134e+04 9.999999616554885451e-01 9.999999614707664186e-01 9.999999614673673598e-01
1.083201121709638210e+04 9.999999625476517773e-01 9.999999623715926100e-01 9.999999623683533123e-01
1.083203138226620467e+04 9.999999634087566314e-01 9.999999632408536065e-01 9.999999632377633008e-01
1.083205154743602725e+04 9.999999642402375155e-01 9.999999640800097955e-01 9.999999640770578235e-01
1.083207171260584983e+04 9.999999650434455711e-01 9.999999648904224214e-01 9.999999648875935732e-01
1.083209187777567240e+04 9.999999658196565555e-01 9.999999656733259412e-01 9.999999656705933493e-01
1.083211204294549316e+04 9.999999665700733953e-01 9.999999664297689606e-01 9.999999664270794453e-01
1.083213220811531573e+04 9.999999672958336250e-01 9.999999671604730134e-01 9.999999671577184390e-01
1.083215237328513831e+04 9.999999679980120515e-01 9.999999678655752122e-01 9.999999678625507427e-01
1.083217253845495907e+04 9.999999686776251950e-01 9.999999685442199082e-01 9.999999685405610572e-01
1.083219270362478164e+04 9.999999693356358410e-01 9.999999691940190116e-01 9.999999691891462428e-01
1.083221286879460240e+04 9.999999699729540392e-01 9.999999698105206392e-01 9.999999698036030615e-01
1.083223303396442498e+04 9.999999705904442093e-01 9.999999703869404399e-01 9.999999703769214543e-01
1.083225319913424755e+04 9.999999711889248077e-01 9.999999709144872240e-01 9.999999709001980985e-01
1.083227336430407013e+04 9.999999717691728796e-01 9.999999713835115989e-01 9.999999713638629828e-01
1.083229352947389270e+04 9.999999723319249467e-01 9.999999717854037851e-01 9.999999717596120830e-01
1.083231369464371528e+04 9.999999728778826702e-01 9.999999721147668774e-01 9.999999720825401006e-01
