# EXHALE lower-atmosphere profile (docs/phase_e_flux_closure_design.md section 2)
# solution_id 98ebad6cccbd31e078c069cadb8421c65812e47b3367576b611fa599e3baa2ca
# source_code photochem
# source_version photochem 0.9.0, photochem_to_lower_profile.py
# mechanism zahnle_HHeNOC_rxns.yaml sha256 908cc51ef08cfce6
# stellar_flux lhs1140_sed_gj1132_at_b.txt sha256 37a95348aeb58b91 dilution 1.000000E+00
# p_match_bar 9.99999999999999955E-07
# p_top_bar 1.10482960304378353E-08
# p_deep_bar 1.67309812450336146E+01
# trial_flux_H 2.36404623986336440E+07
# trial_flux_He 5.01670979762404636E+07
# measured_flux_H 2.36429491129213274E+07
# measured_flux_He 5.01723613673342764E+07
# iteration 3
# reached_steady_state T
# notes F_H and F_He columns are the STATED trial fluxes; the header measured_flux_* are what the solution carries across its own top. measured elemental escape at the model top (r_top = 1.173815e+09 cm): H 2.364295e+07 g/s, He 5.017236e+07 g/s; imposed H 2.364046e+07, He 5.016710e+07; atomic-H share of the hydrogen nuclei at the top 2.593e-40 imposed, 1.100e-04 converged. climate solved: deep boundary 20 bar at 561.4 K, background He, tropopause 1.004 bar at 185.0 K, cold-trap f_H2O 1.354e-07 (deep 2.341e-04). cold trap at the match: O/H gas 4.9697e-07 vs all-carrier 4.9697e-07; C/H gas 2.7779e-04 vs all-carrier 2.7779e-04; N/H gas 8.1882e-05 vs all-carrier 8.1882e-05; chemistry q_H2O at the tropopause (1.004 bar) 4.2211e-07, at the match 1.8639e-07.
# units p[bar] r[R_J] T[K] n_tot[cm^-3] rho[g/cm^3] Kzz[cm^2/s] q_*[-] X_*[El/H nuclei] F_*[g/s]
# columns: p r T n_tot rho Kzz q_H2 q_H X_He X_C X_N X_O F_H F_He q_H2O q_CO q_CO2 q_CH4 q_NH3 q_HCN q_N2 q_OH q_C2H2
  1.67309812450336146E+01   1.56028227812197273E-01   5.25502458535955498E+02   2.30602163498544202E+20   1.38810228534158803E-03   1.00000000000000000E+09   1.92578117247845210E-01   9.66017287514527782E-21   2.08999999999999675E+00   2.77587999999999674E-04   8.18464999999998338E-05   6.06178000000004631E-04   2.36404623986336440E+07   5.01670979762404636E+07   2.34074338136210433E-04   1.32018446964594875E-17   1.38986601591831698E-18   1.07190012452519209E-04   3.15726207588917877E-05   7.45085755537280322E-23   1.61150766631429416E-08   2.63154954506067528E-29   1.82328014073779462E-34
  1.59965380753305695E+01   1.56070094881506888E-01   5.17309849405266959E+02   2.23971095411255575E+20   1.34818674488649745E-03   1.00000000000000000E+09   1.92578117511263081E-01   3.94883032438475116E-21   2.09000000798588870E+00   2.77587999992228113E-04   8.18234196893122262E-05   6.06178002316217065E-04   2.36404623986336440E+07   5.01670979762404636E+07   2.34074339351869761E-04   1.32018447145176492E-17   1.87324226770995733E-18   1.07190012599139107E-04   3.15726208020784130E-05   7.45085756556447560E-23   1.16588704494506309E-08   8.24447816685564286E-30   3.94999381702845536E-35
  1.46274027479222095E+01   1.56151647540539118E-01   5.00980115259172294E+02   2.11477149696116916E+20   1.27297984345268902E-03   1.00000000000000000E+09   1.92578117528212550E-01   1.24744053904157643E-14   2.09000000886079595E+00   2.77588000105079410E-04   8.18234197225202817E-05   6.06177792309311753E-04   2.36404623986336440E+07   5.01670979762404636E+07   2.34074258178608723E-04   2.61371803528214206E-17   1.87340466309061588E-18   1.07190012434419022E-04   3.15726200261690131E-05   3.11324376395668352E-15   1.16591951893795731E-08   1.66642928919837524E-23   5.30362291073999517E-15
  1.33364753306631734E+01   1.56233200183484466E-01   4.84117791302038540E+02   1.99529328075492164E+20   1.20106031794403709E-03   1.00000000000000000E+09   1.92578117561244433E-01   2.56585447635401598E-14   2.09000001063448293E+00   2.77588000337072979E-04   8.18234197908435584E-05   6.06177367460698216E-04   2.36404623986336440E+07   5.01670979762404636E+07   2.34074093963427393E-04   3.98351716076147435E-17   1.87357673257117715E-18   1.07190012268264172E-04   3.15726192065038155E-05   6.41192177587832004E-15   1.16595392613864482E-08   2.01473136903934919E-23   1.09270352011094124E-14
  1.21202087289351503E+01   1.56314752803912937E-01   4.66665118714140306E+02   1.88114154993660920E+20   1.13234705234767623E-03   1.00000000000000000E+09   1.92578117627789036E-01   3.97673862056333892E-14   2.09000001428762650E+00   2.77588000818481350E-04   8.18234199326819495E-05   6.06176493496650816E-04   2.36404623986336440E+07   5.01670979762404636E+07   2.34073756153399098E-04   5.43334718982197173E-17   1.87375919129644375E-18   1.07190012109636233E-04   3.15726183425202414E-05   9.90966865531968214E-15   1.16599040585809879E-08   1.73097188538460971E-23   1.69041143390166471E-14
  1.09769105056734482E+01   1.56396305407667635E-01   4.50038671752345863E+02   1.76663571688686125E+20   1.06342063468013010E-03   1.00000000000000000E+09   1.92578117765910634E-01   5.54043550272310440E-14   2.09000002195740153E+00   2.77588001833073297E-04   8.18234202316797822E-05   6.06174659655685233E-04   2.36404623986336440E+07   5.01670979762404636E+07   2.34073047325924870E-04   6.96921822283014203E-17   1.87395312717782672E-18   1.07190011978509949E-04   3.15726174352311796E-05   1.36273001976031561E-14   1.16602917003098869E-08   1.31810445742726514E-23   2.32862984706554046E-14
  9.90575013022724349E+00   1.56477857977904394E-01   4.33616414725132870E+02   1.65462039018920903E+20   9.95993366407498448E-04   1.00000000000000000E+09   1.92578118060147602E-01   7.36269464832231516E-14   2.09000003839465709E+00   2.77588004011798000E-04   8.18234208738185902E-05   6.06170730721150640E-04   2.36404623986336440E+07   5.01670979762404636E+07   2.34071528690183648E-04   8.59911473386227083E-17   1.87415994147797462E-18   1.07190011920424251E-04   3.15726164917782629E-05   1.75917835162418365E-14   1.16607049158868039E-08   9.22137727655339472E-24   3.01400096998841571E-14
  8.90404222134862344E+00   1.56559410532896431E-01   4.16565369005659136E+02   1.54817755102264721E+20   9.31920433022097598E-04   1.00000000000000000E+09   1.92578118701445283E-01   9.58410681736228030E-14   2.09000007433316171E+00   2.77588008780291922E-04   8.18234222793269090E-05   6.06162141967498563E-04   2.36404623986336440E+07   5.01670979762404636E+07   2.34068208912914213E-04   1.03294854565521975E-16   1.87438089385304620E-18   1.07190012040333244E-04   3.15726155374428092E-05   2.18273494465178158E-14   1.16611461372313129E-08   5.84832659742428099E-24   3.75315981503026353E-14
  7.96881628406769327E+00   1.56640963064301558E-01   3.99366985684635608E+02   1.44523467041961902E+20   8.69954275798997937E-04   1.00000000000000000E+09   1.92578120132150782E-01   1.23811411470636041E-13   2.09000015463750133E+00   2.77588019440990321E-04   8.18234254216489371E-05   6.06142952166082577E-04   2.36404623986336440E+07   5.01670979762404636E+07   2.34060791554662845E-04   1.21672941007199634E-16   1.87461735168005043E-18   1.07190012582997627E-04   3.15726146382146753E-05   2.63601486804666894E-14   1.16616180017539020E-08   3.44021984280176297E-24   4.55356261237673404E-14
  7.09897405111005497E+00   1.56722515573383098E-01   3.83162937566354060E+02   1.34192675504838918E+20   8.07768360011883418E-04   1.00000000000000000E+09   1.92578123409067187E-01   1.59854976420748552E-13   2.09000033870618029E+00   2.77588043882871403E-04   8.18234326261829578E-05   6.06098968189479662E-04   2.36404623986336440E+07   5.01670979762404636E+07   2.34043790603604036E-04   1.41247138861787285E-16   1.87487140140349791E-18   1.07190014134321489E-04   3.15726139573730549E-05   3.12299459856405859E-14   1.16621245836329648E-08   1.98581540251674462E-24   5.42560751178910975E-14
  6.29266142927049277E+00   1.56804068049533035E-01   3.66260671309414306E+02   1.24440227329579221E+20   7.49063702820232250E-04   1.00000000000000000E+09   1.92578131106483003E-01   2.07022898095039671E-13   2.09000077124237515E+00   2.77588101325035601E-04   8.18234495580602041E-05   6.05995614126570359E-04   2.36404623986336440E+07   5.01670979762404636E+07   2.34003841579468646E-04   1.62143156826116071E-16   1.87514526536504291E-18   1.07190018124861673E-04   3.15726139064449821E-05   3.64788267257519913E-14   1.16626702609456094E-08   1.03044973832352644E-24   6.38078716233211388E-14
  5.54677459078586654E+00   1.56885620500935130E-01   3.49146552119674539E+02   1.15066652029864165E+20   6.92639521095124401E-04   1.00000000000000000E+09   1.92578149670359022E-01   2.69421207884835710E-13   2.09000181457585255E+00   2.77588239891086053E-04   8.18234904024672571E-05   6.05746313324706130E-04   2.36404623986336440E+07   5.01670979762404636E+07   2.33907480412938674E-04   1.84480787506891389E-16   1.87544117033615150E-18   1.07190028140159957E-04   3.15726155318542281E-05   4.21482428087026660E-14   1.16632595476134243E-08   4.86093887260540206E-25   7.43112453216217694E-14
  4.85988393521490902E+00   1.56967172901746749E-01   3.32894609540462739E+02   1.05739159017109733E+20   6.36492410919032962E-04   1.00000000000000000E+09   1.92578195838586957E-01   3.52943692731091422E-13   2.09000440954617961E+00   2.77588584540492832E-04   8.18235919931663400E-05   6.05126257182063399E-04   2.36404623986336440E+07   5.01670979762404636E+07   2.33667813116259068E-04   2.08457650781610577E-16   1.87576251840040121E-18   1.07190053493019878E-04   3.15726215621639025E-05   4.83002678273420537E-14   1.16638996820025026E-08   2.21235384391444670E-25   8.59312011930932178E-14
  4.22985119256405540E+00   1.57048725225569369E-01   3.15825694392580942E+02   9.70050506305399357E+19   5.83916389153700663E-04   1.00000000000000000E+09   1.92578314187771965E-01   4.65912099696901194E-13   2.09001106184822483E+00   2.77589468072753423E-04   8.18238524280325041E-05   6.03536724109764557E-04   2.36404623986336440E+07   5.01670979762404636E+07   2.33053420792560538E-04   2.34283865028029389E-16   1.87611323841129555E-18   1.07190118991373539E-04   3.15726392888485653E-05   5.50018978934724614E-14   1.16646000488682048E-08   8.67568993865358030E-26   9.88505630842380220E-14
  3.65420357954619979E+00   1.57130277354086384E-01   2.99254487735041153E+02   8.84440831166238065E+19   5.32380688620892779E-04   1.00000000000000000E+09   1.92578627939705538E-01   6.20327383466740186E-13   2.09002869800446822E+00   2.77591810449126421E-04   8.18245428800822185E-05   5.99322660051791549E-04   2.36404623986336440E+07   5.01670979762404636E+07   2.31424600118847749E-04   2.62227280958740839E-16   1.87649863767555462E-18   1.07190293216645607E-04   3.15726888940312384E-05   6.23318921160363254E-14   1.16653759587295551E-08   3.34731899368152987E-26   1.13280807567954152E-13
  3.13114177351848610E+00   1.57211828998953640E-01   2.82594360104381281E+02   8.02520175517959127E+19   4.83060749801427056E-04   1.00000000000000000E+09   1.92579490055809821E-01   8.33068343871499985E-13   2.09007715955033069E+00   2.77598246967139441E-04   8.18264401446199279E-05   5.87743040970466440E-04   2.36404623986336440E+07   5.01670979762404636E+07   2.26948958225438270E-04   2.92682614582765529E-16   1.87692753360727113E-18   1.07190772623357676E-04   3.15728282188880929E-05   7.03934685243586054E-14   1.16662590926346051E-08   1.59594097747495306E-26   1.29488458729511856E-13
  2.65818871516804167E+00   1.57293379264499794E-01   2.65710857532991952E+02   7.24591485225310945E+19   4.36131074043454774E-04   1.00000000000000000E+09   1.92581945974773627E-01   1.12331042423212580E-12   2.09021522277449590E+00   2.77616584130200000E-04   8.18318453110440994E-05   5.54753601180783275E-04   2.36404623986336440E+07   5.01670979762404636E+07   2.14199118559014453E-04   3.26085401454919419E-16   1.87741620805381269E-18   1.07192139101268576E-04   3.15732286307324466E-05   7.93038155144158569E-14   1.16673244205234548E-08   1.60992159914976979E-26   1.47772638244303838E-13
  2.23344532969731446E+00   1.57374925446299579E-01   2.49396951518351074E+02   6.48635782181739807E+19   3.90355214931421889E-04   1.00000000000000000E+09   1.92589174614282210E-01   1.50641285492163868E-12   2.09062167761550732E+00   2.77670568321278753E-04   8.18477579984248688E-05   4.57633483689032553E-04   2.36404623986336440E+07   5.01670979762404636E+07   1.76671786386128703E-04   3.63004877062887036E-16   1.87800389100912451E-18   1.07196162041537315E-04   3.15744112639252517E-05   8.92222105369555967E-14   1.16687803298913952E-08   2.63142671138650764E-26   1.68517546920427175E-13
  1.85480022220314633E+00   1.57456460329714193E-01   2.32651314512544758E+02   5.77441969356992184E+19   3.47363485355420189E-04   1.00000000000000000E+09   1.92609637160920638E-01   2.00062365644724370E-12   2.09177294628081745E+00   2.77823476615419237E-04   8.18928301177489215E-05   1.82544264591285736E-04   2.36404623986336440E+07   5.01670979762404636E+07   7.04408597947539446E-05   4.04151906929232237E-16   1.87878315170225825E-18   1.07207550972362127E-04   3.15777632558904219E-05   1.00345461865822187E-13   1.16711587875840654E-08   2.59080111702985477E-26   1.92180106731850030E-13
  1.51975150383807001E+00   1.57538003537995575E-01   2.16261600209750128E+02   5.08990746546330173E+19   3.06119172173306686E-04   1.00000000000000000E+09   1.92620260533116483E-01   2.63815970881713137E-12   2.09237104437948451E+00   2.77902914328189234E-04   8.19162456300720476E-05   3.96320601599200171E-05   2.36404623986336440E+07   5.01670979762404636E+07   1.52898384760892281E-05   4.50371496174277031E-16   1.87954169873651688E-18   1.07213463277850671E-04   3.15795017834190323E-05   1.12906396497147350E-13   1.16730862604904666E-08   1.53545600445720899E-26   2.19281326186827280E-13
  1.22662324352235608E+00   1.57619553696255049E-01   2.00665811365675324E+02   4.42745873183726141E+19   2.66264600282363202E-04   1.00000000000000000E+09   1.92622686160944412E-01   3.47394448477735986E-12   2.09250764613017814E+00   2.77921057374235880E-04   8.19215935773254657E-05   6.99182781824146752E-06   2.36404623986336440E+07   5.01670979762404636E+07   2.69726792966848096E-06   5.02953897422000793E-16   1.88031398097735076E-18   1.07214812565237691E-04   3.15798958658844502E-05   1.27259339579805272E-13   1.16746978196838247E-08   7.99958944474420647E-27   2.50585769229202356E-13
  9.73668778755720110E-01   1.57701105469860686E-01   1.85768644377185524E+02   3.79625651065060639E+19   2.28302428967698789E-04   1.00000000000000000E+09   1.92623124416572422E-01   4.59013775651825106E-12   2.09253232816898205E+00   2.77924335553637316E-04   8.19225598717967027E-05   1.09418708848370092E-06   2.36404623986336440E+07   5.01670979762404636E+07   4.22105297026265273E-07   5.63682646615609161E-16   1.88118601202018749E-18   1.07215055533276798E-04   3.15799635541541869E-05   1.43895144818584895E-13   1.16764189594029625E-08   4.08722513818569157E-27   2.87137569312295799E-13
  7.65575061267259493E-01   1.57782657651027614E-01   1.85021978846153360E+02   2.99696156702817526E+19   1.80233600426357688E-04   1.00000000000000000E+09   1.92623168784920612E-01   6.16143376207405175E-12   2.09253482644366606E+00   2.77924667339552031E-04   8.19226576704394898E-05   4.97227244865249894E-07   2.36404623986336440E+07   5.01670979762404636E+07   1.91815497449753879E-07   6.37645145128809650E-16   1.88224641515787128E-18   1.07215079038111690E-04   3.15799657437803392E-05   1.64215643651673060E-13   1.16784881611200997E-08   3.36910207889431070E-27   3.31960065406595004E-13
  6.01813248388364253E-01   1.57864209807615369E-01   1.85021978846153360E+02   2.35589071169949491E+19   1.41680383842143412E-04   1.00000000000000000E+09   1.92623168796544370E-01   8.40976485513215474E-12   2.09253482638359189E+00   2.77924667295809244E-04   8.19226576569559586E-05   4.97227244780027792E-07   2.36404623986336440E+07   5.01670979762404636E+07   1.91815494804845194E-07   7.31419752050022800E-16   1.88359400089631275E-18   1.07215077522068296E-04   3.15799592819494316E-05   1.90049932004562539E-13   1.16811113455885718E-08   4.98281954316674833E-27   3.89135727392765074E-13
  4.73198848218720325E-01   1.57945761940005869E-01   1.85021978846153360E+02   1.85240982030686822E+19   1.11401659282229666E-04   1.00000000000000000E+09   1.92623168811156070E-01   1.15806401072255437E-11   2.09253482630725873E+00   2.77924667240174168E-04   8.19226576398063739E-05   4.97227244671633727E-07   2.36404623986336440E+07   5.01670979762404636E+07   1.91815491436337940E-07   8.50531695568976605E-16   1.88531026798336459E-18   1.07215075580117762E-04   3.15799510521680191E-05   2.22952133219828637E-13   1.16844471934404123E-08   7.38831470024317262E-27   4.62176461438422669E-13
  3.72163189327296140E-01   1.58027314051969292E-01   1.85021978846153360E+02   1.45689016205710643E+19   8.76155911415696349E-05   1.00000000000000000E+09   1.92623168829523128E-01   1.59993369945441637E-11   2.09253482621028919E+00   2.77924667169431115E-04   8.19226576179995445E-05   4.97227244533801984E-07   2.36404623986336440E+07   5.01670979762404636E+07   1.91815487147351354E-07   1.00179111015721944E-15   1.88749553145275216E-18   1.07215073092399615E-04   3.15799405725642146E-05   2.64845365571751993E-13   1.16886882540847324E-08   1.10651391082930611E-26   5.55441485564855542E-13
  2.92772839741919477E-01   1.58108866140782706E-01   1.85021978846153360E+02   1.14610440304027156E+19   6.89253159885191589E-05   1.00000000000000000E+09   1.92623168852609328E-01   2.20977442674031223E-11   2.09253482608714014E+00   2.77924667079501152E-04   8.19226575902777825E-05   4.97227244358582419E-07   2.36404623986336440E+07   5.01670979762404636E+07   1.91815481687730586E-07   1.19382154088763246E-15   1.89027725120433426E-18   1.07215069904869270E-04   3.15799272303477364E-05   3.18173135736891222E-13   1.16940786120198928E-08   1.68923763074140752E-26   6.74483367366695114E-13
  2.30375145942150972E-01   1.58190418205901628E-01   1.85021978846153360E+02   9.01839013988085248E+18   5.42354944658069479E-05   1.00000000000000000E+09   1.92623168881628004E-01   3.04443799489580145E-11   2.09253482593078122E+00   2.77924666965208083E-04   8.19226575550453589E-05   4.97227244135888140E-07   2.36404623986336440E+07   5.01670979762404636E+07   1.91815474739711861E-07   1.43753834535467146E-15   1.89381733671001639E-18   1.07215065819421307E-04   3.15799102467912752E-05   3.86039375733802384E-13   1.17009275323555833E-08   2.64324841528994395E-26   8.26373703979413110E-13
  1.81320857070028846E-01   1.58271970251062793E-01   1.85021978846153360E+02   7.09808439997998285E+18   4.26870107867703889E-05   1.00000000000000000E+09   1.92623168918106991E-01   4.17824348127439129E-11   2.09253482573230665E+00   2.77924666819988418E-04   8.19226575102788545E-05   4.97227243852928102E-07   2.36404623986336440E+07   5.01670979762404636E+07   1.91815465899750630E-07   1.74675207136799176E-15   1.89832140649759923E-18   1.07215060581084185E-04   3.15798886331577645E-05   4.72385954465278319E-13   1.17096266639274844E-08   4.23374830222620366E-26   1.02011750375969287E-12
  1.42747016158027817E-01   1.58353522272126651E-01   1.85021978846153360E+02   5.58805194784438272E+18   3.36058604438897032E-05   1.00000000000000000E+09   1.92623168963972663E-01   5.70784777744153538E-11   2.09253482548043523E+00   2.77924666635519983E-04   8.19226574534123286E-05   4.97227243493482471E-07   2.36404623986336440E+07   5.01670979762404636E+07   1.91815454655493340E-07   2.13892924967201408E-15   1.90405052259766639E-18   1.07215053861421680E-04   3.15798611348411796E-05   5.82217636219222869E-13   1.17206717108191096E-08   6.89482480660126224E-26   1.26718008945530564E-12
  1.12406981328838959E-01   1.58435074271329579E-01   1.85021978846153360E+02   4.40034452468378726E+18   2.64631333734564345E-05   1.00000000000000000E+09   1.92623169021655272E-01   7.75852527387708245E-11   2.09253482516088196E+00   2.77924666401253330E-04   8.19226573811934592E-05   4.97227243036991111E-07   2.36404623986336440E+07   5.01670979762404636E+07   1.91815440356602176E-07   2.63615135560721720E-15   1.91133605778657324E-18   1.07215045237007875E-04   3.15798261603123998E-05   7.21887097297680717E-13   1.17346897090227497E-08   1.13278756198504473E-25   1.58215670792258173E-12
  8.85373127715116948E-02   1.58516626249070536E-01   1.85021978846153360E+02   3.46592956130193357E+18   2.08436761537454036E-05   1.00000000000000000E+09   1.92623169094222058E-01   1.04922629541062868E-10   2.09253482475556085E+00   2.77924666103819486E-04   8.19226572895002589E-05   4.97227242457397170E-07   2.36404623986336440E+07   5.01670979762404636E+07   1.91815422177799253E-07   3.26632314158153913E-15   1.92059852732420463E-18   1.07215034161502954E-04   3.15797816909778672E-05   8.99455945079686037E-13   1.17524733240724318E-08   1.86669771006473199E-25   1.98362304951328875E-12
  6.97535038939720159E-02   1.58598178203975176E-01   1.85021978846153360E+02   2.73060841336374426E+18   1.64215447715097268E-05   1.00000000000000000E+09   1.92623169185544285E-01   1.41181766582194242E-10   2.09253482424158399E+00   2.77924665726280340E-04   8.19226571731105323E-05   4.97227241721687328E-07   2.36404623986336440E+07   5.01670979762404636E+07   1.91815399072068255E-07   4.06469464678090333E-15   1.93237143644355251E-18   1.07215019929423342E-04   3.15797251672485260E-05   1.12515189292541886E-12   1.17750239290605462E-08   3.07449317367787795E-25   2.49521495672024901E-12
  5.49682860995979530E-02   1.58679730136448316E-01   1.85021978846153360E+02   2.15181827596647296E+18   1.29407717276496576E-05   1.00000000000000000E+09   1.92623169300508074E-01   1.89059401728168361E-10   2.09253482358998566E+00   2.77924665247180995E-04   8.19226570254091147E-05   4.97227240788043356E-07   2.36404623986336440E+07   5.01670979762404636E+07   1.91815369711407080E-07   5.07577761955312080E-15   1.94733147204035716E-18   1.07215001629149800E-04   3.15796533444749741E-05   1.41194755829587480E-12   1.18036056435390066E-08   5.05098485395523429E-25   3.14699824622111263E-12
  4.33276042190456068E-02   1.58761282046629759E-01   1.85021978846153360E+02   1.69612584324448000E+18   1.02002932128457564E-05   1.00000000000000000E+09   1.92623169445279879E-01   2.52031849017838546E-10   2.09253482276412051E+00   2.77924664639352050E-04   8.19226568380188909E-05   4.97227239603506743E-07   2.36404623986336440E+07   5.01670979762404636E+07   1.91815332411838524E-07   6.35575766765461021E-15   1.96633671687722305E-18   1.07214978082023190E-04   3.15795621100021913E-05   1.77629305866480844E-12   1.18398130268812941E-08   8.26854677171081554E-25   3.97720542267814881E-12
  3.41604279905264943E-02   1.58842833934393357E-01   1.85021978846153360E+02   1.33726260141462195E+18   8.04213360040924774E-06   1.00000000000000000E+09   1.92623169627637619E-01   3.34581402727111318E-10   2.09253482171764693E+00   2.77924663868396430E-04   8.19226566003340327E-05   4.97227238101030172E-07   2.36404623986336440E+07   5.01670979762404636E+07   1.91815285038516443E-07   7.97552920692654722E-15   1.99047500610335731E-18   1.07214947763515801E-04   3.15794462497689458E-05   2.23904304344083363E-12   1.18856557401939012E-08   1.34845301630781446E-24   5.03443593252757639E-12
  2.69393997992313922E-02   1.58924385799346396E-01   1.85021978846153360E+02   1.05458432388667174E+18   6.34214103843021208E-06   1.00000000000000000E+09   1.92623169857388338E-01   4.42491307389683029E-10   2.09253482039196470E+00   2.77924662890776753E-04   8.19226562989301384E-05   4.97227236195746341E-07   2.36404623986336440E+07   5.01670979762404636E+07   1.91815224885679348E-07   1.00245124887966759E-14   2.02112510285491162E-18   1.07214908701419077E-04   3.15792991497312151E-05   2.82662947753991678E-12   1.19436642343751114E-08   2.19201326297780972E-24   6.38044150818021231E-12
  2.12499713753128289E-02   1.59005937642640649E-01   1.85021978846153360E+02   8.31862879739614080E+17   5.00272153383372484E-06   1.00000000000000000E+09   1.92623170146889039E-01   5.83228891357832153E-10   2.09253481871299707E+00   2.77924661651400584E-04   8.19226559168197117E-05   4.97227233780263227E-07   2.36404623986336440E+07   5.01670979762404636E+07   1.91815148524815005E-07   1.26154522500685417E-14   2.06003407217397177E-18   1.07214858344721235E-04   3.15791124142166652E-05   3.57254495919514858E-12   1.20170214024162173E-08   3.55669658558744141E-24   8.09364938509158287E-12
  1.67661922584595967E-02   1.59087489464335902E-01   1.85021978846153360E+02   6.56338435852829568E+17   3.94713901200505206E-06   1.00000000000000000E+09   1.92623170511701053E-01   7.66438200786352153E-10   2.09253481658712293E+00   2.77924660080570421E-04   8.19226554325110871E-05   4.97227230718712191E-07   2.36404623986336440E+07   5.01670979762404636E+07   1.91815051612672881E-07   1.58904478502335995E-14   2.10941511826519386E-18   1.07214793395367288E-04   3.15788753817172697E-05   4.51921833568040708E-12   1.21097261613059031E-08   5.77233437629404002E-24   1.02736154116145207E-11
  1.32317117337102368E-02   1.59169041261563976E-01   1.85021978846153360E+02   5.17975748403877696E+17   3.11504274488551056E-06   1.00000000000000000E+09   1.92623170971409380E-01   1.00456232861470939E-09   2.09253481389605911E+00   2.77924658090134122E-04   8.19226548188216764E-05   4.97227226839247611E-07   2.36404623986336440E+07   5.01670979762404636E+07   1.91814928648561803E-07   2.00285276861093499E-14   2.17207126675814734E-18   1.07214709593361792E-04   3.15785745196573610E-05   5.72038578762206409E-12   1.22267961053568270E-08   9.39090755668199399E-24   1.30466484870572458E-11
  1.04448679512712996E-02   1.59250593039368504E-01   1.85021978846153360E+02   4.08880453483276096E+17   2.45895699417446226E-06   1.00000000000000000E+09   1.92623171550653977E-01   1.31361699887655838E-09   2.09253481049038337E+00   2.77924655568625133E-04   8.19226540413785573E-05   4.97227221924566787E-07   2.36404623986336440E+07   5.01670979762404636E+07   1.91814772667618393E-07   2.52551594424151750E-14   2.25155168099057328E-18   1.07214601443679332E-04   3.15781926778312857E-05   7.24408753244792118E-12   1.23745176890498394E-08   1.53331347360609379E-23   1.65729101785520408E-11
  8.24698204949152885E-03   1.59332144792938057E-01   1.85021978846153360E+02   3.22840822497340160E+17   1.94152518441009423E-06   1.00000000000000000E+09   1.92623172280420613E-01   1.71415060977175517E-09   2.09253480618139864E+00   2.77924652375130781E-04   8.19226530567271236E-05   4.97227215699955015E-07   2.36404623986336440E+07   5.01670979762404636E+07   1.91814574853243516E-07   3.18541863767406272E-14   2.35234917461801963E-18   1.07214461871089071E-04   3.15777081656930982E-05   9.17645429277373018E-12   1.25607538212563134E-08   2.51126778793689298E-23   2.10553724596413866E-11
  6.51316612941210769E-03   1.59413696524098147E-01   1.85021978846153360E+02   2.54967926165289280E+17   1.53334589329109254E-06   1.00000000000000000E+09   1.92623173199657161E-01   2.23245174732113735E-09   2.09253480073086662E+00   2.77924648331557634E-04   8.19226518099453252E-05   4.97227207818205444E-07   2.36404623986336440E+07   5.01670979762404636E+07   1.91814324047527929E-07   4.01828031911725762E-14   2.48014971669892712E-18   1.07214281786100293E-04   3.15770935918073043E-05   1.16264904998669204E-11   1.27953202058093069E-08   4.11814838926129587E-23   2.67511170060868763E-11
  5.14510345921803149E-03   1.59495248234315823E-01   1.85021978846153360E+02   2.01413004495416832E+17   1.21127314930650486E-06   1.00000000000000000E+09   1.92623174357286597E-01   2.90209080901383894E-09   2.09253479383806829E+00   2.77924643212875680E-04   8.19226502316332592E-05   4.97227197840590053E-07   2.36404623986336440E+07   5.01670979762404636E+07   1.91814006132957327E-07   5.06903389688106977E-14   2.64214753872985444E-18   1.07214049541430495E-04   3.15763143773421627E-05   1.47321151355981927E-11   1.30904430908932401E-08   6.78299723414371507E-23   3.39855871830944599E-11
  4.06537636170981043E-03   1.59576799921696016E-01   1.85021978846153360E+02   1.59145423198363872E+17   9.57081088782711933E-07   1.00000000000000000E+09   1.92623175814708669E-01   3.76589912094839835E-09   2.09253478512351121E+00   2.77924636734815783E-04   8.19226482341177300E-05   4.97227185212874116E-07   2.36404623986336440E+07   5.01670979762404636E+07   1.91813603251745936E-07   6.39418064820904749E-14   2.84744299537504156E-18   1.07213750253197193E-04   3.15753268389250803E-05   1.86677890234864964E-11   1.34613120256773066E-08   1.58315132781699845E-22   4.31705656053296553E-11
  3.21300892449768657E-03   1.59658351586549979E-01   1.85021978846153360E+02   1.25778186208139248E+17   7.56414609541628996E-07   1.00000000000000000E+09   1.92623177648899718E-01   4.87849933017022609E-09   2.09253477410842548E+00   2.77924628538364941E-04   8.19226457066671505E-05   4.97227169235077438E-07   2.36404623986336440E+07   5.01670979762404636E+07   1.91813092820391552E-07   8.06474162318226556E-14   3.10754478960348326E-18   1.07213364953839439E-04   3.15740757278105169E-05   2.36541428597839949E-11   1.39267413489016818E-08   2.85067196260118515E-21   5.48268539986087011E-11
  2.53996349421623533E-03   1.59739903228927255E-01   1.85021978846153360E+02   9.94307855485807840E+16   5.97964566784432695E-07   1.00000000000000000E+09   1.92623179956246338E-01   6.30950741488219358E-09   2.09253476018891593E+00   2.77924618170218767E-04   8.19226425094582547E-05   4.97227149023356398E-07   2.36404623986336440E+07   5.01670979762404636E+07   1.91812446285989055E-07   1.01699551622748947E-13   3.43700378295600013E-18   1.07212869534035788E-04   3.15724911105338000E-05   2.99701278488569354E-11   1.45099528276472551E-08   7.23260593234121405E-20   6.96128878802754864E-11
  2.00838619047669174E-03   1.59821454848614541E-01   1.85021978846153360E+02   7.86213727318312160E+16   4.72819305079986580E-07   1.00000000000000000E+09   1.92623182857275810E-01   8.14752755169258393E-09   2.09253474260347749E+00   2.77924605058160398E-04   8.19226384659748382E-05   4.97227123461986598E-07   2.36404623986336440E+07   5.01670979762404636E+07   1.91811627556419511E-07   1.28219073493464194E-13   3.85421263420084611E-18   1.07212233418129405E-04   3.15704844837441499E-05   3.79683461456833799E-11   1.52394882443059196E-08   1.07936398533004684E-18   8.83608384800661445E-11
  1.58844077882434008E-03   1.59903006446087792E-01   1.85021978846153360E+02   6.21819623768410160E+16   3.73954703305447119E-07   1.00000000000000000E+09   1.92623186502468458E-01   1.05050588181963350E-08   2.09253472039207455E+00   2.77924588480034753E-04   8.19226333534274492E-05   4.97227091142858984E-07   2.36404623986336440E+07   5.01670979762404636E+07   1.91810591015905606E-07   1.61613285906272956E-13   4.38241393100532773E-18   1.07211417901336936E-04   3.15679440309762525E-05   4.80943885214177568E-11   1.61502536271516019E-08   1.00054372605250760E-17   1.12122149400474688E-10
  1.25660481539768983E-03   1.59984558022604917E-01   1.85021978846153360E+02   4.91917321660862640E+16   2.95833048749981197E-07   1.00000000000000000E+09   1.92623191079373979E-01   1.35243909710151775E-08   2.09253469234467815E+00   2.77924567524680981E-04   8.19226268906847954E-05   4.97227050289287115E-07   2.36404623986336440E+07   5.01670979762404636E+07   1.91809279006688569E-07   2.03648470087638893E-13   5.05096755589466472E-18   1.07210374056560667E-04   3.15647289883101784E-05   6.09112206397754060E-11   1.72846848005798480E-08   6.28325479636943997E-17   1.42224911643900937E-10
  9.94329085242086136E-04   1.60066109575247084E-01   1.85021978846153360E+02   3.89245444922939920E+16   2.34087438721529132E-07   1.00000000000000000E+09   1.92623196821295417E-01   1.73843962069398593E-08   2.09253465693655638E+00   2.77924541042738800E-04   8.19226187230722401E-05   4.97226998660071152E-07   2.36404623986336440E+07   5.01670979762404636E+07   1.91807618621013280E-07   2.56540594709301384E-13   5.89692983616816444E-18   1.07209040092484979E-04   3.15606632798209015E-05   7.71299281136731695E-11   1.86940055050607955E-08   2.88194095059881502E-16   1.80345901981166573E-10
  7.86982617970175013E-04   1.60147661106316341E-01   1.85021978846153360E+02   3.08076474705393760E+16   1.85273413488617371E-07   1.00000000000000000E+09   1.92623204017850214E-01   2.23079379923718930E-08   2.09253461224687021E+00   2.77924507584716531E-04   8.19226084032245890E-05   4.97226933428717843E-07   2.36404623986336440E+07   5.01670979762404636E+07   1.91805517621784505E-07   3.23068652279918112E-13   6.96698479168540483E-18   1.07207338010433396E-04   3.15555288107069801E-05   9.76484678257081605E-11   2.04395235577277323E-08   1.02832569975077682E-15   2.28600321243985906E-10
  6.23022244072157652E-04   1.60229212614140581E-01   1.85021978846153360E+02   2.43891659401386880E+16   1.46673451144863361E-07   1.00000000000000000E+09   1.92623213027661472E-01   2.85698482343843578E-08   2.09253455585638104E+00   2.77924465323052528E-04   8.19225953669764690E-05   4.97226851031441094E-07   2.36404623986336440E+07   5.01670979762404636E+07   1.91802859296523820E-07   4.06716096305861950E-13   8.31974289420651527E-18   1.07205169361952144E-04   3.15490586601627316E-05   1.23600495945918072E-10   2.25938775577754748E-08   3.00595785558799486E-15   2.89652219953283726E-10
  4.93338743343389730E-04   1.60310764100918823E-01   1.85021978846153360E+02   1.93125054371379360E+16   1.16143036232337122E-07   1.00000000000000000E+09   1.92623224293268891E-01   3.65061863330193900E-08   2.09253448471885273E+00   2.77924411954035857E-04   8.19225789030029740E-05   4.97226746975894837E-07   2.36404623986336440E+07   5.01670979762404636E+07   1.91799496015426543E-07   5.11847157989673373E-13   1.00284003355381046E-17   1.07202409849319150E-04   3.15409298036937755E-05   1.56416872850097902E-10   2.52421072060459720E-08   7.50491518751172736E-15   3.66848575831678190E-10
  3.90741909421012839E-04   1.60392315564098581E-01   1.85021978846153360E+02   1.52961942519856280E+16   9.19894323434410984E-08   1.00000000000000000E+09   1.92623238358178434E-01   4.65261177706388638E-08   2.09253439499948524E+00   2.77924344574422249E-04   8.19225581145969974E-05   4.97226615600559240E-07   2.36404623986336440E+07   5.01670979762404636E+07   1.91795241180319582E-07   6.43926514157781191E-13   1.21837455564369699E-17   1.07198902436314098E-04   3.15307545879466909E-05   1.97903106858575638E-10   2.84823742621662792E-08   1.65469074991860890E-14   4.64380471144464170E-10
  3.09554918987417548E-04   1.60473867004439941E-01   1.85021978846153360E+02   1.21180043868480380E+16   7.28761875014874316E-08   1.00000000000000000E+09   1.92623255885920969E-01   5.91273903806674220E-08   2.09253428187195745E+00   2.77924259526241078E-04   8.19225318715503483E-05   4.97226449772113514E-07   2.36404623986336440E+07   5.01670979762404636E+07   1.91789859129428319E-07   8.09792913398125679E-13   1.48975037404333809E-17   1.07194448550550087E-04   3.15180708133298894E-05   2.50336819286865607E-10   3.24261078174418642E-08   3.30874767523910019E-14   5.87476085002123326E-10
  2.45294726915764195E-04   1.60555418422504009E-01   1.85021978846153360E+02   9.60244013100869000E+15   5.77478919843869401E-08   1.00000000000000000E+09   1.92623277681050392E-01   7.49148898116509389E-08   2.09253413926351906E+00   2.77924152201629857E-04   8.19224987495782237E-05   4.97226240504881802E-07   2.36404623986336440E+07   5.01670979762404636E+07   1.91783052454815235E-07   1.01799994506290029E-12   1.83060009422578952E-17   1.07188796870932160E-04   3.15023320848821940E-05   3.16590316325651537E-10   3.71972903551518806E-08   6.12733692950859358E-14   7.42632111706864591E-10
  1.94420182616098403E-04   1.60636969818509306E-01   1.85021978846153360E+02   7.61087768703633700E+15   4.57708792433758636E-08   1.00000000000000000E+09   1.92623304712043669E-01   9.46199641913673328E-08   2.09253395953494081E+00   2.77924016797446007E-04   8.19224569540685300E-05   4.97225976482398367E-07   2.36404623986336440E+07   5.01670979762404636E+07   1.91774446134211957E-07   1.27924023139884429E-12   2.25740928942899419E-17   1.07181629106146560E-04   3.14829022190588834E-05   4.00284552980672121E-10   4.29305567028305178E-08   1.06768244362188000E-13   9.37892309365789361E-10
  1.54133470561001036E-04   1.60718521192095509E-01   1.85021978846153360E+02   6.03379225414358100E+15   3.62864805339058429E-08   1.00000000000000000E+09   1.92623338136022254E-01   1.19117047782916807E-07   2.09253373307874346E+00   2.77923846006778645E-04   8.19224042241059895E-05   4.97225643456014094E-07   2.36404623986336440E+07   5.01670979762404636E+07   1.91763567852165160E-07   1.60687322019118414E-12   2.78992552821816097E-17   1.07172542063173668E-04   3.14590590119916551E-05   5.05982181509685409E-10   4.97677861967246765E-08   1.77095226079317413E-13   1.18318388807303251E-09
  1.22223548740606121E-04   1.60800072543418437E-01   1.85021978846153360E+02   4.78462918521738200E+15   2.87741668043598510E-08   1.00000000000000000E+09   1.92623379325571442E-01   1.49433270173717099E-07   2.09253344781498418E+00   2.77923630631193115E-04   8.19223377116809595E-05   4.97225223489092278E-07   2.36404623986336440E+07   5.01670979762404636E+07   1.91749823835493870E-07   2.01758186047309957E-12   3.45157051112810529E-17   1.07161025166937652E-04   3.14300137626199997E-05   6.39429047877524590E-10   5.78529948304954363E-08   2.81924855129992049E-13   1.49072446008251707E-09
  9.69426724560866178E-05   1.60881623871739543E-01   1.85021978846153360E+02   3.79497032041471200E+15   2.28224796179810154E-08   1.00000000000000000E+09   1.92623429899318660E-01   1.86746603048032208E-07   2.09253308855861775E+00   2.77923359093393003E-04   8.19222538296916059E-05   4.97224694007296112E-07   2.36404623986336440E+07   5.01670979762404636E+07   1.91732469452138107E-07   2.53219006709502463E-12   4.26984320985964002E-17   1.07146432427956392E-04   3.13949528841841126E-05   8.07855637413327700E-10   6.73256506598345807E-08   4.33269672491079509E-13   1.87551456813663315E-09
  7.69089884795219386E-05   1.60963175176223577E-01   1.85021978846153360E+02   3.01072088542962050E+15   1.81060996255615407E-08   1.00000000000000000E+09   1.92623491760273380E-01   2.32372574085248945E-07   2.09253263622591401E+00   2.77923016824781276E-04   8.19221480607220005E-05   4.97224026605391277E-07   2.36404623986336440E+07   5.01670979762404636E+07   1.91710573771935166E-07   3.17668120012768433E-12   5.27670516289008811E-17   1.07127947607922082E-04   3.13531026445517018E-05   1.02035293345482356E-09   7.83130511051427499E-08   6.45592469971339031E-13   2.35593354549346672E-09
  6.10296768741894915E-05   1.61044726458098697E-01   1.85021978846153360E+02   2.38910075959544800E+15   1.43677524195191071E-08   1.00000000000000000E+09   1.92623567148313218E-01   2.87750828217119431E-07   2.09253206683922732E+00   2.77922585495845383E-04   8.19220147165453441E-05   4.97223185548334522E-07   2.36404623986336440E+07   5.01670979762404636E+07   1.91682977333587071E-07   3.98346798867967531E-12   6.50894235748074961E-17   1.07104540900049600E-04   3.13038057287002528E-05   1.28834113935599919E-09   9.09229653652213551E-08   9.35847021441191927E-13   2.95445968186273254E-09
  4.84402915519362972E-05   1.61126277717406202E-01   1.85021978846153360E+02   1.89626986851538875E+15   1.14039279350372111E-08   1.00000000000000000E+09   1.92623658715003976E-01   3.54453808880450088E-07   2.09253135027918091E+00   2.77922042049049897E-04   8.19218466357556199E-05   4.97222125888493179E-07   2.36404623986336440E+07   5.01670979762404636E+07   1.91648242593577953E-07   4.99297668020253923E-12   8.00850071356055100E-17   1.07074914828812068E-04   3.12465866058587148E-05   1.62615440713461515E-09   1.05238063304308150E-07   1.32341374743249081E-12   3.69853936128636798E-09
  3.84568741360576114E-05   1.61207828952876886E-01   1.85021978846153360E+02   1.50545360742321575E+15   9.05360697490637762E-09   1.00000000000000000E+09   1.92623769630196867E-01   4.34240300217456577E-07   2.09253044872053717E+00   2.77921357483506539E-04   8.19216348037276134E-05   4.97220791100860143E-07   2.36404623986336440E+07   5.01670979762404636E+07   1.91604597051680889E-07   6.25562304965410815E-12   9.82279723047625869E-17   1.07037436434660450E-04   3.11811823796305274E-05   2.05176959264775662E-09   1.21313465980373127E-07   1.82975689144362425E-12   4.62163387128709010E-09
  3.05381424435502392E-05   1.61289380164562873E-01   1.85021978846153360E+02   1.19546265104633650E+15   7.18935952693977817E-09   1.00000000000000000E+09   1.92623903730242935E-01   5.29165405584764257E-07   2.09252931467203895E+00   2.77920495327607241E-04   8.19213678750722055E-05   4.97219110112969792E-07   2.36404623986336440E+07   5.01670979762404636E+07   1.91549869856875251E-07   7.83427555916219807E-12   1.20050246648987656E-16   1.06990052436765640E-04   3.11075281220084924E-05   2.58771190648532031E-09   1.39178023674958821E-07   2.47751308684046016E-12   5.76447659365476626E-09
  2.42556269525073971E-05   1.61370931354177516E-01   1.85021978846153360E+02   9.49523899596573750E+14   5.71031421652474384E-09   1.00000000000000000E+09   1.92624065716453075E-01   6.41743154382500896E-07   2.09252788852055138E+00   2.77919409719248661E-04   8.19210315736614003E-05   4.97216993574577705E-07   2.36404623986336440E+07   5.01670979762404636E+07   1.91481423465448011E-07   9.80731980183047975E-12   1.46145028180037273E-16   1.06930185318123349E-04   3.10257018488589804E-05   3.26217449321827155E-09   1.58838855430520788E-07   3.28906660116287164E-12   7.17657610614276156E-09
  1.92700790139225243E-05   1.61452482519204438E-01   1.85021978846153360E+02   7.54356941861786750E+14   4.53660426942679819E-09   1.00000000000000000E+09   1.92624261409499037E-01   7.75140711814056661E-07   2.09252609545487545E+00   2.77918042992440003E-04   8.19206079388673942E-05   4.97214329172324906E-07   2.36404623986336440E+07   5.01670979762404636E+07   1.91396082291831208E-07   1.22724457402780766E-11   1.77171681426121254E-16   1.06854616687239472E-04   3.09358457281244353E-05   4.11038870331216839E-09   1.80287592637522162E-07   4.28612498554981101E-12   8.91799685510246758E-09
  1.53128292597235132E-05   1.61534033659900073E-01   1.85021978846153360E+02   5.99444301358128375E+14   3.60497886248008226E-09   1.00000000000000000E+09   1.92624498061565647E-01   9.33355705631555149E-07   2.09252384161346505E+00   2.77916322642877977E-04   8.19200743785566466E-05   4.97210975744444532E-07   2.36404623986336440E+07   5.01670979762404636E+07   1.91290061844007740E-07   1.53512294247008856E-11   2.13862552198553294E-16   1.06759388671910017E-04   3.08380852355092958E-05   5.17626638624095153E-09   2.03505993986616721E-07   5.49348953469832996E-12   1.10614208622216911E-08
  1.21710540516407598E-05   1.61615584776193061E-01   1.85021978846153360E+02   4.76454668763775250E+14   2.86533451510932931E-09   1.00000000000000000E+09   1.92624784726303538E-01   1.12129547409730805E-06   2.09252100926140416E+00   2.77914157512335351E-04   8.19194024792219063E-05   4.97206755887411350E-07   2.36404623986336440E+07   5.01670979762404636E+07   1.91158908441593647E-07   1.91943810182448378E-11   2.57030051961735896E-16   1.06639786722491155E-04   3.07324683108478611E-05   6.51428576481829107E-09   2.28468520748119628E-07   6.94864876680731118E-12   1.36944153868900940E-08
  9.67612794662083104E-06   1.61697135867673869E-01   1.85021978846153360E+02   3.78786941226478125E+14   2.27797299837570914E-09   1.00000000000000000E+09   1.92625132692437889E-01   1.34467947908124021E-06   2.09251745075344076E+00   2.77911432991156753E-04   8.19185565109696422E-05   4.97201446666974637E-07   2.36404623986336440E+07   5.01670979762404636E+07   1.90997471239190181E-07   2.39870935737418350E-11   3.07568969822997485E-16   1.06490468998288385E-04   3.06189403446668426E-05   8.19148889560376569E-09   2.55140410398687766E-07   8.71292669179489443E-12   1.69217039367854307E-08
  7.69441363488858805E-06   1.61778686933589128E-01   1.85021978846153360E+02   3.01209680294543250E+14   1.81143307943893113E-09   1.00000000000000000E+09   1.92625556002519738E-01   1.60975231403459669E-06   2.09251298097935301E+00   2.77908004988228576E-04   8.19174915493669874E-05   4.97194767946236336E-07   2.36404623986336440E+07   5.01670979762404636E+07   1.90799936647160430E-07   2.99533045401678600E-11   3.66447395833934292E-16   1.06305752131663584E-04   3.04973569686660586E-05   1.02893017584148039E-08   2.83471555590515914E-07   1.08757157519655160E-11   2.08671177679130142E-08
  6.11997755492052699E-06   1.61860237972837412E-01   1.85021978846153360E+02   2.39575953438339438E+14   1.44077561313004291E-09   1.00000000000000000E+09   1.92626072097401901E-01   1.92288292057008761E-06   2.09250736791242531E+00   2.77903692356267613E-04   8.19161511165941795E-05   4.97186367718336532E-07   2.36404623986336440E+07   5.01670979762404636E+07   1.90559950998407698E-07   3.73571635456719713E-11   4.34682483580030000E-16   1.06079987536788060E-04   3.03675220297450396E-05   1.29047177840474693E-08   3.13388170493360277E-07   1.35472525582602077E-11   2.56748611638754431E-08
  4.86882720846180013E-06   1.61941788984990509E-01   1.85021978846153360E+02   1.90597744865244344E+14   1.14622687558478786E-09   1.00000000000000000E+09   1.92626702640286945E-01   2.29016438848880545E-06   2.09250032078768200E+00   2.77898267384087203E-04   8.19144642199086772E-05   4.97175803674943677E-07   2.36404623986336440E+07   5.01670979762404636E+07   1.90270839301486047E-07   4.64999824852479387E-11   5.13303299663622981E-16   1.05807929595487811E-04   3.02292323151622091E-05   1.61502756775558728E-08   3.44784908724884983E-07   1.68446028405727287E-11   3.15097696191106464E-08
  3.87435122848394150E-06   1.62023339971092029E-01   1.85021978846153360E+02   1.51667449952125750E+14   9.12105052920137856E-10   1.00000000000000000E+09   1.92627474579141283E-01   2.71709854489598765E-06   2.09249147531927226E+00   2.77891443872609674E-04   8.19123416348285110E-05   4.97162520046710342E-07   2.36404623986336440E+07   5.01670979762404636E+07   1.89925904277273640E-07   5.77116099059889708E-11   6.03308008881974753E-16   1.05485024101965877E-04   3.00823152882698244E-05   2.01522793028691144E-08   3.77519643592232133E-07   2.08807630421657394E-11   3.85563264648058119E-08
  3.08371032641024494E-06   1.62104890926057288E-01   1.85021978846153360E+02   1.20716593312241500E+14   7.25970588451961850E-10   1.00000000000000000E+09   1.92628421508224956E-01   3.20838981199895132E-06   2.09248037522023500E+00   2.77882862192883569E-04   8.19096712421757119E-05   4.97145818508907822E-07   2.36404623986336440E+07   5.01670979762404636E+07   1.89518771703256603E-07   7.13363196909360014E-11   7.05623642870386910E-16   1.05107597639183362E-04   2.99266550631650726E-05   2.50468731829059836E-08   4.11412055501915718E-07   2.57637535817769094E-11   4.70162751523306374E-08
  2.45498016652719632E-06   1.62186441853506336E-01   1.85021978846153360E+02   9.61039822107001250E+13   5.77953550732191171E-10   1.00000000000000000E+09   1.92629585395197755E-01   3.76782919303744486E-06   2.09246644910595903E+00   2.77872070576176710E-04   8.19063121804430882E-05   4.97124821643156258E-07   2.36404623986336440E+07   5.01670979762404636E+07   1.89043741356583079E-07   8.77145120463586463E-11   8.21074190567879551E-16   1.04672966311728798E-04   2.97622084728546246E-05   3.09738784820483867E-08   4.46246113952804543E-07   3.16056821315109413E-11   5.71047110309481401E-08
  1.95488898095044377E-06   1.62267992747441053E-01   1.85021978846153360E+02   7.65271420155377031E+13   4.60221017097585082E-10   1.00000000000000000E+09   1.92631018753073285E-01   4.39823790054413008E-06   2.09244898163615645E+00   2.77858501700824732E-04   8.19020875156907421E-05   4.97098427070354328E-07   2.36404623986336440E+07   5.01670979762404636E+07   1.88496105774561423E-07   1.07162410575955873E-10   9.50359198961240849E-16   1.04179491884237097E-04   2.95890151224020971E-05   3.80686616609731435E-08   4.81775830292873372E-07   3.85373546360249579E-11   6.90445921564708573E-08
  1.55702570727457045E-06   1.62349543609342478E-01   1.85021978846153360E+02   6.09521709844169609E+13   3.66555228970444711E-10   1.00000000000000000E+09   1.92632787356278090E-01   5.10145127369058336E-06   2.09242707746860912E+00   2.77841443408576754E-04   8.18967750576937958E-05   4.97065249903373993E-07   2.36404623986336440E+07   5.01670979762404636E+07   1.87872406535920122E-07   1.29952286813269156E-10   1.09404238982309251E-15   1.03626603917088863E-04   2.94072041525232742E-05   4.64526839006881838E-08   5.17733323618218221E-07   4.67240661983531313E-11   8.30597114875102242E-08
  1.24042046192896286E-06   1.62431094436639140E-01   1.85021978846153360E+02   4.85581707063819062E+13   2.92019403420037082E-10   1.00000000000000000E+09   1.92634973626527262E-01   5.87834039339763750E-06   2.09239961624790238E+00   2.77820002093407716E-04   8.18900958600600736E-05   4.97023550589912125E-07   2.36404623986336440E+07   5.01670979762404636E+07   1.87170606464360405E-07   1.56295516644187881E-10   1.25254839607970830E-15   1.03014792753806285E-04   2.92169983858127835E-05   5.62236784589863598E-08   5.53838164930577976E-07   5.63807062750266684E-11   9.93663271333854806E-08
  9.99999999999999955E-07   1.62508462491689126E-01   1.85021978846153360E+02   3.91465411904522109E+13   2.35419172964291034E-10   1.00000000000000000E+09   1.92637541994223283E-01   6.68525584760010061E-06   2.09236696180834736E+00   2.77794438959796995E-04   8.18821304613585264E-05   4.96973832405570082E-07   2.36404623986336440E+07   5.01670979762404636E+07   1.86430194174604749E-07   1.84789619590757332E-10   1.41726032074996436E-15   1.02379894130843682E-04   2.90288850506596123E-05   6.68709169660128365E-08   5.87962176356827172E-07   6.72018026616944886E-11   1.17199694968483991E-07
  9.88419720062353374E-07   1.62512645225895341E-01   1.85021978846153360E+02   3.86932132848761641E+13   2.32692925289215664E-10   1.00000000000000000E+09   1.92637680847389609E-01   6.72887996183723247E-06   2.09236519641769325E+00   2.77793056945045550E-04   8.18816998295481100E-05   4.96971144500979652E-07   2.36404623986336440E+07   5.01670979762404636E+07   1.86390165408093148E-07   1.86330090770918739E-10   1.42616510969732073E-15   1.02345569729305857E-04   2.90187151157804235E-05   6.74465365634830493E-08   5.89807016190957318E-07   6.77868215041078918E-11   1.18163816886857782E-07
  7.87794812012880116E-07   1.62594195974487460E-01   1.85021978846153360E+02   3.08394420580867695E+13   1.85461467294353383E-10   1.00000000000000000E+09   1.92641038407653509E-01   7.65227344792483495E-06   2.09232206510578900E+00   2.77759202782826970E-04   8.18711477311075825E-05   4.96905288738776288E-07   2.36404623986336440E+07   5.01670979762404636E+07   1.85532017196640398E-07   2.20113283292834207E-10   1.61504873918088245E-15   1.01621390068383269E-04   2.88127624705055746E-05   8.01458925837196138E-08   6.25362688540890616E-07   8.13038269408855880E-11   1.39624851791222261E-07
  6.28035177283073519E-07   1.62675746678834776E-01   1.85021978846153360E+02   2.45854049365647969E+13   1.47850606192322529E-10   1.00000000000000000E+09   1.92645208325044892E-01   8.64714239569839087E-06   2.09226803066275835E+00   2.77716678665938289E-04   8.18578887047094857E-05   4.96822540554244018E-07   2.36404623986336440E+07   5.01670979762404636E+07   1.84598455420813650E-07   2.57619265159029628E-10   1.81922818903171516E-15   1.00845538456280676E-04   2.85996307911049289E-05   9.43010924743360894E-08   6.60241884140051862E-07   9.73974006844175552E-11   1.63885623151257663E-07
  5.00787957161002196E-07   1.62757297334200302E-01   1.85021978846153360E+02   1.96041163926855898E+13   1.17893890348157246E-10   1.00000000000000000E+09   1.92650393365766615E-01   9.71178010104197858E-06   2.09220035360744117E+00   2.77663278794108772E-04   8.18412322015305775E-05   4.96718580439839435E-07   2.36404623986336440E+07   5.01670979762404636E+07   1.83592944427884467E-07   2.98740711221427614E-10   2.03860469483562740E-15   1.00021983701848978E-04   2.83798793409820830E-05   1.09843782862664666E-07   6.94201055152728906E-07   1.16668854992406832E-10   1.91036588445706255E-07
  3.99413522804222280E-07   1.62838847934442893E-01   1.85021978846153360E+02   1.56356579224791113E+13   9.40282011071232491E-11   1.00000000000000000E+09   1.92656847154231314E-01   1.08444639727294091E-05   2.09211561071010221E+00   2.77596241395922636E-04   8.18203129935183909E-05   4.96587991354191691E-07   2.36404623986336440E+07   5.01670979762404636E+07   1.82519877971153582E-07   3.43292977246343451E-10   2.27294174283120078E-15   9.91552144915260438E-05   2.81541195078774966E-05   1.26657893836949633E-07   7.27020006877966091E-07   1.39900373325269833E-10   2.21114035942749548E-07
  3.18632873330641780E-07   1.62920398472936989E-01   1.85021978846153360E+02   1.24733749004701113E+13   7.50107424180884594E-11   1.00000000000000000E+09   1.92664886764328080E-01   1.20438178462114079E-05   2.09200952568273646E+00   2.77512110314941530E-04   8.17940476044560859E-05   4.96423983599480888E-07   2.36404623986336440E+07   5.01670979762404636E+07   1.81384310510478743E-07   3.91019218069201838E-10   2.52183915805228519E-15   9.82500714606365241E-05   2.79229962442574909E-05   1.44581432098111265E-07   7.58503079340024616E-07   1.68120497853771166E-10   2.54092540746240549E-07
  2.54247850650219310E-07   1.63001948941909891E-01   1.85021978846153360E+02   9.95292395806275391E+12   5.98531731380621263E-11   1.00000000000000000E+09   1.92674908402621164E-01   1.33092163682608570E-05   2.09187675839432430E+00   2.77406562820247499E-04   8.17610801452103251E-05   4.96218052572403856E-07   2.36404623986336440E+07   5.01670979762404636E+07   1.80191685014917361E-07   4.41594826099231537E-10   2.78468391744527810E-15   9.73115911263909366E-05   2.76871696911663997E-05   1.63409343955214014E-07   7.88477949145800418E-07   2.02697805157378325E-10   2.89878144070297795E-07
  2.02919082575850212E-07   1.63083499326481030E-01   1.85021978846153360E+02   7.94358022438429395E+12   4.77693298538433520E-11   1.00000000000000000E+09   1.92687406940354772E-01   1.46412284794851053E-05   2.09171064262546302E+00   2.77274195763051266E-04   8.17197151049343283E-05   4.95959553923978818E-07   2.36404623986336440E+07   5.01670979762404636E+07   1.78947576617406067E-07   4.94629712999073207E-10   3.06056896417660566E-15   9.63448747965182489E-05   2.74472987148979574E-05   1.82896783698563775E-07   8.16792286600034571E-07   2.45471056503686788E-10   3.28301879739024688E-07
  1.61989702764119897E-07   1.63165049616316643E-01   1.85021978846153360E+02   6.34133657168473047E+12   3.81337265823351002E-11   1.00000000000000000E+09   1.92703000231692262E-01   1.60421043021734281E-05   2.09150286005129660E+00   2.77108260557326776E-04   8.16678341505468154E-05   4.95635177601783012E-07   2.36404623986336440E+07   5.01670979762404636E+07   1.77657464994687786E-07   5.49667161036974492E-10   3.34817068885718273E-15   9.53549916817165712E-05   2.72040276047284014E-05   2.02762405250330330E-07   8.43308668499036169E-07   2.98919677380800377E-10   3.69113125426351713E-07
  1.29345378659821003E-07   1.63246599789103969E-01   1.85021978846153360E+02   5.06342419350132227E+12   3.04486021784036743E-11   1.00000000000000000E+09   1.92722459378699751E-01   1.75163157593487010E-05   2.09124303531408362E+00   2.76900335579495299E-04   8.16027934213051331E-05   4.95228298871805579E-07   2.36404623986336440E+07   5.01670979762404636E+07   1.76326542169671334E-07   6.06178183024566397E-10   3.64557721206703337E-15   9.43469221355782719E-05   2.69579767323654752E-05   2.22691709366080304E-07   8.67898274708743882E-07   3.66362248056380961E-10   4.11972170953443300E-07
  1.03303143812500510E-07   1.63328149827750957E-01   1.85021978846153360E+02   4.04396077435925977E+12   2.43177489311819715E-11   1.00000000000000000E+09   1.92746746379617445E-01   1.90711628235727713E-05   2.09091823363030160E+00   2.76639922491639899E-04   8.15212971859688754E-05   4.94718180861860564E-07   2.36404623986336440E+07   5.01670979762404636E+07   1.74959558433582254E-07   6.63550550217883425E-10   3.95006559798314212E-15   9.33255452331118655E-05   2.67097377333438605E-05   2.42340919940634042E-07   8.90433978078565685E-07   4.52134075292635434E-10   4.56441362054878835E-07
  8.25230868999217753E-08   1.63409699700225008E-01   1.85021978846153360E+02   3.23049342049105518E+12   1.94257221392922812E-11   1.00000000000000000E+09   1.92777060939505335E-01   2.07174512858389172E-05   2.09051233828262495E+00   2.76313950781704488E-04   8.14192430851595869E-05   4.94078999661938894E-07   2.36404623986336440E+07   5.01670979762404636E+07   1.73560707678724851E-07   7.21071956487345493E-10   4.25783953196664509E-15   9.22956737168296353E-05   2.64598736122980134E-05   2.61342204390296778E-07   9.10783457827902338E-07   5.61633951269957647E-10   5.01974204998768674E-07
  6.59381820323769242E-08   1.63491249372123032E-01   1.85021978846153360E+02   2.58125175895397900E+12   1.55213205516269446E-11   1.00000000000000000E+09   1.92814898652811539E-01   2.24702211709880114E-05   2.09000528049222689E+00   2.75906172659782817E-04   8.12915335647767709E-05   4.93278659884298784E-07   2.36404623986336440E+07   5.01670979762404636E+07   1.72133553830504732E-07   7.77907366372847677E-10   4.56376112550643176E-15   9.12621370218291261E-05   2.62089238857035473E-05   2.79311162464304880E-07   9.28802903193341677E-07   7.01056999884445693E-10   5.47901933027628097E-07
  5.26985210007618106E-08   1.63572798800242974E-01   1.85021978846153360E+02   2.06296482303223315E+12   1.24044573526672325E-11   1.00000000000000000E+09   1.92862123310495653E-01   2.43494386570701539E-05   2.08937208849270117E+00   2.75396428669462574E-04   8.11318476113161700E-05   4.92277366261860645E-07   2.36404623986336440E+07   5.01670979762404636E+07   1.70681001147516050E-07   8.33071714047794127E-10   4.86113815866476326E-15   9.02299096355691318E-05   2.59574144943628563E-05   2.95857291885786740E-07   9.44331707401348706E-07   8.76582797858570687E-10   5.93417248256858505E-07
  4.21269814944882670E-08   1.63654347930361377E-01   1.85021978846153360E+02   1.64912561630340283E+12   9.91572343722704175E-12   1.00000000000000000E+09   1.92921056752060699E-01   2.63804606683368016E-05   2.08858171612581200E+00   2.74759763496498571E-04   8.09323666816384393E-05   4.91025915970622494E-07   2.36404623986336440E+07   5.01670979762404636E+07   1.69205311868174839E-07   8.85401057181146244E-10   5.14165138882163743E-15   8.92042789898384286E-05   2.57058720446608463E-05   3.10597599976423650E-07   9.57188282469520076E-07   1.09282300644246630E-09   6.37555229769595240E-07
  3.36839781972192458E-08   1.63735896694660626E-01   1.85021978846153360E+02   1.31861123995573730E+12   7.92808900477507682E-12   1.00000000000000000E+09   1.92994590518502290E-01   2.85938912817050685E-05   2.08759560403954758E+00   2.73965372319815803E-04   8.06834490261914731E-05   4.89463677973258420E-07   2.36404623986336440E+07   5.01670979762404636E+07   1.67708174199847079E-07   9.33528148338196229E-10   5.39551065864222431E-15   8.81910454245508359E-05   2.54548422379551233E-05   3.23172781250938624E-07   9.67166779649776880E-07   1.35049351756296888E-09   6.79171686602471124E-07
  2.69394294807757040E-08   1.63817445008571455E-01   1.85021978846153360E+02   1.05458548581646875E+12   6.34030387471031651E-12   1.00000000000000000E+09   1.93086324756848615E-01   3.10238769353758279E-05   2.08636591884048350E+00   2.72975361909090540E-04   8.03732478216584694E-05   4.87516231862311834E-07   2.36404623986336440E+07   5.01670979762404636E+07   1.66190821998921779E-07   9.75871825773070618E-10   5.61190040259750386E-15   8.71967458858160122E-05   2.52049131185125695E-05   3.33264600300498773E-07   9.74034128591124216E-07   1.64354080922148385E-09   7.16919495736762133E-07
  2.15504575922178564E-08   1.63898992766963347E-01   1.85021978846153360E+02   8.43625875806849976E+11   5.07164760427665012E-12   1.00000000000000000E+09   1.93200741922966379E-01   3.37020452837043209E-05   2.08483340783253723E+00   2.71743319327084974E-04   7.99872712406692803E-05   4.85092653276359269E-07   2.36404623986336440E+07   5.01670979762404636E+07   1.64654206240158291E-07   1.01065254525709216E-09   5.77971316000440384E-15   8.62288920226379399E-05   2.49567449591952728E-05   3.40612488920909046E-07   9.77526479610187902E-07   1.95621071991425416E-09   7.49223742628494215E-07
  1.72436456806034186E-08   1.63980539840565209E-01   1.85021978846153360E+02   6.75029085909305176E+11   4.05775240469542120E-12   1.00000000000000000E+09   1.93343427284481645E-01   3.66387528818471611E-05   2.08292480008310488E+00   2.70212696974675654E-04   7.95078876519344282E-05   4.82082462362329060E-07   2.36404623986336440E+07   5.01670979762404636E+07   1.63099221277895288E-07   1.03594644472222128E-09   5.88848873882097065E-15   8.52962153851010622E-05   2.47111108517019812E-05   3.45027068214760034E-07   9.77343971959556715E-07   2.26064826271248586E-09   7.74257106754194626E-07
  1.38009172862073530E-08   1.64062086073802904E-01   1.85021978846153360E+02   5.40258177010540100E+11   3.24727889995746891E-12   1.00000000000000000E+09   1.93521360352799654E-01   3.97652062982097328E-05   2.08054967945987856E+00   2.68315048850149927E-04   7.89137877749202698E-05   4.78352305239597499E-07   2.36404623986336440E+07   5.01670979762404636E+07   1.61527009257105357E-07   1.04978262760250157E-09   5.92940334665062110E-15   8.44089376299878209E-05   2.44689578971434890E-05   3.46398647142212749E-07   9.73143036384375815E-07   2.51546278489012458E-09   7.89918925475973105E-07
  1.10482960304378353E-08   1.64143631270852824E-01   1.85021978846153360E+02   4.32502575639844421E+11   2.59927011120700902E-12   1.00000000000000000E+09   1.93743375242825866E-01   4.26893673103270760E-05   2.07759674823900786E+00   2.65968191907585145E-04   7.81794292276356508E-05   4.73742526698567193E-07   2.36404623986336440E+07   5.01670979762404636E+07   1.59939504440333666E-07   1.05026050815147038E-09   5.89612048463090930E-15   8.35792743592888622E-05   2.42315232116832062E-05   3.44700947347289124E-07   9.64527129054146670E-07   2.66525035317654331E-09   7.93824248341768902E-07
