# lambda[A]  T_theo  T_instr  T_rot+instr  (Ly-alpha 1215.67)
1.214099999999999909e+03 9.996799960715810895e-01 9.996789957810656713e-01 9.996789771983811690e-01
1.214114499999999907e+03 9.996756688789920631e-01 9.996755961301055926e-01 9.996755904449559083e-01
1.214129000000000133e+03 9.996712379806212967e-01 9.996712104760313578e-01 9.996712095859041636e-01
1.214143500000000131e+03 9.996666997130968513e-01 9.996666715731322705e-01 9.996666709093786629e-01
1.214157999999999902e+03 9.996620502562775235e-01 9.996620211082328789e-01 9.996620204215244110e-01
1.214172499999999900e+03 9.996572856256752404e-01 9.996572554255908072e-01 9.996572547129753961e-01
1.214187000000000126e+03 9.996524016644269262e-01 9.996523703665228799e-01 9.996523696267868297e-01
1.214201499999999896e+03 9.996473940347883058e-01 9.996473615909983179e-01 9.996473608228630958e-01
1.214215999999999894e+03 9.996422582091030185e-01 9.996422245689330355e-01 9.996422237710475001e-01
1.214230500000000120e+03 9.996369894602091799e-01 9.996369545705821036e-01 9.996369537415178419e-01
1.214245000000000118e+03 9.996315828512344348e-01 9.996315466563214791e-01 9.996315457945682548e-01
1.214259499999999889e+03 9.996260332247270952e-01 9.996259956657660428e-01 9.996259947697249126e-01
1.214273999999999887e+03 9.996203351910633028e-01 9.996202962061576658e-01 9.996202952741360948e-01
1.214288500000000113e+03 9.996144831160691524e-01 9.996144426399731220e-01 9.996144416701767677e-01
1.214302999999999884e+03 9.996084711077868334e-01 9.996084290716684695e-01 9.996084280621936324e-01
1.214317499999999882e+03 9.996022930023071851e-01 9.996022493334890680e-01 9.996022482823158084e-01
1.214332000000000107e+03 9.995959423485780704e-01 9.995958969702570807e-01 9.995958958752401147e-01
1.214346500000000106e+03 9.995894123921068575e-01 9.995893652230429804e-01 9.995893640819004666e-01
1.214360999999999876e+03 9.995826960574326625e-01 9.995826470116133677e-01 9.995826458219188027e-01
1.214375500000000102e+03 9.995757859292732084e-01 9.995757349155437455e-01 9.995757336747121968e-01
1.214390000000000100e+03 9.995686742322085205e-01 9.995686211538628019e-01 9.995686198591394733e-01
1.214404500000000098e+03 9.995613528087544664e-01 9.995612975630935315e-01 9.995612962115404398e-01
1.214418999999999869e+03 9.995538130956883593e-01 9.995537555735296564e-01 9.995537541620093114e-01
1.214433500000000095e+03 9.995460460984357809e-01 9.995459861835769289e-01 9.995459847087364569e-01
1.214448000000000093e+03 9.995380423633400957e-01 9.995379799319670244e-01 9.995379783902197390e-01
1.214462499999999864e+03 9.995297919475969461e-01 9.995297268676350821e-01 9.995297252551408329e-01
1.214477000000000089e+03 9.995212843866213559e-01 9.995212165170201946e-01 9.995212148296632737e-01
1.214491500000000087e+03 9.995125086585927576e-01 9.995124378485353844e-01 9.995124360818996578e-01
1.214506000000000085e+03 9.995034531458755200e-01 9.995033792339105272e-01 9.995033773832538992e-01
1.214520499999999856e+03 9.994941055930121054e-01 9.994940284060910285e-01 9.994940264663152441e-01
1.214535000000000082e+03 9.994844530609127142e-01 9.994843724133301022e-01 9.994843703789485501e-01
1.214549500000000080e+03 9.994744818768621641e-01 9.994743975690782989e-01 9.994743954341797076e-01
1.214563999999999851e+03 9.994641775798723815e-01 9.994640893972159823e-01 9.994640871554253403e-01
1.214578500000000076e+03 9.994535248609148770e-01 9.994534325721383672e-01 9.994534302165718476e-01
1.214593000000000075e+03 9.994425074974452317e-01 9.994424108531249074e-01 9.994424083763414624e-01
1.214607500000000073e+03 9.994311082816094149e-01 9.994310070123658685e-01 9.994310044063132725e-01
1.214621999999999844e+03 9.994193089414242781e-01 9.994192027559437586e-01 9.994192000118971020e-01
1.214636500000000069e+03 9.994070900541388580e-01 9.994069786369659258e-01 9.994069757454601133e-01
1.214651000000000067e+03 9.993944309508832058e-01 9.993943139599595904e-01 9.993943109107144007e-01
1.214665499999999838e+03 9.993813096115936601e-01 9.993811866755077933e-01 9.993811834573438357e-01
1.214680000000000064e+03 9.993677025490808052e-01 9.993675732639899500e-01 9.993675698647337402e-01
1.214694500000000062e+03 9.993535846809370460e-01 9.993534486071187217e-01 9.993534450134969882e-01
1.214709000000000060e+03 9.993389291878298497e-01 9.993387858458119277e-01 9.993387820433334845e-01
1.214723499999999831e+03 9.993237073565118811e-01 9.993235562227248403e-01 9.993235521955460277e-01
1.214738000000000056e+03 9.993078884056610933e-01 9.993077289075457115e-01 9.993077246383201828e-01
1.214752500000000055e+03 9.992914392924021616e-01 9.992912708028965918e-01 9.992912662726058937e-01
1.214766999999999825e+03 9.992743244970587746e-01 9.992741463283800751e-01 9.992741415161412455e-01
1.214781500000000051e+03 9.992565057833509012e-01 9.992563171799709876e-01 9.992563120628189521e-01
1.214796000000000049e+03 9.992379419308553556e-01 9.992377420615533579e-01 9.992377366141935724e-01
1.214810500000000047e+03 9.992185884360827997e-01 9.992183763849475930e-01 9.992183705794770443e-01
1.214825000000000273e+03 9.991983971780297180e-01 9.991981719342545309e-01 9.991981657398414374e-01
1.214839500000000044e+03 9.991773160434318513e-01 9.991770764897276447e-01 9.991770698722483024e-01
1.214854000000000042e+03 9.991552885062700007e-01 9.991550334056916727e-01 9.991550263273131227e-01
1.214868500000000040e+03 9.991322531552573327e-01 9.991319811362046055e-01 9.991319735549089032e-01
1.214883000000000038e+03 9.991081431621086084e-01 9.991078527012230426e-01 9.991078445702602506e-01
1.214897500000000036e+03 9.990828856822810966e-01 9.990825750849119391e-01 9.990825663521699651e-01
1.214912000000000035e+03 9.990564011785917353e-01 9.990560685564484622e-01 9.990560591637281940e-01
1.214926500000000260e+03 9.990286026566079780e-01 9.990282459021371242e-01 9.990282357843137673e-01
1.214941000000000031e+03 9.989993947988817791e-01 9.989990115558325945e-01 9.989990006398830058e-01
1.214955500000000029e+03 9.989686729829840850e-01 9.989682606125013242e-01 9.989682488163745822e-01
1.214970000000000027e+03 9.989363221656938352e-01 9.989358777071554174e-01 9.989358649384534328e-01
1.214984500000000025e+03 9.989022156125999530e-01 9.989017357382357076e-01 9.989017218926721231e-01
1.214999000000000024e+03 9.988662134485845057e-01 9.988656944106962809e-01 9.988656793702848091e-01
1.215013500000000022e+03 9.988281609999949406e-01 9.988275985693237935e-01 9.988275822002453674e-01
1.215028000000000247e+03 9.987878868935916588e-01 9.987872762870124710e-01 9.987872584370869333e-01
1.215042500000000018e+03 9.987452008701738215e-01 9.987445366654296164e-01 9.987445171611142314e-01
1.215057000000000016e+03 9.986998912617801594e-01 9.986991672963697608e-01 9.986991459391698633e-01
1.215071500000000015e+03 9.986517220699872022e-01 9.986509313205021998e-01 9.986509078826609764e-01
1.215086000000000013e+03 9.986004295682322507e-01 9.985995640053770828e-01 9.985995382246719565e-01
1.215100500000000011e+03 9.985457183323291908e-01 9.985447687454102050e-01 9.985447403188282278e-01
1.215115000000000009e+03 9.984872565788828203e-01 9.984862123615653173e-01 9.984861809375564778e-01
1.215129500000000235e+03 9.984246706590365061e-01 9.984235195453029510e-01 9.984234847142260394e-01
1.215144000000000005e+03 9.983575385115369683e-01 9.983562662464920967e-01 9.983562275286957943e-01
1.215158500000000004e+03 9.982853818188623940e-01 9.982839717420197712e-01 9.982839285727734824e-01
1.215173000000000002e+03 9.982076565228240606e-01 9.982060890282180576e-01 9.982060407381977418e-01
1.215187500000000000e+03 9.981237412188472824e-01 9.981219930110318828e-01 9.981219387980700963e-01
1.215201999999999998e+03 9.980329226853680291e-01 9.980309651158972839e-01 9.980309039554806638e-01
1.215216499999999996e+03 9.979343763168451176e-01 9.979321596871201239e-01 9.979320894310472756e-01
1.215231000000000222e+03 9.978271094793975671e-01 9.978243447543254652e-01 9.978242527231814263e-01
1.215245499999999993e+03 9.977093116756574620e-01 9.977032775102069317e-01 9.977030707788132613e-01
1.215259999999999991e+03 9.975707138060969648e-01 9.975423363980228109e-01 9.975414917081687483e-01
1.215274499999999989e+03 9.973343281531751314e-01 9.972005548804115938e-01 9.971967594216658570e-01
1.215289000000000215e+03 9.966037303213804988e-01 9.961727012522044733e-01 9.961569924769210216e-01
1.215303499999999985e+03 9.942112699006739884e-01 9.932842863725577232e-01 9.932438691459970492e-01
1.215317999999999984e+03 9.880378802641356373e-01 9.873551858475346776e-01 9.873385533174590112e-01
1.215332500000000209e+03 9.785433331850190708e-01 9.812158191325621726e-01 9.813081866703842193e-01
1.215346999999999980e+03 9.804379340030160428e-01 9.821883647642403181e-01 9.822539372008293190e-01
1.215361499999999978e+03 9.896001073529797631e-01 9.885450073479169486e-01 9.885115755132242166e-01
1.215376000000000204e+03 9.939961416922930004e-01 9.931883554410485537e-01 9.931532525245142518e-01
1.215390500000000202e+03 9.951776419623064029e-01 9.948514626298435859e-01 9.948401373289375016e-01
1.215404999999999973e+03 9.951179707453856604e-01 9.950221259343140501e-01 9.950192046222277042e-01
1.215419499999999971e+03 9.947091470778146594e-01 9.946766492364150780e-01 9.946755143491132767e-01
1.215434000000000196e+03 9.941813809659695300e-01 9.941559414421896612e-01 9.941549893312922048e-01
1.215448499999999967e+03 9.935549754161329128e-01 9.935245690309371103e-01 9.935234138057771336e-01
1.215462999999999965e+03 9.928090121115523692e-01 9.927699343216912498e-01 9.927684183936845708e-01
1.215477500000000191e+03 9.919094779128858619e-01 9.918564518878431047e-01 9.918543444243289597e-01
1.215492000000000189e+03 9.908037117571815156e-01 9.907155290877520670e-01 9.907121269021039733e-01
1.215506499999999960e+03 9.893669941804233980e-01 9.891457547389805871e-01 9.891392044332950606e-01
1.215520999999999958e+03 9.870822639631303685e-01 9.865969441146837937e-01 9.865850021149369375e-01
1.215535500000000184e+03 9.828326659384157837e-01 9.823081863904078448e-01 9.822878239582680804e-01
1.215549999999999955e+03 9.765848412921566135e-01 9.756168809174604606e-01 9.755727125184744386e-01
1.215564499999999953e+03 9.666315370229503490e-01 9.644978685748325509e-01 9.643667519389476084e-01
1.215579000000000178e+03 9.486257488940991189e-01 9.428712821039161307e-01 9.422666240401394999e-01
1.215593500000000176e+03 9.099731889727451506e-01 8.878935942145501636e-01 8.849557407233306083e-01
1.215607999999999947e+03 7.919776711575402528e-01 7.178919719383759501e-01 7.123134285643514252e-01
1.215622499999999945e+03 3.523522457888103587e-01 3.740832330923893334e-01 3.744380106786302509e-01
1.215637000000000171e+03 5.971906961047773396e-03 8.563806492727014941e-02 9.195366115876915658e-02
1.215651499999999942e+03 2.067112426696019795e-08 5.131819971924861910e-03 7.636390643337930516e-03
1.215665999999999940e+03 2.148013329096940595e-15 9.815536200326031944e-05 2.980335372198269573e-04
1.215680500000000166e+03 6.718510313074262460e-13 8.079998806872931661e-04 1.493507053719019722e-03
1.215695000000000164e+03 1.876520088454640460e-05 2.116905195118203714e-02 2.536822673545476373e-02
1.215709499999999935e+03 6.974216441642823450e-02 1.740563197842832921e-01 1.800704782492325851e-01
1.215723999999999933e+03 6.008365386674648922e-01 5.415249276062451544e-01 5.375143697074453719e-01
1.215738500000000158e+03 8.622453530647381514e-01 8.143565198005802142e-01 8.094363536316468988e-01
1.215753000000000156e+03 9.309402094603913547e-01 9.190144345256442415e-01 9.174681512137400352e-01
1.215767499999999927e+03 9.578944704267216004e-01 9.542958842152021726e-01 9.539985341191550283e-01
1.215782000000000153e+03 9.715904348647291799e-01 9.700974522875857042e-01 9.700195264819766461e-01
1.215796500000000151e+03 9.795945599380414537e-01 9.788914143226514764e-01 9.788608927289753625e-01
1.215810999999999922e+03 9.849255659911093641e-01 9.844144379824140145e-01 9.843985150408246509e-01
1.215825500000000147e+03 9.882448914538739526e-01 9.878655599898937822e-01 9.878561990571845808e-01
1.215840000000000146e+03 9.900435821129479619e-01 9.899009874840475343e-01 9.898960854635330264e-01
1.215854500000000144e+03 9.913102516219871596e-01 9.912425310799442002e-01 9.912398381130966829e-01
1.215868999999999915e+03 9.923181146242937567e-01 9.922721930902698162e-01 9.922703855899480674e-01
1.215883500000000140e+03 9.931461834396169142e-01 9.931113222691183573e-01 9.931099831187477633e-01
1.215898000000000138e+03 9.938370804874285813e-01 9.938097831930593484e-01 9.938087561421951044e-01
1.215912499999999909e+03 9.944204598188866040e-01 9.943987169921443270e-01 9.943979138913593419e-01
1.215927000000000135e+03 9.949181610321665703e-01 9.949006009856458110e-01 9.948999632078661115e-01
1.215941500000000133e+03 9.953466436935950457e-01 9.953322896591036972e-01 9.953317763209378333e-01
1.215956000000000131e+03 9.957185300735414968e-01 9.957066707976971465e-01 9.957062526825923854e-01
1.215970499999999902e+03 9.960436461674737618e-01 9.960337541977530851e-01 9.960334100149617065e-01
1.215985000000000127e+03 9.963297431363478118e-01 9.963214209744073457e-01 9.963211349410502349e-01
1.215999500000000126e+03 9.965830077692610089e-01 9.965759515192688101e-01 9.965757117555221756e-01
1.216013999999999896e+03 9.968084303794482182e-01 9.968024047095063178e-01 9.968022021500912988e-01
1.216028500000000122e+03 9.970100744296837014e-01 9.970048950091288109e-01 9.970047226506214555e-01
1.216043000000000120e+03 9.971912771852442514e-01 9.971867981539533909e-01 9.971866505251272272e-01
1.216057500000000118e+03 9.973548011290104265e-01 9.973509060112617508e-01 9.973507787943473035e-01
1.216071999999999889e+03 9.975029496556815367e-01 9.974995446706130808e-01 9.974994344264475066e-01
1.216086500000000115e+03 9.976376564548399273e-01 9.976346655215601045e-01 9.976345694874086956e-01
1.216101000000000113e+03 9.977605552399474442e-01 9.977579162005140168e-01 9.977578321394877658e-01
1.216115499999999884e+03 9.978730346098221293e-01 9.978706963413620512e-01 9.978706224289912718e-01
1.216130000000000109e+03 9.979762815388424357e-01 9.979742017245535335e-01 9.979741364624715727e-01
1.216144500000000107e+03 9.980713160878861290e-01 9.980694594828831701e-01 9.980694016325281082e-01
1.216159000000000106e+03 9.981590192835115838e-01 9.981573563565615537e-01 9.981573048878286114e-01
1.216173499999999876e+03 9.982401556452410452e-01 9.982386615087712745e-01 9.982386155599340949e-01
1.216188000000000102e+03 9.983153914962124009e-01 9.983140450590103354e-01 9.983140039052197379e-01
1.216202500000000100e+03 9.983853099343799053e-01 9.983840932273349011e-01 9.983840562556938192e-01
1.216217000000000098e+03 9.984504231460085144e-01 9.984493207829228112e-01 9.984492874726390577e-01
1.216231500000000096e+03 9.985111825936595631e-01 9.985101813378914892e-01 9.985101512443784744e-01
1.216246000000000095e+03 9.985679874957115176e-01 9.985670759100220284e-01 9.985670486520871192e-01
1.216260500000000093e+03 9.986211919253094038e-01 9.986203600873441166e-01 9.986203353368063862e-01
1.216274999999999864e+03 9.986711107874226556e-01 9.986703500571673109e-01 9.986703275303948635e-01
1.216289500000000089e+03 9.987180248788571912e-01 9.987173277074103961e-01 9.987173071583859141e-01
1.216304000000000087e+03 9.987621851940789997e-01 9.987615449654350108e-01 9.987615261800422140e-01
1.216318500000000085e+03 9.988038166069723722e-01 9.988032275063042364e-01 9.988032102975953341e-01
1.216333000000000084e+03 9.988431210330031007e-01 9.988425779363535595e-01 9.988425621406124000e-01
1.216347500000000082e+03 9.988802801561947886e-01 9.988797785375616023e-01 9.988797640110086418e-01
1.216362000000000080e+03 9.989154577894969744e-01 9.989149936421436449e-01 9.989149802581704929e-01
1.216376500000000306e+03 9.989488019246522965e-01 9.989483716941365277e-01 9.989483593409698159e-01
1.216391000000000076e+03 9.989804465177677395e-01 9.989800470446739133e-01 9.989800356233987655e-01
1.216405500000000075e+03 9.990105130488775576e-01 9.990101415196478429e-01 9.990101309425244436e-01
1.216420000000000073e+03 9.990391118874341059e-01 9.990387657919945763e-01 9.990387559810234297e-01
1.216434500000000071e+03 9.990663434905450169e-01 9.990660205856625176e-01 9.990660114713543205e-01
1.216449000000000069e+03 9.990922994565628601e-01 9.990919977340737557e-01 9.990919892543940195e-01
1.216463500000000067e+03 9.991170634532537953e-01 9.991167811124317399e-01 9.991167732118901856e-01
1.216478000000000293e+03 9.991407120368808181e-01 9.991404474603595709e-01 9.991404400892239801e-01
1.216492500000000064e+03 9.991633153762315978e-01 9.991630671089776206e-01 9.991630602225928248e-01
1.216507000000000062e+03 9.991849378936297210e-01 9.991847046245448949e-01 9.991846981827410268e-01
1.216521500000000060e+03 9.992056388333054873e-01 9.992054193791030103e-01 9.992054133456815812e-01
1.216536000000000058e+03 9.992254727661106228e-01 9.992252660571632195e-01 9.992252603994470350e-01
1.216550500000000056e+03 9.992444900383495865e-01 9.992442951062510126e-01 9.992442897946934854e-01
1.216565000000000055e+03 9.992627371715057105e-01 9.992625531381196247e-01 9.992625481459598280e-01
1.216579500000000280e+03 9.992802572187202692e-01 9.992800832865319505e-01 9.992800785894928595e-01
1.216594000000000051e+03 9.992970900831775749e-01 9.992969255267786233e-01 9.992969211028024379e-01
1.216608500000000049e+03 9.993132728028645273e-01 9.993131169614265508e-01 9.993131127904411048e-01
1.216623000000000047e+03 9.993288398056126010e-01 9.993286920762325387e-01 9.993286881399454646e-01
1.216637500000000273e+03 9.993438231378611869e-01 9.993436829696638046e-01 9.993436792513796796e-01
1.216652000000000044e+03 9.993582526701335622e-01 9.993581195590411914e-01 9.993581160435014432e-01
1.216666500000000042e+03 9.993721562818586035e-01 9.993720297659463014e-01 9.993720264391847685e-01
1.216681000000000267e+03 9.993855600278515050e-01 9.993854396832153597e-01 9.993854365324326139e-01
1.216695500000000038e+03 9.993984882884771048e-01 9.993983737255560662e-01 9.993983707390059479e-01
1.216710000000000036e+03 9.994109639052896066e-01 9.994108547655835562e-01 9.994108519324728102e-01
1.216724500000000035e+03 9.994230083037113355e-01 9.994229042568522070e-01 9.994229015672497773e-01
1.216739000000000260e+03 9.994346416041427483e-01 9.994345423452726251e-01 9.994345397900297190e-01
1.216753500000000031e+03 9.994458827227218345e-01 9.994457879701477143e-01 9.994457855408259705e-01
1.216768000000000029e+03 9.994567494628197046e-01 9.994566589559086278e-01 9.994566566447163902e-01
1.216782500000000255e+03 9.994672585982237178e-01 9.994671720955136118e-01 9.994671698952466432e-01
1.216797000000000025e+03 9.994774259488581336e-01 9.994773432263575064e-01 9.994773411303481403e-01
1.216811500000000024e+03 9.994872664497931325e-01 9.994871872994530726e-01 9.994871853015224739e-01
1.216826000000000249e+03 9.994967942142146677e-01 9.994967184425481710e-01 9.994967165369649242e-01
1.216840500000000247e+03 9.995060225909452312e-01 9.995059500177839729e-01 9.995059481992258910e-01
1.216855000000000018e+03 9.995149642170531035e-01 9.995148946744231155e-01 9.995148929379416014e-01
1.216869500000000016e+03 9.995236310660197132e-01 9.995235643971241979e-01 9.995235627381147125e-01
1.216884000000000242e+03 9.995320344918893207e-01 9.995319705501882757e-01 9.995319689643614725e-01
1.216898500000000013e+03 9.995401852697864964e-01 9.995401239181626041e-01 9.995401224015177943e-01
1.216913000000000011e+03 9.995480936331357924e-01 9.995480347431383583e-01 9.995480332919420841e-01
1.216927500000000236e+03 9.995557693078970241e-01 9.995557127590539714e-01 9.995557113698172458e-01
1.216942000000000235e+03 9.995632215440821700e-01 9.995631672232772047e-01 9.995631658927350838e-01
1.216956500000000005e+03 9.995704591448145715e-01 9.995704069452121532e-01 9.995704056674481475e-01
1.216971000000000004e+03 9.995774904931454818e-01 9.995774398087408086e-01 9.995774381870848879e-01
1.216985500000000229e+03 9.995843235768305801e-01 9.995842042700074925e-01 9.995841950555663935e-01
1.217000000000000000e+03 9.995909660112540784e-01 9.995894301717634933e-01 9.995894005071649380e-01
