# lambda[A]  T_theo  T_instr  T_rot+instr  (He I 10830)
1.082784681127511976e+04 9.999996605976555486e-01 9.999996515033441336e-01 9.999996466793440453e-01
1.082786691763580529e+04 9.999996529589236793e-01 9.999996467841619774e-01 9.999996429732787018e-01
1.082788702399648901e+04 9.999996450209499566e-01 9.999996408690130512e-01 9.999996378940655406e-01
1.082790713035717454e+04 9.999996367657042473e-01 9.999996338744071567e-01 9.999996315411233683e-01
1.082792723671785825e+04 9.999996281736315273e-01 9.999996259717760516e-01 9.999996241074916581e-01
1.082794734307854378e+04 9.999996192234839043e-01 9.999996173319568582e-01 9.999996157912031114e-01
1.082796744943922567e+04 9.999996098921284382e-01 9.999996080864604897e-01 9.999996067463894356e-01
1.082798755579991121e+04 9.999996001543294266e-01 9.999995983139433608e-01 9.999995970737378670e-01
1.082800766216059492e+04 9.999995899824958290e-01 9.999995880460149644e-01 9.999995868287161471e-01
1.082802776852128045e+04 9.999995793463943849e-01 9.999995772810105210e-01 9.999995760323860949e-01
1.082804787488196416e+04 9.999995682128144381e-01 9.999995659968994310e-01 9.999995646802264382e-01
1.082806798124264969e+04 9.999995565451805790e-01 9.999995541597238580e-01 9.999995527486114089e-01
1.082808808760333341e+04 9.999995443030946785e-01 9.999995417276280607e-01 9.999995401987924470e-01
1.082810819396401894e+04 9.999995314417814418e-01 9.999995286517817661e-01 9.999995269778263474e-01
1.082812830032470447e+04 9.999995179114011812e-01 9.999995148751275043e-01 9.999995130153945810e-01
1.082814840668538818e+04 9.999995036561343253e-01 9.999995003288668638e-01 9.999994982144297939e-01
1.082816851304607371e+04 9.999994886128573679e-01 9.999994849253088791e-01 9.999994824311299046e-01
1.082818861940675561e+04 9.999994727090066871e-01 9.999994685437131325e-01 9.999994654356124668e-01
1.082820872576744114e+04 9.999994558587550486e-01 9.999994510022959249e-01 9.999994468366422140e-01
1.082822883212812485e+04 9.999994379556256252e-01 9.999994320032169481e-01 9.999994259401863150e-01
1.082824893848881038e+04 9.999994188575316301e-01 9.999994110256149593e-01 9.999994014881146143e-01
1.082826904484949409e+04 9.999993983559087862e-01 9.999993871207052409e-01 9.999993711838099930e-01
1.082828915121017963e+04 9.999993761118984859e-01 9.999993585259240314e-01 9.999993308467164388e-01
1.082830925757086334e+04 9.999993515255516385e-01 9.999993219518047427e-01 9.999992729342496167e-01
1.082832936393154887e+04 9.999993234716514356e-01 9.999992712899523628e-01 9.999991840086051020e-01
1.082834947029223258e+04 9.999992897757083998e-01 9.999991953204337980e-01 9.999990404834556701e-01
1.082836957665291811e+04 9.999992461954159140e-01 9.999990737308556144e-01 9.999988016313114958e-01
1.082838968301360001e+04 9.999991844835239840e-01 9.999988703571101034e-01 9.999983983327052073e-01
1.082840978937428554e+04 9.999990887877777679e-01 9.999985219695003424e-01 9.999977153691818055e-01
1.082842989573496925e+04 9.999989291210223952e-01 9.999979201073457835e-01 9.999965641757980750e-01
1.082845000209565478e+04 9.999986498159258996e-01 9.999968823667576556e-01 9.999946418633404166e-01
1.082847010845634031e+04 9.999981496532938108e-01 9.999951081484874660e-01 9.999914710103638971e-01
1.082849021481702403e+04 9.999972486112309600e-01 9.999921121954854497e-01 9.999863132626001239e-01
1.082851032117770956e+04 9.999956338525211041e-01 9.999871273750979839e-01 9.999780482589506470e-01
1.082853042753839327e+04 9.999927746703333176e-01 9.999789662483128394e-01 9.999650079717736784e-01
1.082855053389907880e+04 9.999877928299498731e-01 9.999658292538076143e-01 9.999447553875615569e-01
1.082857064025976251e+04 9.999792714832430596e-01 9.999450461001271329e-01 9.999137957858861281e-01
1.082859074662044804e+04 9.999649832511838810e-01 9.999127364708715326e-01 9.998672089913961392e-01
1.082861085298112994e+04 9.999415170338504799e-01 9.998633765785857053e-01 9.997981923340233390e-01
1.082863095934181547e+04 9.999037845513532030e-01 9.997892595216840705e-01 9.996975074915627202e-01
1.082865106570249918e+04 9.998443922869902911e-01 9.996798399786178679e-01 9.995528314447832408e-01
1.082867117206318471e+04 9.997528724959778845e-01 9.995209584391956392e-01 9.993480250324638936e-01
1.082869127842387024e+04 9.996147768100679398e-01 9.992939497995754206e-01 9.990623557691310497e-01
1.082871138478455396e+04 9.994106430124021223e-01 9.989746620060208082e-01 9.986697489225098145e-01
1.082873149114523949e+04 9.991148400578570010e-01 9.985324527709060760e-01 9.981381953323669176e-01
1.082875159750592320e+04 9.986942666640779009e-01 9.979293082105814561e-01 9.974295147346963208e-01
1.082877170386660873e+04 9.981068304410714020e-01 9.971193434715622805e-01 9.964997498928670483e-01
1.082879181022729244e+04 9.972996349134390925e-01 9.960490925197056367e-01 9.953005288681593399e-01
1.082881191658797798e+04 9.962070211916846940e-01 9.946591349784805747e-01 9.937817484023196979e-01
1.082883202294865987e+04 9.947492618612245874e-01 9.928876740249865662e-01 9.918958630072455263e-01
1.082885212930934540e+04 9.928337737977364075e-01 9.906765852500334368e-01 9.896038799060241642e-01
1.082887223567002911e+04 9.903616128478578418e-01 9.879801304481627966e-01 9.868828482851619288e-01
1.082889234203071464e+04 9.872416369432290839e-01 9.847759546124488228e-01 9.837342168597007497e-01
1.082891244839139836e+04 9.834123991195231618e-01 9.810772250493662305e-01 9.801919846160247474e-01
1.082893255475208389e+04 9.788684707241857019e-01 9.769439844125117345e-01 9.763291932628085368e-01
1.082895266111276942e+04 9.736856864950125257e-01 9.724911974640719770e-01 9.722611339002862341e-01
1.082897276747345313e+04 9.680398641318487263e-01 9.678908174585114654e-01 9.681437792909997064e-01
1.082899287383413866e+04 9.622141805476402965e-01 9.633656793539860930e-01 9.641664686415765129e-01
1.082901298019482238e+04 9.565892958815377378e-01 9.591742152446722791e-01 9.605387376548361056e-01
1.082903308655550791e+04 9.516094087479672892e-01 9.555867536502735682e-01 9.574722718054317072e-01
1.082905319291618980e+04 9.477228772056878192e-01 9.528561505506097928e-01 9.551600436928368021e-01
1.082907329927687533e+04 9.453091987599321344e-01 9.511871815621728565e-01 9.537555114826991032e-01
1.082909340563755904e+04 9.446140550969374106e-01 9.507099690634500666e-01 9.533550695961002797e-01
1.082911351199824458e+04 9.457092714979262738e-01 9.514623822957291033e-01 9.539866232468613427e-01
1.082913361835892829e+04 9.484818265551669958e-01 9.533848201962720204e-01 9.556062273812158114e-01
1.082915372471961382e+04 9.526513280681789819e-01 9.563284057666194826e-01 9.581033702725012535e-01
1.082917383108029753e+04 9.578164481029450839e-01 9.600749792284274386e-01 9.613139912731095693e-01
1.082919393744098306e+04 9.635235845518801412e-01 9.643650436582026364e-01 9.650390357980604961e-01
1.082921404380166859e+04 9.693385343465692472e-01 9.689285398458148402e-01 9.690655470423108486e-01
1.082923415016235231e+04 9.749006282295937797e-01 9.735132719647443533e-01 9.731871214151170957e-01
1.082925425652303784e+04 9.799507779498404236e-01 9.779068786302403948e-01 9.772209983541449985e-01
1.082927436288371973e+04 9.843368420292336607e-01 9.819500434787222787e-01 9.810199543258130150e-01
1.082929446924440526e+04 9.880032452398777032e-01 9.855406176480197011e-01 9.844782767542233914e-01
1.082931457560508898e+04 9.909703655961545898e-01 9.886299854687873312e-01 9.875321458814972919e-01
1.082933468196577451e+04 9.933085442976300472e-01 9.912140363497861095e-01 9.901555469682319366e-01
1.082935478832645822e+04 9.951123280796850823e-01 9.933214316964767976e-01 9.923532644481717346e-01
1.082937489468714375e+04 9.964801521132169437e-01 9.950015829434762926e-01 9.941525695415888153e-01
1.082939500104782746e+04 9.975020235786169476e-01 9.963140994609162027e-01 9.955949805288580867e-01
1.082941510740851299e+04 9.982544681620562077e-01 9.973206666897458383e-01 9.967290712382332885e-01
1.082943521376919671e+04 9.988001045749752560e-01 9.980795864040598042e-01 9.976048537144391881e-01
1.082945532012988224e+04 9.991892177003274256e-01 9.986426890811929136e-01 9.982698651861177108e-01
1.082947542649056413e+04 9.994617216140385674e-01 9.990540585376471716e-01 9.987668053893771214e-01
1.082949553285124966e+04 9.996489050513835961e-01 9.993499579231061025e-01 9.991324133398783447e-01
1.082951563921193519e+04 9.997748922927303106e-01 9.995594355960218946e-01 9.993972254051050053e-01
1.082953574557261891e+04 9.998579025540487164e-01 9.997052353421828075e-01 9.995858843209094458e-01
1.082955585193330444e+04 9.999113687112173299e-01 9.998047759587305183e-01 9.997177343476624234e-01
1.082957595829398815e+04 9.999449279489625031e-01 9.998710698820924003e-01 9.998075112644482232e-01
1.082959606465467368e+04 9.999652711427073903e-01 9.999135143289832328e-01 9.998659990951970222e-01
1.082961617101535739e+04 9.999768328126157346e-01 9.999385200019300646e-01 9.999005708560317895e-01
1.082963627737604293e+04 9.999823067102615592e-01 9.999499536079859974e-01 9.999155581420239303e-01
1.082965638373672664e+04 9.999829744265755771e-01 9.999493705976705282e-01 9.999124076897213387e-01
1.082967649009741217e+04 9.999788315891536827e-01 9.999360092291816882e-01 9.998895868058801373e-01
1.082969659645809406e+04 9.999684870366233325e-01 9.999065091527413740e-01 9.998421979906289003e-01
1.082971670281877959e+04 9.999487953893060332e-01 9.998543088825320169e-01 9.997612597384526456e-01
1.082973680917946331e+04 9.999141645494074027e-01 9.997686684628781517e-01 9.996326084801060441e-01
1.082975691554014884e+04 9.998554599028666168e-01 9.996332585641086732e-01 9.994353791213748117e-01
1.082977702190083437e+04 9.997584105467899329e-01 9.994242580645826823e-01 9.991400324417381018e-01
1.082979712826151808e+04 9.996014150333101256e-01 9.991079125705149000e-01 9.987059216191641609e-01
1.082981723462220361e+04 9.993526511309502869e-01 9.986375312368114265e-01 9.980784335793619899e-01
1.082983734098288733e+04 9.989664221938263644e-01 9.979499460405074629e-01 9.971858110467323177e-01
1.082985744734357286e+04 9.983787251763381887e-01 9.969615376355227543e-01 9.959358651229676118e-01
1.082987755370425657e+04 9.975020963741623170e-01 9.955640606994435871e-01 9.942129295737390793e-01
1.082989766006494210e+04 9.962198611986951002e-01 9.936206953644138862e-01 9.918755821060112332e-01
1.082991776642562400e+04 9.943799676822711042e-01 9.909630154699010651e-01 9.887558461088974404e-01
1.082993787278630953e+04 9.917886791217509490e-01 9.873898763755618591e-01 9.846607518394525638e-01
1.082995797914699324e+04 9.882047885525893083e-01 9.826695177389204172e-01 9.793772246248186875e-01
1.082997808550767877e+04 9.833361212877569368e-01 9.765463375527342338e-01 9.726812153521371407e-01
1.082999819186836248e+04 9.768420489917951643e-01 9.687536921125440292e-01 9.643517362093485534e-01
1.083001829822904801e+04 9.683475154069212110e-01 9.590336131740991865e-01 9.541899762179704148e-01
1.083003840458973355e+04 9.574732725165616687e-01 9.471634862840188074e-01 9.420429504280847244e-01
1.083005851095041726e+04 9.438819966578895215e-01 9.329885683573115873e-01 9.278302396776215710e-01
1.083007861731110279e+04 9.273332574516855997e-01 9.164578621532819547e-01 9.115714184064844794e-01
1.083009872367178650e+04 9.077383680249039299e-01 8.976594675664262279e-01 8.934109158373975124e-01
1.083011883003247203e+04 8.852119037820255221e-01 8.768503110571227444e-01 8.736365209567324985e-01
1.083013893639315393e+04 8.601227018162407312e-01 8.544744557036454413e-01 8.526877368774494759e-01
1.083015904275383946e+04 8.331408709887868635e-01 8.311644789768631858e-01 8.311508667390454796e-01
1.083017914911452317e+04 8.052575855457025922e-01 8.077220787474609365e-01 8.097390848110056494e-01
1.083019925547520870e+04 7.777420658347738991e-01 7.850771411912798037e-01 7.892576354087608159e-01
1.083021936183589241e+04 7.520212650175073232e-01 7.642283337743767113e-01 7.705563538164458270e-01
1.083023946819657795e+04 7.295145936768124839e-01 7.461716811889713696e-01 7.544734859853639009e-01
1.083025957455726166e+04 7.114835088384109385e-01 7.318253520456194927e-01 7.417759453196204333e-01
1.083027968091794719e+04 6.989379214232955828e-01 7.219585428704052843e-01 7.331015481254652411e-01
1.083029978727863272e+04 6.925994689970078610e-01 7.171304705374108579e-01 7.289085229862278803e-01
1.083031989363931643e+04 6.928909206954534383e-01 7.176434054752424130e-01 7.294369449629214408e-01
1.083034000000000196e+04 6.999206492023573034e-01 7.235126240568527933e-01 7.346859145047853756e-01
1.083036010636068386e+04 7.134481743831411205e-01 7.344563848353704572e-01 7.444093079802053259e-01
1.083038021272136939e+04 7.328295012914499695e-01 7.499095463704724684e-01 7.581316062016308921e-01
1.083040031908205310e+04 7.569708974349196318e-01 7.690636002147744898e-01 7.751834630677556515e-01
1.083042042544273863e+04 7.843703296223807353e-01 7.909325778000757534e-01 7.947543126027346583e-01
1.083044053180342235e+04 8.133087902992636176e-01 8.144389235714254438e-01 8.159567802001090886e-01
1.083046063816410788e+04 8.421337545308783534e-01 8.385080142489329535e-01 8.378956049805266204e-01
1.083048074452479159e+04 8.694916026940400222e-01 8.621570713566717448e-01 8.597328746193223514e-01
1.083050085088547712e+04 8.944242141861298290e-01 8.845652899580516149e-01 8.807420201131852533e-01
1.083052095724616265e+04 9.163565974627737587e-01 9.051167178842557393e-01 9.003451279549484765e-01
1.083054106360684636e+04 9.350418301353652373e-01 9.234138101268036802e-01 9.181311491530335100e-01
1.083056116996752826e+04 9.504994021097347145e-01 9.392653245648766580e-01 9.338557290828575219e-01
1.083058127632821379e+04 9.629496406521507179e-01 9.526557951373521016e-01 9.474259228628961749e-01
1.083060138268889932e+04 9.727414367366798986e-01 9.637049215745933095e-01 9.588745593992509253e-01
1.083062148904958303e+04 9.802810655434078813e-01 9.726244362054796699e-01 9.683293921839426499e-01
1.083064159541026856e+04 9.859754450151679839e-01 9.796781978811260894e-01 9.759816300111860965e-01
1.083066170177095228e+04 9.901972397983057617e-01 9.851491201938634701e-01 9.820573246068425854e-01
1.083068180813163781e+04 9.932695502165035384e-01 9.893145187758911607e-01 9.867937658257712741e-01
1.083070191449232152e+04 9.954629153425536003e-01 9.924298319416126057e-01 9.904217870130995749e-01
1.083072202085300705e+04 9.969980844348241833e-01 9.947195759119441538e-01 9.931538947464663147e-01
1.083074212721369076e+04 9.980509456034760696e-01 9.963738649005351444e-01 9.951774840516293130e-01
1.083076223357437630e+04 9.987582310343813274e-01 9.975487642735555438e-01 9.966520729975024695e-01
1.083078233993505819e+04 9.992235215631823930e-01 9.983689828594695115e-01 9.977094249215465727e-01
1.083080244629574372e+04 9.995232321991737168e-01 9.989317716082913856e-01 9.984555341597687317e-01
1.083082255265642743e+04 9.997122552178150379e-01 9.993112509859402026e-01 9.989736463693208446e-01
1.083084265901711296e+04 9.998289905980635162e-01 9.995626753287767396e-01 9.993277010946909344e-01
1.083086276537779850e+04 9.998996034071673256e-01 9.997263474026937269e-01 9.995657812766409744e-01
1.083088287173848221e+04 9.999414624986192601e-01 9.998310351910493221e-01 9.997233136606225035e-01
1.083090297809916774e+04 9.999658029382983981e-01 9.998968352589496789e-01 9.998258826433790158e-01
1.083092308445985145e+04 9.999797083845795020e-01 9.999374880442897240e-01 9.998916030020030821e-01
1.083094319082053698e+04 9.999875337478576487e-01 9.999621892505325960e-01 9.999330516330070528e-01
1.083096329718122070e+04 9.999918908964744446e-01 9.999769635103157306e-01 9.999587919496649713e-01
1.083098340354190623e+04 9.999943089399964125e-01 9.999856754847500362e-01 9.999745426829909078e-01
1.083100350990258812e+04 9.999956623908606845e-01 9.999907530245575327e-01 9.999840499688348316e-01
1.083102361626327365e+04 9.999964402745609160e-01 9.999936902336847844e-01 9.999897212801297508e-01
1.083104372262395736e+04 9.999969102844314950e-01 9.999953881371909103e-01 9.999930747581918800e-01
1.083106382898464290e+04 9.999972160876201555e-01 9.999963794321978794e-01 9.999950499877325871e-01
1.083108393534532661e+04 9.999974334489550865e-01 9.999969730496484077e-01 9.999962178708426963e-01
1.083110404170601214e+04 9.999976017684308882e-01 9.999973448722158098e-01 9.999969190979285383e-01
1.083112414806669767e+04 9.999977413679075333e-01 9.999975933145344165e-01 9.999973534547667020e-01
1.083114425442738138e+04 9.999978627450286650e-01 9.999977725917958971e-01 9.999976361565611205e-01
1.083116436078806692e+04 9.999979714172105849e-01 9.999979121885264055e-01 9.999978326208898149e-01
1.083118446714875063e+04 9.999980704044599822e-01 9.999980280052751525e-01 9.999979794824761514e-01
1.083120457350943616e+04 9.999981614776904948e-01 9.999981286072988640e-01 9.999980970341697528e-01
1.083122467987011805e+04 9.999982457760345778e-01 9.999982186572680121e-01 9.999981964459451200e-01
1.083124478623080358e+04 9.999983241084172692e-01 9.999983007650952160e-01 9.999982838732299761e-01
1.083126489259148730e+04 9.999983971002145422e-01 9.999983764670852260e-01 9.999983627516402240e-01
1.083128499895217283e+04 9.999984652651979777e-01 9.999984467359966933e-01 9.999984350561273994e-01
1.083130510531285654e+04 9.999985290418927919e-01 9.999985122433057150e-01 9.999985019805522901e-01
1.083132521167354207e+04 9.999985888130704659e-01 9.999985734929590642e-01 9.999985642990935064e-01
1.083134531803422760e+04 9.999986449171848202e-01 9.999986308895881804e-01 9.999986225561805497e-01
1.083136542439491132e+04 9.999986976558290497e-01 9.999986847737526441e-01 9.999986771655918760e-01
1.083138553075559685e+04 9.999987472991160864e-01 9.999987354407545714e-01 9.999987284621654204e-01
1.083140563711628056e+04 9.999987940898570349e-01 9.999987831512876513e-01 9.999987767291296237e-01
1.083142574347696427e+04 9.999988382469671144e-01 9.999988281379728061e-01 9.999988222129773119e-01
1.083144584983764798e+04 9.999988799683301455e-01 9.999988706097734381e-01 9.999988651320075306e-01
1.083146595619833352e+04 9.999989194332358222e-01 9.999989107552390566e-01 9.999989056816144251e-01
1.083148606255901723e+04 9.999989568044823640e-01 9.999989487450634540e-01 9.999989440378536099e-01
1.083150616891970276e+04 9.999989922301970591e-01 9.999989847341845817e-01 9.999989803600646265e-01
1.083152627528038647e+04 9.999990258454223291e-01 9.999990188635652366e-01 9.999990147929295192e-01
1.083154638164107200e+04 9.999990577735009545e-01 9.999990512617187299e-01 9.999990474681563768e-01
1.083156648800175572e+04 9.999990881272899923e-01 9.999990820460370466e-01 9.999990785059150733e-01
1.083158659436244125e+04 9.999991170102278115e-01 9.999991113239481422e-01 9.999991080160617329e-01
1.083160670072312678e+04 9.999991445172754512e-01 9.999991391939340168e-01 9.999991360992124267e-01
1.083162680708381049e+04 9.999991707357493986e-01 9.999991657464231132e-01 9.999991628476784244e-01
1.083164691344449238e+04 9.999991957460548919e-01 9.999991910645830151e-01 9.999991883462902020e-01
1.083166701980517792e+04 9.999992196223440599e-01 9.999992152250185562e-01 9.999992126731299669e-01
1.083168712616586345e+04 9.999992424330937935e-01 9.999992382983937667e-01 9.999992359001738107e-01
1.083170723252654716e+04 9.999992642416279942e-01 9.999992603499837651e-01 9.999992580938656950e-01
1.083172733888723269e+04 9.999992851065806487e-01 9.999992814401675867e-01 9.999992793156285975e-01
1.083174744524791640e+04 9.999993050823099416e-01 9.999993016248672761e-01 9.999992996223201480e-01
1.083176755160860193e+04 9.999993242192717346e-01 9.999993209559447926e-01 9.999993190666378595e-01
1.083178765796928565e+04 9.999993425643549649e-01 9.999993394815515080e-01 9.999993376974865011e-01
1.083180776432997118e+04 9.999993601611829597e-01 9.999993572464492830e-01 9.999993555603048367e-01
1.083182787069065489e+04 9.999993770503836643e-01 9.999993742922942408e-01 9.999993726973586128e-01
1.083184797705134042e+04 9.999993932698376664e-01 9.999993906578954483e-01 9.999993891480082331e-01
1.083186808341202232e+04 9.999994088548984639e-01 9.999994063794486188e-01 9.999994049489477899e-01
1.083188818977270785e+04 9.999994238385953027e-01 9.999994214907447221e-01 9.999994201344201139e-01
1.083190829613339338e+04 9.999994382518150315e-01 9.999994360233639412e-01 9.999994347364142833e-01
1.083192840249407709e+04 9.999994521234678579e-01 9.999994500068464243e-01 9.999994487848425928e-01
1.083194850885476262e+04 9.999994654806390049e-01 9.999994634688514905e-01 9.999994623077033129e-01
1.083196861521544633e+04 9.999994783487259342e-01 9.999994764352999610e-01 9.999994753312250184e-01
1.083198872157613187e+04 9.999994907515655784e-01 9.999994889305058310e-01 9.999994878800028131e-01
1.083200882793681558e+04 9.999995027115456958e-01 9.999995009772946197e-01 9.999994999771208981e-01
1.083202893429750111e+04 9.999995142497134504e-01 9.999995125971130605e-01 9.999995116442591536e-01
1.083204904065818482e+04 9.999995253858695587e-01 9.999995238101280215e-01 9.999995229018006082e-01
1.083206914701887035e+04 9.999995361386568860e-01 9.999995346353182102e-01 9.999995337689214780e-01
1.083208925337955225e+04 9.999995465256407146e-01 9.999995450905589944e-01 9.999995442636779863e-01
1.083210935974023778e+04 9.999995565633851280e-01 9.999995551926968984e-01 9.999995544030828576e-01
1.083212946610092149e+04 9.999995662675178476e-01 9.999995649576225443e-01 9.999995642031805909e-01
1.083214957246160702e+04 9.999995756527978452e-01 9.999995744003334908e-01 9.999995736791085221e-01
1.083216967882229255e+04 9.999995847331685228e-01 9.999995835349970719e-01 9.999995828451652136e-01
1.083218978518297627e+04 9.999995935218148890e-01 9.999995923750027993e-01 9.999995917148591928e-01
1.083220989154366180e+04 9.999996020312110767e-01 9.999996009330144320e-01 9.999996003009650192e-01
1.083222999790434551e+04 9.999996102731670833e-01 9.999996092210169385e-01 9.999996086155705788e-01
1.083225010426503104e+04 9.999996182588705151e-01 9.999996172503606839e-01 9.999996166701200506e-01
1.083227021062571475e+04 9.999996259989260006e-01 9.999996250317998436e-01 9.999996244754559838e-01
1.083229031698640028e+04 9.999996335033912720e-01 9.999996325755321491e-01 9.999996320418580442e-01
1.083231042334708218e+04 9.999996407818109168e-01 9.999996398912317508e-01 9.999996393790747673e-01
1.083233052970776771e+04 9.999996478432474634e-01 9.999996469880813033e-01 9.999996464963599729e-01
1.083235063606845142e+04 9.999996546963119126e-01 9.999996538748031627e-01 9.999996534024995221e-01
1.083237074242913695e+04 9.999996613491879405e-01 9.999996605596856991e-01 9.999996601058436241e-01
1.083239084878982067e+04 9.999996678096602087e-01 9.999996670506094976e-01 9.999996666143288193e-01
1.083241095515050620e+04 9.999996740851344601e-01 9.999996733550717831e-01 9.999996729355048464e-01
1.083243106151119173e+04 9.999996801826633863e-01 9.999996794802086253e-01 9.999996790765559584e-01
1.083245116787187544e+04 9.999996861089627265e-01 9.999996854328139229e-01 9.999996850443241270e-01
1.083247127423256097e+04 9.999996918704332494e-01 9.999996912193628296e-01 9.999996908453243627e-01
1.083249138059324468e+04 9.999996974731779620e-01 9.999996968460265201e-01 9.999996964857670312e-01
1.083251148695392840e+04 9.999997029230172085e-01 9.999997023186888434e-01 9.999997019715705093e-01
1.083253159331461211e+04 9.999997082255059899e-01 9.999997076429653076e-01 9.999997073083712884e-01
1.083255169967529764e+04 9.999997133859483966e-01 9.999997128242157363e-01 9.999997125015192001e-01
1.083257180603598135e+04 9.999997184094088221e-01 9.999997178675545939e-01 9.999997175560343399e-01
1.083259191239666688e+04 9.999997233007287267e-01 9.999997227778595343e-01 9.999997224764852755e-01
1.083261201875735060e+04 9.999997280645348541e-01 9.999997275597465318e-01 9.999997272666845127e-01
1.083263212511803613e+04 9.999997327052527751e-01 9.999997322174586367e-01 9.999997319290662157e-01
1.083265223147871984e+04 9.999997372271164364e-01 9.999997367544919413e-01 9.999997364635286878e-01
1.083267233783940537e+04 9.999997416341775969e-01 9.999997411725737306e-01 9.999997408655494358e-01
1.083269244420009090e+04 9.999997459303170411e-01 9.999997454693458909e-01 9.999997451234475809e-01
1.083271255056077462e+04 9.999997501192510185e-01 9.999997496340139458e-01 9.999997492147625344e-01
1.083273265692145833e+04 9.999997542045417909e-01 9.999997536408526955e-01 9.999997531017001950e-01
1.083275276328214204e+04 9.999997581896025167e-01 9.999997574422657687e-01 9.999997567257924436e-01
1.083277286964282757e+04 9.999997620777072438e-01 9.999997609656106068e-01 9.999997600039256529e-01
1.083279297600351128e+04 9.999997658719965710e-01 9.999997641193015818e-01 9.999997628327873533e-01
1.083281308236419682e+04 9.999997695754843097e-01 9.999997668111230142e-01 9.999997651117131792e-01
1.083283318872488053e+04 9.999997731910634791e-01 9.999997689748569840e-01 9.999997667840863080e-01
