# lambda[A]  T_theo  T_instr  T_rot+instr  (He I 10830)
1.082820000000000073e+04 9.999994632938984385e-01 9.999994413766822854e-01 9.999994282322119954e-01
1.082821500000000015e+04 9.999994503908292698e-01 9.999994328844471481e-01 9.999994206266982211e-01
1.082823000000000320e+04 9.999994368806260914e-01 9.999994224288704103e-01 9.999994102643310345e-01
1.082824500000000262e+04 9.999994227011941295e-01 9.999994098550398780e-01 9.999993966171732973e-01
1.082826000000000204e+04 9.999994077697845762e-01 9.999993949346576150e-01 9.999993789390828614e-01
1.082827500000000327e+04 9.999993919696130718e-01 9.999993772550602733e-01 9.999993560305857621e-01
1.082829000000000269e+04 9.999993751269317110e-01 9.999993560594849784e-01 9.999993259120810718e-01
1.082830500000000211e+04 9.999993569720134756e-01 9.999993300189751189e-01 9.999992853738426390e-01
1.082832000000000153e+04 9.999993370733588627e-01 9.999992969000393028e-01 9.999992293392403475e-01
1.082833500000000276e+04 9.999993147278759542e-01 9.999992530703656346e-01 9.999991499444078613e-01
1.082835000000000218e+04 9.999992887796065322e-01 9.999991927570417438e-01 9.999990352028769180e-01
1.082836500000000160e+04 9.999992573240298332e-01 9.999991069362661467e-01 9.999988670824216941e-01
1.082838000000000284e+04 9.999992172316585215e-01 9.999989816874539361e-01 9.999986187678527871e-01
1.082839500000000226e+04 9.999991633903618782e-01 9.999987957844521658e-01 9.999982508147751137e-01
1.082841000000000167e+04 9.999990875164298521e-01 9.999985172189611582e-01 9.999977058142247577e-01
1.082842500000000291e+04 9.999989763147754118e-01 9.999980982533199780e-01 9.999969010866377461e-01
1.082844000000000233e+04 9.999988086729112435e-01 9.999974684799943780e-01 9.999957188064750868e-01
1.082845500000000175e+04 9.999985514451931179e-01 9.999965252230234025e-01 9.999939928277149503e-01
1.082847000000000116e+04 9.999981532172640408e-01 9.999951204543010563e-01 9.999914913386556137e-01
1.082848500000000240e+04 9.999975352313552612e-01 9.999930432190241580e-01 9.999878943271407472e-01
1.082850000000000182e+04 9.999965783999889002e-01 9.999899963776400780e-01 9.999827646915268042e-01
1.082851500000000124e+04 9.999951050428865784e-01 9.999855662867057626e-01 9.999755116972666169e-01
1.082853000000000247e+04 9.999928536613937879e-01 9.999791838722121851e-01 9.999653453641896839e-01
1.082854500000000189e+04 9.999894447377396522e-01 9.999700754117046841e-01 9.999512202871907451e-01
1.082856000000000131e+04 9.999843352448019029e-01 9.999572012516837471e-01 9.999317673567349463e-01
1.082857500000000255e+04 9.999767593178201519e-01 9.999391806573050268e-01 9.999052118729168104e-01
1.082859000000000196e+04 9.999656524221216536e-01 9.999142010301511618e-01 9.998692766633221485e-01
1.082860500000000138e+04 9.999495564028775263e-01 9.998799098390315221e-01 9.998210690613025253e-01
1.082862000000000262e+04 9.999265030720007053e-01 9.998332877892451842e-01 9.997569510434158868e-01
1.082863500000000204e+04 9.998938745064962497e-01 9.997705020207370286e-01 9.996723925659869447e-01
1.082865000000000146e+04 9.998482390040795975e-01 9.996867385270321593e-01 9.995618093318525688e-01
1.082866500000000087e+04 9.997851626093352539e-01 9.995760136569451504e-01 9.994183880605690407e-01
1.082868000000000211e+04 9.996989971222499660e-01 9.994309657615495501e-01 9.992339050666448896e-01
1.082869500000000153e+04 9.995826461838672738e-01 9.992426302135595240e-01 9.989985478065044333e-01
1.082871000000000095e+04 9.994273108052752486e-01 9.990002047637123184e-01 9.987007541983323744e-01
1.082872500000000218e+04 9.992222137841049179e-01 9.986908182161466918e-01 9.983270909353879619e-01
1.082874000000000160e+04 9.989542982932730908e-01 9.982993243154635321e-01 9.978621993876056750e-01
1.082875500000000102e+04 9.986078903342852087e-01 9.978081547410100338e-01 9.972888452828337913e-01
1.082877000000000226e+04 9.981643116933851534e-01 9.971972795793184741e-01 9.965881149467675781e-01
1.082878500000000167e+04 9.976014384283378167e-01 9.964443387754637893e-01 9.957398047451405665e-01
1.082880000000000109e+04 9.968932331940976166e-01 9.955250206472192609e-01 9.947230494564821557e-01
1.082881500000000233e+04 9.960093503864990705e-01 9.944137691810216451e-01 9.935172274971407758e-01
1.082883000000000175e+04 9.949150208095642878e-01 9.930848955715144699e-01 9.921031644755671230e-01
1.082884500000000116e+04 9.935715400982380041e-01 9.915141469198166524e-01 9.904646305869427847e-01
1.082886000000000058e+04 9.919377535416092906e-01 9.896807436273383773e-01 9.885900923412519470e-01
1.082887500000000182e+04 9.899728771592035681e-01 9.875698373116608142e-01 9.864746372384839423e-01
1.082889000000000124e+04 9.876407797821126211e-01 9.851752672956496371e-01 9.841219453158933650e-01
1.082890500000000065e+04 9.849155104794560245e-01 9.825024139654791044e-01 9.815461397324414250e-01
1.082892000000000189e+04 9.817875127413390191e-01 9.795708728196313997e-01 9.787733166139224172e-01
1.082893500000000131e+04 9.782697678599954205e-01 9.764166170665313782e-01 9.758425394170878731e-01
1.082895000000000073e+04 9.744031177491754292e-01 9.730932927176276781e-01 9.728060913585975245e-01
1.082896500000000196e+04 9.702601405557599312e-01 9.696723100873857470e-01 9.697288151166012504e-01
1.082898000000000138e+04 9.659469956154217440e-01 9.662414671340475714e-01 9.666864328327816613e-01
1.082899500000000080e+04 9.616024939974251451e-01 9.629019640834800553e-01 9.637628280224671551e-01
1.082901000000000022e+04 9.573934234858338943e-01 9.597638372024166475e-01 9.610463765060754948e-01
1.082902500000000146e+04 9.535052744352637832e-01 9.569400344135644554e-01 9.586255241581516096e-01
1.082904000000000087e+04 9.501283741890345080e-01 9.545395500280695611e-01 9.565839108152117687e-01
1.082905500000000029e+04 9.474409455257853940e-01 9.526601988917847708e-01 9.549954172545295217e-01
1.082907000000000153e+04 9.455919529951209990e-01 9.513817117211981200e-01 9.539195528249612144e-01
1.082908500000000095e+04 9.446867945578812931e-01 9.507598512349662023e-01 9.533975964195536834e-01
1.082910000000000036e+04 9.447777419320046999e-01 9.508221737932233131e-01 9.534498504451871526e-01
1.082911500000000342e+04 9.458595153018974910e-01 9.515658999609168944e-01 9.540742706046047017e-01
1.082913000000000102e+04 9.478697193834961787e-01 9.529581305499982280e-01 9.552466045788987614e-01
1.082914500000000044e+04 9.506941849573077308e-01 9.549383840086824726e-01 9.569220260712845150e-01
1.082916000000000349e+04 9.541774584714955987e-01 9.574231738031963035e-01 9.590381057736052650e-01
1.082917500000000291e+04 9.581378149125906463e-01 9.603121274010968378e-01 9.615188360020445746e-01
1.082919000000000233e+04 9.623846135915593569e-01 9.634950017308292480e-01 9.642793362416098857e-01
1.082920499999999993e+04 9.667348635403612001e-01 9.668588919535858750e-01 9.672308224408033839e-01
1.082922000000000298e+04 9.710263182318077391e-01 9.702949645321883310e-01 9.702854266763012436e-01
1.082923500000000240e+04 9.751258776282483165e-01 9.737041602021434539e-01 9.733605019792807012e-01
1.082925000000000182e+04 9.789335070491014257e-01 9.770014835556110055e-01 9.763821300887899346e-01
1.082926500000000306e+04 9.823825951656858235e-01 9.801186928231826467e-01 9.792876542150579233e-01
1.082928000000000247e+04 9.854376923402999866e-01 9.830053952119206517e-01 9.820271696416710272e-01
1.082929500000000189e+04 9.880903307412594039e-01 9.856287145401243510e-01 9.845640081880659977e-01
1.082931000000000313e+04 9.903535033738066762e-01 9.879718126761758423e-01 9.868743370804526904e-01
1.082932500000000255e+04 9.922554508421111974e-01 9.900316081306359539e-01 9.889460515992298806e-01
1.082934000000000196e+04 9.938335199467279724e-01 9.918160464136888121e-01 9.907771713854094386e-01
1.082935500000000138e+04 9.951288306276440121e-01 9.933412460814891043e-01 9.923739539636473594e-01
1.082937000000000262e+04 9.961822543222454973e-01 9.946287840570622318e-01 9.937489204810743271e-01
1.082938500000000204e+04 9.970318530262147760e-01 9.957033074468797373e-01 9.949189543973581129e-01
1.082940000000000146e+04 9.977116038163214018e-01 9.965905796595943000e-01 9.959035910784598267e-01
1.082941500000000269e+04 9.982510479467741060e-01 9.973159969244486112e-01 9.967235716777351762e-01
1.082943000000000211e+04 9.986754774397896828e-01 9.979035547200212353e-01 9.973996937913255367e-01
1.082944500000000153e+04 9.990063547376120123e-01 9.983752057146497716e-01 9.979519578637292554e-01
1.082946000000000276e+04 9.992617801820382617e-01 9.987505314624048891e-01 9.983989840498849189e-01
1.082947500000000218e+04 9.994569241314761321e-01 9.990466463153915289e-01 9.987576593988349849e-01
1.082949000000000160e+04 9.996044038486435745e-01 9.992782592100534211e-01 9.990429687278986615e-01
1.082950500000000284e+04 9.997146129676796056e-01 9.994578322414032767e-01 9.992679625502223217e-01
1.082952000000000226e+04 9.997960167346330307e-01 9.995957900292392617e-01 9.994438197655988176e-01
1.082953500000000167e+04 9.998554221386743990e-01 9.997007478436615857e-01 9.995799695042273392e-01
1.082955000000000109e+04 9.998982264429699951e-01 9.997797377028457833e-01 9.996842438832713729e-01
1.082956500000000233e+04 9.999286437176638787e-01 9.998384197297895959e-01 9.997630403478440231e-01
1.082958000000000175e+04 9.999499071956432505e-01 9.998812712448404971e-01 9.998214780611272001e-01
1.082959500000000116e+04 9.999644449510904920e-01 9.999117490136713027e-01 9.998635372252160369e-01
1.082961000000000240e+04 9.999740267475570876e-01 9.999324214539958566e-01 9.998921732795474915e-01
1.082962500000000182e+04 9.999798803393931124e-01 9.999450680013511894e-01 9.999093998244026338e-01
1.082964000000000124e+04 9.999827756998175277e-01 9.999507426459642856e-01 9.999163351066812089e-01
1.082965500000000247e+04 9.999830754250011999e-01 9.999497981254819035e-01 9.999132072420239270e-01
1.082967000000000189e+04 9.999807488678191802e-01 9.999418665328864142e-01 9.998993132627018721e-01
1.082968500000000131e+04 9.999753463983634960e-01 9.999257912628084499e-01 9.998729267720486424e-01
1.082970000000000073e+04 9.999659286356769039e-01 9.998995043487284295e-01 9.998311486245611279e-01
1.082971500000000196e+04 9.999509436586914157e-01 9.998598424282493236e-01 9.997696947953873536e-01
1.082973000000000138e+04 9.999280432424588749e-01 9.998022939291453248e-01 9.996826156174093425e-01
1.082974500000000080e+04 9.998938272825054208e-01 9.997206697385090379e-01 9.995619410330254251e-01
1.082976000000000204e+04 9.998435040151494313e-01 9.996066897710783605e-01 9.993972476513831582e-01
1.082977500000000146e+04 9.997704527089238402e-01 9.994494786909329243e-01 9.991751454898570861e-01
1.082979000000000087e+04 9.996656755268663597e-01 9.992349658086147057e-01 9.988786856385665214e-01
1.082980500000000211e+04 9.995171266020234091e-01 9.989451871970543850e-01 9.984866951022430825e-01
1.082982000000000153e+04 9.993089093646416732e-01 9.985574927971146986e-01 9.979730521613903171e-01
1.082983500000000095e+04 9.990203380059897720e-01 9.980436683529692043e-01 9.973059251480832499e-01
1.082985000000000218e+04 9.986248655017803122e-01 9.973689922686463927e-01 9.964470098219094796e-01
1.082986500000000160e+04 9.980888880689668952e-01 9.964912618827392876e-01 9.953508155603523200e-01
1.082988000000000102e+04 9.973704428315711690e-01 9.953598430943042530e-01 9.939640678980621313e-01
1.082989500000000044e+04 9.964178204277187589e-01 9.939148220861352412e-01 9.922253134828743493e-01
1.082991000000000167e+04 9.951681183093697980e-01 9.920863673014023165e-01 9.900648314227038504e-01
1.082992500000000109e+04 9.935457712342927739e-01 9.897944413117542029e-01 9.874049696523350406e-01
1.082994000000000051e+04 9.914611314084899041e-01 9.869490311379023328e-01 9.841610330847423427e-01
1.082995500000000175e+04 9.888092597540901751e-01 9.834510854028150062e-01 9.802428483380088986e-01
1.082997000000000116e+04 9.854692539351422864e-01 9.791943499011209751e-01 9.755571143142334201e-01
1.082998500000000058e+04 9.813046628373116587e-01 9.740682728798075729e-01 9.700106161459873810e-01
1.083000000000000182e+04 9.761657348102452669e-01 9.679621031003399212e-01 9.635143306072531111e-01
1.083001500000000124e+04 9.698942615291072933e-01 9.607702268652861255e-01 9.559883843706774575e-01
1.083003000000000065e+04 9.623314595012857353e-01 9.523986878131269762e-01 9.473677449617378121e-01
1.083004500000000189e+04 9.533286728550546263e-01 9.427727114829452804e-01 9.376084327160806309e-01
1.083006000000000131e+04 9.427599372703150404e-01 9.318449229321762450e-01 9.266939476772094730e-01
1.083007500000000073e+04 9.305350578624143054e-01 9.196038082885952258e-01 9.146415176286168958e-01
1.083009000000000015e+04 9.166121561106634896e-01 9.060818400216735791e-01 9.015077036163325896e-01
1.083010500000000320e+04 9.010095052799472759e-01 8.913625752596285867e-01 8.873928595536862973e-01
1.083012000000000080e+04 8.838172280468616915e-01 8.755859676750968879e-01 8.724439442671182432e-01
1.083013500000000022e+04 8.652092096300362245e-01 8.589511333016890404e-01 8.568552361440014975e-01
1.083015000000000327e+04 8.454539661342019841e-01 8.417159060880391452e-01 8.408666053957106756e-01
1.083016500000000269e+04 8.249207931560919027e-01 8.241927260194000793e-01 8.247591522379075224e-01
1.083018000000000211e+04 8.040759763770645163e-01 8.067407140431438473e-01 8.088482079042539352e-01
1.083019500000000335e+04 7.834650579391276848e-01 7.897541662140524776e-01 7.934738988767322532e-01
1.083021000000000276e+04 7.636815060543291622e-01 7.736480797522253816e-01 7.789896685516222163e-01
1.083022500000000218e+04 7.453274464966584967e-01 7.588416300159196437e-01 7.657493112589686124e-01
1.083024000000000160e+04 7.289750085465628304e-01 7.457406862015948379e-01 7.540931838841820056e-01
1.083025500000000284e+04 7.151356931163587172e-01 7.347204571361419800e-01 7.443343132316011523e-01
1.083027000000000226e+04 7.042411889318027640e-01 7.261092173217278400e-01 7.367451167979958138e-01
1.083028500000000167e+04 6.966345425790212431e-01 7.201738413243866654e-01 7.315454134939768371e-01
1.083030000000000291e+04 6.925673768993214630e-01 7.171076568869676482e-01 7.288923350095722897e-01
1.083031500000000233e+04 6.921981826693636153e-01 7.170209883329753398e-01 7.288726707113145631e-01
1.083033000000000175e+04 6.955884388399892204e-01 7.199347355371774615e-01 7.314980936351853646e-01
1.083034500000000298e+04 7.026953198593128835e-01 7.257773962294785663e-01 7.367036168539027319e-01
1.083036000000000240e+04 7.133604526653058997e-01 7.343860146743603767e-01 7.443495057277809135e-01
1.083037500000000182e+04 7.272956023928872638e-01 7.455115266742217139e-01 7.542267092703471842e-01
1.083039000000000306e+04 7.440712446560571180e-01 7.588287840167797782e-01 7.660656675819985661e-01
1.083040500000000247e+04 7.631202604139141199e-01 7.739511512483671085e-01 7.795481105060300120e-01
1.083042000000000189e+04 7.837684827646117514e-01 7.904490221148131601e-01 7.943212098743763772e-01
1.083043500000000131e+04 8.052923113724849147e-01 8.078710208226629330e-01 8.100132209433769104e-01
1.083045000000000255e+04 8.269882306304560116e-01 8.257661870171858487e-01 8.262495888422762835e-01
1.083046500000000196e+04 8.482325727763987411e-01 8.437052267567981545e-01 8.426684371483276204e-01
1.083048000000000138e+04 8.685171106137584696e-01 8.612990121306974833e-01 8.589344155954874438e-01
1.083049500000000262e+04 8.874596348517514999e-01 8.782129081919449742e-01 8.747500581021129262e-01
1.083051000000000204e+04 9.047980000795925459e-01 8.941760988722555759e-01 8.898640652674412177e-01
1.083052500000000146e+04 9.203772472037198282e-01 9.089857354233780162e-01 9.040762367500638774e-01
1.083054000000000269e+04 9.341354061045377133e-01 9.225063107662564432e-01 9.172390925484884550e-01
1.083055500000000211e+04 9.460892240915450557e-01 9.346650828432099267e-01 9.292564965499503504e-01
1.083057000000000153e+04 9.563189910749396727e-01 9.454445978524094185e-01 9.400798009715137793e-01
1.083058500000000095e+04 9.649519231870932190e-01 9.548734162240574141e-01 9.497021519501321896e-01
1.083060000000000218e+04 9.721449253900832366e-01 9.630160638568030507e-01 9.581516348375642700e-01
1.083061500000000160e+04 9.780685690797555898e-01 9.699630682825415295e-01 9.654839044850536123e-01
1.083063000000000102e+04 9.828940944564770188e-01 9.758217366572317086e-01 9.717748595234038111e-01
1.083064500000000226e+04 9.867843641133963173e-01 9.807081207489570795e-01 9.771138011699294079e-01
1.083066000000000167e+04 9.898886117995089329e-01 9.847404144216047595e-01 9.815973859712855409e-01
1.083067500000000109e+04 9.923401117220695955e-01 9.880338558676030614e-01 9.853245542131892076e-01
1.083069000000000233e+04 9.942557115499447429e-01 9.906970697725884234e-01 9.883925031396678662e-01
1.083070500000000175e+04 9.957363715904000712e-01 9.928296889644349088e-01 9.908936836991597552e-01
1.083072000000000116e+04 9.968681779605415016e-01 9.945210410849897320e-01 9.929137341995964983e-01
1.083073500000000240e+04 9.977235676629672145e-01 9.958496685171823737e-01 9.945302235362186716e-01
1.083075000000000182e+04 9.983626577661579571e-01 9.968834604622370810e-01 9.958120575987614576e-01
1.083076500000000124e+04 9.988346301582121667e-01 9.976802043068526693e-01 9.968194006101973592e-01
1.083078000000000065e+04 9.991791332679141879e-01 9.982883995175303449e-01 9.976039734678021631e-01
1.083079500000000189e+04 9.994276585175760896e-01 9.987482138057920400e-01 9.982096088283002322e-01
1.083081000000000131e+04 9.996048491290904225e-01 9.990924936915087651e-01 9.986729636374570562e-01
1.083082500000000073e+04 9.997297056486940114e-01 9.993477679542220882e-01 9.990243110228269607e-01
1.083084000000000196e+04 9.998166636190458645e-01 9.995352027536293926e-01 9.992883529919078800e-01
1.083085500000000138e+04 9.998765307800646651e-01 9.996714823335722810e-01 9.994850121843940061e-01
1.083087000000000080e+04 9.999172817093346932e-01 9.997696003803938636e-01 9.996301746901781193e-01
1.083088500000000204e+04 9.999447159079258851e-01 9.998395553315611028e-01 9.997363667818019994e-01
1.083090000000000146e+04 9.999629908526552757e-01 9.998889489871101155e-01 9.998133566671675299e-01
1.083091500000000087e+04 9.999750447493671590e-01 9.999234921633871620e-01 9.998686784675884232e-01
1.083093000000000211e+04 9.999829250717956475e-01 9.999474241646618689e-01 9.999080799764684668e-01
1.083094500000000153e+04 9.999880389175483941e-01 9.999638547592379911e-01 9.999358987114560504e-01
1.083096000000000095e+04 9.999913401858659956e-01 9.999750383242209661e-01 9.999553726343247684e-01
1.083097500000000036e+04 9.999934669541983290e-01 9.999825900517029797e-01 9.999688929218626399e-01
1.083099000000000160e+04 9.999948405078586955e-01 9.999876537709427859e-01 9.999782065303457479e-01
1.083100500000000102e+04 9.999957354926966024e-01 9.999910302092566150e-01 9.999845761764238894e-01
1.083102000000000044e+04 9.999963287785637034e-01 9.999932735429746256e-01 9.999889049028767296e-01
1.083103500000000349e+04 9.999967329421660667e-01 9.999947630073686700e-01 9.999918317297575854e-01
1.083105000000000109e+04 9.999970188508211510e-01 9.999957552401296246e-01 9.999938041083115126e-01
1.083106500000000051e+04 9.999972306641958797e-01 9.999964219971733126e-01 9.999951320735719351e-01
1.083108000000000357e+04 9.999973956538444897e-01 9.999968769472343810e-01 9.999960281881687951e-01
1.083109500000000298e+04 9.999975305400278236e-01 9.999971944461482076e-01 9.999966366237944548e-01
1.083111000000000058e+04 9.999976455254219188e-01 9.999974225194125932e-01 9.999970540634697258e-01
1.083112500000000000e+04 9.999977468291330052e-01 9.999975917359953392e-01 9.999973445422128959e-01
1.083114000000000306e+04 9.999978382585282821e-01 9.999977212221728973e-01 9.999975498793145512e-01
1.083115500000000247e+04 9.999979221724661915e-01 9.999978227220214233e-01 9.999976969794631687e-01
1.083117000000000189e+04 9.999980000648044376e-01 9.999979033424486463e-01 9.999978029630081089e-01
1.083118500000000313e+04 9.999980729140962588e-01 9.999979674118435469e-01 9.999978787974795891e-01
1.083120000000000255e+04 9.999981413911301908e-01 9.999980177255565206e-01 9.999979318409948359e-01
