# EXHALE lower-atmosphere profile (docs/phase_e_flux_closure_design.md section 2)
# solution_id 298a3f5ad26e09b8ebd064cfcb6b53c1d6b22ad432f05754b6bea34ae7ab9fee
# source_code photochem
# source_version photochem 0.9.0, photochem_to_lower_profile.py
# mechanism zahnle_HHeNOC_rxns.yaml sha256 908cc51ef08cfce6
# stellar_flux lhs1140_sed_gj1132_at_b.txt sha256 37a95348aeb58b91 dilution 1.000000E+00
# p_match_bar 9.99999999999999955E-07
# p_top_bar 1.09676024633863937E-08
# p_deep_bar 1.67309812458247755E+01
# trial_flux_H 7.04657942919079866E+06
# trial_flux_He 6.52544617097069621E+07
# measured_flux_H 7.04723064463788737E+06
# measured_flux_He 6.52604888487534001E+07
# iteration 3
# reached_steady_state T
# notes F_H and F_He columns are the STATED trial fluxes; the header measured_flux_* are what the solution carries across its own top. measured elemental escape at the model top (r_top = 1.170480e+09 cm): H 7.047231e+06 g/s, He 6.526049e+07 g/s; imposed H 7.046579e+06, He 6.525446e+07; atomic-H share of the hydrogen nuclei at the top 9.511e-40 imposed, 2.020e-04 converged. climate solved: deep boundary 20 bar at 428.1 K, background He, tropopause 2.362 bar at 185.4 K, cold-trap f_H2O 6.174e-08 (deep 6.381e-05). cold trap at the match: O/H gas 8.8627e-07 vs all-carrier 8.8627e-07; C/H gas 2.7780e-04 vs all-carrier 2.7780e-04; N/H gas 8.1907e-05 vs all-carrier 8.1907e-05; chemistry q_H2O at the tropopause (2.362 bar) 4.4439e-07, at the match 8.8629e-08.
# units p[bar] r[R_J] T[K] n_tot[cm^-3] rho[g/cm^3] Kzz[cm^2/s] q_*[-] X_*[El/H nuclei] F_*[g/s]
# columns: p r T n_tot rho Kzz q_H2 q_H X_He X_C X_N X_O F_H F_He q_H2O q_CO q_CO2 q_CH4 q_NH3 q_HCN q_N2 q_OH q_C2H2
  1.67309812458247755E+01   1.56499511149254061E-01   3.99152947934704571E+02   3.03597917777997398E+20   1.96596343959156176E-03   1.00000000000000000E+09   5.24981682984837286E-02   6.49688017032292918E-28   8.99999999999998401E+00   2.77587999999998102E-04   8.18464999999997796E-05   6.06177999999993138E-04   7.04657942919079866E+06   6.52544617097069621E+07   6.38103499216580156E-05   9.65266678092027221E-24   1.86902719433542162E-23   2.92207691701794918E-05   8.61561331070952344E-06   2.03772569807192577E-30   4.83021519667493997E-11   1.78690171860519275E-38   4.95133229761419979E-46
  1.58074902624343174E+01   1.56537028119299593E-01   3.90868032774010203E+02   2.92920311468901597E+20   1.89682006780880958E-03   1.00000000000000000E+09   5.24981682988426013E-02   1.35347879679690504E-28   9.00000000013649704E+00   2.77587999999919226E-04   8.18460967523975048E-05   6.06178000009185546E-04   7.04657942919079866E+06   6.52544617097069621E+07   6.38103499230630332E-05   9.65266678098619100E-24   5.75288450266631385E-23   2.92207691703792459E-05   8.61561331076841594E-06   2.03772569808584452E-30   2.70778824381673162E-11   7.72494998052028907E-39   1.00000000001363109E-40
  1.41228041190705333E+01   1.56609211289061939E-01   3.74424194468369365E+02   2.73195630382470824E+20   1.76909187028700000E-03   1.00000000000000000E+09   5.24981686490044452E-02   3.20005616879882792E-14   9.00000113832468607E+00   2.77588035102688008E-04   8.18461071023156793E-05   6.06114843233483301E-04   7.04657942919079866E+06   6.52544617097069621E+07   6.38036939739098036E-05   1.23727955131523120E-17   3.82550025800774616E-22   2.92207692429964003E-05   8.61561286779429448E-06   1.62096658625959374E-15   2.72482129475079443E-11   2.50346231871623402E-25   4.00231715157447687E-15
  1.25538442674807484E+01   1.56681394443333011E-01   3.57240443282947695E+02   2.54526399801553715E+20   1.64819824895437927E-03   1.00000000000000000E+09   5.24981694564424090E-02   6.66703305640853263E-14   9.00000376576129213E+00   2.77588116138318200E-04   8.18461309954147129E-05   6.05969050689148881E-04   7.04657942919079866E+06   6.52544617097069621E+07   6.37883292351734866E-05   2.56391740897466455E-17   7.31268526957333494E-22   2.92207695612332414E-05   8.61561246337776837E-06   3.36012619731717984E-15   2.74309471600846483E-11   1.96797231925191822E-25   8.29978577551337163E-15
  1.10962500843312579E+01   1.56753577574864134E-01   3.40251652723856353E+02   2.36206970799474213E+20   1.52956968154027836E-03   1.00000000000000000E+09   5.24981713711881112E-02   1.05523937007350574E-13   9.00000999967717696E+00   2.77588308408758112E-04   8.18461876858031127E-05   6.05623141014062852E-04   7.04657942919079866E+06   6.52544617097069621E+07   6.37518746496512829E-05   3.98828290621444975E-17   1.10636913875947110E-21   2.92207704858861026E-05   8.61561220006256560E-06   5.23087682724636592E-15   2.76274512278738166E-11   1.08185572744049500E-25   1.29339004284499385E-14
  9.74831395518489963E+00   1.56825760685695870E-01   3.23813457482861395E+02   2.18047610211634774E+20   1.41197740640594972E-03   1.00000000000000000E+09   5.24981760559629501E-02   1.51030802257819291E-13   9.00002525579112067E+00   2.77588778951540368E-04   8.18463264240599440E-05   6.04776605624841195E-04   7.04657942919079866E+06   6.52544617097069621E+07   6.36626605309956509E-05   5.52275748657256729E-17   1.51172824525342810E-21   2.92207729409657094E-05   8.61561234475084138E-06   7.25255144493182311E-15   2.78396952542482424E-11   5.05895520116530182E-26   1.79641380947577791E-14
  8.50602314955883720E+00   1.56897943766961145E-01   3.06511302623676784E+02   2.01000336214840246E+20   1.30158593290596175E-03   1.00000000000000000E+09   5.24981878752645154E-02   2.06587993244648418E-13   9.00006375018758398E+00   2.77589966234979574E-04   8.18466764914225608E-05   6.02640619653652056E-04   7.04657942919079866E+06   6.52544617097069621E+07   6.34375559107060952E-05   7.17957414991033222E-17   1.95123308007903203E-21   2.92207793543437676E-05   8.61561360773092512E-06   9.44453258728161686E-15   2.80696379450376296E-11   1.98544328775850613E-26   2.34522326009404760E-14
  7.36589950387653492E+00   1.56970126781208558E-01   2.90004148872927317E+02   1.83966309233968644E+20   1.19127885465143213E-03   1.00000000000000000E+09   5.24982187627875685E-02   2.76776315524167776E-13   9.00016435434642759E+00   2.77593069176316229E-04   8.18475913855062844E-05   5.97058274416199862E-04   7.04657942919079866E+06   6.52544617097069621E+07   6.28492593010995072E-05   8.97631262933726645E-17   2.42987194502617585E-21   2.92207963665221835E-05   8.61561793978679969E-06   1.18316921844661865E-14   2.83198006159705571E-11   9.36154241768433612E-27   2.94745759656531375E-14
  6.32540594559681502E+00   1.57042309649817691E-01   2.73189852290623492E+02   1.67702893726824595E+20   1.08595839471168753E-03   1.00000000000000000E+09   5.24983024915688587E-02   3.67001921096263626E-13   9.00043708479505078E+00   2.77601481027500913E-04   8.18500715977849491E-05   5.81924950596701554E-04   7.04657942919079866E+06   6.52544617097069621E+07   6.12544935062351383E-05   1.09366578292046057E-16   2.95402563415817419E-21   2.92208427733132454E-05   8.61563087367476065E-06   1.44458492602351503E-14   2.85934244789942760E-11   8.50088088508323774E-27   3.61257081235232763E-14
  5.38023441942856806E+00   1.57114492121941507E-01   2.56257038142268243E+02   1.52069498468446437E+20   9.84708511604365146E-04   1.00000000000000000E+09   5.24985380032096313E-02   4.82005553793308763E-13   9.00120430928513215E+00   2.77625144612853850E-04   8.18570487440380069E-05   5.39353041115069802E-04   7.04657942919079866E+06   6.52544617097069621E+07   5.67687113522886134E-05   1.30859804687316620E-16   3.53074203421959491E-21   2.92209736429759778E-05   8.61566863609400678E-06   1.73221512959563714E-14   2.88941120933945674E-11   1.43605627939730943E-26   4.35081461144163682E-14
  4.52737002770794295E+00   1.57186673453536208E-01   2.39737968993186257E+02   1.36781035409637016E+20   8.85668209724899277E-04   1.00000000000000000E+09   5.24992195484213567E-02   6.27145598110778544E-13   9.00342527971630346E+00   2.77693646245135339E-04   8.18772462713024662E-05   4.16115382240027549E-04   7.04657942919079866E+06   6.52544617097069621E+07   4.37873000498582702E-05   1.54590274275186010E-16   4.16965793549168990E-21   2.92213527527170617E-05   8.61577950238002062E-06   2.05086583163551196E-14   2.92268967440900845E-11   2.48883662314853352E-26   5.17557089754436384E-14
  3.76320556696856690E+00   1.57258852310398489E-01   2.22834380524786809E+02   1.22318588824397021E+20   7.91932298334923571E-04   1.00000000000000000E+09   5.25008749737610331E-02   8.11079056207080286E-13   9.00882419303404625E+00   2.77860165522236758E-04   8.19263440451121707E-05   1.16539384843074349E-04   7.04657942919079866E+06   6.52544617097069621E+07   1.22563305441264812E-05   1.80990379415647132E-16   4.88247454630869118E-21   2.92222738999585093E-05   8.61605008061966616E-06   2.40637263550594637E-14   2.95979868658980747E-11   1.75649127759280857E-26   6.10263915449709685E-14
  3.08376895030040510E+00   1.57331034017032578E-01   2.06227697204356303E+02   1.08305760516601446E+20   7.01183423072239214E-04   1.00000000000000000E+09   5.25013928342930869E-02   1.04782675480385356E-12   9.01051437075690487E+00   2.77912295854650625E-04   8.19417145373471173E-05   2.27544589199138089E-05   7.04657942919079866E+06   6.52544617097069621E+07   2.39263839489949638E-06   2.10603326086496945E-16   5.68395524366198088E-21   2.92225618369461981E-05   8.61613383338785870E-06   2.80609981961321197E-14   3.00138011257044714E-11   9.42922331678203518E-27   7.15141807547213856E-14
  2.49158694006170167E+00   1.57403216754065545E-01   1.94063926300697347E+02   9.29925055574441329E+19   6.02039476971346385E-04   1.00000000000000000E+09   5.25014951225108092E-02   1.36186877659952722E-12   9.01084828169731367E+00   2.77922594698818348E-04   8.19447511245153284E-05   4.22633829945023338E-06   7.04657942919079866E+06   6.52544617097069621E+07   4.44385172155443444E-07   2.44545161366475050E-16   6.60449499047972658E-21   2.92226184167262878E-05   8.61614920227520603E-06   3.26520613938550635E-14   3.04902891415536297E-11   4.47391509474622271E-27   8.36135788527268909E-14
  1.99068481767239702E+00   1.57475399690010009E-01   1.85888243561056811E+02   7.75652680606107730E+19   5.02161930506539326E-04   1.00000000000000000E+09   5.25015129178137002E-02   1.79093527793017720E-12   9.01090636899582620E+00   2.77924386282473379E-04   8.19452793681183899E-05   1.00317561684387758E-06   7.04657942919079866E+06   6.52544617097069621E+07   1.05479871701846270E-07   2.84651035815449868E-16   7.69419274960247131E-21   2.92226279003952378E-05   8.61615044444932472E-06   3.80867763300329900E-14   3.10533165508429185E-11   2.53161168652000435E-27   9.79793001616292589E-14
  1.58252726557676748E+00   1.57547582653106200E-01   1.85419872770835980E+02   6.18175288016088596E+19   4.00210158512639177E-04   1.00000000000000000E+09   5.25015135636468927E-02   2.39604758051965494E-12   9.01090846799677614E+00   2.77924451009910493E-04   8.19452984526328898E-05   8.86701107539382016E-07   7.04657942919079866E+06   6.52544617097069621E+07   9.32330238917746329E-08   3.33917170714428159E-16   9.03501491978864422E-21   2.92226277393146366E-05   8.61614848536522196E-06   4.47739387816008912E-14   3.17449320979453017E-11   3.32306477689004377E-27   1.15690245550933196E-13
  1.25795598791503904E+00   1.57619765602274253E-01   1.85419872770835980E+02   4.91389514769292165E+19   3.18128335779794256E-04   1.00000000000000000E+09   5.25015135671959565E-02   3.25453229072075451E-12   9.01090846788830646E+00   2.77924450991065542E-04   8.19452984468230976E-05   8.86701107473888687E-07   7.04657942919079866E+06   6.52544617097069621E+07   9.32330222501475556E-08   3.95790885136515196E-16   1.07217126700172663E-20   2.92226270839818607E-05   8.61614588792556866E-06   5.31861068757245559E-14   3.26135222447133856E-11   4.82504956718301056E-27   1.38009253222977693E-13
  1.00016343858547940E+00   1.57691948536245963E-01   1.85419872770835980E+02   3.90689206536611267E+19   2.52934389820177346E-04   1.00000000000000000E+09   5.25015135715989345E-02   4.45989638163999359E-12   9.01090846775201193E+00   2.77924450967363527E-04   8.19452984395156698E-05   8.86701107391512404E-07   7.04657942919079866E+06   6.52544617097069621E+07   9.32330201828842384E-08   4.73578961798366586E-16   1.28457341009903718E-20   2.92226262554863955E-05   8.61614261651686457E-06   6.37793651002006718E-14   3.37054819289045972E-11   7.17254325469667628E-27   1.66162228114099351E-13
  7.95367168101377864E-01   1.57764131456009760E-01   1.85419872770835980E+02   3.10690588980414095E+19   2.01142834845453313E-04   1.00000000000000000E+09   5.25015135770572836E-02   6.13720785615696120E-12   9.01090846758078712E+00   2.77924450937558701E-04   8.19452984303265821E-05   8.86701107287924086E-07   7.04657942919079866E+06   6.52544617097069621E+07   9.32330175801810478E-08   5.71349542088263407E-16   1.55198980862075942E-20   2.92226252080284784E-05   8.61613849710265337E-06   7.71163816065172394E-14   3.50778606449081679E-11   1.09728562234397726E-26   2.01664658732167179E-13
  6.32638149113273984E-01   1.57836314360008251E-01   1.85419872770835980E+02   2.47124506822023045E+19   1.59989795715460267E-04   1.00000000000000000E+09   5.25015135838191038E-02   8.45332694363678888E-12   9.01090846736572892E+00   2.77924450900087806E-04   8.19452984187738794E-05   8.86701107157688006E-07   7.04657942919079866E+06   6.52544617097069621E+07   9.32330143040508372E-08   6.94201330694566563E-16   1.88859810702626119E-20   2.92226238835716650E-05   8.61613331117736764E-06   9.39042463006796873E-14   3.68021182746234136E-11   1.72390114373960682E-26   2.46424586712878423E-13
  5.03308194681868826E-01   1.57908497247878477E-01   1.85419872770835980E+02   1.96604946389297439E+19   1.27283148133520079E-04   1.00000000000000000E+09   5.25015135921901507E-02   1.16289245182067839E-11   9.01090846709567117E+00   2.77924450852989142E-04   8.19452984042527124E-05   8.86701106993984807E-07   7.04657942919079866E+06   6.52544617097069621E+07   9.32330101811256427E-08   8.48522011298616968E-16   2.31221119725346375E-20   2.92226222085364764E-05   8.61612678443061899E-06   1.15031351868087916E-13   3.89677159648509071E-11   2.76027908638036676E-26   3.02844105649052323E-13
  4.00500818982909568E-01   1.57980680121745404E-01   1.85419872770835980E+02   1.56445777909050204E+19   1.01283876575779599E-04   1.00000000000000000E+09   5.25015136025479834E-02   1.59536361481598116E-11   9.01090846675661616E+00   2.77924450793801082E-04   8.19452983860038958E-05   8.86701106788257444E-07   7.04657942919079866E+06   6.52544617097069621E+07   9.32330049936308582E-08   1.04231077233482952E-15   2.84520458935813623E-20   2.92226200895787063E-05   8.61611857243939030E-06   1.41613645050582401E-13   4.16865847952910674E-11   4.46764282741394704E-26   3.73947069960026761E-13
  3.18759747189156395E-01   1.58052862979863207E-01   1.85419872770835980E+02   1.24515642044736451E+19   8.06121270194888194E-05   1.00000000000000000E+09   5.25015136153597559E-02   2.18050490741975566E-11   9.01090846633103837E+00   2.77924450719436794E-04   8.19452983630757168E-05   8.86701106529773694E-07   7.04657942919079866E+06   6.52544617097069621E+07   9.32329984680691273E-08   1.28558074675028488E-15   3.51567915176649919E-20   2.92226174081982658E-05   8.61610824272127610E-06   1.75052616639841299E-13   4.50986816327625751E-11   7.26433589571352415E-26   4.63539730496616185E-13
  2.53754687135689661E-01   1.58125045823258592E-01   1.85419872770835980E+02   9.91230168463268250E+18   6.41727986398841463E-05   1.00000000000000000E+09   5.25015136312041025E-02   2.96724565494861308E-11   9.01090846579696603E+00   2.77924450626024591E-04   8.19452983342742385E-05   8.86701106205073037E-07   7.04657942919079866E+06   6.52544617097069621E+07   9.32329902610341819E-08   1.59086102998180235E-15   4.35891865216252623E-20   2.92226140138497734E-05   8.61609525230070994E-06   2.17107994222467172E-13   4.93788896238876776E-11   1.18167898502711572E-25   5.76412727364652819E-13
  2.02048244832958857E-01   1.58197228650204913E-01   1.85419872770835980E+02   7.89251690379173683E+18   5.10965983616650530E-05   1.00000000000000000E+09   5.25015136507991434E-02   4.01866921692722007E-11   9.01090846512689225E+00   2.77924450508710555E-04   8.19452982981026384E-05   8.86701105797278553E-07   7.04657942919079866E+06   6.52544617097069621E+07   9.32329799414329313E-08   1.97382274433584547E-15   5.41921645899321025E-20   2.92226097151330834E-05   8.61607891963817733E-06   2.69988846271176918E-13   5.47455791708480863E-11   1.91769478690652199E-25   7.18595012967381619E-13
  1.60911238554615477E-01   1.58269411464045329E-01   1.85419872770835980E+02   6.28560110161967206E+18   4.06933350740180635E-05   1.00000000000000000E+09   5.25015136750371092E-02   5.41578274980776256E-11   9.01090846428634151E+00   2.77924450361409004E-04   8.19452982526843116E-05   8.86701105285232420E-07   7.04657942919079866E+06   6.52544617097069621E+07   9.32329669682086147E-08   2.45405958374243932E-15   6.75216442321030153E-20   2.92226042685206569E-05   8.61605838940700792E-06   3.36467736797737580E-13   6.14712158178362947E-11   3.09938746678824014E-25   8.97672954741953152E-13
  1.28176331030636859E-01   1.58341594261941554E-01   1.85419872770835980E+02   5.00689258727124275E+18   3.24149042284398777E-05   1.00000000000000000E+09   5.25015137050276609E-02   7.26230830451351292E-11   9.01090846323218919E+00   2.77924450176494150E-04   8.19452981956676372E-05   8.86701104642420069E-07   7.04657942919079866E+06   6.52544617097069621E+07   9.32329506624342287E-08   3.05606067601138366E-15   8.42752027758910627E-20   2.92225973639257293E-05   8.61603258817837520E-06   4.20023732719610652E-13   6.98954862921885661E-11   4.98485478440796079E-25   1.12319120785941223E-12
  1.02122005233178575E-01   1.58413777044374787E-01   1.85419872770835980E+02   3.98914453930704230E+18   2.58259461204955786E-05   1.00000000000000000E+09   5.25015137421515482E-02   9.69080378680315756E-11   9.01090846191042338E+00   2.77924449944410158E-04   8.19452981241057673E-05   8.86701103835615363E-07   7.04657942919079866E+06   6.52544617097069621E+07   9.32329301723588659E-08   3.81042278219126429E-15   1.05327990235236035E-19   2.92225886062183642E-05   8.61600016852527895E-06   5.25021519034544564E-13   8.04415151627995985E-11   7.97988817622913306E-25   1.40715611420545761E-12
  8.13805739030943470E-02   1.58485959811663218E-01   1.85419872770835980E+02   3.17893162448135731E+18   2.05805821377345993E-05   1.00000000000000000E+09   5.25015137881278890E-02   1.28705119994857820E-10   9.01090846025346615E+00   2.77924449653185865E-04   8.19452980343070070E-05   8.86701102823194257E-07   7.04657942919079866E+06   6.52544617097069621E+07   9.32329044296395500E-08   4.75536023635929410E-15   1.31777701650919435E-19   2.92225774915482803E-05   8.61595943839440374E-06   6.56935691787819003E-13   9.36358643412721699E-11   1.27302220803046534E-24   1.76466757336342458E-12
  6.48652290794384523E-02   1.58558142563962223E-01   1.85419872770835980E+02   2.53380036733820826E+18   1.64039660921716498E-05   1.00000000000000000E+09   5.25015138450965271E-02   1.70174144691311576E-10   9.01090845817673269E+00   2.77924449287827297E-04   8.19452979216472611E-05   8.86701101553018060E-07   7.04657942919079866E+06   6.52544617097069621E+07   9.32328720945428371E-08   5.93858513508311539E-15   1.65000880958795248E-19   2.92225633770179215E-05   8.61590827210124024E-06   8.22631565350565257E-13   1.10133147858041079E-10   2.02809222415153813E-24   2.21471178718464283E-12
  5.17121786605827319E-02   1.58630325301263808E-01   1.85419872770835980E+02   2.02000885752792422E+18   1.30776509583196138E-05   1.00000000000000000E+09   5.25015139157209154E-02   2.24070105354554747E-10   9.01090845557445519E+00   2.77924448829559216E-04   8.19452977803362530E-05   8.86701099959800861E-07   7.04657942919079866E+06   6.52544617097069621E+07   9.32328314873550382E-08   7.41964776357178092E-15   2.06723396873425475E-19   2.92225454418582876E-05   8.61584399921898830E-06   1.03071666051011037E-12   1.30746256462729279E-10   3.23415268386848291E-24   2.78115529850888936E-12
  4.12347402236533864E-02   1.58702508023395611E-01   1.85419872770835980E+02   1.61073353796121421E+18   1.04279795188360626E-05   1.00000000000000000E+09   5.25015140033148128E-02   2.93904164629198385E-10   9.01090845231430748E+00   2.77924448254874439E-04   8.19452976031242482E-05   8.86701097961798369E-07   7.04657942919079866E+06   6.52544617097069621E+07   9.32327805025451583E-08   9.27284891041988009E-15   2.59108639622421178E-19   2.92225226377734004E-05   8.61576326730157041E-06   1.29198057264218774E-12   1.56483371361015740E-10   5.16952494418809199E-24   3.49399068909305104E-12
  3.28869135776615334E-02   1.58774690730021345E-01   1.85419872770835980E+02   1.28464625634249114E+18   8.31687211611339740E-06   1.00000000000000000E+09   5.25015141119991799E-02   3.84146153104784663E-10   9.01090844823084502E+00   2.77924447534349725E-04   8.19452973809365421E-05   8.86701095456693239E-07   7.04657942919079866E+06   6.52544617097069621E+07   9.32327165013676165E-08   1.15908625821131993E-14   3.24867871439958689E-19   2.92224936255305088E-05   8.61566187250210262E-06   1.61994532840405129E-12   1.88593152823736648E-10   8.27988360376530565E-24   4.39089662305574456E-12
  2.62344688500038559E-02   1.58846873420753015E-01   1.85419872770835980E+02   1.02478489249849446E+18   6.63451503008043791E-06   1.00000000000000000E+09   5.25015142468956281E-02   5.00481171483973241E-10   9.01090844311721817E+00   2.77924446631162207E-04   8.19452971024162662E-05   8.86701092316432302E-07   7.04657942919079866E+06   6.52544617097069621E+07   9.32326361775158330E-08   1.44892408985467646E-14   4.07398266892121791E-19   2.92224566941640254E-05   8.61553454841941207E-06   2.03155384123207490E-12   2.28619712717153774E-10   1.32670020407703922E-23   5.51919019601681207E-12
  2.09319947607739462E-02   1.58919056098496103E-01   1.85419872770835980E+02   8.17656805759786624E+17   5.29355614612176223E-06   1.00000000000000000E+09   5.25015144143641949E-02   6.50137918695540340E-10   9.01090843671489594E+00   2.77924445499240394E-04   8.19452967533531755E-05   8.86701088380795039E-07   7.04657942919079866E+06   6.52544617097069621E+07   9.32325353890990823E-08   1.81120140994147203E-14   5.10955555372040970E-19   2.92224096583268285E-05   8.61537469912141068E-06   2.54803093980745196E-12   2.78469208913897967E-10   2.12680606908222064E-23   6.93826851867544210E-12
  1.67046746047037238E-02   1.58991238759494752E-01   1.85419872770835980E+02   6.52526958593298048E+17   4.22449622743382225E-06   1.00000000000000000E+09   5.25015146222959500E-02   8.42310883319354669E-10   9.01090842870078390E+00   2.77924444080951405E-04   8.19452963159705421E-05   8.86701083449350056E-07   7.04657942919079866E+06   6.52544617097069621E+07   9.32324089485448912E-08   2.26386494230540202E-14   6.40869894722552490E-19   2.92223497283484123E-05   8.61517405848137458E-06   3.19596000496959535E-12   3.40490113071350001E-10   3.99924584968840752E-23   8.72266008039563124E-12
  1.33338131002606140E-02   1.59063421406162642E-01   1.85419872770835980E+02   5.20852558619404992E+17   3.37202875564377372E-06   1.00000000000000000E+09   5.25015148804716461E-02   1.08870216822880667E-09   9.01090841867121561E+00   2.77924442304214282E-04   8.19452957680343069E-05   8.86701077271414352E-07   7.04657942919079866E+06   6.52544617097069621E+07   9.32322503599436244E-08   2.82926953841934797E-14   8.03815745638566902E-19   2.92222733464339572E-05   8.61492225505667523E-06   4.00862892684423415E-12   4.17569366479093493E-10   4.25985715702314335E-22   1.09658359242277685E-11
  1.06453397192190335E-02   1.59135604036589107E-01   1.85419872770835980E+02   4.15833969505665280E+17   2.69213250267553797E-06   1.00000000000000000E+09   5.25015152009997432E-02   1.40421103916635263E-09   9.01090840612196331E+00   2.77924440078898755E-04   8.19452950817411622E-05   8.86701069533525280E-07   7.04657942919079866E+06   6.52544617097069621E+07   9.32320514907456875E-08   3.53525154861669710E-14   1.00814918520971995E-18   2.92221759811318470E-05   8.61460626015340351E-06   5.02771240485931488E-12   5.13246696611079539E-10   1.11130030734359529E-20   1.37849675738999441E-11
  8.50067447671708047E-03   1.59207786653459860E-01   1.85419872770835980E+02   3.32057905559080064E+17   2.14976155247091942E-06   1.00000000000000000E+09   5.25015155988524523E-02   1.80779947376826845E-09   9.01090839042327651E+00   2.77924437292325374E-04   8.19452942223298787E-05   8.86701059843787589E-07   7.04657942919079866E+06   6.52544617097069621E+07   9.32318021613832489E-08   4.41646111692971496E-14   1.26432941759634917E-18   2.92220518706517040E-05   8.61420969731316964E-06   6.30537420536376526E-12   6.31849237101555071E-10   1.81619751475266211E-19   1.73268649189656548E-11
  6.78946921715927951E-03   1.59279969254132209E-01   1.85419872770835980E+02   2.65213887942975680E+17   1.71700962258921856E-06   1.00000000000000000E+09   5.25015160925172072E-02   2.32356065596521835E-09   9.01090837078887041E+00   2.77924433803656710E-04   8.19452931463490080E-05   8.86701047712361490E-07   7.04657942919079866E+06   6.52544617097069621E+07   9.32314896316734935E-08   5.51601521569472404E-14   1.58544528652960101E-18   2.92218937037104796E-05   8.61371199366457442E-06   7.90689366867854293E-12   7.78648157667789975E-10   1.84291634026999799E-18   2.17753849883805840E-11
  5.42383811571596486E-03   1.59352151839213779E-01   1.85419872770835980E+02   2.11868873432228992E+17   1.37165099809218900E-06   1.00000000000000000E+09   5.25015167047882328E-02   2.98201178208695621E-09   9.01090834623716930E+00   2.77924429436893466E-04   8.19452917994941023E-05   8.86701032527101566E-07   7.04657942919079866E+06   6.52544617097069621E+07   9.32310979555531581E-08   6.88754781954283482E-14   1.98787200295312413E-18   2.92216922241384126E-05   8.61308735998742882E-06   9.91394651819855648E-12   9.60038104823423059E-10   1.25943976086889291E-17   2.73606722800761886E-11
  4.33377091860996742E-03   1.59424334409510676E-01   1.85419872770835980E+02   1.69288083945338336E+17   1.09598057185693530E-06   1.00000000000000000E+09   5.25015174637234669E-02   3.82160802564947553E-09   9.01090831554302696E+00   2.77924423972141605E-04   8.19452901139097045E-05   8.86701013523175076E-07   7.04657942919079866E+06   6.52544617097069621E+07   9.32306071659146167E-08   8.59775137178467280E-14   2.49208631375841712E-18   2.92214357422119900E-05   8.61230361119026412E-06   1.24287021067355748E-11   1.18373866971171862E-09   6.23604933026134519E-17   3.43706665849336066E-11
  3.46348571150701485E-03   1.59496516965193208E-01   1.85419872770835980E+02   1.35292536427177024E+17   8.75891485023478142E-07   1.00000000000000000E+09   5.25015184037987415E-02   4.89043053103741572E-09   9.01090827717770715E+00   2.77924417134721381E-04   8.19452880048230498E-05   8.86700989745177136E-07   7.04657942919079866E+06   6.52544617097069621E+07   9.32299922436509786E-08   1.07295249383432998E-13   3.12366671853366723E-18   2.92211095312872285E-05   8.61132088327092739E-06   1.55789391730568511E-11   1.45901460947047823E-09   2.38013759547269285E-16   4.31653764820250951E-11
  2.76852817149190068E-03   1.59568699505399425E-01   1.85419872770835980E+02   1.08145732273934096E+17   7.00141547958542739E-07   1.00000000000000000E+09   5.25015195672892537E-02   6.24799340754222155E-09   9.01090822923394974E+00   2.77924408581584504E-04   8.19452853663445976E-05   8.86700959999881317E-07   7.04657942919079866E+06   6.52544617097069621E+07   9.32292218236317445E-08   1.33858699074799398E-13   3.91449772602937612E-18   2.92206950824419972E-05   8.61009031455592060E-06   1.95244318772122987E-11   1.79690796177495130E-09   7.37224865615825240E-16   5.41944470110405386E-11
  2.21346404504800661E-03   1.59640882030182313E-01   1.85419872770835980E+02   8.64635196703618560E+16   5.59769683956951834E-07   1.00000000000000000E+09   5.25015210059001092E-02   7.96719957131155845E-09   9.01090816933277416E+00   2.77924397884384054E-04   8.19452820662299944E-05   8.86700922797346287E-07   7.04657942919079866E+06   6.52544617097069621E+07   9.32282565892566495E-08   1.66947057287962431E-13   4.90418790832078747E-18   2.92201691821153468E-05   8.60855268547026193E-06   2.44649197028222774E-11   2.21047035573543196E-09   1.93253256080449475E-15   6.80185578148523664E-11
  1.77004315611987051E-03   1.59713064540816296E-01   1.85419872770835980E+02   6.91423750880220480E+16   4.47631619627203852E-07   1.00000000000000000E+09   5.25015227826496830E-02   1.01366002408312199E-08   9.01090809450741936E+00   2.77924384508369295E-04   8.19452779393475242E-05   8.86700876277502837E-07   7.04657942919079866E+06   6.52544617097069621E+07   9.32270472941071009E-08   2.08148188908777153E-13   6.14170798230523223E-18   2.92195027675575797E-05   8.60663690525262021E-06   3.06500516916692052E-11   2.71497755584339008E-09   4.43498950598256649E-15   8.53352199380492963E-11
  1.41573829033289828E-03   1.59785247036134892E-01   1.85419872770835980E+02   5.53023283970389280E+16   3.58030378854475063E-07   1.00000000000000000E+09   5.25015249739931231E-02   1.28631389012247687E-08   9.01090800105892065E+00   2.77924367786087315E-04   8.19452727795310482E-05   8.86700818118677172E-07   7.04657942919079866E+06   6.52544617097069621E+07   9.32255323193922356E-08   2.59432104063699684E-13   7.68725974630730351E-18   2.92186595013134477E-05   8.60425823220781449E-06   3.83917910165057454E-11   3.32810038018445606E-09   9.15670877398462939E-15   1.07009650272574861E-10
  1.13258217463109716E-03   1.59857429515617711E-01   1.85419872770835980E+02   4.42415323409480560E+16   2.86422163025303420E-07   1.00000000000000000E+09   5.25015276721527008E-02   1.62753951469948408E-08   9.01090788437626244E+00   2.77924346884609664E-04   8.19452663294203932E-05   8.86700745423605910E-07   7.04657942919079866E+06   6.52544617097069621E+07   9.32236346387766993E-08   3.23241711977225309E-13   9.61439333702953484E-18   2.92175939878138452E-05   8.60131630710961887E-06   4.80798844705545527E-11   4.06999665960925375E-09   1.73838241973860212E-14   1.34111615902488297E-10
  9.06241546091710601E-04   1.59929611979255953E-01   1.85419872770835980E+02   3.54000933161307920E+16   2.29182189459202228E-07   1.00000000000000000E+09   5.25015309875945108E-02   2.05270398508580537E-08   9.01090773871276873E+00   2.77924320764707849E-04   8.19452582677937232E-05   8.86700654577454715E-07   7.04657942919079866E+06   6.52544617097069621E+07   9.32212580332328688E-08   4.02604914906288526E-13   1.20123900866623574E-17   2.92162495314601711E-05   8.59769341630854669E-06   6.02011482165852491E-11   4.96327873014738061E-09   3.08708533057142430E-14   1.67959432973039583E-10
  7.25279827382452162E-04   1.60001794429518229E-01   1.85419872770835980E+02   2.83312696050769680E+16   1.83418227150884028E-07   1.00000000000000000E+09   5.25015350515453533E-02   2.57999498588085082E-08   9.01090755690777634E+00   2.77924288129997052E-04   8.19452481937727871E-05   8.86700541070965978E-07   7.04657942919079866E+06   6.52544617097069621E+07   9.32182823802800460E-08   5.01273034864582757E-13   1.49889204160119782E-17   2.92145553047936524E-05   8.59325371080295543E-06   7.53635019032566044E-11   6.03280248839140691E-09   5.19517001897630203E-14   2.10172630675276405E-10
  5.80569871204306360E-04   1.60073976862354417E-01   1.85419872770835980E+02   2.26785316848479800E+16   1.46822083917105891E-07   1.00000000000000000E+09   5.25015400183807823E-02   3.23062952485387529E-08   9.01090733004065392E+00   2.77924247363599850E-04   8.19452356071330760E-05   8.86700399280249728E-07   7.04657942919079866E+06   6.52544617097069621E+07   9.32145578181180604E-08   6.23891747260266316E-13   1.86729809650820065E-17   2.92124227566265918E-05   8.58784431131621739E-06   9.43259038676118881E-11   7.30522167595701389E-09   8.36476974934108816E-14   2.62735127945220424E-10
  4.64826134752136964E-04   1.60146159282390899E-01   1.85419872770835980E+02   1.81572877749491520E+16   1.17551296565828934E-07   1.00000000000000000E+09   5.25015460676702544E-02   4.02888022302925691E-08   9.01090704700038359E+00   2.77924196449267854E-04   8.19452198837575257E-05   8.86700222192576306E-07   7.04657942919079866E+06   6.52544617097069621E+07   9.32098975418669171E-08   7.76212221656738976E-13   2.32181236151514914E-17   2.92097410491323474E-05   8.58129942217191817E-06   1.18035604874434322E-10   8.80826134886691968E-09   1.29754930943335305E-13   3.28071134306827222E-10
  3.72231920020909982E-04   1.60218341685769955E-01   1.85419872770835980E+02   1.45403228982499600E+16   9.41348625576267812E-08   1.00000000000000000E+09   5.25015534056804817E-02   5.00184878815223534E-08   9.01090669395067501E+00   2.77924132873165464E-04   8.19452002450455638E-05   8.86700001065047282E-07   7.04657942919079866E+06   6.52544617097069621E+07   9.32040689331168665E-08   9.65352105801245961E-13   2.88060117208740851E-17   2.92063712794299481E-05   8.57344855792720017E-06   1.47674447388866919E-10   1.05696963953669272E-08   1.94909757177133263E-13   4.09136404461411957E-10
  2.98142301563640696E-04   1.60290524073283119E-01   1.85419872770835980E+02   1.16461944857368160E+16   7.53981124979622462E-08   1.00000000000000000E+09   5.25015622662934611E-02   6.17901657776223451E-08   9.01090625366493825E+00   2.77924053501577711E-04   8.19451757197931294E-05   8.86699724999707218E-07   7.04657942919079866E+06   6.52544617097069621E+07   9.31967826740919282E-08   1.20011838179409745E-12   3.56503657178907376E-17   2.92021392123398261E-05   8.56412903275579834E-06   1.84716291817604466E-10   1.26160843135157961E-08   2.84649439275161484E-13   5.09527964417784821E-10
  2.38847325677416796E-04   1.60362706447271963E-01   1.85419872770835980E+02   9.32998233611459000E+15   6.04028248549046479E-08   1.00000000000000000E+09   5.25015729117274399E-02   7.59181505474143189E-08   9.01090570469999363E+00   2.77923954428650278E-04   8.19451450967052287E-05   8.86699380414758993E-07   7.04657942919079866E+06   6.52544617097069621E+07   9.31876794671255420E-08   1.49140703279806337E-12   4.40013790539971008E-17   2.91968262094598866E-05   8.55320073078845259E-06   2.30998068181154906E-10   1.49713978131290139E-08   4.05492362830077651E-13   6.33615992539515984E-10
  1.91383214668661692E-04   1.60434888805477432E-01   1.85419872770835980E+02   7.47591377555989300E+15   4.83994808278883115E-08   1.00000000000000000E+09   5.25015856342346265E-02   9.27366173292503015E-08   9.01090502036933216E+00   2.77923830786811865E-04   8.19451068652525571E-05   8.86698950386510049E-07   7.04657942919079866E+06   6.52544617097069621E+07   9.31763139720558148E-08   1.85269796485270644E-12   5.41506897332871955E-17   2.91901579726076649E-05   8.54055905637662954E-06   2.88807493615609295E-10   1.76558055448740572E-08   5.65052891351475163E-13   7.86702184152835217E-10
  1.53381814024788264E-04   1.60507071148184272E-01   1.85419872770835980E+02   5.99148268239452500E+15   3.87891905820001680E-08   1.00000000000000000E+09   5.25016007607278443E-02   1.12609284640237844E-07   9.01090416746779077E+00   2.77923676510730534E-04   8.19450591420328668E-05   8.86698413830532090E-07   7.04657942919079866E+06   6.52544617097069621E+07   9.31621355862334590E-08   2.30066783044161906E-12   6.64369872472265952E-17   2.91817906282857959E-05   8.52614162614016659E-06   3.60991246296178708E-10   2.06848922663917344E-08   7.72181829805764758E-13   9.75209638163815000E-10
  1.22950511691149745E-04   1.60579253475519046E-01   1.85419872770835980E+02   4.80275882947907500E+15   3.10933256664240297E-08   1.00000000000000000E+09   5.25016186623742664E-02   1.35951060177470161E-07   9.01090310468765665E+00   2.77923484043381618E-04   8.19449995790997899E-05   8.86697744482804850E-07   7.04657942919079866E+06   6.52544617097069621E+07   9.31444657029230856E-08   2.85594839327636786E-12   8.12523340739326655E-17   2.91712935963051205E-05   8.50992627346666979E-06   4.51088326889406120E-10   2.40695273555238630E-08   1.03712182154033685E-12   1.20691003096688527E-09
  9.85764425534795528E-05   1.60651435787447311E-01   1.85419872770835980E+02   3.85064586832817450E+15   2.49292929931900058E-08   1.00000000000000000E+09   5.25016397703662666E-02   1.63261146273190409E-07   9.01090178065188674E+00   2.77923243969974392E-04   8.19449252498562512E-05   8.86696909632003287E-07   7.04657942919079866E+06   6.52544617097069621E+07   9.31224710097687313E-08   3.54406362843566622E-12   9.90492845760138089E-17   2.91581288316111381E-05   8.49192101423886261E-06   5.63494238602400964E-10   2.78163916217068486E-08   1.37182651981515582E-12   1.49119442723682052E-09
  7.90500512883125968E-05   1.60723618083773279E-01   1.85419872770835980E+02   3.08789550017827000E+15   1.99912044132123631E-08   1.00000000000000000E+09   5.25016645977352883E-02   1.95163659606587683E-07   9.01090013147256741E+00   2.77922944561939786E-04   8.19448325070226696E-05   8.86695868542139691E-07   7.04657942919079866E+06   6.52544617097069621E+07   9.30951321917076864E-08   4.39658277034344714E-12   1.20348778780778760E-16   2.91416273080793434E-05   8.47214897592416805E-06   7.03662002211651255E-10   3.19289429806981698E-08   1.79111456501292991E-12   1.83939376933482482E-09
  6.34040893813076173E-05   1.60795800364331054E-01   1.85419872770835980E+02   2.47672454479972050E+15   1.60344494865349977E-08   1.00000000000000000E+09   5.25016937654085650E-02   2.32447026480184095E-07   9.01089807772043017E+00   2.77922571208741873E-04   8.19447168058333989E-05   8.86694570489829745E-07   7.04657942919079866E+06   6.52544617097069621E+07   9.30612076833557798E-08   5.45252092430617480E-12   1.45748207235451851E-16   2.91209676002040881E-05   8.45063232875783486E-06   8.78344994779841960E-10   3.64084300953824104E-08   2.31595575151725092E-12   2.26515142515218450E-09
  5.08649200780628507E-05   1.60867982631269169E-01   1.85419872770835980E+02   1.98691278836905000E+15   1.28633808433816938E-08   1.00000000000000000E+09   5.25017280290092023E-02   2.76087437509478088E-07   9.01089552066419053E+00   2.77922105709758546E-04   8.19445724839322080E-05   8.86692952321791915E-07   7.04657942919079866E+06   6.52544617097069621E+07   9.30191943882320817E-08   6.75998477284140309E-12   1.75927522995047944E-16   2.90951674895276539E-05   8.42737936862930704E-06   1.09588252556362363E-09   4.12545099157401771E-08   2.97973346750473093E-12   2.78483906834586818E-09
  4.08136402330455447E-05   1.60940164881779924E-01   1.85419872770835980E+02   1.59428430428038400E+15   1.03214821704801376E-08   1.00000000000000000E+09   5.25017683026378912E-02   3.27240290144462161E-07   9.01089233760472119E+00   2.77921525391646893E-04   8.19443924873476085E-05   8.86690935414954517E-07   7.04657942919079866E+06   6.52544617097069621E+07   9.29672923512673442E-08   8.37797247623740839E-12   2.11649009348016252E-16   2.90631018201789932E-05   8.40237803186389128E-06   1.36651982014246240E-09   4.64651363260200464E-08   3.83594224334128008E-12   3.41798724074515967E-09
  3.27550337611278797E-05   1.61012347115910337E-01   1.85419872770835980E+02   1.27949469621821800E+15   8.28351675496678670E-09   1.00000000000000000E+09   5.25018156785623802E-02   3.87192915959870760E-07   9.01088837608726756E+00   2.77920802008247434E-04   8.19441680293609331E-05   8.86688421892485421E-07   7.04657942919079866E+06   6.52544617097069621E+07   9.29033864017729712E-08   1.03780839461453347E-11   2.53744717424088404E-16   2.90235525204273526E-05   8.37559694010053881E-06   1.70273854014889868E-09   5.20356507049858639E-08   4.96290584508168619E-12   4.18767944205030254E-09
  2.62927741400391802E-05   1.61084529336153554E-01   1.85419872770835980E+02   1.02706244500861262E+15   6.64925636941791550E-09   1.00000000000000000E+09   5.25018714463661162E-02   4.57287952957131795E-07   9.01088344672337271E+00   2.77919900369833438E-04   8.19438881659058908E-05   8.86685289912954469E-07   7.04657942919079866E+06   6.52544617097069621E+07   9.28250610441978040E-08   1.28457186344754532E-11   3.03086549727547402E-16   2.89752831066663444E-05   8.34699234678957262E-06   2.11955405801719190E-09   5.79573048772238336E-08   6.46068072314073861E-12   5.12084428894183432E-09
  2.11096142004830766E-05   1.61156711539198250E-01   1.85419872770835980E+02   8.24595071575979625E+14   5.33847140692843845E-09   1.00000000000000000E+09   5.25019371186291536E-02   5.38837724294815087E-07   9.01087731429032601E+00   2.77918776635991836E-04   8.19435392672156378E-05   8.86681387804945837E-07   7.04657942919079866E+06   6.52544617097069621E+07   9.27296621317322468E-08   1.58802226815863427E-11   3.60538166305135088E-16   2.89171203647253053E-05   8.31651769579533539E-06   2.63471668302027824E-09   6.42156336767561005E-08   8.43862915534466827E-12   6.24838056586511203E-09
  1.69515570024297050E-05   1.61228893727456107E-01   1.85419872770835980E+02   6.62170811223207625E+14   4.28692780508869014E-09   1.00000000000000000E+09   5.25020144707565445E-02   6.33049222207383157E-07   9.01086968669704902E+00   2.77917376191003779E-04   8.19431043605595123E-05   8.86676526763902375E-07   7.04657942919079866E+06   6.52544617097069621E+07   9.26144093562653260E-08   1.95934834666407315E-11   4.26893957459354680E-16   2.88480262943395955E-05   8.28413268457127078E-06   3.26874169035122451E-09   7.07891046191220100E-08   1.09972961190523612E-11   7.60506267751261635E-09
  1.36152052348458105E-05   1.61301075900051438E-01   1.85419872770835980E+02   5.31844449099046688E+14   3.44318779652635231E-09   1.00000000000000000E+09   5.25021056008905321E-02   7.40970308598062597E-07   9.01086020130780874E+00   2.77915631001604969E-04   8.19425623128656593E-05   8.86670471759363501E-07   7.04657942919079866E+06   6.52544617097069621E+07   9.24765501147703938E-08   2.41066805840078211E-11   5.02815590193533276E-16   2.87671509563544494E-05   8.24981010240889138E-06   4.04469120018906039E-09   7.76483518585399007E-08   1.42117537066738689E-11   9.22919236305665593E-09
  1.09376488737829488E-05   1.61373258056023983E-01   1.85419872770835980E+02   4.27252306474818938E+14   2.76605256753225641E-09   1.00000000000000000E+09   5.25022130139331453E-02   8.63458254883592845E-07   9.01084840799441089E+00   2.77913456333599563E-04   8.19418868145229459E-05   8.86662930216080131E-07   7.04657942919079866E+06   6.52544617097069621E+07   9.23135333002145777E-08   2.95452397021862311E-11   5.88778705724809749E-16   2.86738650045029162E-05   8.21354013846790769E-06   4.98764233340886362E-09   8.47561387249649041E-08   1.81232963410600832E-11   1.11619817514370022E-08
  8.78838020895953734E-06   1.61445440195794293E-01   1.85419872770835980E+02   3.43296421176568688E+14   2.22251762428044837E-09   1.00000000000000000E+09   5.25023397329340141E-02   1.00116656654762892E-06   9.01083374813874549E+00   2.77910746674894685E-04   8.19410451163828454E-05   8.86653537927970156E-07   7.04657942919079866E+06   6.52544617097069621E+07   9.21231760101258954E-08   3.60324136503749128E-11   6.85040319333679097E-16   2.85677752676372369E-05   8.17533264794819393E-06   6.12380350432283365E-09   9.20680514581437635E-08   2.27427107369881224E-11   1.34466728836041151E-08
  7.06282850073527288E-06   1.61517622319619997E-01   1.85419872770835980E+02   2.75891994888253062E+14   1.78613775246024659E-09   1.00000000000000000E+09   5.25024894416861385E-02   1.15454541437100711E-06   9.01081552862338953E+00   2.77907370676807317E-04   8.19399964605104620E-05   8.86641841534633285E-07   7.04657942919079866E+06   6.52544617097069621E+07   9.19037987174429104E-08   4.36822367107208811E-11   7.91632218112666359E-16   2.84487275363616127E-05   8.13521800832854518E-06   7.47928575751745837E-09   9.95338273235693958E-08   2.80636432791932742E-11   1.61274219561700832E-08
  5.67718878939173360E-06   1.61589804427808431E-01   1.85419872770835980E+02   2.21765393326406531E+14   1.43571925911179961E-09   1.00000000000000000E+09   5.25026666638452114E-02   1.32385276979661355E-06   9.01079288962063707E+00   2.77903164881129446E-04   8.19386901310715534E-05   8.86627276730279260E-07   7.04657942919079866E+06   6.52544617097069621E+07   9.16543129894326074E-08   5.25927726522305820E-11   9.08379250914824162E-16   2.83167995171112768E-05   8.09324699784244540E-06   9.07859493814595806E-09   1.07099157488201626E-07   3.40813322205225128E-11   1.92480028958018638E-08
  4.56428499125254451E-06   1.61661986519632844E-01   1.85419872770835980E+02   1.78292548282049281E+14   1.15427377844521092E-09   1.00000000000000000E+09   5.25028769857602412E-02   1.50917536588163254E-06   9.01076476471012455E+00   2.77897925945223313E-04   8.19370630342460611E-05   8.86609141177060939E-07   7.04657942919079866E+06   6.52544617097069621E+07   9.13742563835862788E-08   6.28405459710233637E-11   1.03493613162631083E-15   2.81722855507245392E-05   8.04948988267834814E-06   1.09429714811700125E-08   1.14707768422183180E-07   4.08113641973763559E-11   2.28504102841186612E-08
  3.67025976083606596E-06   1.61734168595487088E-01   1.85419872770835980E+02   1.43369655240776281E+14   9.28181161043866873E-10   1.00000000000000000E+09   5.25031273322391079E-02   1.71045977225452636E-06   9.01072983150870677E+00   2.77891401008533887E-04   8.19350366944629190E-05   8.86586560850058723E-07   7.04657942919079866E+06   6.52544617097069621E+07   9.10637781878851850E-08   7.44768126506097528E-11   1.17083370380601096E-15   2.80156740451754848E-05   8.00403475887104551E-06   1.30887501741675850E-08   1.22303571051810186E-07   4.83047365284331909E-11   2.69734590263442104E-08
  2.95192536623912075E-06   1.61806350654719044E-01   1.85419872770835980E+02   1.15309691856196719E+14   7.46519528707652300E-10   1.00000000000000000E+09   5.25034263067331169E-02   1.92755405302112210E-06   9.01068645056944106E+00   2.77883275758130180E-04   8.19325135276132696E-05   8.86558448238800029E-07   7.04657942919079866E+06   6.52544617097069621E+07   9.07235854537029038E-08   8.75259631611849922E-11   1.31552575078067260E-15   2.78476186968155234E-05   7.95698517902191521E-06   1.55259258196610631E-08   1.29832675613409171E-07   5.66580181771983475E-11   3.16514809983836704E-08
  2.37464316002057227E-06   1.61878532696702798E-01   1.85419872770835980E+02   9.27595847042891250E+13   6.00529007409889599E-10   1.00000000000000000E+09   5.25037846101379449E-02   2.16026005174735276E-06   9.01063258978003034E+00   2.77873159644459803E-04   8.19293722190805033E-05   8.86523450457142141E-07   7.04657942919079866E+06   6.52544617097069621E+07   9.03548612255739425E-08   1.01985966184372225E-10   1.46842955040777301E-15   2.76689051062126756E-05   7.90845715606543221E-06   1.82570846136872416E-08   1.37245102441224950E-07   6.60195402840290599E-11   3.69132045533225654E-08
  1.91062583787334940E-06   1.61950714720610761E-01   1.85419872770835980E+02   7.46338912011019688E+13   4.83182380335516796E-10   1.00000000000000000E+09   5.25042155558258575E-02   2.40839579489292719E-06   9.01056573084189694E+00   2.77860567567130554E-04   8.19254619940428203E-05   8.86479884853827829E-07   7.04657942919079866E+06   6.52544617097069621E+07   8.99591668589519565E-08   1.17830456747748500E-10   1.62895623113204364E-15   2.74804149251909544E-05   7.85857571879768294E-06   2.12768008587196411E-08   1.44496069854831458E-07   7.65937150538332726E-11   4.27808736199662578E-08
  1.53757792327138593E-06   1.62022896728636984E-01   1.85419872770835980E+02   6.00616934848861562E+13   3.88841275908844914E-10   1.00000000000000000E+09   5.25047357028832554E-02   2.67186717322384754E-06   9.01048275361179662E+00   2.77844897189194104E-04   8.19205955179066634E-05   8.86425659151126037E-07   7.04657942919079866E+06   6.52544617097069621E+07   8.95383388749746709E-08   1.35011901456665904E-10   1.79652954402498262E-15   2.72830899459277467E-05   7.80747125746356887E-06   2.45715214432164113E-08   1.51546800210326952E-07   8.86458309539849017E-11   4.92696255346104960E-08
  1.23760688272548498E-06   1.62095078718076546E-01   1.85419872770835980E+02   4.83440638162204062E+13   3.12980796414861174E-10   1.00000000000000000E+09   5.25053656350202777E-02   2.95074813780309819E-06   9.01037979310301118E+00   2.77825400841039008E-04   8.19145401039200863E-05   8.86358172446032717E-07   7.04657942919079866E+06   6.52544617097069621E+07   8.90943887256056737E-08   1.53465237686558123E-10   1.97059337621824393E-15   2.70778984751601486E-05   7.75527592398862139E-06   2.81198880951542490E-08   1.58364843159509554E-07   1.02509377224028310E-10   5.63871086362225290E-08
  9.99999999999999955E-07   1.62166043701002266E-01   1.85419872770835980E+02   3.90625363279784375E+13   2.52891768319511777E-10   1.00000000000000000E+09   5.25061180167381014E-02   3.24040192027503510E-06   9.01025421626704492E+00   2.77801559591122943E-04   8.19071338416633928E-05   8.86275608462305734E-07   7.04657942919079866E+06   6.52544617097069621E+07   8.86372510601009437E-08   1.72780212590454539E-10   2.14757405280213014E-15   2.68693818116538908E-05   7.70301653533156272E-06   3.18297764140092526E-08   1.64813375855176393E-07   1.18326281889468048E-10   6.40026886784471465E-08
  9.96350827943984901E-07   1.62167260689441761E-01   1.85419872770835980E+02   3.89199904119733047E+13   2.51968919937777051E-10   1.00000000000000000E+09   5.25061309194376422E-02   3.24536923359199088E-06   9.01025206273228285E+00   2.77801150734186247E-04   8.19070068306337965E-05   8.86274192560975595E-07   7.04657942919079866E+06   6.52544617097069621E+07   8.86294115421973049E-08   1.73111447802499765E-10   2.15060911923259948E-15   2.68658059301632271E-05   7.70212033175018116E-06   3.18933978088116945E-08   1.64923962646277982E-07   1.18597528204662530E-10   6.41332893280821967E-08
  8.02279587489119697E-07   1.62239442641310405E-01   1.85419872770835980E+02   3.13390755314892930E+13   2.02889746234421957E-10   1.00000000000000000E+09   5.25070632883163704E-02   3.55641538722363022E-06   9.01009363590894630E+00   2.77770995911829559E-04   8.18976370811189575E-05   8.86169704197829506E-07   7.04657942919079866E+06   6.52544617097069621E+07   8.81455075804362347E-08   1.93860646075016429E-10   2.33604407146456410E-15   2.66477509228706894E-05   7.64813073481331721E-06   3.58572834633989097E-08   1.71203666476540321E-07   1.37420134482106829E-10   7.25003785636054284E-08
  6.46134581248693556E-07   1.62311624574796060E-01   1.85419872770835980E+02   2.52396555527902305E+13   1.63401844869196997E-10   1.00000000000000000E+09   5.25082020958246853E-02   3.88503522572586176E-06   9.00989717623379427E+00   2.77733509005876462E-04   8.18859859054411009E-05   8.86039721095227420E-07   7.04657942919079866E+06   6.52544617097069621E+07   8.76447178672812905E-08   2.15614383056150593E-10   2.52635168440661194E-15   2.64246273648290826E-05   7.59342677976229392E-06   3.99715070559478237E-08   1.77188473553354799E-07   1.59607377656296792E-10   8.14728000406030870E-08
  5.20479844749287227E-07   1.62383806486603222E-01   1.85419872770835980E+02   2.03312628434996094E+13   1.31624712366205820E-10   1.00000000000000000E+09   5.25095961160432709E-02   4.23296537862896553E-06   9.00965360433072071E+00   2.77686920436544173E-04   8.18715014740471726E-05   8.85878053875437423E-07   7.04657942919079866E+06   6.52544617097069621E+07   8.71289738262168150E-08   2.38266982119252378E-10   2.72094395388015246E-15   2.61972725866413591E-05   7.53811985356109474E-06   4.41917871829203032E-08   1.82867016142104015E-07   1.85940770693750924E-10   9.10271230611698686E-08
  4.19342076892397764E-07   1.62455988376132704E-01   1.85419872770835980E+02   1.63805651124592168E+13   1.06047742762259317E-10   1.00000000000000000E+09   5.25113057626018717E-02   4.60267389912771507E-06   9.00935168658469721E+00   2.77629037165679274E-04   8.18534997281683145E-05   8.85677023451701522E-07   7.04657942919079866E+06   6.52544617097069621E+07   8.66000596108519416E-08   2.61705803774864600E-10   2.91915591499097408E-15   2.59664612186040074E-05   7.48231201709074454E-06   4.84706180220959745E-08   1.88231066476868182E-07   2.17390885395075806E-10   1.01131887476692192E-07
  3.37922003280845378E-07   1.62528170243057490E-01   1.85419872770835980E+02   1.32000905291812715E+13   8.54572333746142734E-11   1.00000000000000000E+09   5.25134058299460971E-02   4.99752708100737204E-06   9.00897752769582993E+00   2.77557142483027654E-04   8.18311331393609148E-05   8.85427107706453849E-07   7.04657942919079866E+06   6.52544617097069621E+07   8.60595854293108352E-08   2.85810386990771369E-10   3.12020231511341579E-15   2.57329044650065155E-05   7.42609549645582200E-06   5.27582681793620070E-08   1.93274562316752591E-07   2.55158571531612446E-10   1.11747254816251700E-07
  2.72362880738779122E-07   1.62600352085098543E-01   1.85419872770835980E+02   1.06391849232514180E+13   6.88778411788601909E-11   1.00000000000000000E+09   5.25159888803809413E-02   5.42198287125182644E-06   9.00851394485396817E+00   2.77467872549357194E-04   8.18033522589376117E-05   8.85116506603107104E-07   7.04657942919079866E+06   6.52544617097069621E+07   8.55089700387636277E-08   3.10450454313738351E-10   3.32312733137065579E-15   2.54972542048647250E-05   7.36955267260880491E-06   5.70037669524908358E-08   1.97992687455882417E-07   3.00712230762869125E-10   1.22824429697769896E-07
  2.19564794784959608E-07   1.62672533899324373E-01   1.85419872770835980E+02   8.57675777263261523E+12   5.55256199075249163E-11   1.00000000000000000E+09   5.25191694319857086E-02   5.88181055085113481E-06   9.00793969633761193E+00   2.77357064525849610E-04   8.17688584643576046E-05   8.84730607919438105E-07   7.04657942919079866E+06   6.52544617097069621E+07   8.49494306391941701E-08   3.35482805145041673E-10   3.52674974298243106E-15   2.52601110619077974E-05   7.31275646376892109E-06   6.11558900129445757E-08   2.02381042674896514E-07   3.55808094652858381E-10   1.34304808563863032E-07
  1.77035662712292812E-07   1.62744715682848845E-01   1.85419872770835980E+02   6.91546200604667578E+12   4.47703397437598285E-11   1.00000000000000000E+09   5.25230891404069172E-02   6.38433177030629120E-06   9.00722853127180834E+00   2.77219570072781993E-04   8.17260459895308107E-05   8.84251332356091071E-07   7.04657942919079866E+06   6.52544617097069621E+07   8.43819785456288532E-08   3.60747175676058695E-10   3.72960813524273468E-15   2.50220354092661957E-05   7.25577096572052569E-06   6.51641485930590594E-08   2.06434921993498139E-07   4.22474368308656323E-10   1.46118824616391735E-07
  1.42771663969066914E-07   1.62816897432823127E-01   1.85419872770835980E+02   5.57702331039760645E+12   3.61052489781826938E-11   1.00000000000000000E+09   5.25279232121178691E-02   6.93867531662294020E-06   9.00634801993830436E+00   2.77049026795849580E-04   8.16729309571240122E-05   8.83656332856654813E-07   7.04657942919079866E+06   6.52544617097069621E+07   8.38074192653166878E-08   3.86061227464356629E-10   3.92991310473900559E-15   2.47835603660644531E-05   7.19865223058501764E-06   6.89797722982251928E-08   2.10148689870132430E-07   5.02935492432669621E-10   1.58184463592025282E-07
  1.15161267315796220E-07   1.62889079145062204E-01   1.85419872770835980E+02   4.49849118809932617E+12   2.91228031296576865E-11   1.00000000000000000E+09   5.25338883419100705E-02   7.55603301015930429E-06   9.00525811519726993E+00   2.76837578861825382E-04   8.16070647147518473E-05   8.82918018575549972E-07   7.04657942919079866E+06   6.52544617097069621E+07   8.32263559188309118E-08   4.11214943050910729E-10   4.12551537172633460E-15   2.45452061510794865E-05   7.14144912197756806E-06   7.25566625538462541E-08   2.13515238188346252E-07   5.99452412253122545E-10   1.70405422569853318E-07
  9.29081831155450243E-08   1.62961260812999331E-01   1.85419872770835980E+02   3.62922927811745068E+12   2.34951801043019718E-11   1.00000000000000000E+09   5.25412525414378634E-02   8.24988535209552732E-06   9.00390938501097793E+00   2.76575536523989177E-04   8.15254283213170429E-05   8.82002369091778668E-07   7.04657942919079866E+06   6.52544617097069621E+07   8.26391952536142862E-08   4.35964848128094469E-10   4.31389931867631376E-15   2.43074954755935232E-05   7.08420425347518204E-06   7.58522860045886968E-08   2.16525488146436126E-07   7.14061337451163903E-10   1.82668874904202482E-07
  7.49694969323713054E-08   1.63033442429294573E-01   1.85419872770835980E+02   2.92849869741102197E+12   1.89586346053083623E-11   1.00000000000000000E+09   5.25503473276179231E-02   9.03612061219976890E-06   9.00224084351419407E+00   2.76250962753803078E-04   8.14243045537122850E-05   8.80867499332931017E-07   7.04657942919079866E+06   6.52544617097069621E+07   8.20461557219819515E-08   4.60028625852842070E-10   4.49220997083241361E-15   2.40709698084259434E-05   7.02695507241547590E-06   7.88284763349440803E-08   2.19167892373774754E-07   8.48208297899137006E-10   1.94842792471117482E-07
  6.05059835783604529E-08   1.63105623988310910E-01   1.85419872770835980E+02   2.36351718158977197E+12   1.53009328968949195E-11   1.00000000000000000E+09   5.25615828770369040E-02   9.93289104779617162E-06   9.00017729333130312E+00   2.75849173684394389E-04   8.12991233444456280E-05   8.79461930578257298E-07   7.04657942919079866E+06   6.52544617097069621E+07   8.14472771775156994E-08   4.83080809656257383E-10   4.65731744210137180E-15   2.38362063433548716E-05   6.96973519366534652E-06   8.14521179532914120E-08   2.21427888546804137E-07   1.00229820137100656E-09   2.06772766979990352E-07
  4.88421958084414322E-08   1.63177805477495635E-01   1.85419872770835980E+02   1.90790004810547949E+12   1.23512595115219487E-11   1.00000000000000000E+09   5.25754669185949167E-02   1.09599532892539146E-05   8.99762607474279008E+00   2.75352138332094832E-04   8.11442761825222671E-05   8.77722518529567357E-07   7.04657942919079866E+06   6.52544617097069621E+07   8.08424317336109925E-08   5.04750298017581458E-10   4.80591672948769677E-15   2.36038355173865029E-05   6.91257612799798354E-06   8.36956928055131176E-08   2.23287259575918446E-07   1.17519981243869990E-09   2.18278274313232154E-07
  3.94343985509468585E-08   1.63249986885742937E-01   1.85419872770835980E+02   1.54040762596834204E+12   9.97210804046869597E-12   1.00000000000000000E+09   5.25926283285571491E-02   1.21371383701145818E-05   8.99447309784479110E+00   2.74737762398582087E-04   8.09528948213906975E-05   8.75571987017514371E-07   7.04657942919079866E+06   6.52544617097069621E+07   8.02313354899339779E-08   5.24620384436065743E-10   4.93465360663806491E-15   2.33745592293317642E-05   6.85550958548013913E-06   8.55376759880064343E-08   2.24723364937634679E-07   1.36376403830234213E-09   2.29148353218115211E-07
  3.18448014998430536E-08   1.63322168196261136E-01   1.85419872770835980E+02   1.24393871544488159E+12   8.05276473827628560E-12   1.00000000000000000E+09   5.26138467475898292E-02   1.34812364501597043E-05   8.99057801219640673E+00   2.73979041376750808E-04   8.07165898113626235E-05   8.72916017540071928E-07   7.04657942919079866E+06   6.52544617097069621E+07   7.96135617648546277E-08   5.42231788976035301E-10   5.04026103172695082E-15   2.31491709087467037E-05   6.79857058394800195E-06   8.69627597657082901E-08   2.25708216211211359E-07   1.56241396482920289E-09   2.39136729238673876E-07
  2.57208489729803412E-08   1.63394349393531146E-01   1.85419872770835980E+02   1.00472159739349146E+12   6.50407107902218066E-12   1.00000000000000000E+09   5.26400904073597992E-02   1.49993093545987426E-05   8.98576834492612875E+00   2.73043070460916122E-04   8.04251451741652950E-05   8.69639853781327801E-07   7.04657942919079866E+06   6.52544617097069621E+07   7.89885589624976908E-08   5.57088775642940306E-10   5.11968685069258590E-15   2.29285807358313428E-05   6.74180171501840259E-06   8.79618798251908676E-08   2.26207383325410042E-07   1.76284702734060479E-09   2.47956499452352768E-07
  2.07785712755783669E-08   1.63466530452343384E-01   1.85419872770835980E+02   8.11663695295769287E+11   5.25421344582046604E-12   1.00000000000000000E+09   5.26725657973022218E-02   1.66741578441258483E-05   8.97983241358189588E+00   2.71889904045150845E-04   8.00661673605526918E-05   8.65604401401104510E-07   7.04657942919079866E+06   6.52544617097069621E+07   7.83556798447765215E-08   5.68667816544771838E-10   5.17019374298452332E-15   2.27138520609469325E-05   6.68525910074421802E-06   8.85320532437769113E-08   2.26178768789580326E-07   1.95385663123408750E-09   2.55274619805838409E-07
  1.67891984970973449E-08   1.63538711346713744E-01   1.85419872770835980E+02   6.55828676210505981E+11   4.24533787054908506E-12   1.00000000000000000E+09   5.27127839747726090E-02   1.84359897323782161E-05   8.97251079640844829E+00   2.70471267572970772E-04   7.96246900639629572E-05   8.60641843767488637E-07   7.04657942919079866E+06   6.52544617097069621E+07   7.77142305799478989E-08   5.76427198938140369E-10   5.18941584795837333E-15   2.25062560045501505E-05   6.62902059074808078E-06   8.86761387940173573E-08   2.25571393989018273E-07   2.12124590812252177E-09   2.60706678325938572E-07
  1.35683953894972545E-08   1.63610892045923384E-01   1.85419872770835980E+02   5.30015937814611633E+11   3.43082762155647384E-12   1.00000000000000000E+09   5.27626484518279246E-02   2.01147249082727599E-05   8.96348612511347298E+00   2.68729141604414929E-04   7.90827423440305927E-05   8.54550863820015871E-07   7.04657942919079866E+06   6.52544617097069621E+07   7.70635446258903874E-08   5.79813494553616164E-10   5.17536188946416722E-15   2.23073487785724888E-05   6.57319640732398778E-06   8.84027498620650725E-08   2.24324466714562540E-07   2.24778511480923354E-09   2.63812778357413490E-07
  1.09676024633863937E-08   1.63683072514405115E-01   1.85419872770835980E+02   4.28422369656856812E+11   2.77311342945399485E-12   1.00000000000000000E+09   5.28245701621626804E-02   2.13670132403974434E-05   8.95237095951693540E+00   2.66594265481580664E-04   7.84188969734801175E-05   8.47091674033616496E-07   7.04657942919079866E+06   6.52544617097069621E+07   7.64030830616168122E-08   5.78254372976405298E-10   5.12636125965205999E-15   2.21190754127821281E-05   6.51794211842681693E-06   8.77266559361511179E-08   2.22367161032830385E-07   2.31315997001293873E-09   2.64095451178855617E-07
