# transit_schema 1
# transit_product: a one-way transmission of the profile named below; this block adds comments only, and the columns are the spectrum
# adv_input ./output/Hydro_ioniz_adv.txt
# adv_schema 2
# adv_input_certified F no_stationary_claim (see the certification report of the run)
# adv_stationarity_operator face_flux_mass the mass row of the state, |R_1|/s_1 with s_1 the row's own largest term, which is the fractional change of the FACE mass flux across the cell; the same operator the stationary certification measures that row by, and its value for every row is the adv_mass_row column of Hydro_ioniz_adv.txt.
# adv_conditional_tol 1.0E-02 the correction of a corrected row is accurate to this fraction of itself in the mass flux: the terms the correction drops are the ones the mass divergence puts into the steady equations, each of them adv_mass_row times a term they keep, so the product is FIRST ORDER in that measure. A row at or below this fraction is corrected and is a CONDITIONAL correction to it; a row above it is retained. This is not the tolerance of a certified stationary state, which is a statement about the WHOLE state and is reported in the adv_input_certified line.
# adv_mass_row max 1.833e+00 over the 500 rows of the profile; the measure of every row is the adv_mass_row column of that file
# adv_model_restrictions the post-process reconstructs an H/He + trace-metal gas: the molecular (H2 H2p H3p HeHp) and oxygen (OH H2O CO) columns are NOT advection corrected and are the equilibrium solution, those species are absent from the particle and electron counts every equation here is solved with, and the H3+ infrared cooling is absent from its energy balance, so the metal and H/He columns inside a molecular layer inherit that approximation.
# input_provenance: git=43bc28cef587 tree=dirty run=2026-09-16T11:26:42
# input_provenance: ck_input=3647945520112836986 ck_base=3048411182491272771 ck_metals=-1
# input_provenance: recon=PLM base_bc=characteristic carrier=none restart_schema=3 resid_def=145 N=500
# transit_tool git=43bc28cef587 EXHALE_transit.py mtime=2026-09-09T19:33:43 exhale_transit_lib.py mtime=2026-09-09T19:52:38
# census sampled_rows 500 refused_rows 8 above_disk_cap 49
# census_refusal_reasons retained: 7 rows, failed: 1 rows
# census_composition corrected: 478 rows, retained: 22 rows
# census_share_b[Rp] 1.0000 1.4340 2.0564 2.9872 4.2837 6.2225 8.9232 12.9618
# census_share       0.0003 0.0002 0.0003 0.0004 0.0006 0.0009 0.0023 0.0085
# census_share_max 0.0085 at b = 12.9618 Rp
# census_note a share of line-center optical depth carried by refused rows is a CONTRIBUTION diagnostic and not an uncertainty on the transit depth: the disk-averaged transmission averages exp(-tau) and is nonlinear in tau, so a saturated ray moves little when its optical depth moves
# override EXHALE_TRANSIT_RES_HETR=68000
# lambda[A]  T_theo  T_instr  T_rot+instr  (He I 10830)
1.082811471244053610e+04 9.999999171904049300e-01 9.999999137380383152e-01 9.999999135861752375e-01
1.082813476007620557e+04 9.999999148307884278e-01 9.999999122271964191e-01 9.999999121037242977e-01
1.082815480771187868e+04 9.999999123481199126e-01 9.999999103621867169e-01 9.999999102656244032e-01
1.082817485534754815e+04 9.999999097322621600e-01 9.999999081524452160e-01 9.999999080790807904e-01
1.082819490298321762e+04 9.999999069718329414e-01 9.999999056182146129e-01 9.999999055628915334e-01
1.082821495061888891e+04 9.999999040539213624e-01 9.999999027795817286e-01 9.999999027366550663e-01
1.082823499825456020e+04 9.999999009636361125e-01 9.999998996447474475e-01 9.999998996088399483e-01
1.082825504589023149e+04 9.999998976833256448e-01 9.999998961981345635e-01 9.999998961644721573e-01
1.082827509352590096e+04 9.999998941911645289e-01 9.999998923863131495e-01 9.999998923505419857e-01
1.082829514116157407e+04 9.999998904584759263e-01 9.999998880966799453e-01 9.999998880541929314e-01
1.082831518879724354e+04 9.999998864446003610e-01 9.999998831205143546e-01 9.999998830652711002e-01
1.082833523643291483e+04 9.999998820870623639e-01 9.999998770876187271e-01 9.999998770103224466e-01
1.082835528406858430e+04 9.999998772828695426e-01 9.999998693528202587e-01 9.999998692380703824e-01
1.082837533170425741e+04 9.999998718534387487e-01 9.999998588034275659e-01 9.999998586251408472e-01
1.082839537933992688e+04 9.999998654799223674e-01 9.999998435389064744e-01 9.999998432527776870e-01
1.082841542697559817e+04 9.999998575861153149e-01 9.999998203462266977e-01 9.999998198771417046e-01
1.082843547461126946e+04 9.999998471305827641e-01 9.999997838515529702e-01 9.999997830723620362e-01
1.082845552224694075e+04 9.999998322448855337e-01 9.999997251629776374e-01 9.999997238582523096e-01
1.082847556988261022e+04 9.999998096164387507e-01 9.999996297165604231e-01 9.999996275198617113e-01
1.082849561751828151e+04 9.999997734563540464e-01 9.999994738768879232e-01 9.999994701606829128e-01
1.082851566515395280e+04 9.999997138059872892e-01 9.999992195869107370e-01 9.999992132673469758e-01
1.082853571278962409e+04 9.999996138087481334e-01 9.999988059504192339e-01 9.999987951395972186e-01
1.082855576042529356e+04 9.999994453879315071e-01 9.999981359713391305e-01 9.999981173605626550e-01
1.082857580806096666e+04 9.999991624981050542e-01 9.999970556337749450e-01 9.999970234145467707e-01
1.082859585569663614e+04 9.999986907062077268e-01 9.999953209149022859e-01 9.999952649351109280e-01
1.082861590333230561e+04 9.999979112135486403e-01 9.999925460073065819e-01 9.999924487233491366e-01
1.082863595096797690e+04 9.999966363640231393e-01 9.999881229080467282e-01 9.999879545587118113e-01
1.082865599860364819e+04 9.999945718293095087e-01 9.999810988072896922e-01 9.999808101726375131e-01
1.082867604623931948e+04 9.999912573225788748e-01 9.999699941538228165e-01 9.999695064002275258e-01
1.082869609387498895e+04 9.999859716496559692e-01 9.999525426125646099e-01 9.999517342503522199e-01
1.082871614151066206e+04 9.999775772986732036e-01 9.999253373561756142e-01 9.999240294591835720e-01
1.082873618914633153e+04 9.999642624149504000e-01 9.998833805123843455e-01 9.998813232103203053e-01
1.082875623678200282e+04 9.999431129437356125e-01 9.998195589287593998e-01 9.998164246968764823e-01
1.082877628441767229e+04 9.999094190304257390e-01 9.997241132355748627e-01 9.997195051647993491e-01
1.082879633205334540e+04 9.998556032524894555e-01 9.995842276525301884e-01 9.995777126158984505e-01
1.082881637968901487e+04 9.997696890540368475e-01 9.993839361560803436e-01 9.993751120095230034e-01
1.082883642732468616e+04 9.996333617082590051e-01 9.991045964953456648e-01 9.990931974553944883e-01
1.082885647496035563e+04 9.994199699605609277e-01 9.987261962775476620e-01 9.987122303759359276e-01
1.082887652259602874e+04 9.990932863288013444e-01 9.982296892672298805e-01 9.982135870019489543e-01
1.082889657023169821e+04 9.986083782458706759e-01 9.976003876676747817e-01 9.975831249831342840e-01
1.082891661786736950e+04 9.979162557245575549e-01 9.968321562471290642e-01 9.968153037708520348e-01
1.082893666550304079e+04 9.969736471102612629e-01 9.959318085279075250e-01 9.959174597923803329e-01
1.082895671313871208e+04 9.957579894744467142e-01 9.949227842363949081e-01 9.949133339431956990e-01
1.082897676077438155e+04 9.942854853995026776e-01 9.938470146341336076e-01 9.938447941149056719e-01
1.082899680841005102e+04 9.926271944070790276e-01 9.927639769524553293e-01 9.927708003840554074e-01
1.082901685604572413e+04 9.909154407399904940e-01 9.917463619391962970e-01 9.917630790438629607e-01
1.082903690368139542e+04 9.893325638228703811e-01 9.908724872681221596e-01 9.908986590579431653e-01
1.082905695131706489e+04 9.880794542587670870e-01 9.902164256509857765e-01 9.902502266374654250e-01
1.082907699895273799e+04 9.873318423978421077e-01 9.898375396957862504e-01 9.898759412926261270e-01
1.082909704658840747e+04 9.871997976994199009e-01 9.897714811868967288e-01 9.898106987850086025e-01
1.082911709422407694e+04 9.877030740538068621e-01 9.900245632561360809e-01 9.900606759800641976e-01
1.082913714185974823e+04 9.887668346097480132e-01 9.905727480725121659e-01 9.906023501512324358e-01
1.082915718949541952e+04 9.902381209620506608e-01 9.913654770219350043e-01 9.913862104047542756e-01
1.082917723713109081e+04 9.919209052025227402e-01 9.923334898770885815e-01 9.923443424651349209e-01
1.082919728476676028e+04 9.936204338909312428e-01 9.933989413306829608e-01 9.934002618297345100e-01
1.082921733240243339e+04 9.951812961269153046e-01 9.944857521746356399e-01 9.944790083725864038e-01
1.082923738003810286e+04 9.965072015765004121e-01 9.955282978961936813e-01 9.955156657072880000e-01
1.082925742767377415e+04 9.975610099948047926e-01 9.964771404651090458e-01 9.964610394021323758e-01
1.082927747530944362e+04 9.983515781288629931e-01 9.973013301768054450e-01 9.972840130133683312e-01
1.082929752294511673e+04 9.989157312386210963e-01 9.979875905564667971e-01 9.979708595484446665e-01
1.082931757058078620e+04 9.993016011932622789e-01 9.985372514085056883e-01 9.985223267352667520e-01
1.082933761821645749e+04 9.995566139842898545e-01 9.989620221419189816e-01 9.989495465403031016e-01
1.082935766585212878e+04 9.997208514844495575e-01 9.992796223308726411e-01 9.992697598919780821e-01
1.082937771348780007e+04 9.998248312967457085e-01 9.995100106464974710e-01 9.995025901923109135e-01
1.082939776112346954e+04 9.998900693707230003e-01 9.996726043597828903e-01 9.996672649469731109e-01
1.082941780875914083e+04 9.999308961811170793e-01 9.997845668645450878e-01 9.997808778286605413e-01
1.082943785639481212e+04 9.999564849717301751e-01 9.998600221622701012e-01 9.998575659563456730e-01
1.082945790403048341e+04 9.999725694002181697e-01 9.999099477854590523e-01 9.999083661925771693e-01
1.082947795166615288e+04 9.999826987655200394e-01 9.999424822038215366e-01 9.999414936024635381e-01
1.082949799930182598e+04 9.999890734648566593e-01 9.999634250985358630e-01 9.999628227792788371e-01
1.082951804693749546e+04 9.999930688809630652e-01 9.999767750604029448e-01 9.999764156788384373e-01
1.082953809457316493e+04 9.999955532985319584e-01 9.999852145075768250e-01 9.999850033166092222e-01
1.082955814220883622e+04 9.999970788983120196e-01 9.999905026731870095e-01 9.999903795117405236e-01
1.082957818984450751e+04 9.999979973163090063e-01 9.999937706598258647e-01 9.999936985125641442e-01
1.082959823748017880e+04 9.999985306266103713e-01 9.999957299367986385e-01 9.999956864557089098e-01
1.082961828511584827e+04 9.999988153815294600e-01 9.999968118049884502e-01 9.999967834266672018e-01
1.082963833275152138e+04 9.999989295338794770e-01 9.999972548490873026e-01 9.999972328504055374e-01
1.082965838038719085e+04 9.999989075691122498e-01 9.999971536981137055e-01 9.999971314971287661e-01
1.082967842802286214e+04 9.999987464715740515e-01 9.999964775994650834e-01 9.999964486622622273e-01
1.082969847565853161e+04 9.999984032993015637e-01 9.999950622696737179e-01 9.999950180160076529e-01
1.082971852329420472e+04 9.999977835859077402e-01 9.999925732597130246e-01 9.999925003007176239e-01
1.082973857092987419e+04 9.999967181553430784e-01 9.999884331639236068e-01 9.999883090098969918e-01
1.082975861856554548e+04 9.999949238926391093e-01 9.999816976015434289e-01 9.999814836241505134e-01
1.082977866620121677e+04 9.999919411211474207e-01 9.999708551209895990e-01 9.999704850552452173e-01
1.082979871383688806e+04 9.999870357495069806e-01 9.999535133976935608e-01 9.999528751103048396e-01
1.082981876147255753e+04 9.999790468936664567e-01 9.999259185607456413e-01 9.999248264067137626e-01
1.082983880910822882e+04 9.999661477236077012e-01 9.998822382522001284e-01 9.998803934894033851e-01
1.082985885674390011e+04 9.999454644863762232e-01 9.998135272049680777e-01 9.998104652369975698e-01
1.082987890437957140e+04 9.999124594609185568e-01 9.997062960364223594e-01 9.997013224270017151e-01
1.082989895201524087e+04 9.998599203577844818e-01 9.995406334244520963e-01 9.995327562659512832e-01
1.082991899965091397e+04 9.997763077437269441e-01 9.992879055195119653e-01 9.992757798748089781e-01
1.082993904728658345e+04 9.996431061276078722e-01 9.989081889885083054e-01 9.988900986728469489e-01
1.082995909492225474e+04 9.994307532147512774e-01 9.983477896223917902e-01 9.983216998844061107e-01
1.082997914255792421e+04 9.990927950288649440e-01 9.975374397332149590e-01 9.975011571807466115e-01
1.082999919019359731e+04 9.985583034263579849e-01 9.963920064810954935e-01 9.963434748730279900e-01
1.083001923782926679e+04 9.977234745810763528e-01 9.948126986726530951e-01 9.947504370514551608e-01
1.083003928546493626e+04 9.964447424690922039e-01 9.926927292262098801e-01 9.926163820160757156e-01
1.083005933310060936e+04 9.945373890161922636e-01 9.899270802853988860e-01 9.898380030056304069e-01
1.083007938073627884e+04 9.917847485006727748e-01 9.864263841164399027e-01 9.863281451541994205e-01
1.083009942837195013e+04 9.879626466015942743e-01 9.821340231061466142e-01 9.820326772610091792e-01
1.083011947600761960e+04 9.828808894865860291e-01 9.770445243663140600e-01 9.769485217447223535e-01
1.083013952364329270e+04 9.764382597434466682e-01 9.712204255376666318e-01 9.711400660903728443e-01
1.083015957127896218e+04 9.686799920942377184e-01 9.648042900089044416e-01 9.647507139983260149e-01
1.083017961891463347e+04 9.598391886478777613e-01 9.580226617162136415e-01 9.580064632154754456e-01
1.083019966655030476e+04 9.503428769859373348e-01 9.511795473622837171e-01 9.512091897724778145e-01
1.083021971418597604e+04 9.407774949822095278e-01 9.446384120729700573e-01 9.447186915375807015e-01
1.083023976182164552e+04 9.318304255936613600e-01 9.387934546552351156e-01 9.389242851720432936e-01
1.083025980945731681e+04 9.242277475181134294e-01 9.340327974269627687e-01 9.342085728989008020e-01
1.083027985709298810e+04 9.186655876352640693e-01 9.306978713085812815e-01 9.309075923242324802e-01
1.083029990472865939e+04 9.157198864802553739e-01 9.290444052013864251e-01 9.292726450730727228e-01
1.083031995236432886e+04 9.157458521741644875e-01 9.292107869677380672e-01 9.294394242736619960e-01
1.083034000000000015e+04 9.188074408554549599e-01 9.311989752642412244e-01 9.314094626345408301e-01
1.083036004763567144e+04 9.246607999790331656e-01 9.348715629698596263e-01 9.350473689887341955e-01
1.083038009527134273e+04 9.327793029017035220e-01 9.399661737776354720e-01 9.400949651731212997e-01
1.083040014290701220e+04 9.424086770495331278e-01 9.461254896013560067e-01 9.462006440923182993e-01
1.083042019054268530e+04 9.526653841670014167e-01 9.529384266244534940e-01 9.529595906377428260e-01
1.083044023817835478e+04 9.626808178455631415e-01 9.599859477302631339e-01 9.599585551665802408e-01
1.083046028581402425e+04 9.717503652585268714e-01 9.668842585485933894e-01 9.668181559034026984e-01
1.083048033344969554e+04 9.794295195249328456e-01 9.733189247040824332e-01 9.732264389825948658e-01
1.083050038108536683e+04 9.855499497338344739e-01 9.790655917149255760e-01 9.789594744810532490e-01
1.083052042872103812e+04 9.901698993596658172e-01 9.839959142602811015e-01 9.838875727971559959e-01
1.083054047635670759e+04 9.934926854301491250e-01 9.880702213186928207e-01 9.879685224773210317e-01
1.083056052399238069e+04 9.957845717544269171e-01 9.913206251401707192e-01 9.912313784847316400e-01
1.083058057162805017e+04 9.973115751732952727e-01 9.938292866427423933e-01 9.937553417371005615e-01
1.083060061926372146e+04 9.983021295676831608e-01 9.957063423084206999e-01 9.956481182251925022e-01
1.083062066689939093e+04 9.989329163460567429e-01 9.970708909697432176e-01 9.970271142187479008e-01
1.083064071453506403e+04 9.993303384985834370e-01 9.980369236506412278e-01 9.980053750747760466e-01
1.083066076217073351e+04 9.995796885256701403e-01 9.987046290706338425e-01 9.986827643325094650e-01
1.083068080980640480e+04 9.997361641180911862e-01 9.991564390157261499e-01 9.991418210403891775e-01
1.083070085744207609e+04 9.998345583688983407e-01 9.994566073870896350e-01 9.994471499558833516e-01
1.083072090507774737e+04 9.998965324548789724e-01 9.996529928538834264e-01 9.996470518807307748e-01
1.083074095271341685e+04 9.999355567704614201e-01 9.997798937463109326e-01 9.997762567239979470e-01
1.083076100034908814e+04 9.999600594869830772e-01 9.998611039859173211e-01 9.998589251142873113e-01
1.083078104798475943e+04 9.999753603415244552e-01 9.999126924889344403e-01 9.999114092725691627e-01
1.083080109562043071e+04 9.999848422316161001e-01 9.999452803435033843e-01 9.999445337530215028e-01
1.083082114325610019e+04 9.999906644749899653e-01 9.999657734809817011e-01 9.999653422108522038e-01
1.083084119089177329e+04 9.999942042732112846e-01 9.999786095569732636e-01 9.999783610488993668e-01
1.083086123852744277e+04 9.999963355335709236e-01 9.999866177152421098e-01 9.999864743094186714e-01
1.083088128616311405e+04 9.999976080245096544e-01 9.999915926470623884e-01 9.999915095394525943e-01
1.083090133379878353e+04 9.999983636999073555e-01 9.999946691553677214e-01 9.999946207154039035e-01
1.083092138143445663e+04 9.999988124453921268e-01 9.999965629031755121e-01 9.999965344983783311e-01
1.083094142907012611e+04 9.999990812161172471e-01 9.999977238655155531e-01 9.999977071148042906e-01
1.083096147670579558e+04 9.999992456299217070e-01 9.999984338110695647e-01 9.999984238813498516e-01
1.083098152434146868e+04 9.999993500245047962e-01 9.999988682063256640e-01 9.999988622877796773e-01
1.083100157197713816e+04 9.999994199977422227e-01 9.999991355518339509e-01 9.999991319987059368e-01
1.083102161961280945e+04 9.999994701155007215e-01 9.999993023760920252e-01 9.999993002193092728e-01
1.083104166724847892e+04 9.999995085633875957e-01 9.999994090857233786e-01 9.999994077532546877e-01
1.083106171488415202e+04 9.999995399012114872e-01 9.999994799733922246e-01 9.999994791277024841e-01
1.083108176251982150e+04 9.999995666625953739e-01 9.999995294938442969e-01 9.999995289362956230e-01
1.083110181015549279e+04 9.999995902659657432e-01 9.999995661640682654e-01 9.999995657782418945e-01
1.083112185779116408e+04 9.999996115234655036e-01 9.999995949606839130e-01 9.999995946786406353e-01
1.083114190542683536e+04 9.999996309200339661e-01 9.999996187754864874e-01 9.999996185577015861e-01
1.083116195306250484e+04 9.999996487638452836e-01 9.999996392874632711e-01 9.999996391109396976e-01
1.083118200069817613e+04 9.999996652662315189e-01 9.999996574779603797e-01 9.999996573292431190e-01
1.083120204833384742e+04 9.999996805837079172e-01 9.999996739307529525e-01 9.999996738018577247e-01
1.083122209596951870e+04 9.999996948400121655e-01 9.999996890043932884e-01 9.999996888904564285e-01
1.083124214360518818e+04 9.999997081377676178e-01 9.999997029298908213e-01 9.999997028278327926e-01
1.083126219124086128e+04 9.999997205648231136e-01 9.999997158654354568e-01 9.999997157732012365e-01
1.083128223887653076e+04 9.999997321978809639e-01 9.999997279267665018e-01 9.999997278429016978e-01
1.083130228651220204e+04 9.999997431047252805e-01 9.999997392039512434e-01 9.999997391273642844e-01
1.083132233414787152e+04 9.999997533457184451e-01 9.999997497706762939e-01 9.999997497005067570e-01
1.083134238178354462e+04 9.999997629748863526e-01 9.999997596894651952e-01 9.999997596250052023e-01
1.083136242941921410e+04 9.999997720407662882e-01 9.999997690146829044e-01 9.999997689553363767e-01
1.083138247705488357e+04 9.999997805870948220e-01 9.999997777943625543e-01 9.999997777396135712e-01
1.083140252469055667e+04 9.999997886533813496e-01 9.999997860713676356e-01 9.999997860207683331e-01
1.083142257232622615e+04 9.999997962754023639e-01 9.999997938842116740e-01 9.999997938373687001e-01
1.083144261996189744e+04 9.999998034856206752e-01 9.999998012676540871e-01 9.999998012242193868e-01
1.083146266759756691e+04 9.999998103135535610e-01 9.999998082531735832e-01 9.999998082128372934e-01
1.083148271523324001e+04 9.999998167860907339e-01 9.999998148693555189e-01 9.999998148318436364e-01
1.083150276286890949e+04 9.999998229277735629e-01 9.999998211422196359e-01 9.999998211072846921e-01
1.083152281050458078e+04 9.999998287610384340e-01 9.999998270954948421e-01 9.999998270629174568e-01
1.083154285814025206e+04 9.999998343064331330e-01 9.999998327508654583e-01 9.999998327204465687e-01
1.083156290577592335e+04 9.999998395828059161e-01 9.999998381281806070e-01 9.999998380997421332e-01
1.083158295341159283e+04 9.999998446074713776e-01 9.999998432456413955e-01 9.999998432190234654e-01
1.083160300104726412e+04 9.999998493963621060e-01 9.999998481199650069e-01 9.999998480950222923e-01
1.083162304868293540e+04 9.999998539641576922e-01 9.999998527665269199e-01 9.999998527431288586e-01
1.083164309631860669e+04 9.999998583244019690e-01 9.999998571994934693e-01 9.999998571775200462e-01
1.083166314395427617e+04 9.999998624896095922e-01 9.999998614319312029e-01 9.999998614112751705e-01
1.083168319158994927e+04 9.999998664713585228e-01 9.999998654759125749e-01 9.999998654564755673e-01
1.083170323922561874e+04 9.999998702803712947e-01 9.999998693426048746e-01 9.999998693242969638e-01
1.083172328686129003e+04 9.999998739265937298e-01 9.999998730423497184e-01 9.999998730250906354e-01
1.083174333449695951e+04 9.999998774192596640e-01 9.999998765847392113e-01 9.999998765684533497e-01
1.083176338213263261e+04 9.999998807669527867e-01 9.999998799786788961e-01 9.999998799632975333e-01
1.083178342976830208e+04 9.999998839776603754e-01 9.999998832324454856e-01 9.999998832179066710e-01
1.083180347740397337e+04 9.999998870588233668e-01 9.999998863537420402e-01 9.999998863399879312e-01
1.083182352503964285e+04 9.999998900173803218e-01 9.999998893497445973e-01 9.999998893367225694e-01
1.083184357267531595e+04 9.999998928598083925e-01 9.999998922271445823e-01 9.999998922148065628e-01
1.083186362031098543e+04 9.999998955921589605e-01 9.999998949921892200e-01 9.999998949804903559e-01
1.083188366794665490e+04 9.999998982200931641e-01 9.999998976507147308e-01 9.999998976396134998e-01
1.083190371558232800e+04 9.999999007489077663e-01 9.999999002081821908e-01 9.999999001976406232e-01
1.083192376321799748e+04 9.999999031835685726e-01 9.999999026697006244e-01 9.999999026596843033e-01
1.083194381085366877e+04 9.999999055287298599e-01 9.999999050400604217e-01 9.999999050305361514e-01
1.083196385848933824e+04 9.999999077887610222e-01 9.999999073237536562e-01 9.999999073146912387e-01
1.083198390612501134e+04 9.999999099677662207e-01 9.999999095249955117e-01 9.999999095163675245e-01
1.083200395376068082e+04 9.999999120696039245e-01 9.999999116477461536e-01 9.999999116395266174e-01
1.083202400139635211e+04 9.999999140979032308e-01 9.999999136957309354e-01 9.999999136878950923e-01
1.083204404903202339e+04 9.999999160560826272e-01 9.999999156724510563e-01 9.999999156649778120e-01
1.083206409666769468e+04 9.999999179473617605e-01 9.999999175812082086e-01 9.999999175740761359e-01
1.083208414430336416e+04 9.999999197747772017e-01 9.999999194251109058e-01 9.999999194182999096e-01
1.083210419193903545e+04 9.999999215411928821e-01 9.999999212070901367e-01 9.999999212005827864e-01
1.083212423957470673e+04 9.999999232493145263e-01 9.999999229299136871e-01 9.999999229236927745e-01
1.083214428721037802e+04 9.999999249016985337e-01 9.999999245961944672e-01 9.999999245902445599e-01
1.083216433484604750e+04 9.999999265007614158e-01 9.999999262084003915e-01 9.999999262027076119e-01
1.083218438248172060e+04 9.999999280487891218e-01 9.999999277688685906e-01 9.999999277634181727e-01
1.083220443011739007e+04 9.999999295479456984e-01 9.999999292798068540e-01 9.999999292745858082e-01
1.083222447775306136e+04 9.999999310002818387e-01 9.999999307433072859e-01 9.999999307383042879e-01
1.083224452538873084e+04 9.999999324077412099e-01 9.999999321613511905e-01 9.999999321565548049e-01
1.083226457302440394e+04 9.999999337721656723e-01 9.999999335358169539e-01 9.999999335312156346e-01
1.083228462066007341e+04 9.999999350953043820e-01 9.999999348684824874e-01 9.999999348640646879e-01
1.083230466829574289e+04 9.999999363788182327e-01 9.999999361610255599e-01 9.999999361567774026e-01
1.083232471593141599e+04 9.999999376242837412e-01 9.999999374150098097e-01 9.999999374109090899e-01
1.083234476356708547e+04 9.999999388332002637e-01 9.999999386318420003e-01 9.999999386278451974e-01
1.083236481120275675e+04 9.999999400069937705e-01 9.999999398126563355e-01 9.999999398086724112e-01
1.083238485883842623e+04 9.999999411470203992e-01 9.999999409580856424e-01 9.999999409539244155e-01
1.083240490647409933e+04 9.999999422545718941e-01 9.999999420678260531e-01 9.999999420631241476e-01
1.083242495410976881e+04 9.999999433308776053e-01 9.999999431399698713e-01 9.999999431340877987e-01
1.083244500174544009e+04 9.999999443771092622e-01 9.999999441701317160e-01 9.999999441620537333e-01
1.083246504938111138e+04 9.999999453943848593e-01 9.999999451505996451e-01 9.999999451388773553e-01
1.083248509701678267e+04 9.999999463837688785e-01 9.999999460699210418e-01 9.999999460527229100e-01
1.083250514465245215e+04 9.999999473462790611e-01 9.999999469134485119e-01 9.999999468887544873e-01
1.083252519228812343e+04 9.999999482828852981e-01 9.999999476651926233e-01 9.999999476311267621e-01
1.083254523992379472e+04 9.999999491945151808e-01 9.999999483108640286e-01 9.999999482660812955e-01
1.083256528755946601e+04 9.999999500820536680e-01 9.999999488413426896e-01 9.999999487853452607e-01
