# lambda[A]  T_theo  T_instr  T_rot+instr  (Ly-alpha 1215.67)
1.214099999999999909e+03 7.804304659893653850e-01 7.802658626852864154e-01 7.802102881571307824e-01
1.214114499999999907e+03 7.797177945089088791e-01 7.797088873790692931e-01 7.796935825853342772e-01
1.214129000000000133e+03 7.790007254253952240e-01 7.789995278279924218e-01 7.789982816726350734e-01
1.214143500000000131e+03 7.782791438799998573e-01 7.782779713377275810e-01 7.782775004080362269e-01
1.214157999999999902e+03 7.775529293981344736e-01 7.775517249248069529e-01 7.775512483106313821e-01
1.214172499999999900e+03 7.768219555945196086e-01 7.768207175594611380e-01 7.768202276780630244e-01
1.214187000000000126e+03 7.760860898612449432e-01 7.760848166060647646e-01 7.760843127849095247e-01
1.214201499999999896e+03 7.753451930379958723e-01 7.753438828159474605e-01 7.753433643636119532e-01
1.214215999999999894e+03 7.745991190629271106e-01 7.745977700337154381e-01 7.745972362217530272e-01
1.214230500000000120e+03 7.738477146030522391e-01 7.738463248273026451e-01 7.738457748880325227e-01
1.214245000000000118e+03 7.730908186628151491e-01 7.730893860960494912e-01 7.730888192201861298e-01
1.214259499999999889e+03 7.723282621688118965e-01 7.723267846551012950e-01 7.723261999892265806e-01
1.214273999999999887e+03 7.715598675294847997e-01 7.715583427945538197e-01 7.715577394383935639e-01
1.214288500000000113e+03 7.707854481675453506e-01 7.707838738113992338e-01 7.707832508148986239e-01
1.214302999999999884e+03 7.700048080232856362e-01 7.700031815122518886e-01 7.700025378724250080e-01
1.214317499999999882e+03 7.692177410264445792e-01 7.692160596846039367e-01 7.692153943421402573e-01
1.214332000000000107e+03 7.684240305342194821e-01 7.684222915341865079e-01 7.684216033697917059e-01
1.214346500000000106e+03 7.676234487328753575e-01 7.676216490857741270e-01 7.676209369162115825e-01
1.214360999999999876e+03 7.668157559997238470e-01 7.668138925444460963e-01 7.668131551182654215e-01
1.214375500000000102e+03 7.660007002227067208e-01 7.659987696141843383e-01 7.659980056070876397e-01
1.214390000000000100e+03 7.651780160736162406e-01 7.651760147701816006e-01 7.651752227800067141e-01
1.214404500000000098e+03 7.643474242314161060e-01 7.643453484810327492e-01 7.643445270223041543e-01
1.214418999999999869e+03 7.635086305511454841e-01 7.635064763764985996e-01 7.635056238745131507e-01
1.214433500000000095e+03 7.626613251739465804e-01 7.626590883561882306e-01 7.626582031405759743e-01
1.214448000000000093e+03 7.618051815728811293e-01 7.618028576339219704e-01 7.618019379316302020e-01
1.214462499999999864e+03 7.609398555287884003e-01 7.609374397120046707e-01 7.609364836396527165e-01
1.214477000000000089e+03 7.600649840299350535e-01 7.600624712791373971e-01 7.600614768346712902e-01
1.214491500000000087e+03 7.591801840886175379e-01 7.591775690249592534e-01 7.591765340785160410e-01
1.214506000000000085e+03 7.582850514665070429e-01 7.582823283633357558e-01 7.582812506472611513e-01
1.214520499999999856e+03 7.573791593007037637e-01 7.573763220559293075e-01 7.573751991538325568e-01
1.214535000000000082e+03 7.564620566206189389e-01 7.564590987264370181e-01 7.564579280611816170e-01
1.214549500000000080e+03 7.555332667452948625e-01 7.555301812548683715e-01 7.555289600753793966e-01
1.214563999999999851e+03 7.545922855490800885e-01 7.545890650400337574e-01 7.545877904068060138e-01
1.214578500000000076e+03 7.536385795831692658e-01 7.536352161172765740e-01 7.536338848864030382e-01
1.214593000000000075e+03 7.526715840378817024e-01 7.526680691166619530e-01 7.526666779222328518e-01
1.214607500000000073e+03 7.516907005295622168e-01 7.516870250453447921e-01 7.516855702800347983e-01
1.214621999999999844e+03 7.506952946942221372e-01 7.506914488760225712e-01 7.506899266696351880e-01
1.214636500000000069e+03 7.496846935673946444e-01 7.496806669210658303e-01 7.496790731168003763e-01
1.214651000000000067e+03 7.486581827276236334e-01 7.486539639695700687e-01 7.486522940977389240e-01
1.214665499999999838e+03 7.476150031781394478e-01 7.476105801618739832e-01 7.476088294107684495e-01
1.214680000000000064e+03 7.465543479384931791e-01 7.465497075730498366e-01 7.465478707565900152e-01
1.214694500000000062e+03 7.454753583139503981e-01 7.454704864732418779e-01 7.454685579950220964e-01
1.214709000000000060e+03 7.443771198069124573e-01 7.443720012288511656e-01 7.443699750421294281e-01
1.214723499999999831e+03 7.432586576299212711e-01 7.432532758040555354e-01 7.432511453671745150e-01
1.214738000000000056e+03 7.421189317749296022e-01 7.421132688170160030e-01 7.421110270436562795e-01
1.214752500000000055e+03 7.409568315871991606e-01 7.409508680991646612e-01 7.409485073027765045e-01
1.214766999999999825e+03 7.397711697862003888e-01 7.397648846994163696e-01 7.397623965310512473e-01
1.214781500000000051e+03 7.385606758675407058e-01 7.385540462673680917e-01 7.385514216460419279e-01
1.214796000000000049e+03 7.373239888120703966e-01 7.373169897408958784e-01 7.373142187754505583e-01
1.214810500000000047e+03 7.360596490171265049e-01 7.360522532532193241e-01 7.360493251545475735e-01
1.214825000000000273e+03 7.347660893545385763e-01 7.347582671631743834e-01 7.347551701454495543e-01
1.214839500000000044e+03 7.334416252458536567e-01 7.334333440988622943e-01 7.334300652682183008e-01
1.214854000000000042e+03 7.320844436301265912e-01 7.320756678893214353e-01 7.320721931181962683e-01
1.214868500000000040e+03 7.306925906816522653e-01 7.306832812410062328e-01 7.306795950260682737e-01
1.214883000000000038e+03 7.292639581148419037e-01 7.292540719950901806e-01 7.292501572962934997e-01
1.214897500000000036e+03 7.277962678883528325e-01 7.277857577770850961e-01 7.277815958350459802e-01
1.214912000000000035e+03 7.262870550933092639e-01 7.262758688222360481e-01 7.262714389506212953e-01
1.214926500000000260e+03 7.247336487776540048e-01 7.247217287270786290e-01 7.247170080760853006e-01
1.214941000000000031e+03 7.231331504191984560e-01 7.231204328383983304e-01 7.231153961247788198e-01
1.214955500000000029e+03 7.214824097154900473e-01 7.214688239454181140e-01 7.214634431436452999e-01
1.214970000000000027e+03 7.197779973049724944e-01 7.197634648870425700e-01 7.197577088751850871e-01
1.214984500000000025e+03 7.180161739697562551e-01 7.180006076217727573e-01 7.179944417744612561e-01
1.214999000000000024e+03 7.161928557957809582e-01 7.161761582317790475e-01 7.161695439510847860e-01
1.215013500000000022e+03 7.143035746742522063e-01 7.142856372409726040e-01 7.142785314142039432e-01
1.215028000000000247e+03 7.123434334209628460e-01 7.123241345170571170e-01 7.123164888879829348e-01
1.215042500000000018e+03 7.103070546562278986e-01 7.102862578928278436e-01 7.102780183297675576e-01
1.215057000000000016e+03 7.081885224251507349e-01 7.081660744765460036e-01 7.081571801165973401e-01
1.215071500000000015e+03 7.059813153363203586e-01 7.059570434142135031e-01 7.059474256564214345e-01
1.215086000000000013e+03 7.036782297356033444e-01 7.036519385950712469e-01 7.036415198993256626e-01
1.215100500000000011e+03 7.012712910791926157e-01 7.012427593615251364e-01 7.012314517104195621e-01
1.215115000000000009e+03 6.987516510033483508e-01 6.987206258723500651e-01 6.987083279184366225e-01
1.215129500000000235e+03 6.961094644149115052e-01 6.960756461042632015e-01 6.960622317848111917e-01
1.215144000000000005e+03 6.933337148057753252e-01 6.932966699725747750e-01 6.932819233877819398e-01
1.215158500000000004e+03 6.904117544928527472e-01 6.903703972431498581e-01 6.903536647709651586e-01
1.215173000000000002e+03 6.873270715240347162e-01 6.872770276980265658e-01 6.872556653738722821e-01
1.215187500000000000e+03 6.840476749310278048e-01 6.839704558412811330e-01 6.839342041106414305e-01
1.215201999999999998e+03 6.804745443211825950e-01 6.803023920874063935e-01 6.802173927912521512e-01
1.215216499999999996e+03 6.762560044873282550e-01 6.757869266082071613e-01 6.755640117674535094e-01
1.215231000000000222e+03 6.702642406833608790e-01 6.690478257381079485e-01 6.685212268462372709e-01
1.215245499999999993e+03 6.595709699814521487e-01 6.570509460083987507e-01 6.560835426659963332e-01
1.215259999999999991e+03 6.388648698088377209e-01 6.353864835120747179e-01 6.341816319136363012e-01
1.215274499999999989e+03 6.040308409579396853e-01 6.016740431014245827e-01 6.008798027372710404e-01
1.215289000000000215e+03 5.595745976247351594e-01 5.600177897767426582e-01 5.601544056316143383e-01
1.215303499999999985e+03 5.169648963146349363e-01 5.197276885060475582e-01 5.207191987196470029e-01
1.215317999999999984e+03 4.854979603187630222e-01 4.893495919436377517e-01 4.908027763953357603e-01
1.215332500000000209e+03 4.693998828384723931e-01 4.734943248963044971e-01 4.750684138597148221e-01
1.215346999999999980e+03 4.695744246239232922e-01 4.733679494483439276e-01 4.748115053191104273e-01
1.215361499999999978e+03 4.848585290104059919e-01 4.876672570706524490e-01 4.886902676817164726e-01
1.215376000000000204e+03 5.114346519348335063e-01 5.121926879255467302e-01 5.124307761014468277e-01
1.215390500000000202e+03 5.411496626172664914e-01 5.391001321068636942e-01 5.383600649829640705e-01
1.215404999999999973e+03 5.626027237274419113e-01 5.586105990322427495e-01 5.571124740673168985e-01
1.215419499999999971e+03 5.680801737600186252e-01 5.631527392796947806e-01 5.610553498413832774e-01
1.215434000000000196e+03 5.544415176444817961e-01 5.467496581204616124e-01 5.437203648237284304e-01
1.215448499999999967e+03 5.104730710915015290e-01 5.000708710489751851e-01 4.969046105152885029e-01
1.215462999999999965e+03 4.231811678735090676e-01 4.217095238890000708e-01 4.212330548541733943e-01
1.215477500000000191e+03 3.298434675121674209e-01 3.385804081875543048e-01 3.412231548751962218e-01
1.215492000000000189e+03 2.729081187963058319e-01 2.819000060276480868e-01 2.850601644345873154e-01
1.215506499999999960e+03 2.523489676892035072e-01 2.568222938863015670e-01 2.586663453572690674e-01
1.215520999999999958e+03 2.492742413002709823e-01 2.501645012880562291e-01 2.507415653259958965e-01
1.215535500000000184e+03 2.492063334094942739e-01 2.492564712717615927e-01 2.493432235167609423e-01
1.215549999999999955e+03 2.492063242160185710e-01 2.492073108333096310e-01 2.492122787198620681e-01
1.215564499999999953e+03 2.492063242160185710e-01 2.492063298836047769e-01 2.492064362881719619e-01
1.215579000000000178e+03 2.492063242160185710e-01 2.492063242221197739e-01 2.492063249713211137e-01
1.215593500000000176e+03 2.492063242160185710e-01 2.492063242160200698e-01 2.492063242177060545e-01
1.215607999999999947e+03 2.492063242160185710e-01 2.492063242160186265e-01 2.492063242160199865e-01
1.215622499999999945e+03 2.492063242160185710e-01 2.492063242160186265e-01 2.492063242160186542e-01
1.215637000000000171e+03 2.492063242160185710e-01 2.492063242160186265e-01 2.492063242160186542e-01
1.215651499999999942e+03 2.492063242160185710e-01 2.492063242160186265e-01 2.492063242160186542e-01
1.215665999999999940e+03 2.492063242160185710e-01 2.492063242160186265e-01 2.492063242160186542e-01
1.215680500000000166e+03 2.492063242160185710e-01 2.492063242160186265e-01 2.492063242160186542e-01
1.215695000000000164e+03 2.492063242160185710e-01 2.492063242160186265e-01 2.492063242160186542e-01
1.215709499999999935e+03 2.492063242160185710e-01 2.492063242160186265e-01 2.492063242160186542e-01
1.215723999999999933e+03 2.492063242160185710e-01 2.492063242160186265e-01 2.492063242160186542e-01
1.215738500000000158e+03 2.492063242160185710e-01 2.492063242160186265e-01 2.492063242160534875e-01
1.215753000000000156e+03 2.492063242160185710e-01 2.492063242161160208e-01 2.492063242391988620e-01
1.215767499999999927e+03 2.492063242160185710e-01 2.492063243472523448e-01 2.492063307903093217e-01
1.215782000000000153e+03 2.492063242160185710e-01 2.492063771075125889e-01 2.492070408481406596e-01
1.215796500000000151e+03 2.492063242164609116e-01 2.492127235270355512e-01 2.492321039737094290e-01
1.215810999999999922e+03 2.492074907440894604e-01 2.494092861786836590e-01 2.496266170976452481e-01
1.215825500000000147e+03 2.497113476205348459e-01 2.517651404969779572e-01 2.527981758273107338e-01
1.215840000000000146e+03 2.578166541239060860e-01 2.644279673795170149e-01 2.669286876184440160e-01
1.215854500000000144e+03 2.922732886929443330e-01 3.020845319573490784e-01 3.053573440750079193e-01
1.215868999999999915e+03 3.668350161354088645e-01 3.724811361304775637e-01 3.740604665057895017e-01
1.215883500000000140e+03 4.652708886691336865e-01 4.586865340004994684e-01 4.568716073047014437e-01
1.215898000000000138e+03 5.358240460699389418e-01 5.267198282285515676e-01 5.237309270147980644e-01
1.215912499999999909e+03 5.690368391732623099e-01 5.648515517678255327e-01 5.630284599535781975e-01
1.215927000000000135e+03 5.861572596791586598e-01 5.847727737285743910e-01 5.840651881891739672e-01
1.215941500000000133e+03 5.981534411963594922e-01 5.976383008884639247e-01 5.973805938439806784e-01
1.215956000000000131e+03 6.082211059792386187e-01 6.079355260065271160e-01 6.078090451150485185e-01
1.215970499999999902e+03 6.171860479823685353e-01 6.169710412957235546e-01 6.168828597881343967e-01
1.215985000000000127e+03 6.253072682886341438e-01 6.251261065096794800e-01 6.250535843831432903e-01
1.215999500000000126e+03 6.327142716441439552e-01 6.325568314559695260e-01 6.324941735181043301e-01
1.216013999999999896e+03 6.394999049890620624e-01 6.393616841626823533e-01 6.393067544677034642e-01
1.216028500000000122e+03 6.457398740902742240e-01 6.456178484484312863e-01 6.455693799627647556e-01
1.216043000000000120e+03 6.514980641535565997e-01 6.513898617931693780e-01 6.513468975103938741e-01
1.216057500000000118e+03 6.568290237450087332e-01 6.567327042300614703e-01 6.566944679692693354e-01
1.216071999999999889e+03 6.617796512150612154e-01 6.616936031446599698e-01 6.616594518128851021e-01
1.216086500000000115e+03 6.663904891807521658e-01 6.663133623717840681e-01 6.662827576703227450e-01
1.216101000000000113e+03 6.706967537320910333e-01 6.706274088740119543e-01 6.705998968884588907e-01
1.216115499999999884e+03 6.747291656820598726e-01 6.746666355955686090e-01 6.746418312010423746e-01
1.216130000000000109e+03 6.785146292872999974e-01 6.784580885610591583e-01 6.784356632333181647e-01
1.216144500000000107e+03 6.820767913592475917e-01 6.820255322317709812e-01 6.820052043817701470e-01
1.216159000000000106e+03 6.854365053334389168e-01 6.853899183219587243e-01 6.853714455430792718e-01
1.216173499999999876e+03 6.886122189817224237e-01 6.885697771782247623e-01 6.885529499676400489e-01
1.216188000000000102e+03 6.916203002091545482e-01 6.915815464454870831e-01 6.915661830771129281e-01
1.216202500000000100e+03 6.944753122378557464e-01 6.944398485215763639e-01 6.944257908290993875e-01
1.216217000000000098e+03 6.971902471259622258e-01 6.971577258904733121e-01 6.971448357767638937e-01
1.216231500000000096e+03 6.997767247726228712e-01 6.997468415894990690e-01 6.997349981208385028e-01
1.216246000000000095e+03 7.022451631735400213e-01 7.022176506517939787e-01 7.022067476264853836e-01
1.216260500000000093e+03 7.046049246070743566e-01 7.045795472624238887e-01 7.045694911668264337e-01
1.216274999999999864e+03 7.068644415761284883e-01 7.068409914978888153e-01 7.068316997807817526e-01
1.216289500000000089e+03 7.090313256517796203e-01 7.090096188286819645e-01 7.090010184385829861e-01
1.216304000000000087e+03 7.111124618175875822e-01 7.110923350114453090e-01 7.110843611523064434e-01
1.216318500000000085e+03 7.131140904759726284e-01 7.130953985520136484e-01 7.130879936210213765e-01
1.216333000000000084e+03 7.150418789181133272e-01 7.150244925583177924e-01 7.150176052362645640e-01
1.216347500000000082e+03 7.169009837686141084e-01 7.168847875071446829e-01 7.168783719771035789e-01
1.216362000000000080e+03 7.186961056758408573e-01 7.186809962063406276e-01 7.186750114806261802e-01
1.216376500000000306e+03 7.204315373206543471e-01 7.204174220340933132e-01 7.204118313729643841e-01
1.216391000000000076e+03 7.221112056534430002e-01 7.220980013716974399e-01 7.220927717799949797e-01
1.216405500000000075e+03 7.237387091318383536e-01 7.237263410082628301e-01 7.237214427984778320e-01
1.216420000000000073e+03 7.253173506182044594e-01 7.253057511809435365e-01 7.253011575930665700e-01
1.216434500000000071e+03 7.268501665002935486e-01 7.268392748178582607e-01 7.268349616878925223e-01
1.216449000000000069e+03 7.283399525175620060e-01 7.283297134697944708e-01 7.283256589401067016e-01
1.216463500000000067e+03 7.297892867093122016e-01 7.297796503486186914e-01 7.297758346142746433e-01
1.216478000000000293e+03 7.312005498407393445e-01 7.311914708318366651e-01 7.311878759180693299e-01
1.216492500000000064e+03 7.325759436170212746e-01 7.325673807442738550e-01 7.325639903108558393e-01
1.216507000000000062e+03 7.339175069521570727e-01 7.339094226856374137e-01 7.339062218545887584e-01
1.216521500000000060e+03 7.352271305243969213e-01 7.352194906370478344e-01 7.352164658406347142e-01
1.216536000000000058e+03 7.365065698200380373e-01 7.364993430492183801e-01 7.364964818956131198e-01
1.216550500000000056e+03 7.377574568407372357e-01 7.377506145887108291e-01 7.377479057430771370e-01
1.216565000000000055e+03 7.389813106282077104e-01 7.389748266963481749e-01 7.389722597753772826e-01
1.216579500000000280e+03 7.401795467392693340e-01 7.401733970921364758e-01 7.401709625703991602e-01
1.216594000000000051e+03 7.413534857893069319e-01 7.413476483447388743e-01 7.413453374713911970e-01
1.216608500000000049e+03 7.425043611668066257e-01 7.424988156089109559e-01 7.424966203334901760e-01
1.216623000000000047e+03 7.436333260093878073e-01 7.436280536217086956e-01 7.436259665279402187e-01
1.216637500000000273e+03 7.447414595209951305e-01 7.447364430374847633e-01 7.447344572841545496e-01
1.216652000000000044e+03 7.458297727005611666e-01 7.458249961722597243e-01 7.458231054403247073e-01
1.216666500000000042e+03 7.468992135441636648e-01 7.468946622197658591e-01 7.468928606649719582e-01
1.216681000000000267e+03 7.479506717755131096e-01 7.479463319941963562e-01 7.479446142045834689e-01
1.216695500000000038e+03 7.489849831531534274e-01 7.489808422484603989e-01 7.489792032062135840e-01
1.216710000000000036e+03 7.500029333981201862e-01 7.499989796113658569e-01 7.499974146584945656e-01
1.216724500000000035e+03 7.510052617795478502e-01 7.510014841819719900e-01 7.509999889894219960e-01
1.216739000000000260e+03 7.519926643928590559e-01 7.519890528153923004e-01 7.519876233552029721e-01
1.216753500000000031e+03 7.529657971605407951e-01 7.529623421304761921e-01 7.529609746506575885e-01
1.216768000000000029e+03 7.539252785828269854e-01 7.539219712665331530e-01 7.539206622683585213e-01
1.216782500000000255e+03 7.548716922620988257e-01 7.548685244132264938e-01 7.548672706306953639e-01
1.216797000000000025e+03 7.558055892227224515e-01 7.558025531353258497e-01 7.558013515165701302e-01
1.216811500000000024e+03 7.567274900457464648e-01 7.567245785117168166e-01 7.567234262021313995e-01
1.216826000000000249e+03 7.576378868354636253e-01 7.576350931059022686e-01 7.576339874328339441e-01
1.216840500000000247e+03 7.585372450333894845e-01 7.585345627835596849e-01 7.585335012424011536e-01
1.216855000000000018e+03 7.594260050938440587e-01 7.594234283911871497e-01 7.594224086327112655e-01
1.216869500000000016e+03 7.603045840331686955e-01 7.603021073082300019e-01 7.603011271270565530e-01
1.216884000000000242e+03 7.611733768641248954e-01 7.611709948840014173e-01 7.611700522080777631e-01
1.216898500000000013e+03 7.620327579253971528e-01 7.620304657695208261e-01 7.620295586505190233e-01
1.216913000000000011e+03 7.628830821154557462e-01 7.628808751534286170e-01 7.628800017579623338e-01
1.216927500000000236e+03 7.637246860388635650e-01 7.637225599101663542e-01 7.637217185117384233e-01
1.216942000000000235e+03 7.645578890724225030e-01 7.645558396678387991e-01 7.645550286214224389e-01
1.216956500000000005e+03 7.653829943579939510e-01 7.653810177399434922e-01 7.653802276966779061e-01
1.216971000000000004e+03 7.662002897278950009e-01 7.661983199295356872e-01 7.661966732340996789e-01
1.216985500000000229e+03 7.670100485684392400e-01 7.669994549071379453e-01 7.669820369553672634e-01
1.217000000000000000e+03 7.678125306265025651e-01 7.676271583037802548e-01 7.675645262644411604e-01
