# lambda[A]  T_theo  T_instr  T_rot+instr  (He I 10830)
1.082820000000000073e+04 9.999999978294064062e-01 9.999999977453011279e-01 9.999999977414657515e-01
1.082822004706146618e+04 9.999999977609894675e-01 9.999999977011025942e-01 9.999999976980863403e-01
1.082824009412292799e+04 9.999999976885385333e-01 9.999999976451039441e-01 9.999999976428495252e-01
1.082826014118439343e+04 9.999999976116756839e-01 9.999999975779415573e-01 9.999999975763060878e-01
1.082828018824585706e+04 9.999999975299718180e-01 9.999999975006489406e-01 9.999999974994452367e-01
1.082830023530732069e+04 9.999999974429346628e-01 9.999999974140959536e-01 9.999999974131340563e-01
1.082832028236878432e+04 9.999999973499883454e-01 9.999999973184664492e-01 9.999999973175737189e-01
1.082834032943024977e+04 9.999999972504369783e-01 9.999999972127645576e-01 9.999999972117786795e-01
1.082836037649171158e+04 9.999999971433928270e-01 9.999999970941026994e-01 9.999999970928299398e-01
1.082838042355317521e+04 9.999999970276144401e-01 9.999999969562940461e-01 9.999999969544277612e-01
1.082840047061463883e+04 9.999999969011565959e-01 9.999999967869555029e-01 9.999999967839319215e-01
1.082842051767610246e+04 9.999999967605976980e-01 9.999999965617621944e-01 9.999999965565070648e-01
1.082844056473756791e+04 9.999999965993622286e-01 9.999999962334876757e-01 9.999999962239576323e-01
1.082846061179902972e+04 9.999999964041568212e-01 9.999999957116950666e-01 9.999999956940661683e-01
1.082848065886049335e+04 9.999999961475811716e-01 9.999999948260687166e-01 9.999999947933213562e-01
1.082850070592195880e+04 9.999999957732110811e-01 9.999999932618048870e-01 9.999999932012983983e-01
1.082852075298342061e+04 9.999999951663072206e-01 9.999999904484698776e-01 9.999999903378861132e-01
1.082854080004488605e+04 9.999999940979291679e-01 9.999999853733935185e-01 9.999999851740821732e-01
1.082856084710634968e+04 9.999999921213640341e-01 9.999999762758502442e-01 9.999999759221367412e-01
1.082858089416781149e+04 9.999999883858050609e-01 9.999999601578878350e-01 9.999999595402097041e-01
1.082860094122927694e+04 9.999999813110580504e-01 9.999999320206404141e-01 9.999999309594194141e-01
1.082862098829074057e+04 9.999999680366277177e-01 9.999998837005603658e-01 9.999998819063952160e-01
1.082864103535220420e+04 9.999999435168153150e-01 9.999998021383166291e-01 9.999997991522865393e-01
1.082866108241366783e+04 9.999998990794820575e-01 9.999996668652867404e-01 9.999996619708464429e-01
1.082868112947513328e+04 9.999998202002530201e-01 9.999994464421589901e-01 9.999994385373491834e-01
1.082870117653659509e+04 9.999996831688536814e-01 9.999990935385322244e-01 9.999990809545685755e-01
1.082872122359806053e+04 9.999994502447085987e-01 9.999985383165884700e-01 9.999985185678199606e-01
1.082874127065952416e+04 9.999990628216325339e-01 9.999976798050147497e-01 9.999976492593841693e-01
1.082876131772098597e+04 9.999984320544994532e-01 9.999963750760881842e-01 9.999963285516335620e-01
1.082878136478245142e+04 9.999974263560222898e-01 9.999944263655459187e-01 9.999943566991822408e-01
1.082880141184391323e+04 9.999958551731920053e-01 9.999915669561998399e-01 9.999914646720127198e-01
1.082882145890537868e+04 9.999934485609378587e-01 9.999874478951862322e-01 9.999873012335864786e-01
1.082884150596684231e+04 9.999898324306962794e-01 9.999816296497765489e-01 9.999814253971116562e-01
1.082886155302830412e+04 9.999845002832125074e-01 9.999735856892056907e-01 9.999733114065451067e-01
1.082888160008976956e+04 9.999767843797948697e-01 9.999627282901513148e-01 9.999623765309788581e-01
1.082890164715123319e+04 9.999658338692791748e-01 9.999484692523004092e-01 9.999480439532748566e-01
1.082892169421269682e+04 9.999506164355390636e-01 9.999303270762626150e-01 9.999298512983068044e-01
1.082894174127416045e+04 9.999299763226239257e-01 9.999080839958449651e-01 9.999076066316961997e-01
1.082896178833562590e+04 9.999028059978753991e-01 9.998819783554108165e-01 9.998815758718080371e-01
1.082898183539708771e+04 9.998684119884295729e-01 9.998528914122061240e-01 9.998526603039800120e-01
1.082900188245855134e+04 9.998271451845560653e-01 9.998224611637624992e-01 9.998224988168946670e-01
1.082902192952001678e+04 9.997812604060202224e-01 9.997930450942577041e-01 9.997934215259746127e-01
1.082904197658147859e+04 9.997356996780493166e-01 9.997674758591627020e-01 9.997682047553683171e-01
1.082906202364294404e+04 9.996980793927223718e-01 9.997486149360804708e-01 9.997496361490557648e-01
1.082908207070440767e+04 9.996769308759158035e-01 9.997387929160387321e-01 9.997399767283584593e-01
1.082910211776587130e+04 9.996780375753234749e-01 9.997392934933357900e-01 9.997404688425077790e-01
1.082912216482733493e+04 9.997010777575855434e-01 9.997500500453873062e-01 9.997510480636306873e-01
1.082914221188879856e+04 9.997398288167419489e-01 9.997696616949621751e-01 9.997703584188958326e-01
1.082916225895026218e+04 9.997857113521622097e-01 9.997957230745974089e-01 9.997960655950043352e-01
1.082918230601172581e+04 9.998313218050548512e-01 9.998253521423791090e-01 9.998253605355320595e-01
1.082920235307318944e+04 9.998719934178823543e-01 9.998557450897421761e-01 9.998554932997614220e-01
1.082922240013465307e+04 9.999056917030865188e-01 9.998846059171695444e-01 9.998841923621275551e-01
1.082924244719611852e+04 9.999321997580138399e-01 9.999103700203991751e-01 9.999098899284905029e-01
1.082926249425758033e+04 9.999522731068549719e-01 9.999322239939710810e-01 9.999317513565741944e-01
1.082928254131904396e+04 9.999670358177957796e-01 9.999499814621835014e-01 9.999495625253633779e-01
1.082930258838050941e+04 9.999776368520720826e-01 9.999638932064773833e-01 9.999635488804934358e-01
1.082932263544197122e+04 9.999850924391966434e-01 9.999744568549407964e-01 9.999741896692390108e-01
1.082934268250343666e+04 9.999902354580855190e-01 9.999822643380262832e-01 9.999820661288812973e-01
1.082936272956490029e+04 9.999937171204504871e-01 9.999878994820969869e-01 9.999877575909026373e-01
1.082938277662636210e+04 9.999960300282129122e-01 9.999918811767999349e-01 9.999917824599207083e-01
1.082940282368782755e+04 9.999975371711621319e-01 9.999946402108920163e-01 9.999945731075119415e-01
1.082942287074929118e+04 9.999984999358928484e-01 9.999965172169970051e-01 9.999964724786392090e-01
1.082944291781075481e+04 9.999991024558977371e-01 9.999977717339764149e-01 9.999977424034119933e-01
1.082946296487221844e+04 9.999994716211660917e-01 9.999985957048956875e-01 9.999985767662785685e-01
1.082948301193368388e+04 9.999996929216731223e-01 9.999991275374122690e-01 9.999991154838940854e-01
1.082950305899514569e+04 9.999998226250588207e-01 9.999994648062927594e-01 9.999994572424337758e-01
1.082952310605660932e+04 9.999998968821408596e-01 9.999996748620701981e-01 9.999996701819182654e-01
1.082954315311807295e+04 9.999999383490518756e-01 9.999998032482769750e-01 9.999998003922179191e-01
1.082956320017953658e+04 9.999999608669311035e-01 9.999998801304353924e-01 9.999998784090599058e-01
1.082958324724100203e+04 9.999999726713504344e-01 9.999999250512525695e-01 9.999999240210060147e-01
1.082960329430246384e+04 9.999999785248735451e-01 9.999999503391804323e-01 9.999999497157345818e-01
1.082962334136392928e+04 9.999999810850147552e-01 9.999999634622287470e-01 9.999999630600092670e-01
1.082964338842539291e+04 9.999999817419936710e-01 9.999999685614757716e-01 9.999999682501207188e-01
1.082966343548685472e+04 9.999999810895113805e-01 9.999999673308354042e-01 9.999999670010421005e-01
1.082968348254832017e+04 9.999999791274283290e-01 9.999999593351873717e-01 9.999999588672414674e-01
1.082970352960978380e+04 9.999999752348377458e-01 9.999999417769424026e-01 9.999999410051622073e-01
1.082972357667124743e+04 9.999999678894460065e-01 9.999999086275591642e-01 9.999999072928479338e-01
1.082974362373271106e+04 9.999999540358380790e-01 9.999998489293234760e-01 9.999998466098201089e-01
1.082976367079417651e+04 9.999999279101706717e-01 9.999997439367054319e-01 9.999997399428978140e-01
1.082978371785563832e+04 9.999998789998286730e-01 9.999995625984835490e-01 9.999995558137758644e-01
1.082980376491710194e+04 9.999997886409377479e-01 9.999992546759292056e-01 9.999992433160377336e-01
1.082982381197856739e+04 9.999996245228983671e-01 9.999987405466145285e-01 9.999987218009774859e-01
1.082984385904002920e+04 9.999993320695641508e-01 9.999978964637457057e-01 9.999978659695125671e-01
1.082986390610149465e+04 9.999988212989365799e-01 9.999965337482469296e-01 9.999964848338551704e-01
1.082988395316295828e+04 9.999979473326408019e-01 9.999943701346415414e-01 9.999942927605671716e-01
1.082990400022442009e+04 9.999964822469604719e-01 9.999909913750787416e-01 9.999908707059594892e-01
1.082992404728588554e+04 9.999940754547987920e-01 9.999858014254130456e-01 9.999856160143957284e-01
1.082994409434734735e+04 9.999901993324115113e-01 9.999779604417641243e-01 9.999776801350954702e-01
1.082996414140881279e+04 9.999840764639140733e-01 9.999663119652486554e-01 9.999658958972734712e-01
1.082998418847027642e+04 9.999745849178349744e-01 9.999493048460692535e-01 9.999487003377891536e-01
1.083000423553174005e+04 9.999601389432625220e-01 9.999249224968528305e-01 9.999240662748570818e-01
1.083002428259320368e+04 9.999385455279153900e-01 9.998906423754017059e-01 9.998894661126788153e-01
1.083004432965466731e+04 9.999068446647262354e-01 9.998434611752521350e-01 9.998419034973542452e-01
1.083006437671613094e+04 9.998611571812662246e-01 9.997800323203238637e-01 9.997780584891081679e-01
1.083008442377759457e+04 9.997965958715171464e-01 9.996969646730200498e-01 9.996945926228479884e-01
1.083010447083906001e+04 9.997073528466594583e-01 9.995913149684910737e-01 9.995886423888477035e-01
1.083012451790052182e+04 9.995871604607267091e-01 9.994612635100601494e-01 9.994584866840947601e-01
1.083014456496198727e+04 9.994304021196943610e-01 9.993068951381464116e-01 9.993043088608166702e-01
1.083016461202345090e+04 9.992341178883049624e-01 9.991309342134260252e-01 9.991289056858396744e-01
1.083018465908491271e+04 9.990008229035722831e-01 9.989392368471464723e-01 9.989381548162816760e-01
1.083020470614637816e+04 9.987412536349944414e-01 9.987408577454904846e-01 9.987410674038236236e-01
1.083022475320784179e+04 9.984750353987195126e-01 9.985475887321312305e-01 9.985493272689687227e-01
1.083024480026930541e+04 9.982269466715487649e-01 9.983729791581799073e-01 9.983763236703632193e-01
1.083026484733076904e+04 9.980194175883388974e-01 9.982309438802986490e-01 9.982357765295326590e-01
1.083028489439223449e+04 9.978681995373217539e-01 9.981341147447685413e-01 9.981401074657332284e-01
1.083030494145369630e+04 9.977869338098190877e-01 9.980921190311544677e-01 9.980987452293502704e-01
1.083032498851515993e+04 9.977926810301122051e-01 9.981100188466865974e-01 9.981166055839573170e-01
1.083034503557662356e+04 9.978995228718435806e-01 9.981872230894894837e-01 9.981930519795674250e-01
1.083036508263808719e+04 9.981031235354481668e-01 9.983172159652416999e-01 9.983216598109830864e-01
1.083038512969955264e+04 9.983747621960307184e-01 9.984883339508032751e-01 9.984909903889771510e-01
1.083040517676101445e+04 9.986730650443929047e-01 9.986855428752575703e-01 9.986863160577802434e-01
1.083042522382247807e+04 9.989607753740409324e-01 9.988928256886384638e-01 9.988919237921208838e-01
1.083044527088394352e+04 9.992139076658800301e-01 9.990955699327921380e-01 9.990934219310331210e-01
1.083046531794540533e+04 9.994222502147426246e-01 9.992823669640207296e-01 9.992794949976643304e-01
1.083048536500687078e+04 9.995854989484300734e-01 9.994458841475502009e-01 9.994427797248870426e-01
1.083050541206833441e+04 9.997087642138527963e-01 9.995828068011934908e-01 9.995798472377802613e-01
1.083052545912979804e+04 9.997991907188817917e-01 9.996931091784482248e-01 9.996905265456574874e-01
1.083054550619126167e+04 9.998639739552361849e-01 9.997790170651167374e-01 9.997769103412804670e-01
1.083056555325272711e+04 9.999094369336113397e-01 9.998439797490891179e-01 9.998423505178406501e-01
1.083058560031418892e+04 9.999407384199320292e-01 9.998918461770237576e-01 9.998906390883103290e-01
1.083060564737565255e+04 9.999618954765998602e-01 9.999263125618325088e-01 9.999254487171426176e-01
1.083062569443711800e+04 9.999759346452933295e-01 9.999506197432063148e-01 9.999500187312143629e-01
1.083064574149857981e+04 9.999850775146291726e-01 9.999674371702572673e-01 9.999670286081482340e-01
1.083066578856004526e+04 9.999909181164153837e-01 9.999788646690928040e-01 9.999785922901781587e-01
1.083068583562150707e+04 9.999945758946152674e-01 9.999864960007097681e-01 9.999863174558651924e-01
1.083070588268297070e+04 9.999968204038972575e-01 9.999915061690233253e-01 9.999913909083245622e-01
1.083072592974443614e+04 9.999981692620121265e-01 9.999947402392597162e-01 9.999946668982129250e-01
1.083074597680589795e+04 9.999989628790180163e-01 9.999967926718752453e-01 9.999967466596904053e-01
1.083076602386736340e+04 9.999994199757527014e-01 9.999980731017139579e-01 9.999980446426505187e-01
1.083078607092882703e+04 9.999996777581777740e-01 9.999988582518259950e-01 9.999988409037033898e-01
1.083080611799028884e+04 9.999998202117271751e-01 9.999993314351759421e-01 9.999993210171760349e-01
1.083082616505175429e+04 9.999998974778462335e-01 9.999996117322723643e-01 9.999996055715699717e-01
1.083084621211321792e+04 9.999999387460571931e-01 9.999997749871496477e-01 9.999997714008805882e-01
1.083086625917468155e+04 9.999999605829157368e-01 9.999998685521269692e-01 9.999998664973791529e-01
1.083088630623614517e+04 9.999999721552442766e-01 9.999999214008892245e-01 9.999999202419591615e-01
1.083090635329761062e+04 9.999999784093447364e-01 9.999999509045457424e-01 9.999999502605866342e-01
1.083092640035907243e+04 9.999999819492229047e-01 9.999999672668423711e-01 9.999999669137562552e-01
1.083094644742053788e+04 9.999999841137804379e-01 9.999999763598177438e-01 9.999999761681650501e-01
1.083096649448200151e+04 9.999999855766806833e-01 9.999999814945199628e-01 9.999999813909427049e-01
1.083098654154346332e+04 9.999999866708167984e-01 9.999999845008807897e-01 9.999999844445944808e-01
1.083100658860492877e+04 9.999999875588476694e-01 9.999999863708574077e-01 9.999999863396192845e-01
1.083102663566639239e+04 9.999999883203363193e-01 9.999999876325331716e-01 9.999999876144389788e-01
1.083104668272785602e+04 9.999999889950739185e-01 9.999999885626540408e-01 9.999999885514451181e-01
1.083106672978931965e+04 9.999999896040577818e-01 9.999999893045887767e-01 9.999999892970264925e-01
1.083108677685078146e+04 9.999999901594136542e-01 9.999999899323047670e-01 9.999999899267331127e-01
1.083110682391224691e+04 9.999999906689903684e-01 9.999999904842895582e-01 9.999999904798670958e-01
1.083112687097371054e+04 9.999999911384628293e-01 9.999999909811432275e-01 9.999999909774398565e-01
1.083114691803517417e+04 9.999999915722940225e-01 9.999999914345157892e-01 9.999999914313064675e-01
1.083116696509663780e+04 9.999999919741858756e-01 9.999999918515620756e-01 9.999999918487226802e-01
1.083118701215810324e+04 9.999999923473035235e-01 9.999999922371306527e-01 9.999999922345875758e-01
1.083120705921956505e+04 9.999999926944003192e-01 9.999999925948256374e-01 9.999999925925304733e-01
1.083122710628102868e+04 9.999999930178907759e-01 9.999999929275259491e-01 9.999999929254448361e-01
1.083124715334249413e+04 9.999999933199100743e-01 9.999999932376436584e-01 9.999999932357497290e-01
1.083126720040395594e+04 9.999999936023500346e-01 9.999999935272581020e-01 9.999999935255297068e-01
1.083128724746542139e+04 9.999999938668957533e-01 9.999999937981902676e-01 9.999999937966093100e-01
1.083130729452688502e+04 9.999999941150518046e-01 9.999999940520535313e-01 9.999999940506041352e-01
1.083132734158834865e+04 9.999999943481656661e-01 9.999999942902835226e-01 9.999999942889518101e-01
1.083134738864981227e+04 9.999999945674467039e-01 9.999999945141626601e-01 9.999999945129367518e-01
1.083136743571127590e+04 9.999999947739841577e-01 9.999999947248435772e-01 9.999999947237125930e-01
1.083138748277273953e+04 9.999999949687601308e-01 9.999999949233623342e-01 9.999999949223178364e-01
1.083140752983420316e+04 9.999999951526632458e-01 9.999999951106531837e-01 9.999999951096866235e-01
1.083142757689566679e+04 9.999999953264981922e-01 9.999999952875617826e-01 9.999999952866660546e-01
1.083144762395713042e+04 9.999999954909964961e-01 9.999999954548538517e-01 9.999999954540225167e-01
1.083146767101859587e+04 9.999999956468226259e-01 9.999999956132249457e-01 9.999999956124521194e-01
1.083148771808005768e+04 9.999999957945842066e-01 9.999999957633078917e-01 9.999999957625884672e-01
1.083150776514152130e+04 9.999999959348334633e-01 9.999999959056797838e-01 9.999999959050094311e-01
1.083152781220298675e+04 9.999999960680774347e-01 9.999999960408675337e-01 9.999999960402418120e-01
1.083154785926444856e+04 9.999999961947805271e-01 9.999999961693527561e-01 9.999999961687681127e-01
1.083156790632591401e+04 9.999999963153688443e-01 9.999999962915779861e-01 9.999999962910310902e-01
1.083158795338737764e+04 9.999999964302328515e-01 9.999999964079488990e-01 9.999999964074361980e-01
1.083160800044883945e+04 9.999999965397343704e-01 9.999999965188376416e-01 9.999999965183570261e-01
1.083162804751030490e+04 9.999999966442043586e-01 9.999999966245879390e-01 9.999999966241368554e-01
1.083164809457176852e+04 9.999999967439500148e-01 9.999999967255165378e-01 9.999999967250927657e-01
1.083166814163323215e+04 9.999999968392545568e-01 9.999999968219152047e-01 9.999999968215169677e-01
1.083168818869469578e+04 9.999999969303808856e-01 9.999999969140550560e-01 9.999999969136798006e-01
1.083170823575616123e+04 9.999999970175715847e-01 9.999999970021854478e-01 9.999999970018319528e-01
1.083172828281762304e+04 9.999999971010525845e-01 9.999999970865390830e-01 9.999999970862053500e-01
1.083174832987908667e+04 9.999999971810327182e-01 9.999999971673303456e-01 9.999999971670155974e-01
1.083176837694055212e+04 9.999999972577074958e-01 9.999999972447596308e-01 9.999999972444618690e-01
1.083178842400201393e+04 9.999999973312577728e-01 9.999999973190131231e-01 9.999999973187316815e-01
1.083180847106347937e+04 9.999999974018526361e-01 9.999999973902639061e-01 9.999999973899976746e-01
1.083182851812494118e+04 9.999999974696504035e-01 9.999999974586730733e-01 9.999999974584206086e-01
1.083184856518640663e+04 9.999999975347968473e-01 9.999999975243917261e-01 9.999999975241521399e-01
1.083186861224787026e+04 9.999999975974308564e-01 9.999999975875601965e-01 9.999999975873333780e-01
1.083188865930933207e+04 9.999999976576804395e-01 9.999999976483100461e-01 9.999999976480946628e-01
1.083190870637079752e+04 9.999999977156659448e-01 9.999999977067648427e-01 9.999999977065603396e-01
1.083192875343226115e+04 9.999999977715007260e-01 9.999999977630396053e-01 9.999999977628453163e-01
1.083194880049372478e+04 9.999999978252908095e-01 9.999999978172421367e-01 9.999999978170570625e-01
1.083196884755518840e+04 9.999999978771352271e-01 9.999999978694745773e-01 9.999999978692986069e-01
1.083198889461665385e+04 9.999999979271273487e-01 9.999999979198311850e-01 9.999999979196637634e-01
1.083200894167811566e+04 9.999999979753556589e-01 9.999999979684028872e-01 9.999999979682425710e-01
1.083202898873957929e+04 9.999999980219026474e-01 9.999999980152722845e-01 9.999999980151197398e-01
1.083204903580104474e+04 9.999999980668453636e-01 9.999999980605195349e-01 9.999999980603742067e-01
1.083206908286250655e+04 9.999999981102583035e-01 9.999999981042193564e-01 9.999999981040802455e-01
1.083208912992397200e+04 9.999999981522101900e-01 9.999999981464418042e-01 9.999999981463093546e-01
1.083210917698543562e+04 9.999999981927665260e-01 9.999999981872533805e-01 9.999999981871265931e-01
1.083212922404689743e+04 9.999999982319885961e-01 9.999999982267170351e-01 9.999999982265956877e-01
1.083214927110836288e+04 9.999999982699347978e-01 9.999999982648908325e-01 9.999999982647748142e-01
1.083216931816982651e+04 9.999999983066609754e-01 9.999999983018300620e-01 9.999999983017174854e-01
1.083218936523129014e+04 9.999999983422178662e-01 9.999999983375803536e-01 9.999999983374703305e-01
1.083220941229275377e+04 9.999999983766563183e-01 9.999999983721749031e-01 9.999999983720622154e-01
1.083222945935421740e+04 9.999999984100220729e-01 9.999999984056137103e-01 9.999999984054878110e-01
1.083224950641568103e+04 9.999999984423603161e-01 9.999999984378329376e-01 9.999999984376723994e-01
1.083226955347714465e+04 9.999999984737126812e-01 9.999999984686572807e-01 9.999999984684252441e-01
1.083228960053860828e+04 9.999999985041189143e-01 9.999999984977492318e-01 9.999999984973907408e-01
1.083230964760007191e+04 9.999999985336174291e-01 9.999999985245888734e-01 9.999999985240344280e-01
1.083232969466153736e+04 9.999999985622441967e-01 9.999999985485186205e-01 9.999999985476972775e-01
1.083234974172299917e+04 9.999999985900329680e-01 9.999999985688805548e-01 9.999999985677383574e-01
1.083236978878446462e+04 9.999999986170164945e-01 9.999999985852121576e-01 9.999999985837280114e-01
