# lambda[A]  T_theo  T_instr  T_rot+instr  (He I 10830)
1.082820000000000073e+04 9.999999549293629997e-01 9.999999532108111433e-01 9.999999531244614381e-01
1.082822014205785490e+04 9.999999535211908652e-01 9.999999523041400717e-01 9.999999522363894888e-01
1.082824028411570907e+04 9.999999520315882018e-01 9.999999511559782839e-01 9.999999511055382984e-01
1.082826042617356143e+04 9.999999504531783545e-01 9.999999497811644655e-01 9.999999497448552876e-01
1.082828056823141742e+04 9.999999487776541907e-01 9.999999482040786702e-01 9.999999481777849253e-01
1.082830071028926977e+04 9.999999469956241116e-01 9.999999464482797196e-01 9.999999464279814010e-01
1.082832085234712213e+04 9.999999450964220937e-01 9.999999445289146083e-01 9.999999445113628704e-01
1.082834099440497812e+04 9.999999430678542245e-01 9.999999424492610478e-01 9.999999424321605046e-01
1.082836113646283047e+04 9.999999408958556435e-01 9.999999401999365434e-01 9.999999401817438738e-01
1.082838127852068465e+04 9.999999385639530836e-01 9.999999377578030479e-01 9.999999377373406384e-01
1.082840142057853882e+04 9.999999360523397218e-01 9.999999350811683563e-01 9.999999350571632251e-01
1.082842156263639299e+04 9.999999333361048182e-01 9.999999320971215688e-01 9.999999320676511427e-01
1.082844170469424535e+04 9.999999303816200502e-01 9.999999286743666005e-01 9.999999286360266026e-01
1.082846184675209770e+04 9.999999271389433675e-01 9.999999245693952377e-01 9.999999245158576189e-01
1.082848198880995369e+04 9.999999235257481800e-01 9.999999193236007722e-01 9.999999192429672723e-01
1.082850213086780604e+04 9.999999193936833786e-01 9.999999120709793798e-01 9.999999119408923276e-01
1.082852227292566022e+04 9.999999144592393030e-01 9.999999011853245579e-01 9.999999009639527481e-01
1.082854241498351439e+04 9.999999081648544008e-01 9.999998836436543304e-01 9.999998832531055148e-01
1.082856255704136674e+04 9.999998994066976454e-01 9.999998538946184290e-01 9.999998531902782872e-01
1.082858269909922092e+04 9.999998860143913815e-01 9.999998018718153636e-01 9.999998005849606297e-01
1.082860284115707509e+04 9.999998637810040281e-01 9.999997095380286360e-01 9.999997071662346526e-01
1.082862298321492926e+04 9.999998246967960469e-01 9.999995449057683672e-01 9.999995404981800728e-01
1.082864312527278162e+04 9.999997538025349186e-01 9.999992516989192337e-01 9.999992434248023976e-01
1.082866326733063761e+04 9.999996236909127756e-01 9.999987314137167571e-01 9.999987156811526168e-01
1.082868340938848996e+04 9.999993850518371641e-01 9.999978119928526477e-01 9.999977816474265868e-01
1.082870355144634232e+04 9.999989506107224146e-01 9.999961928103469067e-01 9.999961335248529481e-01
1.082872369350419649e+04 9.999981680369949277e-01 9.999933480427533050e-01 9.999932313731909606e-01
1.082874383556205066e+04 9.999967742957505124e-01 9.999883587816486008e-01 9.999881296302228773e-01
1.082876397761990484e+04 9.999943182128423480e-01 9.999796289548226191e-01 9.999791848373731362e-01
1.082878411967775719e+04 9.999900268975351336e-01 9.999644261714384363e-01 9.999635868376713921e-01
1.082880426173561136e+04 9.999825686043778417e-01 9.999381893444623248e-01 9.999366596507928140e-01
1.082882440379346554e+04 9.999696154436079620e-01 9.998935851736653335e-01 9.998909232273052172e-01
1.082884454585131789e+04 9.999470092770732510e-01 9.998194079378375232e-01 9.998150239661981464e-01
1.082886468790917388e+04 9.999071623056925429e-01 9.996996244329741099e-01 9.996928484832048323e-01
1.082888482996702623e+04 9.998361366671632000e-01 9.995131467902022004e-01 9.995034040249988205e-01
1.082890497202487859e+04 9.997089464341358811e-01 9.992351645245979297e-01 9.992222712338048041e-01
1.082892511408273276e+04 9.994837050778958565e-01 9.988408820164936808e-01 9.988254157693536861e-01
1.082894525614058693e+04 9.990980552884800581e-01 9.983120532741154296e-01 9.982956693763723743e-01
1.082896539819844111e+04 9.984753065180849152e-01 9.976456663990642681e-01 9.976311702710149998e-01
1.082898554025629346e+04 9.975491923357114876e-01 9.968626998169196618e-01 9.968536976867067301e-01
1.082900568231414945e+04 9.963091025676463763e-01 9.960136435391477860e-01 9.960137203382133375e-01
1.082902582437200181e+04 9.948499756386991466e-01 9.951772767977099532e-01 9.951888690079928601e-01
1.082904596642985416e+04 9.933928979796915471e-01 9.944506321648095559e-01 9.944739783879987804e-01
1.082906610848771015e+04 9.922440486811643368e-01 9.939310408369241845e-01 9.939636711181565332e-01
1.082908625054556251e+04 9.916918795429335853e-01 9.936945830967532922e-01 9.937316622328108418e-01
1.082910639260341668e+04 9.918876724987819582e-01 9.937775218336067917e-01 9.938130248334088312e-01
1.082912653466126903e+04 9.927768908122734937e-01 9.941670229878468712e-01 9.941953502071001481e-01
1.082914667671912321e+04 9.941243533733536974e-01 9.948044691826927188e-01 9.948219028630240768e-01
1.082916681877697738e+04 9.956171138782708985e-01 9.956001754331894604e-01 9.956056542641781304e-01
1.082918696083482973e+04 9.969832959357094460e-01 9.964543634748602718e-01 9.964493648500480916e-01
1.082920710289268573e+04 9.980660104775193053e-01 9.972775878247287507e-01 9.972652858576246393e-01
1.082922724495053808e+04 9.988299671496938537e-01 9.980049466978390127e-01 9.979890655199711302e-01
1.082924738700839225e+04 9.993209655799250024e-01 9.986014801064850843e-01 9.985852878156820100e-01
1.082926752906624642e+04 9.996151042885366156e-01 9.990595318166223260e-01 9.990452558707666464e-01
1.082928767112409878e+04 9.997834294828273904e-01 9.993911050233440507e-01 9.993798170339066589e-01
1.082930781318195295e+04 9.998777014768235327e-01 9.996187939605858386e-01 9.996106330242435778e-01
1.082932795523980531e+04 9.999303959365626326e-01 9.997680405864540765e-01 9.997625782593468902e-01
1.082934809729766130e+04 9.999601196904063238e-01 9.998620371808140117e-01 9.998586201431447495e-01
1.082936823935551365e+04 9.999770749028782379e-01 9.999193174009343155e-01 9.999173026275552933e-01
1.082938838141336601e+04 9.999868185426371570e-01 9.999533393972794837e-01 9.999522100739363095e-01
1.082940852347122200e+04 9.999924270960965922e-01 9.999731781755961668e-01 9.999725707450730638e-01
1.082942866552907435e+04 9.999956432852796784e-01 9.999846093037748629e-01 9.999842924530092381e-01
1.082944880758692852e+04 9.999974725897271544e-01 9.999911507590973914e-01 9.999909885941881127e-01
1.082946894964478270e+04 9.999985008812818377e-01 9.999948798454050269e-01 9.999947974338533330e-01
1.082948909170263505e+04 9.999990701860531628e-01 9.999969995073055840e-01 9.999969574709238751e-01
1.082950923376048922e+04 9.999993793145875998e-01 9.999981995287277048e-01 9.999981778333194571e-01
1.082952937581834158e+04 9.999995427858777708e-01 9.999988742241874284e-01 9.999988628410292346e-01
1.082954951787619757e+04 9.999996257213609185e-01 9.999992490660751798e-01 9.999992429787792902e-01
1.082956965993404992e+04 9.999996645583628663e-01 9.999994530173886842e-01 9.999994496864712534e-01
1.082958980199190592e+04 9.999996792886179930e-01 9.999995596297276412e-01 9.999995577422836623e-01
1.082960994404975827e+04 9.999996806102904312e-01 9.999996104182973244e-01 9.999996092750654819e-01
1.082963008610761062e+04 9.999996740300978182e-01 9.999996281278750176e-01 9.999996273365383548e-01
1.082965022816546480e+04 9.999996621357920557e-01 9.999996240836852568e-01 9.999996233958908798e-01
1.082967037022331897e+04 9.999996457481108436e-01 9.999996018665620046e-01 9.999996010781611044e-01
1.082969051228117314e+04 9.999996243218381986e-01 9.999995583808659605e-01 9.999995572508540986e-01
1.082971065433902550e+04 9.999995957108918088e-01 9.999994825754958683e-01 9.999994807305936373e-01
1.082973079639687785e+04 9.999995551747029587e-01 9.999993513601690420e-01 9.999993481468846257e-01
1.082975093845473384e+04 9.999994932167934891e-01 9.999991214079931856e-01 9.999991156302335815e-01
1.082977108051258620e+04 9.999993914324524225e-01 9.999987142916584304e-01 9.999987037154278724e-01
1.082979122257044219e+04 9.999992148915052281e-01 9.999979903647875368e-01 9.999979707480624036e-01
1.082981136462829454e+04 9.999988985294343546e-01 9.999967032742516082e-01 9.999966664188298937e-01
1.082983150668614689e+04 9.999983233018825413e-01 9.999944207242824623e-01 9.999943505175129532e-01
1.082985164874400107e+04 9.999972750324538362e-01 9.999903859662979677e-01 9.999902503844839696e-01
1.082987179080185524e+04 9.999953741785786443e-01 9.999832751559978306e-01 9.999830105192403229e-01
1.082989193285970941e+04 9.999919567317577807e-01 9.999707740935090960e-01 9.999702554633056462e-01
1.082991207491756177e+04 9.999858723717063302e-01 9.999488511774297095e-01 9.999478403024131268e-01
1.082993221697541776e+04 9.999751399482632586e-01 9.999105458499096821e-01 9.999086074931333723e-01
1.082995235903327011e+04 9.999563492394492048e-01 9.998440446053776798e-01 9.998404273432471845e-01
1.082997250109112247e+04 9.999235921724562992e-01 9.997298299642518593e-01 9.997233238067085859e-01
1.082999264314897846e+04 9.998664867423180391e-01 9.995368446826077280e-01 9.995256583801167549e-01
1.083001278520683081e+04 9.997664370199577100e-01 9.992180075917302950e-01 9.991997485844543725e-01
1.083003292726468499e+04 9.995896433050399654e-01 9.987060887175092105e-01 9.986779596827829453e-01
1.083005306932253734e+04 9.992749452825189227e-01 9.979117865168587453e-01 9.978711024697612952e-01
1.083007321138039151e+04 9.987157253520053679e-01 9.967265052151149662e-01 9.966715537617101273e-01
1.083009335343824569e+04 9.977401537058292469e-01 9.950322741034068885e-01 9.949633879369433886e-01
1.083011349549609804e+04 9.961040123077276043e-01 9.927200067692282248e-01 9.926405447468570342e-01
1.083013363755395403e+04 9.935197415833154633e-01 9.897148306639627080e-01 9.896316705454339946e-01
1.083015377961180639e+04 9.897397923160513589e-01 9.860042158038876403e-01 9.859274372299916545e-01
1.083017392166966056e+04 9.846793087614685858e-01 9.816623754251375678e-01 9.816040586871067619e-01
1.083019406372751473e+04 9.785162885471606620e-01 9.768641096085006748e-01 9.768364770505917338e-01
1.083021420578536708e+04 9.716945115791959520e-01 9.718832174527153311e-01 9.718965273213980849e-01
1.083023434784322126e+04 9.648141544743922271e-01 9.670738817473478743e-01 9.671344574731208787e-01
1.083025448990107361e+04 9.584902585604857528e-01 9.628364914580647138e-01 9.629451166515740068e-01
1.083027463195892960e+04 9.532893866543938888e-01 9.595712933008453405e-01 9.597221233106191240e-01
1.083029477401678196e+04 9.497675901804789600e-01 9.576245254182481625e-01 9.578047781083989243e-01
1.083031491607463431e+04 9.484994783168437804e-01 9.572335625225013578e-01 9.574244311876647373e-01
1.083033505813249030e+04 9.499615719902684274e-01 9.584805416009860579e-01 9.586597186926734127e-01
1.083035520019034266e+04 9.542737610769496115e-01 9.612663520334017164e-01 9.614120569923685355e-01
1.083037534224819683e+04 9.609769540912439512e-01 9.653157866926641573e-01 9.654114036989127623e-01
1.083039548430605100e+04 9.690542578293790399e-01 9.702180815585452756e-01 9.702559157973454917e-01
1.083041562636390336e+04 9.772384388056919446e-01 9.754963048729251573e-01 9.754790384060850750e-01
1.083043576842175753e+04 9.844390674996212898e-01 9.806886928736856524e-01 9.806279511622550960e-01
1.083045591047960988e+04 9.900464558161619077e-01 9.854204022144092967e-01 9.853330165470989277e-01
1.083047605253746588e+04 9.939752724484391955e-01 9.894478950928931038e-01 9.893513217255281988e-01
1.083049619459531823e+04 9.964961763230788527e-01 9.926684927751129317e-01 9.925769875533054787e-01
1.083051633665317240e+04 9.980083645339885567e-01 9.950994775573003270e-01 9.950220498731650043e-01
1.083053647871102658e+04 9.988763533132491990e-01 9.968392983007889896e-01 9.967795872877496244e-01
1.083055662076887893e+04 9.993642946524520232e-01 9.980253742854963139e-01 9.979828817549022402e-01
1.083057676282673310e+04 9.996379983614369635e-01 9.987995199317892814e-01 9.987713646732930828e-01
1.083059690488458727e+04 9.997927919179691036e-01 9.992860719868723596e-01 9.992685704708842431e-01
1.083061704694244145e+04 9.998812142512736312e-01 9.995824222106308721e-01 9.995721411411614410e-01
1.083063718900029380e+04 9.999320446955236585e-01 9.997585433303860514e-01 9.997527908075984904e-01
1.083065733105814616e+04 9.999612937103783405e-01 9.998613693731537300e-01 9.998582761420358178e-01
1.083067747311600215e+04 9.999780596852425596e-01 9.999207103376827055e-01 9.999190954330373637e-01
1.083069761517385450e+04 9.999875991406469433e-01 9.999547255799628998e-01 9.999538976840911531e-01
1.083071775723170867e+04 9.999929742817987854e-01 9.999741527285479492e-01 9.999737311427541187e-01
1.083073789928956285e+04 9.999959703571360548e-01 9.999852224168305215e-01 9.999850070039695282e-01
1.083075804134741702e+04 9.999976229226154034e-01 9.999915148987041924e-01 9.999914036687669316e-01
1.083077818340526937e+04 9.999985270590612263e-01 9.999950804543551452e-01 9.999950222255356014e-01
1.083079832546312355e+04 9.999990204161802732e-01 9.999970929569731437e-01 9.999970620587297354e-01
1.083081846752097772e+04 9.999992916777648011e-01 9.999982245826983807e-01 9.999982079974415461e-01
1.083083860957883007e+04 9.999994444918686165e-01 9.999988596336167879e-01 9.999988506453666437e-01
1.083085875163668607e+04 9.999995347617909314e-01 9.999992169056884928e-01 9.999992119875711349e-01
1.083087889369453842e+04 9.999995920845754505e-01 9.999994200997123217e-01 9.999994173734884084e-01
1.083089903575239077e+04 9.999996318577121235e-01 9.999995384994873060e-01 9.999995369564541603e-01
1.083091917781024495e+04 9.999996619772063555e-01 9.999996104818070775e-01 9.999996095786436445e-01
1.083093931986809912e+04 9.999996864608575731e-01 9.999996570510079064e-01 9.999996564954154454e-01
1.083095946192595329e+04 9.999997073620624510e-01 9.999996895691584120e-01 9.999996892044411556e-01
1.083097960398380565e+04 9.999997257562401876e-01 9.999997141216960816e-01 9.999997138641630867e-01
1.083099974604165982e+04 9.999997422370799915e-01 9.999997339490800385e-01 9.999997337540873499e-01
1.083101988809951399e+04 9.999997571606016322e-01 9.999997507801504648e-01 9.999997506237674472e-01
1.083104003015736635e+04 9.999997707629253441e-01 9.999997655510248773e-01 9.999997654202253949e-01
1.083106017221522234e+04 9.999997832164470024e-01 9.999997787860278597e-01 9.999997786734952099e-01
1.083108031427307469e+04 9.999997946566829832e-01 9.999997907961316601e-01 9.999997906975438555e-01
1.083110045633092886e+04 9.999998051954281930e-01 9.999998017807552042e-01 9.999998016933776546e-01
1.083112059838878122e+04 9.999998149275812764e-01 9.999998118793664847e-01 9.999998118013301296e-01
1.083114074044663539e+04 9.999998239350349483e-01 9.999998211975077433e-01 9.999998211274383486e-01
1.083116088250448956e+04 9.999998322891505698e-01 9.999998298200072355e-01 9.999998297568353234e-01
1.083118102456234192e+04 9.999998400525128561e-01 9.999998378178559522e-01 9.999998377607123290e-01
1.083120116662019791e+04 9.999998472802641425e-01 9.999998452519729408e-01 9.999998452001331861e-01
1.083122130867805026e+04 9.999998540211749720e-01 9.999998521754303038e-01 9.999998521282786879e-01
1.083124145073590262e+04 9.999998603185266122e-01 9.999998586348962659e-01 9.999998585919058769e-01
1.083126159279375861e+04 9.999998662108432468e-01 9.999998646716617978e-01 9.999998646323763341e-01
1.083128173485161096e+04 9.999998717325153663e-01 9.999998703224236563e-01 9.999998702864478783e-01
1.083130187690946514e+04 9.999998769143243482e-01 9.999998756199115491e-01 9.999998755868994005e-01
1.083132201896731749e+04 9.999998817838929854e-01 9.999998805934060542e-01 9.999998805630546661e-01
1.083134216102517166e+04 9.999998863660686244e-01 9.999998852691747153e-01 9.999998852412187444e-01
1.083136230308302584e+04 9.999998906832548995e-01 9.999998896708415241e-01 9.999998896450468244e-01
1.083138244514087819e+04 9.999998947556963946e-01 9.999998938197048881e-01 9.999998937958647360e-01
1.083140258719873418e+04 9.999998986017244462e-01 9.999998977350113005e-01 9.999998977129416211e-01
1.083142272925658654e+04 9.999999022379734148e-01 9.999999014341873771e-01 9.999999014137253006e-01
1.083144287131444071e+04 9.999999056795666474e-01 9.999999049330479117e-01 9.999999049140489982e-01
1.083146301337229488e+04 9.999999089402775709e-01 9.999999082459722910e-01 9.999999082283059781e-01
1.083148315543014724e+04 9.999999120326749091e-01 9.999999113860590372e-01 9.999999113696091957e-01
1.083150329748800141e+04 9.999999149682464727e-01 9.999999143652615885e-01 9.999999143499250787e-01
1.083152343954585558e+04 9.999999177575102927e-01 9.999999171945079812e-01 9.999999171801913223e-01
1.083154358160370975e+04 9.999999204101102102e-01 9.999999198838056547e-01 9.999999198704245806e-01
1.083156372366156211e+04 9.999999229349049168e-01 9.999999224423333777e-01 9.999999224298123934e-01
1.083158386571941446e+04 9.999999253400404520e-01 9.999999248785220729e-01 9.999999248667925666e-01
1.083160400777727045e+04 9.999999276330213682e-01 9.999999272001293127e-01 9.999999271891291119e-01
1.083162414983512281e+04 9.999999298207690179e-01 9.999999294143021578e-01 9.999999294039753073e-01
1.083164429189297698e+04 9.999999319096748440e-01 9.999999315276334455e-01 9.999999315179283199e-01
1.083166443395083115e+04 9.999999339056510061e-01 9.999999335462153027e-01 9.999999335370853837e-01
1.083168457600868533e+04 9.999999358141706818e-01 9.999999354756815562e-01 9.999999354670847662e-01
1.083170471806653768e+04 9.999999376403072571e-01 9.999999373212509202e-01 9.999999373131491787e-01
1.083172486012439185e+04 9.999999393887704091e-01 9.999999390877628569e-01 9.999999390801206367e-01
1.083174500218224603e+04 9.999999410639355268e-01 9.999999407797105500e-01 9.999999407724952105e-01
1.083176514424009838e+04 9.999999426698727989e-01 9.999999424012696592e-01 9.999999423944515575e-01
1.083178528629795437e+04 9.999999442103719716e-01 9.999999439563251880e-01 9.999999439498775677e-01
1.083180542835580673e+04 9.999999456889658855e-01 9.999999454484972405e-01 9.999999454423941225e-01
1.083182557041365908e+04 9.999999471089506820e-01 9.999999468811587855e-01 9.999999468753782983e-01
1.083184571247151325e+04 9.999999484734050093e-01 9.999999482574610798e-01 9.999999482519816851e-01
1.083186585452936743e+04 9.999999497852071206e-01 9.999999495803456595e-01 9.999999495751482614e-01
1.083188599658722160e+04 9.999999510470494180e-01 9.999999508525645453e-01 9.999999508476310472e-01
1.083190613864507395e+04 9.999999522614546610e-01 9.999999520766942318e-01 9.999999520720076474e-01
1.083192628070292812e+04 9.999999534307866256e-01 9.999999532551471226e-01 9.999999532506922417e-01
1.083194642276078230e+04 9.999999545572637594e-01 9.999999543901860743e-01 9.999999543859485751e-01
1.083196656481863465e+04 9.999999556429681746e-01 9.999999554839338334e-01 9.999999554799007262e-01
1.083198670687649064e+04 9.999999566898568615e-01 9.999999565383849154e-01 9.999999565345439878e-01
1.083200684893434300e+04 9.999999576997706807e-01 9.999999575554147091e-01 9.999999575517544148e-01
1.083202699099219717e+04 9.999999586744412472e-01 9.999999585367862487e-01 9.999999585332957075e-01
1.083204713305004952e+04 9.999999596155004777e-01 9.999999594841594286e-01 9.999999594808293146e-01
1.083206727510790370e+04 9.999999605244851431e-01 9.999999603990989971e-01 9.999999603959198735e-01
1.083208741716575787e+04 9.999999614028461936e-01 9.999999612830791085e-01 9.999999612800428705e-01
1.083210755922361022e+04 9.999999622519522013e-01 9.999999621374916492e-01 9.999999621345898593e-01
1.083212770128146622e+04 9.999999630730960209e-01 9.999999629636491250e-01 9.999999629608741225e-01
1.083214784333931857e+04 9.999999638674998970e-01 9.999999637627913218e-01 9.999999637601358904e-01
1.083216798539717092e+04 9.999999646363191275e-01 9.999999645360828637e-01 9.999999645335367893e-01
1.083218812745502692e+04 9.999999653806470601e-01 9.999999652846007780e-01 9.999999652821456309e-01
1.083220826951287927e+04 9.999999661015199770e-01 9.999999660092798726e-01 9.999999660068737972e-01
1.083222841157073344e+04 9.999999667999179831e-01 9.999999667107651868e-01 9.999999667083049326e-01
1.083224855362858580e+04 9.999999674767720004e-01 9.999999673890642704e-01 9.999999673863166905e-01
1.083226869568644179e+04 9.999999681329638790e-01 9.999999680428973692e-01 9.999999680393957258e-01
1.083228883774429414e+04 9.999999687693307271e-01 9.999999686687222056e-01 9.999999686636502627e-01
1.083230897980214650e+04 9.999999693866682415e-01 9.999999692596868162e-01 9.999999692518209971e-01
1.083232912186000249e+04 9.999999699857324842e-01 9.999999698051552643e-01 9.999999697929484732e-01
1.083234926391785484e+04 9.999999705672404371e-01 9.999999702916394506e-01 9.999999702734999607e-01
1.083236940597570901e+04 9.999999711318761086e-01 9.999999707055833298e-01 9.999999706802894517e-01
1.083238954803356319e+04 9.999999716802897565e-01 9.999999710374063433e-01 9.999999710044917833e-01
