# lambda[A]  T_theo  T_instr  T_rot+instr  (Ly-alpha 1215.67)
1.214038195480807190e+03 9.994826838270024494e-01 9.994812803768915455e-01 9.994812455209591828e-01
1.214054513525999027e+03 9.994752725528124326e-01 9.994752049152134665e-01 9.994751960704422178e-01
1.214070831571191093e+03 9.994676758635546721e-01 9.994676378265381356e-01 9.994676364062722307e-01
1.214087149616382931e+03 9.994598872192654859e-01 9.994598478855103441e-01 9.994598465925078612e-01
1.214103467661574768e+03 9.994518997632074742e-01 9.994518590062182462e-01 9.994518576620196049e-01
1.214119785706766606e+03 9.994437063018236644e-01 9.994436640506805247e-01 9.994436626522571476e-01
1.214136103751958899e+03 9.994352992831664340e-01 9.994352554623617824e-01 9.994352540068520696e-01
1.214152421797150737e+03 9.994266707736593203e-01 9.994266253027295210e-01 9.994266237870854663e-01
1.214168739842342575e+03 9.994178124330529434e-01 9.994177652261919675e-01 9.994177636471636150e-01
1.214185057887534413e+03 9.994087154874230494e-01 9.994086664530582587e-01 9.994086648071768275e-01
1.214201375932726478e+03 9.993993707000267124e-01 9.993993197403615580e-01 9.993993180239236773e-01
1.214217693977918316e+03 9.993897683398454967e-01 9.993897153503568109e-01 9.993897135594050907e-01
1.214234012023110381e+03 9.993798981475929821e-01 9.993798430164904101e-01 9.993798411467926801e-01
1.214250330068302219e+03 9.993697492989827014e-01 9.993696919066126227e-01 9.993696899536397282e-01
1.214266648113494284e+03 9.993593103649918152e-01 9.993592505831950801e-01 9.993592485420959015e-01
1.214282966158686122e+03 9.993485692688710564e-01 9.993485069602765503e-01 9.993485048258523573e-01
1.214299284203877960e+03 9.993375132395908578e-01 9.993374482568497807e-01 9.993374460235239232e-01
1.214315602249069798e+03 9.993261287614136901e-01 9.993260609463620048e-01 9.993260586081482710e-01
1.214331920294261863e+03 9.993144015192365615e-01 9.993143307019816124e-01 9.993143282524483695e-01
1.214348238339453928e+03 9.993023163393138786e-01 9.993022423372361907e-01 9.993022397694676373e-01
1.214364556384645766e+03 9.992898571249390072e-01 9.992897797416023797e-01 9.992897770481573572e-01
1.214380874429837604e+03 9.992770067866175721e-01 9.992769258105780317e-01 9.992769229834412847e-01
1.214397192475029669e+03 9.992637471662174642e-01 9.992636623697175313e-01 9.992636594002494155e-01
1.214413510520221507e+03 9.992500589545264544e-01 9.992499700920699501e-01 9.992499669709505872e-01
1.214429828565413345e+03 9.992359216016024615e-01 9.992358284083892039e-01 9.992358251255535340e-01
1.214446146610605183e+03 9.992213132192139247e-01 9.992212154094249899e-01 9.992212119539951587e-01
1.214462464655797476e+03 9.992062104746157747e-01 9.992061077395308910e-01 9.992061040997393118e-01
1.214478782700989314e+03 9.991905884748129019e-01 9.991904804807418827e-01 9.991904766438473029e-01
1.214495100746181151e+03 9.991744206403675443e-01 9.991743070263745530e-01 9.991743029785666863e-01
1.214511418791373217e+03 9.991576785677054318e-01 9.991575589431007653e-01 9.991575546693963750e-01
1.214527736836565055e+03 9.991403318787513976e-01 9.991402058203258107e-01 9.991402013044522468e-01
1.214544054881756892e+03 9.991223480565820658e-01 9.991222151055492162e-01 9.991222103298158519e-01
1.214560372926948730e+03 9.991036922656324482e-01 9.991035519242419394e-01 9.991035468693958421e-01
1.214576690972141023e+03 9.990843271547896753e-01 9.990841788825735037e-01 9.990841735276356772e-01
1.214593009017332861e+03 9.990642126415126834e-01 9.990640558511070246e-01 9.990640501731943290e-01
1.214609327062524699e+03 9.990433056748427854e-01 9.990431397273352720e-01 9.990431337014553659e-01
1.214625645107716537e+03 9.990215599749029396e-01 9.990213841746302670e-01 9.990213777734533451e-01
1.214641963152908602e+03 9.989989257461090455e-01 9.989987393348297440e-01 9.989987325284311881e-01
1.214658281198100440e+03 9.989753493609389023e-01 9.989751515112847979e-01 9.989751442668541870e-01
1.214674599243292278e+03 9.989507730106087502e-01 9.989505628187019814e-01 9.989505551002143546e-01
1.214690917288484343e+03 9.989251343184505361e-01 9.989249107955571194e-01 9.989249025633976098e-01
1.214707235333676408e+03 9.988983659111164704e-01 9.988981279741770969e-01 9.988981191847162711e-01
1.214723553378868246e+03 9.988703949419367456e-01 9.988701414027881809e-01 9.988701320078976487e-01
1.214739871424060084e+03 9.988411425598253679e-01 9.988408721128930745e-01 9.988408620593897114e-01
1.214756189469251922e+03 9.988105233160010643e-01 9.988102345241985924e-01 9.988102237532078265e-01
1.214772507514443987e+03 9.987784444994675104e-01 9.987781357779885738e-01 9.987781242242156354e-01
1.214788825559636052e+03 9.987448053906162748e-01 9.987444749882509187e-01 9.987444625791357389e-01
1.214805143604827890e+03 9.987094964204282777e-01 9.987091423979551630e-01 9.987091290527009280e-01
1.214821461650019728e+03 9.986723982205210071e-01 9.986720184256565602e-01 9.986720040540998378e-01
1.214837779695211793e+03 9.986333805466360847e-01 9.986329725849066863e-01 9.986329570862078064e-01
1.214854097740403631e+03 9.985923010549788703e-01 9.985918622557782287e-01 9.985918455168941721e-01
1.214870415785595469e+03 9.985490039070883395e-01 9.985485312840298722e-01 9.985485131779298085e-01
1.214886733830787762e+03 9.985033181744155106e-01 9.985028083789262432e-01 9.985027887625012033e-01
1.214903051875979600e+03 9.984550560084742843e-01 9.984545052753639460e-01 9.984544839869727850e-01
1.214919369921171437e+03 9.984040105360293405e-01 9.984034146195294168e-01 9.984033914761021311e-01
1.214935687966363275e+03 9.983499534311803814e-01 9.983493075296296926e-01 9.983492823232475999e-01
1.214952006011555341e+03 9.982926321070001441e-01 9.982919307739883674e-01 9.982919032678272409e-01
1.214968324056747178e+03 9.982317664583275629e-01 9.982310034976180635e-01 9.982309734211187724e-01
1.214984642101939016e+03 9.981670450737855083e-01 9.981662134147593068e-01 9.981661804578623176e-01
1.215000960147130854e+03 9.980981208186585629e-01 9.980972123682383401e-01 9.980971761744682480e-01
1.215017278192323147e+03 9.980246056698441892e-01 9.980236111358782303e-01 9.980235712940185300e-01
1.215033596237514985e+03 9.979460646587672290e-01 9.979449733385435950e-01 9.979449293725629611e-01
1.215049914282706823e+03 9.978620087461849142e-01 9.978608082720522576e-01 9.978607596288600057e-01
1.215066232327898661e+03 9.977718864123289455e-01 9.977705624440796894e-01 9.977705084785515321e-01
1.215082550373090726e+03 9.976750736936227382e-01 9.976736095441811614e-01 9.976735495007430510e-01
1.215098868418282564e+03 9.975708623293360056e-01 9.975692385059540257e-01 9.975691714957665157e-01
1.215115186463474402e+03 9.974584455917699932e-01 9.974566392287680383e-01 9.974565642012372946e-01
1.215131504508666467e+03 9.973369012527731892e-01 9.973348854026818922e-01 9.973348011095447552e-01
1.215147822553858532e+03 9.972051709724293334e-01 9.972029137080136163e-01 9.972028186575023767e-01
1.215164140599050370e+03 9.970620351566925610e-01 9.970594984115455084e-01 9.970593908089027124e-01
1.215180458644242208e+03 9.969060819677617591e-01 9.969032199948184569e-01 9.969030976630485208e-01
1.215196776689434046e+03 9.967356685680850426e-01 9.967324257785314945e-01 9.967322860462617395e-01
1.215213094734626111e+03 9.965488715206560766e-01 9.965451786621379870e-01 9.965450180964239291e-01
1.215229412779818176e+03 9.963434197474714260e-01 9.963391592049066769e-01 9.963389699657172471e-01
1.215245730825010014e+03 9.961165231702123757e-01 9.961105936641221348e-01 9.961102985534960874e-01
1.215262048870202079e+03 9.958613591660316899e-01 9.958358615075133535e-01 9.958346112471008205e-01
1.215278366915393917e+03 9.954941270468519177e-01 9.952908376851540284e-01 9.952817446329667028e-01
1.215294684960585755e+03 9.941626083739819597e-01 9.931990485027202276e-01 9.931373560649896515e-01
1.215311003005777593e+03 9.881167963759689421e-01 9.851779669444502563e-01 9.850519346200570237e-01
1.215327321050969658e+03 9.663438054238118191e-01 9.689663644096195849e-01 9.690998864995543638e-01
1.215343639096161724e+03 9.580277396420280311e-01 9.643438436999773877e-01 9.646205830299872108e-01
1.215359957141353561e+03 9.831681385024099162e-01 9.800416909344091820e-01 9.799338834026338763e-01
1.215376275186545399e+03 9.911919138553519915e-01 9.897739467039361472e-01 9.896837210868124624e-01
1.215392593231737465e+03 9.921449327872723378e-01 9.918140044086118934e-01 9.917967839452052070e-01
1.215408911276929302e+03 9.915167177151589240e-01 9.914535520337361962e-01 9.914503405838833716e-01
1.215425229322121140e+03 9.905950100161868832e-01 9.905578042071684353e-01 9.905558243196862511e-01
1.215441547367312978e+03 9.894885665468152736e-01 9.894435719622547420e-01 9.894411660413533482e-01
1.215457865412505271e+03 9.881552727227672639e-01 9.880966975676692687e-01 9.880934852305699456e-01
1.215474183457697109e+03 9.865265458493666095e-01 9.864484783170142101e-01 9.864440647016797792e-01
1.215490501502888947e+03 9.845042465785803776e-01 9.843971685401252669e-01 9.843908956911997521e-01
1.215506819548080784e+03 9.819429151478259454e-01 9.817855811569398128e-01 9.817760583613625025e-01
1.215523137593272850e+03 9.785962130349648014e-01 9.782983833691570874e-01 9.782821230624465514e-01
1.215539455638464688e+03 9.737639031131775091e-01 9.731490574934733573e-01 9.731184507459919031e-01
1.215555773683656525e+03 9.658349089414340893e-01 9.647822510018752018e-01 9.647162519108667400e-01
1.215572091728848591e+03 9.526959642829421204e-01 9.501579676915993256e-01 9.499352659728017567e-01
1.215588409774040656e+03 9.271674562657906682e-01 9.184134413707525368e-01 9.167968398474852787e-01
1.215604727819232494e+03 8.622958361822834483e-01 8.060712272630251585e-01 8.005601698464352989e-01
1.215621045864424332e+03 5.045350479681302014e-01 4.776644006265892139e-01 4.747940815693051930e-01
1.215637363909616170e+03 1.218908095934557586e-05 9.486511956730676876e-02 1.026218380134222008e-01
1.215653681954808235e+03 3.721724779441525858e-47 2.160566948992468424e-03 4.712992025059294966e-03
1.215670000000000300e+03 1.912993222946019966e-104 8.353482958260570156e-06 1.290246795102813660e-04
1.215686318045192138e+03 4.633695610818686400e-48 2.115033039309652425e-03 4.621683014773467733e-03
1.215702636090384203e+03 8.212559271204849945e-06 9.295753103456387556e-02 1.006385744746585292e-01
1.215718954135576041e+03 4.940271676278885082e-01 4.707772179750970287e-01 4.681389079418213361e-01
1.215735272180767879e+03 8.608348506175773629e-01 8.031639490076338816e-01 7.975966067798037074e-01
1.215751590225959717e+03 9.266863344897335875e-01 9.177591074696923590e-01 9.160947112423778460e-01
1.215767908271151782e+03 9.524645517621443958e-01 9.498941877027731184e-01 9.496668934779872728e-01
1.215784226316343847e+03 9.657001306779033900e-01 9.646376950411409412e-01 9.645709045350376876e-01
1.215800544361535685e+03 9.736780221734079310e-01 9.730592898016560133e-01 9.730284160796774939e-01
1.215816862406727523e+03 9.785401617669680085e-01 9.782390300918873960e-01 9.782226409116815402e-01
1.215833180451919588e+03 9.818997838242919940e-01 9.817414988037485024e-01 9.817319152284669226e-01
1.215849498497111426e+03 9.844694442202676088e-01 9.843619160490076903e-01 9.843556114613551955e-01
1.215865816542303264e+03 9.864978311355621088e-01 9.864194783661685006e-01 9.864150449710873403e-01
1.215882134587495102e+03 9.881312105712312110e-01 9.880724509137300826e-01 9.880692259447511061e-01
1.215898452632687395e+03 9.894682226213187271e-01 9.894231871851264515e-01 9.894207811554612819e-01
1.215914770677879233e+03 9.905780175588189129e-01 9.905428603441439606e-01 9.905410267952534653e-01
1.215931088723071070e+03 9.915103905222186764e-01 9.914825061979192222e-01 9.914810832114524519e-01
1.215947406768262908e+03 9.923020166075899873e-01 9.922795924569318693e-01 9.922784704509476361e-01
1.215963724813454974e+03 9.929804378706913459e-01 9.929621833018209554e-01 9.929612862032756171e-01
1.215980042858646812e+03 9.935666913927939659e-01 9.935516688836735222e-01 9.935509426974582503e-01
1.215996360903838649e+03 9.940770873265486474e-01 9.940646036594229518e-01 9.940640093051238413e-01
1.216012678949030715e+03 9.945244397167772865e-01 9.945139742127758753e-01 9.945134829104352869e-01
1.216028996994222780e+03 9.949189360684960182e-01 9.949100921499990369e-01 9.949096823745341434e-01
1.216045315039414618e+03 9.952687629848635531e-01 9.952612347985158037e-01 9.952608902252342293e-01
1.216061633084606456e+03 9.955805636571655182e-01 9.955741126358936821e-01 9.955738207271328521e-01
1.216077951129798294e+03 9.958597772391640790e-01 9.958542153616759540e-01 9.958539663771366346e-01
1.216094269174990359e+03 9.961108938336000751e-01 9.961060714871056154e-01 9.961058577797039515e-01
1.216110587220182424e+03 9.963376482804263690e-01 9.963334453450930495e-01 9.963332608526714873e-01
1.216126905265374262e+03 9.965431689821103722e-01 9.965394882067535320e-01 9.965393280803350740e-01
1.216143223310566327e+03 9.967300933154612519e-01 9.967268553451970048e-01 9.967267156738427447e-01
1.216159541355758165e+03 9.969006579590306005e-01 9.968977975678325887e-01 9.968976751727365304e-01
1.216175859400950003e+03 9.970567702122072884e-01 9.970542334229758330e-01 9.970541257018001868e-01
1.216192177446141841e+03 9.972000647822941710e-01 9.971978066463667023e-01 9.971977114544248177e-01
1.216208495491333906e+03 9.973319493659431600e-01 9.973299322365398734e-01 9.973298477952852181e-01
1.216224813536525971e+03 9.974536415167420955e-01 9.974518336952546971e-01 9.974517585211962745e-01
1.216241131581717809e+03 9.975661986800586911e-01 9.975645733459372888e-01 9.975645061949748316e-01
1.216257449626909647e+03 9.976705428260891351e-01 9.976690771841577599e-01 9.976690170076549791e-01
1.216273767672101712e+03 9.977674807783092348e-01 9.977661553740716505e-01 9.977661012839422749e-01
1.216290085717293550e+03 9.978577210851073964e-01 9.978565192509171178e-01 9.978564704916804695e-01
1.216306403762485388e+03 9.979418880950813309e-01 9.979407954990521246e-01 9.979407514253213485e-01
1.216322721807677226e+03 9.980205337545844380e-01 9.980195380308327646e-01 9.980194980890717549e-01
1.216339039852869519e+03 9.980941475380789019e-01 9.980932379818523437e-01 9.980932016955016417e-01
1.216355357898061357e+03 9.981631648388604727e-01 9.981623321538392046e-01 9.981622991111283039e-01
1.216371675943253194e+03 9.982279740835705573e-01 9.982272101714267931e-01 9.982271800153325048e-01
1.216387993988445032e+03 9.982889227838512847e-01 9.982882205682768184e-01 9.982881929882180261e-01
1.216404312033637098e+03 9.983463226992073114e-01 9.983456759782372014e-01 9.983456507031663874e-01
1.216420630078828935e+03 9.984004542539460791e-01 9.983998575756413141e-01 9.983998343682833898e-01
1.216436948124020773e+03 9.984515703261801489e-01 9.984510188836908107e-01 9.984509975357155342e-01
1.216453266169212839e+03 9.984998995067611016e-01 9.984993890495400537e-01 9.984993693775029433e-01
1.216469584214404904e+03 9.985456489097173094e-01 9.985451756682319768e-01 9.985451575101514932e-01
1.216485902259596742e+03 9.985890066023770384e-01 9.985885672241513467e-01 9.985885504366130982e-01
1.216502220304788580e+03 9.986301437124064373e-01 9.986297352075705902e-01 9.986297196632667461e-01
1.216518538349980645e+03 9.986692162597803346e-01 9.986688359546365135e-01 9.986688215402751423e-01
1.216534856395172483e+03 9.987063667541841161e-01 9.987060122515277749e-01 9.987059988660440535e-01
1.216551174440364321e+03 9.987417255919651682e-01 9.987413947371014400e-01 9.987413822901299865e-01
1.216567492485556386e+03 9.987754122814137547e-01 9.987751031329985540e-01 9.987750915435592569e-01
1.216583810530748451e+03 9.988075365207292888e-01 9.988072473256797146e-01 9.988072365210474146e-01
1.216600128575940289e+03 9.988381991492381040e-01 9.988379283210945259e-01 9.988379182358245734e-01
1.216616446621132127e+03 9.988674929892971122e-01 9.988672390895068087e-01 9.988672296645899618e-01
1.216632764666323965e+03 9.988955035936427640e-01 9.988952653153272410e-01 9.988952564974563630e-01
1.216649082711516030e+03 9.989223099107275017e-01 9.989220860645565692e-01 9.989220778054914707e-01
1.216665400756708095e+03 9.989479848786912974e-01 9.989477743805561527e-01 9.989477666365644826e-01
1.216681718801899933e+03 9.989725959570489033e-01 9.989723978172646568e-01 9.989723905486389555e-01
1.216698036847091771e+03 9.989962056038304006e-01 9.989960189176519956e-01 9.989960120882811490e-01
1.216714354892283836e+03 9.990188717047991940e-01 9.990186956440613164e-01 9.990186892210566327e-01
1.216730672937475674e+03 9.990406479604297951e-01 9.990404817661538983e-01 9.990404757195180396e-01
1.216746990982667512e+03 9.990615842355325960e-01 9.990614272113689243e-01 9.990614215137062493e-01
1.216763309027859350e+03 9.990817268757442582e-01 9.990815783821370699e-01 9.990815730083932866e-01
1.216779627073051643e+03 9.991011189945300242e-01 9.991009784435104235e-01 9.991009733707451046e-01
1.216795945118243480e+03 9.991198007338790710e-01 9.991196675844045139e-01 9.991196627915865935e-01
1.216812263163435318e+03 9.991378095014515903e-01 9.991376832552281151e-01 9.991376787230551448e-01
1.216828581208627156e+03 9.991551801866089821e-01 9.991550603843301070e-01 9.991550560950660520e-01
1.216844899253819221e+03 9.991719453574442467e-01 9.991718315754042345e-01 9.991718275127343674e-01
1.216861217299011059e+03 9.991881354406939586e-01 9.991880272877284863e-01 9.991880234366300462e-01
1.216877535344202897e+03 9.992037788861920511e-01 9.992036760009092022e-01 9.992036723475351545e-01
1.216893853389395190e+03 9.992189023173327911e-01 9.992188043656047292e-01 9.992188008971790714e-01
1.216910171434587028e+03 9.992335306688565622e-01 9.992334373415437954e-01 9.992334340462668552e-01
1.216926489479778866e+03 9.992476873131314052e-01 9.992475983240121096e-01 9.992475951909761678e-01
1.216942807524970704e+03 9.992613941759770357e-01 9.992613092598636726e-01 9.992613062789749145e-01
1.216959125570162769e+03 9.992746718429657005e-01 9.992745907539904993e-01 9.992745879159026234e-01
1.216975443615354607e+03 9.992875396570626290e-01 9.992874621671129498e-01 9.992874594631612206e-01
1.216991761660546445e+03 9.993000158083562567e-01 9.992999417056460665e-01 9.992999391277924692e-01
1.217008079705738510e+03 9.993121174165701115e-01 9.993120465043375811e-01 9.993120440451184194e-01
1.217024397750930575e+03 9.993238606069912988e-01 9.993237927023038703e-01 9.993237903547833589e-01
1.217040715796122413e+03 9.993352605803652589e-01 9.993351955130319597e-01 9.993351932707589258e-01
1.217057033841314251e+03 9.993463316772877025e-01 9.993462692888595011e-01 9.993462671458296365e-01
1.217073351886506089e+03 9.993570874375471425e-01 9.993570275804034564e-01 9.993570255310222361e-01
1.217089669931698154e+03 9.993675406548508944e-01 9.993674831913620382e-01 9.993674812304148558e-01
1.217105987976890219e+03 9.993777034273185755e-01 9.993776482290783747e-01 9.993776463516992337e-01
1.217122306022082057e+03 9.993875872040962616e-01 9.993875341512178379e-01 9.993875323528628174e-01
1.217138624067273895e+03 9.993972028284126008e-01 9.993971518088818895e-01 9.993971500853057188e-01
1.217154942112465960e+03 9.994065605773680971e-01 9.994065114864523203e-01 9.994065098336846198e-01
1.217171260157657798e+03 9.994156701987328972e-01 9.994156229384341117e-01 9.994156213527594090e-01
1.217187578202849636e+03 9.994245409449858952e-01 9.994244954235432798e-01 9.994244939014813589e-01
1.217203896248041474e+03 9.994331816048341866e-01 9.994331377362613011e-01 9.994331362745511038e-01
1.217220214293233767e+03 9.994416005323987218e-01 9.994415582360632877e-01 9.994415568316467047e-01
1.217236532338425604e+03 9.994498056742737724e-01 9.994497648745074292e-01 9.994497635245143119e-01
1.217252850383617442e+03 9.994578045946157507e-01 9.994577652203470164e-01 9.994577639217380183e-01
1.217269168428809280e+03 9.994656044984226995e-01 9.994655664229257219e-01 9.994655649963484212e-01
1.217285486474001345e+03 9.994732122531552188e-01 9.994731445333235875e-01 9.994731356448980364e-01
1.217301804519193183e+03 9.994806344088186245e-01 9.994792288984951645e-01 9.994791938682492383e-01
