# lambda[A]  T_theo  T_instr  T_rot+instr  (He I 10830)
1.082820000000000073e+04 9.999999533801040563e-01 9.999999516018530654e-01 9.999999515125622684e-01
1.082822017352606235e+04 9.999999519207068976e-01 9.999999506619595691e-01 9.999999505919227039e-01
1.082824034705212034e+04 9.999999503767289522e-01 9.999999494713683879e-01 9.999999494192464145e-01
1.082826052057818197e+04 9.999999487404880316e-01 9.999999480455105116e-01 9.999999480080011827e-01
1.082828069410423996e+04 9.999999470033303917e-01 9.999999464096942514e-01 9.999999463825280932e-01
1.082830086763029976e+04 9.999999451554680840e-01 9.999999445882856719e-01 9.999999445672937970e-01
1.082832104115636139e+04 9.999999431857732324e-01 9.999999425967633915e-01 9.999999425785784934e-01
1.082834121468241938e+04 9.999999410815111345e-01 9.999999404380391921e-01 9.999999404202778441e-01
1.082836138820848100e+04 9.999999388279561252e-01 9.999999381014370581e-01 9.999999380824832196e-01
1.082838156173453899e+04 9.999999364077823971e-01 9.999999355611182139e-01 9.999999355397063416e-01
1.082840173526059880e+04 9.999999337999866400e-01 9.999999327702160379e-01 9.999999327449374809e-01
1.082842190878666042e+04 9.999999309777902745e-01 9.999999296460100329e-01 9.999999296146918626e-01
1.082844208231271841e+04 9.999999279043237932e-01 9.999999260385841193e-01 9.999999259973590959e-01
1.082846225583878004e+04 9.999999245235529077e-01 9.999999216692676551e-01 9.999999216109431988e-01
1.082848242936483803e+04 9.999999207411746083e-01 9.999999160137433840e-01 9.999999159248288416e-01
1.082850260289089783e+04 9.999999163848971584e-01 9.999999080848942512e-01 9.999999079401163948e-01
1.082852277641695946e+04 9.999999111234709748e-01 9.999998960366588419e-01 9.999998957888875939e-01
1.082854294994301745e+04 9.999999043054162984e-01 9.999998764530324546e-01 9.999998760147708055e-01
1.082856312346907725e+04 9.999998946456637450e-01 9.999998430900959301e-01 9.999998422992703029e-01
1.082858329699513888e+04 9.999998796317125516e-01 9.999997846762848086e-01 9.999997832321412261e-01
1.082860347052119687e+04 9.999998544254287136e-01 9.999996810980720241e-01 9.999996784384777015e-01
1.082862364404725849e+04 9.999998098784687039e-01 9.999994968146421748e-01 9.999994918751189399e-01
1.082864381757331648e+04 9.999997290209136080e-01 9.999991694865856262e-01 9.999991602156528270e-01
1.082866399109937629e+04 9.999995809619702802e-01 9.999985902563123252e-01 9.999985726269189357e-01
1.082868416462543792e+04 9.999993104531739174e-01 9.999975693280785949e-01 9.999975353261952860e-01
1.082870433815149590e+04 9.999988202204070920e-01 9.999957755823649652e-01 9.999957092062184971e-01
1.082872451167755753e+04 9.999979412204174078e-01 9.999926307756896726e-01 9.999925004206835499e-01
1.082874468520361552e+04 9.999963825285956842e-01 9.999871265477930926e-01 9.999868714369780642e-01
1.082876485872967532e+04 9.999936461621571349e-01 9.999775169281743814e-01 9.999770250319386378e-01
1.082878503225573695e+04 9.999888795325335700e-01 9.999608260911062585e-01 9.999599024431522487e-01
1.082880520578179494e+04 9.999806120102692208e-01 9.999321154571022552e-01 9.999304446462786711e-01
1.082882537930785475e+04 9.999662668160853585e-01 9.998835019593262929e-01 9.998806182766399875e-01
1.082884555283391455e+04 9.999412303531398649e-01 9.998030428805784187e-01 9.997983352498497345e-01
1.082886572635997436e+04 9.998970848126048638e-01 9.996738214977179959e-01 9.996666121650199521e-01
1.082888589988603599e+04 9.998184486719554620e-01 9.994738522441798390e-01 9.994635865400846031e-01
1.082890607341209397e+04 9.996780701192967689e-01 9.991776575124613480e-01 9.991642128249829113e-01
1.082892624693815378e+04 9.994310918307205416e-01 9.987603417369136372e-01 9.987444010592312349e-01
1.082894642046421359e+04 9.990123824136353248e-01 9.982044723602007119e-01 9.981878265876501510e-01
1.082896659399027340e+04 9.983446240503529578e-01 9.975089810444484062e-01 9.974945670317051372e-01
1.082898676751633502e+04 9.973654923830781449e-01 9.966978552911092137e-01 9.966893595292550811e-01
1.082900694104239301e+04 9.960740569635312402e-01 9.958252249058052730e-01 9.958262193462901202e-01
1.082902711456845282e+04 9.945786200398266663e-01 9.949733818727802825e-01 9.949861807366227051e-01
1.082904728809451262e+04 9.931118462952117643e-01 9.942418682893102710e-01 9.942665018232241803e-01
1.082906746162057243e+04 9.919836286148911997e-01 9.937288274190542170e-01 9.937625895164952095e-01
1.082908763514663406e+04 9.914757831829079660e-01 9.935092099566690260e-01 9.935470729034874271e-01
1.082910780867269204e+04 9.917258181789240234e-01 9.936165183650372823e-01 9.936523632351134117e-01
1.082912798219875185e+04 9.926652380770755180e-01 9.940342776797108648e-01 9.940625260101080274e-01
1.082914815572481166e+04 9.940506465564070693e-01 9.947002565081428660e-01 9.947173019567605579e-01
1.082916832925087147e+04 9.955680718631378934e-01 9.955219323770796436e-01 9.955268648245232388e-01
1.082918850277693127e+04 9.969491816913028659e-01 9.963978499633627806e-01 9.963922861176047752e-01
1.082920867630299108e+04 9.980414199998924873e-01 9.972380330742586230e-01 9.972252412612345740e-01
1.082922884982905089e+04 9.988123232822088138e-01 9.979779014540237636e-01 9.979616468331593548e-01
1.082924902335511251e+04 9.993087907927845626e-01 9.985832751717361733e-01 9.985668250544746938e-01
1.082926919688117050e+04 9.996071239323858215e-01 9.990473954266501089e-01 9.990329539668867387e-01
1.082928937040723031e+04 9.997784285428475970e-01 9.993830667426573111e-01 9.993716768340000778e-01
1.082930954393329012e+04 9.998746559179728655e-01 9.996135030523245479e-01 9.996052797089693964e-01
1.082932971745934992e+04 9.999285608453861718e-01 9.997645851543187634e-01 9.997590836428439376e-01
1.082934989098541155e+04 9.999590112994339863e-01 9.998598023713530791e-01 9.998563598530479934e-01
1.082937006451146954e+04 9.999764000468974734e-01 9.999178875005870770e-01 9.999158558115307516e-01
1.082939023803752934e+04 9.999864044396831186e-01 9.999524338136651647e-01 9.999512933078907873e-01
1.082941041156358915e+04 9.999921716563862084e-01 9.999726093133701754e-01 9.999719946694571870e-01
1.082943058508964896e+04 9.999954851341433804e-01 9.999842537048281299e-01 9.999839323586109385e-01
1.082945075861570876e+04 9.999973741417150785e-01 9.999909286323398483e-01 9.999907637625019552e-01
1.082947093214176857e+04 9.999984388379730138e-01 9.999947404706436282e-01 9.999946564784775171e-01
1.082949110566782838e+04 9.999990300497388906e-01 9.999969110477590073e-01 9.999968681056177200e-01
1.082951127919388819e+04 9.999993520964509663e-01 9.999981421571685347e-01 9.999981199468709336e-01
1.082953145271994799e+04 9.999995229634727201e-01 9.999988356379588827e-01 9.999988239609689522e-01
1.082955162624600780e+04 9.999996099430363827e-01 9.999992216333684070e-01 9.999992153755482560e-01
1.082957179977206761e+04 9.999996508134534334e-01 9.999994319828490186e-01 9.999994285493042367e-01
1.082959197329812741e+04 9.999996663756232085e-01 9.999995419792003792e-01 9.999995400250318855e-01
1.082961214682418540e+04 9.999996677960029112e-01 9.999995941346834227e-01 9.999995929405898210e-01
1.082963232035024703e+04 9.999996608263532760e-01 9.999996116559662918e-01 9.999996108143386353e-01
1.082965249387630683e+04 9.999996481384194613e-01 9.999996058657177889e-01 9.999996051122113094e-01
1.082967266740236664e+04 9.999996304886247245e-01 9.999995798176362083e-01 9.999995789256642675e-01
1.082969284092842645e+04 9.999996070758636613e-01 9.999995291450037849e-01 9.999995278364883777e-01
1.082971301445448444e+04 9.999995751842652991e-01 9.999994403313618996e-01 9.999994381675303412e-01
1.082973318798054606e+04 9.999995289407631605e-01 9.999992858107803473e-01 9.999992820191779819e-01
1.082975336150660587e+04 9.999994566934310436e-01 9.999990143524282171e-01 9.999990075168920800e-01
1.082977353503266568e+04 9.999993360439106693e-01 9.999985337665897589e-01 9.999985212383001310e-01
1.082979370855872548e+04 9.999991248240229780e-01 9.999976806257042661e-01 9.999976573646743860e-01
1.082981388208478347e+04 9.999987451066603139e-01 9.999961676158755086e-01 9.999961238610302061e-01
1.082983405561084510e+04 9.999980553830907226e-01 9.999934918886800306e-01 9.999934084358578223e-01
1.082985422913690491e+04 9.999968028115903129e-01 9.999887749688463057e-01 9.999886136995120856e-01
1.082987440266296289e+04 9.999945420372694516e-01 9.999804828384097899e-01 9.999801682891286125e-01
1.082989457618902452e+04 9.999904978004807710e-01 9.999659397064303290e-01 9.999653249697052493e-01
1.082991474971508251e+04 9.999833320072014642e-01 9.999404988989532006e-01 9.999393068659043760e-01
1.082993492324114413e+04 9.999707449055377229e-01 9.998961762951813492e-01 9.998939075690369549e-01
1.082995509676720394e+04 9.999487783247796857e-01 9.998195124274907863e-01 9.998153184236834301e-01
1.082997527029326193e+04 9.999105612510679197e-01 9.996884661614308110e-01 9.996810050431230721e-01
1.082999544381932355e+04 9.998439783263144420e-01 9.994683438206810600e-01 9.994556701134594823e-01
1.083001561734538336e+04 9.997272728326515034e-01 9.991072214792720008e-01 9.990868003378700068e-01
1.083003579087144317e+04 9.995209737910827341e-01 9.985320413972558207e-01 9.985010039869816056e-01
1.083005596439750298e+04 9.991543445637968146e-01 9.976474004431555853e-01 9.976031348087602835e-01
1.083007613792356096e+04 9.985063852802258388e-01 9.963396098474127660e-01 9.962806853041550337e-01
1.083009631144962259e+04 9.973875032418931807e-01 9.944883482703150701e-01 9.944156089217164318e-01
1.083011648497568240e+04 9.955382444694569344e-01 9.919867327715508054e-01 9.919042299862501633e-01
1.083013665850174220e+04 9.926687089882164639e-01 9.887679813043971366e-01 9.886833469002350716e-01
1.083015683202780201e+04 9.885516692261415717e-01 9.848338548315119789e-01 9.847578242348109523e-01
1.083017700555386000e+04 9.831454905219674245e-01 9.802780659829414267e-01 9.802231258687916782e-01
1.083019717907992163e+04 9.766802544130582797e-01 9.752979231695334539e-01 9.752763497126203385e-01
1.083021735260598143e+04 9.696404728302019382e-01 9.701897411486249956e-01 9.702114480015111564e-01
1.083023752613203942e+04 9.626465279339743164e-01 9.653269126231989183e-01 9.653974780224036101e-01
1.083025769965810105e+04 9.563233250914132677e-01 9.611225064331930801e-01 9.612416038074931279e-01
1.083027787318415903e+04 9.512534930778315800e-01 9.579801261732975304e-01 9.581405342938089653e-01
1.083029804671022066e+04 9.480144009599799082e-01 9.562381615412484104e-01 9.564256579409126102e-01
1.083031822023628047e+04 9.471807863210238709e-01 9.561146774526919634e-01 9.563092632939959037e-01
1.083033839376233846e+04 9.491790517003189098e-01 9.576631245559851235e-01 9.578418942413841064e-01
1.083035856728840008e+04 9.540291981788825426e-01 9.607509353753801440e-01 9.608923402325423302e-01
1.083037874081445807e+04 9.611612270431794114e-01 9.650709920174718182e-01 9.651594683440029021e-01
1.083039891434051970e+04 9.694877467133464766e-01 9.701884425281011026e-01 9.702178778902826872e-01
1.083041908786657950e+04 9.777391068176444211e-01 9.756143112355248892e-01 9.755890336066136426e-01
1.083043926139263749e+04 9.848788297730910468e-01 9.808876681857804369e-01 9.808205604863561300e-01
1.083045943491869912e+04 9.903699826546019658e-01 9.856448207754943125e-01 9.855533207743836233e-01
1.083047960844475710e+04 9.941838552645629878e-01 9.896590040541993760e-01 9.895605199495409732e-01
1.083049978197081691e+04 9.966180460850923017e-01 9.928449481549616040e-01 9.927532344473704029e-01
1.083051995549687854e+04 9.980750125126490735e-01 9.952342622429383168e-01 9.951576531862200703e-01
1.083054012902293653e+04 9.989115847393877923e-01 9.969349041165318503e-01 9.968764254711320882e-01
1.083056030254899815e+04 9.993827958768420894e-01 9.980890556243527945e-01 9.980477844989034120e-01
1.083058047607505614e+04 9.996478037667162475e-01 9.988397178666886811e-01 9.988125560437642880e-01
1.083060064960111595e+04 9.997980473193904816e-01 9.993103233544012864e-01 9.992935297231764213e-01
1.083062082312717757e+04 9.998840418346537362e-01 9.995965219756425268e-01 9.995866964150535994e-01
1.083064099665323556e+04 9.999335560064185335e-01 9.997665077420212487e-01 9.997610248343942185e-01
1.083066117017929719e+04 9.999620881324442490e-01 9.998657730010813705e-01 9.998628286272246424e-01
1.083068134370535699e+04 9.999784663720527877e-01 9.999231082150440431e-01 9.999215709531268370e-01
1.083070151723141498e+04 9.999877994287186267e-01 9.999560164272192075e-01 9.999552272957582533e-01
1.083072169075747661e+04 9.999930671822506723e-01 9.999748403560437815e-01 9.999744375592575230e-01
1.083074186428353460e+04 9.999960089969888166e-01 9.999855839645563904e-01 9.999853775235065800e-01
1.083076203780959622e+04 9.999976351430361898e-01 9.999917012718375631e-01 9.999915943195925028e-01
1.083078221133565603e+04 9.999985270330071785e-01 9.999951734015349869e-01 9.999951172292024237e-01
1.083080238486171402e+04 9.999990151120288218e-01 9.999971365958281178e-01 9.999971066984572055e-01
1.083082255838777564e+04 9.999992843798430897e-01 9.999982425940010522e-01 9.999982265009451643e-01
1.083084273191383363e+04 9.999994366668654155e-01 9.999988646167511375e-01 9.999988558715500186e-01
1.083086290543989344e+04 9.999995270168841044e-01 9.999992154775148023e-01 9.999992106788663238e-01
1.083088307896595506e+04 9.999995846411108280e-01 9.999994156750063867e-01 9.999994130066327536e-01
1.083090325249201305e+04 9.999996247752138689e-01 9.999995328015232054e-01 9.999995312857081764e-01
1.083092342601807468e+04 9.999996552537563366e-01 9.999996043556960146e-01 9.999996034646841947e-01
1.083094359954413267e+04 9.999996800750710069e-01 9.999996508955257823e-01 9.999996503448046470e-01
1.083096377307019247e+04 9.999997012889977333e-01 9.999996835618503166e-01 9.999996831985766832e-01
1.083098394659625410e+04 9.999997199724929287e-01 9.999997083336694681e-01 9.999997080760260060e-01
1.083100412012231209e+04 9.999997367218438349e-01 9.999997284020804011e-01 9.999997282063149973e-01
1.083102429364837371e+04 9.999997518954665265e-01 9.999997454741372804e-01 9.999997453167327466e-01
1.083104446717443170e+04 9.999997657314299015e-01 9.999997604770629600e-01 9.999997603451783457e-01
1.083106464070049151e+04 9.999997784036945836e-01 9.999997739320811707e-01 9.999997738184801532e-01
1.083108481422655314e+04 9.999997900490666947e-01 9.999997861495442120e-01 9.999997860499360014e-01
1.083110498775261112e+04 9.999998007804417055e-01 9.999997973292350517e-01 9.999997972408952718e-01
1.083112516127867093e+04 9.999998106936883735e-01 9.999998076113267853e-01 9.999998075323888180e-01
1.083114533480473074e+04 9.999998198715669417e-01 9.999998171021510229e-01 9.999998170312387469e-01
1.083116550833079054e+04 9.999998283862291393e-01 9.999998258873067369e-01 9.999998258233471216e-01
1.083118568185685217e+04 9.999998363009785507e-01 9.999998340385076734e-01 9.999998339806285275e-01
1.083120585538291016e+04 9.999998436716162065e-01 9.999998416173383475e-01 9.999998415648116978e-01
1.083122602890896997e+04 9.999998505475181654e-01 9.999998486774839268e-01 9.999998486296906020e-01
1.083124620243502977e+04 9.999998569725183639e-01 9.999998552661750750e-01 9.999998552225847215e-01
1.083126637596108958e+04 9.999998629856511334e-01 9.999998614252197937e-01 9.999998613853733342e-01
1.083128654948715121e+04 9.999998686217739241e-01 9.999998671917894599e-01 9.999998671552885465e-01
1.083130672301320919e+04 9.999998739120981028e-01 9.999998725990516535e-01 9.999998725655480092e-01
1.083132689653926900e+04 9.999998788846423681e-01 9.999998776766890751e-01 9.999998776458778327e-01
1.083134707006533063e+04 9.999998835646179973e-01 9.999998824513410822e-01 9.999998824229531236e-01
1.083136724359138861e+04 9.999998879747639124e-01 9.999998869469725049e-01 9.999998869207729069e-01
1.083138741711744842e+04 9.999998921356342274e-01 9.999998911851987193e-01 9.999998911609776497e-01
1.083140759064350823e+04 9.999998960658471603e-01 9.999998951855563201e-01 9.999998951631288158e-01
1.083142776416956804e+04 9.999998997823007496e-01 9.999998989657419290e-01 9.999998989449435660e-01
1.083144793769562966e+04 9.999999033003623694e-01 9.999999025418194742e-01 9.999999025225037030e-01
1.083146811122168765e+04 9.999999066340312659e-01 9.999999059283988245e-01 9.999999059104339727e-01
1.083148828474774746e+04 9.999999097960871053e-01 9.999999091387916650e-01 9.999999091220610481e-01
1.083150845827380726e+04 9.999999127982114322e-01 9.999999121851501638e-01 9.999999121695491988e-01
1.083152863179986707e+04 9.999999156511020226e-01 9.999999150785869872e-01 9.999999150640204171e-01
1.083154880532592870e+04 9.999999183645724710e-01 9.999999178292791058e-01 9.999999178156624424e-01
1.083156897885198669e+04 9.999999209476351236e-01 9.999999204465652713e-01 9.999999204338213543e-01
1.083158915237804649e+04 9.999999234085839017e-01 9.999999229390249544e-01 9.999999229270840617e-01
1.083160932590410630e+04 9.999999257550569176e-01 9.999999253145521738e-01 9.999999253033523550e-01
1.083162949943016611e+04 9.999999279941024222e-01 9.999999275804231091e-01 9.999999275699069656e-01
1.083164967295622773e+04 9.999999301322303191e-01 9.999999297433513901e-01 9.999999297334666304e-01
1.083166984648228572e+04 9.999999321754615700e-01 9.999999318095391665e-01 9.999999318002393833e-01
1.083169002000834553e+04 9.999999341293733801e-01 9.999999337847268466e-01 9.999999337759688522e-01
1.083171019353440533e+04 9.999999359991357251e-01 9.999999356742305112e-01 9.999999356659754479e-01
1.083173036706046514e+04 9.999999377895479880e-01 9.999999374829816601e-01 9.999999374751933345e-01
1.083175054058652495e+04 9.999999395050699347e-01 9.999999392155588529e-01 9.999999392082048466e-01
1.083177071411258476e+04 9.999999411498518009e-01 9.999999408762186848e-01 9.999999408692686886e-01
1.083179088763864456e+04 9.999999427277581621e-01 9.999999424689219873e-01 9.999999424623482458e-01
1.083181106116470255e+04 9.999999442423910256e-01 9.999999439973592530e-01 9.999999439911365640e-01
1.083183123469076418e+04 9.999999456971124800e-01 9.999999454649712849e-01 9.999999454590769998e-01
1.083185140821682398e+04 9.999999470950631242e-01 9.999999468749711795e-01 9.999999468693832050e-01
1.083187158174288379e+04 9.999999484391798310e-01 9.999999482303604248e-01 9.999999482250592209e-01
1.083189175526894360e+04 9.999999497322095143e-01 9.999999495339465527e-01 9.999999495289139118e-01
1.083191192879500159e+04 9.999999509767271144e-01 9.999999507883579053e-01 9.999999507835767298e-01
1.083193210232106321e+04 9.999999521751453679e-01 9.999999519960565131e-01 9.999999519915111490e-01
1.083195227584712302e+04 9.999999533297276866e-01 9.999999531593519730e-01 9.999999531550279874e-01
1.083197244937318283e+04 9.999999544426009246e-01 9.999999542804123287e-01 9.999999542762963989e-01
1.083199262289924263e+04 9.999999555157635944e-01 9.999999553612727299e-01 9.999999553573524214e-01
1.083201279642530062e+04 9.999999565510945265e-01 9.999999564038475341e-01 9.999999564001115226e-01
1.083203296995136225e+04 9.999999575503626392e-01 9.999999574099380784e-01 9.999999574063753727e-01
1.083205314347742205e+04 9.999999585152341552e-01 9.999999583812392290e-01 9.999999583778400591e-01
1.083207331700348186e+04 9.999999594472797071e-01 9.999999593193488190e-01 9.999999593161035261e-01
1.083209349052954167e+04 9.999999603479811094e-01 9.999999602257731990e-01 9.999999602226733453e-01
1.083211366405560148e+04 9.999999612187371323e-01 9.999999611019343426e-01 9.999999610989711574e-01
1.083213383758166128e+04 9.999999620608684969e-01 9.999999619491727332e-01 9.999999619463397771e-01
1.083215401110772109e+04 9.999999628756239822e-01 9.999999627687559123e-01 9.999999627660440815e-01
1.083217418463377908e+04 9.999999636641846434e-01 9.999999635618737059e-01 9.999999635592731195e-01
1.083219435815984070e+04 9.999999644276681421e-01 9.999999643296272334e-01 9.999999643271197947e-01
1.083221453168590051e+04 9.999999651671331868e-01 9.999999650729739509e-01 9.999999650705173604e-01
1.083223470521196032e+04 9.999999658835823091e-01 9.999999657925757734e-01 9.999999657900648931e-01
1.083225487873802012e+04 9.999999665779670810e-01 9.999999664884451356e-01 9.999999664856431547e-01
1.083227505226407811e+04 9.999999672511893367e-01 9.999999671592787465e-01 9.999999671557089354e-01
1.083229522579013974e+04 9.999999679041052802e-01 9.999999678014516169e-01 9.999999677962791989e-01
1.083231539931619955e+04 9.999999685375283720e-01 9.999999684079355911e-01 9.999999683999070133e-01
1.083233557284225935e+04 9.999999691522309941e-01 9.999999689678003012e-01 9.999999689553282778e-01
1.083235574636831916e+04 9.999999697489481143e-01 9.999999694671624084e-01 9.999999694486113588e-01
1.083237591989437715e+04 9.999999703283781738e-01 9.999999698920504221e-01 9.999999698661647951e-01
1.083239609342043877e+04 9.999999708911873064e-01 9.999999702325779172e-01 9.999999701988780965e-01
