# lambda[A]  T_theo  T_instr  T_rot+instr  (H-alpha 6562.8)
6.561000000000000909e+03 9.999999983444444185e-01 9.999999983270184689e-01 9.999999983267158221e-01
6.561018000000000029e+03 9.999999983107923374e-01 9.999999983046674590e-01 9.999999983044964846e-01
6.561036000000000968e+03 9.999999982761036410e-01 9.999999982740543913e-01 9.999999982739831150e-01
6.561054000000000997e+03 9.999999982403348087e-01 9.999999982391764020e-01 9.999999982391479803e-01
6.561072000000000116e+03 9.999999982034412094e-01 9.999999982023664025e-01 9.999999982023486389e-01
6.561090000000001055e+03 9.999999981653747705e-01 9.999999981642648805e-01 9.999999981642478941e-01
6.561108000000000175e+03 9.999999981260854209e-01 9.999999981249277914e-01 9.999999981249103609e-01
6.561126000000000204e+03 9.999999980855200921e-01 9.999999980843117253e-01 9.999999980842934066e-01
6.561144000000001142e+03 9.999999980436226066e-01 9.999999980423610602e-01 9.999999980423424084e-01
6.561162000000000262e+03 9.999999980003347888e-01 9.999999979990166210e-01 9.999999979989968590e-01
6.561180000000000291e+03 9.999999979555939111e-01 9.999999979542161244e-01 9.999999979541954742e-01
6.561198000000001230e+03 9.999999979093341373e-01 9.999999979078930679e-01 9.999999979078714185e-01
6.561216000000000349e+03 9.999999978614858565e-01 9.999999978599779515e-01 9.999999978599553030e-01
6.561234000000000378e+03 9.999999978119756827e-01 9.999999978103969456e-01 9.999999978103734088e-01
6.561252000000001317e+03 9.999999977607254564e-01 9.999999977590720013e-01 9.999999977590473543e-01
6.561270000000000437e+03 9.999999977076530211e-01 9.999999977059201850e-01 9.999999977058940948e-01
6.561288000000000466e+03 9.999999976526708911e-01 9.999999976508535671e-01 9.999999976508263666e-01
6.561306000000001404e+03 9.999999975956856968e-01 9.999999975937793328e-01 9.999999975937505781e-01
6.561324000000000524e+03 9.999999975365998495e-01 9.999999975345982284e-01 9.999999975345680303e-01
6.561342000000000553e+03 9.999999974753076559e-01 9.999999974732052266e-01 9.999999974731734742e-01
6.561360000000000582e+03 9.999999974116987600e-01 9.999999974094889721e-01 9.999999974094556654e-01
6.561378000000000611e+03 9.999999973456547009e-01 9.999999973433302269e-01 9.999999973432952549e-01
6.561396000000000640e+03 9.999999972770488021e-01 9.999999972746029808e-01 9.999999972745661214e-01
6.561414000000000669e+03 9.999999972057486142e-01 9.999999972031722306e-01 9.999999972031332618e-01
6.561432000000000698e+03 9.999999971316088088e-01 9.999999971288935363e-01 9.999999971288523470e-01
6.561450000000000728e+03 9.999999970544773964e-01 9.999999970516145753e-01 9.999999970515711656e-01
6.561468000000000757e+03 9.999999969741917294e-01 9.999999969711700354e-01 9.999999969711247383e-01
6.561486000000000786e+03 9.999999968905765035e-01 9.999999968873853895e-01 9.999999968873372058e-01
6.561503999999999905e+03 9.999999968034456455e-01 9.999999968000730100e-01 9.999999968000221617e-01
6.561522000000000844e+03 9.999999967125987599e-01 9.999999967090313913e-01 9.999999967089773234e-01
6.561540000000000873e+03 9.999999966178216848e-01 9.999999966140449281e-01 9.999999966139878627e-01
6.561557999999999993e+03 9.999999965188838269e-01 9.999999965148822501e-01 9.999999965148218539e-01
6.561576000000000931e+03 9.999999964155379395e-01 9.999999964112947781e-01 9.999999964112306072e-01
6.561594000000000960e+03 9.999999963075179021e-01 9.999999963030151706e-01 9.999999963029471139e-01
6.561612000000000080e+03 9.999999961945380544e-01 9.999999961897542144e-01 9.999999961896822720e-01
6.561630000000001019e+03 9.999999960762893103e-01 9.999999960712033786e-01 9.999999960711263292e-01
6.561648000000001048e+03 9.999999959524391580e-01 9.999999959470257105e-01 9.999999959469436650e-01
6.561666000000000167e+03 9.999999958226268859e-01 9.999999958168601655e-01 9.999999958167723468e-01
6.561684000000001106e+03 9.999999956864639161e-01 9.999999956803138357e-01 9.999999956802205769e-01
6.561702000000001135e+03 9.999999955435285859e-01 9.999999955369631710e-01 9.999999955368636950e-01
6.561720000000000255e+03 9.999999953933638164e-01 9.999999953863474289e-01 9.999999953862409585e-01
6.561738000000001193e+03 9.999999952354741151e-01 9.999999952279664539e-01 9.999999952278527671e-01
6.561756000000000313e+03 9.999999950693179152e-01 9.999999950612762367e-01 9.999999950611547783e-01
6.561774000000000342e+03 9.999999948943096850e-01 9.999999948856851395e-01 9.999999948855546883e-01
6.561792000000001281e+03 9.999999947098071607e-01 9.999999947005457912e-01 9.999999947004056811e-01
6.561810000000000400e+03 9.999999945151109015e-01 9.999999945051527561e-01 9.999999945050018768e-01
6.561828000000000429e+03 9.999999943094548538e-01 9.999999942987328749e-01 9.999999942985702273e-01
6.561846000000001368e+03 9.999999940919993557e-01 9.999999940804393805e-01 9.999999940802639653e-01
6.561864000000000487e+03 9.999999938618234774e-01 9.999999938493415730e-01 9.999999938491519469e-01
6.561882000000000517e+03 9.999999936179141402e-01 9.999999936044164928e-01 9.999999936042113236e-01
6.561900000000001455e+03 9.999999933591552370e-01 9.999999933445355982e-01 9.999999933443135536e-01
6.561918000000000575e+03 9.999999930843146423e-01 9.999999930684542182e-01 9.999999930682128557e-01
6.561936000000000604e+03 9.999999927920294462e-01 9.999999927747932338e-01 9.999999927745311101e-01
6.561953999999999724e+03 9.999999924807888574e-01 9.999999924620242009e-01 9.999999924617388736e-01
6.561972000000000662e+03 9.999999921489159949e-01 9.999999921284490334e-01 9.999999921281372828e-01
6.561990000000000691e+03 9.999999917945416872e-01 9.999999917721749121e-01 9.999999917718340736e-01
6.562007999999999811e+03 9.999999914155816017e-01 9.999999913910884164e-01 9.999999913907148263e-01
6.562026000000000749e+03 9.999999910097032707e-01 9.999999909828243272e-01 9.999999909824138777e-01
6.562044000000000779e+03 9.999999905742895656e-01 9.999999905447259918e-01 9.999999905442742421e-01
6.562061999999999898e+03 9.999999901063975072e-01 9.999999900738044678e-01 9.999999900733063107e-01
6.562080000000000837e+03 9.999999896027068624e-01 9.999999895666846772e-01 9.999999895661335625e-01
6.562097999999999956e+03 9.999999890594608587e-01 9.999999890195442331e-01 9.999999890189326113e-01
6.562115999999999985e+03 9.999999884723941301e-01 9.999999884280389439e-01 9.999999884273587103e-01
6.562134000000000924e+03 9.999999878366484518e-01 9.999999877872149945e-01 9.999999877864557130e-01
6.562152000000000044e+03 9.999999871466683787e-01 9.999999870913972577e-01 9.999999870905467159e-01
6.562170000000000073e+03 9.999999863960747915e-01 9.999999863340519601e-01 9.999999863330950589e-01
6.562188000000001011e+03 9.999999855775014712e-01 9.999999855076002753e-01 9.999999855065179188e-01
6.562206000000000131e+03 9.999999846823802718e-01 9.999999846031502049e-01 9.999999846019153038e-01
6.562224000000000160e+03 9.999999837006253722e-01 9.999999836100655903e-01 9.999999836086361782e-01
6.562242000000001099e+03 9.999999826201216857e-01 9.999999825151918431e-01 9.999999825134950893e-01
6.562260000000000218e+03 9.999999814257890529e-01 9.999999813013441541e-01 9.999999812992409476e-01
6.562278000000000247e+03 9.999999800977190656e-01 9.999999799442104154e-01 9.999999799414159840e-01
6.562296000000001186e+03 9.999999786072728547e-01 9.999999784058953844e-01 9.999999784018132054e-01
6.562314000000000306e+03 9.999999769087981605e-01 9.999999766215453834e-01 9.999999766149226810e-01
6.562332000000000335e+03 9.999999749221800682e-01 9.999999744721318473e-01 9.999999744603702556e-01
6.562350000000000364e+03 9.999999724968586801e-01 9.999999717304861591e-01 9.999999717083061235e-01
6.562368000000000393e+03 9.999999693396731670e-01 9.999999679574474998e-01 9.999999679143883879e-01
6.562386000000000422e+03 9.999999648748029157e-01 9.999999623084684375e-01 9.999999622243732622e-01
6.562404000000000451e+03 9.999999579812385297e-01 9.999999531858158042e-01 9.999999530230027078e-01
6.562422000000000480e+03 9.999999465185848146e-01 9.999999376358796876e-01 9.999999373261495572e-01
6.562440000000000509e+03 9.999999265034320572e-01 9.999999103453338645e-01 9.999999097695231320e-01
6.562458000000000538e+03 9.999998907374656465e-01 9.999998620396211013e-01 9.999998609974103392e-01
6.562476000000000568e+03 9.999998266245671008e-01 9.999997770470835379e-01 9.999997752159560660e-01
6.562493999999999687e+03 9.999997128716056061e-01 9.999996297903763764e-01 9.999996266759191288e-01
6.562512000000000626e+03 9.999995147918767646e-01 9.999993800465128979e-01 9.999993749325940540e-01
6.562530000000000655e+03 9.999991780889490034e-01 9.999989670278455201e-01 9.999989589446679483e-01
6.562547999999999774e+03 9.999986213668238255e-01 9.999983027098174881e-01 9.999982904484253643e-01
6.562566000000000713e+03 9.999977282268242007e-01 9.999972653274014078e-01 9.999972475349647727e-01
6.562584000000000742e+03 9.999963405863986354e-01 9.999956943552790190e-01 9.999956697316451093e-01
6.562601999999999862e+03 9.999942554631711111e-01 9.999933876716783354e-01 9.999933551996349479e-01
6.562620000000000800e+03 9.999912272257113210e-01 9.999900953181987129e-01 9.999900540778511315e-01
6.562638000000000829e+03 9.999869749496631544e-01 9.999854704888552215e-01 9.999854175082777408e-01
6.562655999999999949e+03 9.999811844565438257e-01 9.999788214152134369e-01 9.999787453558385275e-01
6.562674000000000888e+03 9.999734183187467540e-01 9.999683439614756031e-01 9.999682183915636902e-01
6.562692000000000917e+03 9.999622097213879401e-01 9.999498319447851502e-01 9.999496229299358330e-01
6.562710000000000036e+03 9.999396651932789259e-01 9.999160538501196127e-01 9.999157507857545646e-01
6.562728000000000975e+03 9.998863061638130212e-01 9.998586592685941854e-01 9.998583380566820056e-01
6.562746000000000095e+03 9.998122884808832156e-01 9.997750659649712324e-01 9.997749457969605791e-01
6.562764000000000124e+03 9.996511058747498124e-01 9.996797357846286536e-01 9.996800302840894714e-01
6.562782000000001062e+03 9.995444056960839374e-01 9.996038244963802999e-01 9.996044890976226727e-01
6.562800000000000182e+03 9.995237966606670410e-01 9.995752421310538649e-01 9.995760377262755680e-01
6.562818000000000211e+03 9.995444054021079827e-01 9.996038230656780765e-01 9.996044876652526723e-01
6.562836000000001150e+03 9.996511021847515055e-01 9.996797328155336837e-01 9.996800273154383687e-01
6.562854000000000269e+03 9.998122835141740605e-01 9.997750617473273316e-01 9.997749415820942342e-01
6.562872000000000298e+03 9.998863002099510622e-01 9.998586545917669266e-01 9.998583333819549557e-01
6.562890000000001237e+03 9.999396604067021244e-01 9.999160495660390779e-01 9.999157464999302025e-01
6.562908000000000357e+03 9.999622068708379219e-01 9.999498284636222367e-01 9.999496194435262275e-01
6.562926000000000386e+03 9.999734158918136551e-01 9.999683411649915588e-01 9.999682155904674463e-01
6.562944000000001324e+03 9.999811821112684074e-01 9.999788190166725155e-01 9.999787429557213114e-01
6.562962000000000444e+03 9.999869727433934319e-01 9.999854683354372220e-01 9.999854153551157587e-01
6.562980000000000473e+03 9.999912252558472714e-01 9.999900934006381581e-01 9.999900521604611070e-01
6.562998000000000502e+03 9.999942537954141786e-01 9.999933860262252283e-01 9.999933535534037965e-01
6.563016000000000531e+03 9.999963392443614874e-01 9.999956930048587989e-01 9.999956683795058199e-01
6.563034000000000560e+03 9.999977271973650161e-01 9.999972642673241596e-01 9.999972464725876975e-01
6.563052000000000589e+03 9.999986206116753262e-01 9.999983019122569150e-01 9.999982896483953221e-01
6.563070000000000618e+03 9.999991775575075570e-01 9.999989664512889398e-01 9.999989583657975523e-01
6.563088000000000648e+03 9.999995144317884721e-01 9.999993796449005989e-01 9.999993745290183256e-01
6.563106000000000677e+03 9.999997126357370592e-01 9.999996295199143903e-01 9.999996264039171523e-01
6.563124000000000706e+03 9.999998264744136556e-01 9.999997768702449941e-01 9.999997750379856498e-01
6.563141999999999825e+03 9.999998906438604118e-01 9.999998619266999844e-01 9.999998608837025182e-01
6.563160000000000764e+03 9.999999264456284065e-01 9.999999102742950230e-01 9.999999096979640401e-01
6.563178000000000793e+03 9.999999464826063722e-01 9.999999375912665966e-01 9.999999372812072851e-01
6.563195999999999913e+03 9.999999579581202447e-01 9.999999531573101619e-01 9.999999529942966703e-01
6.563214000000000851e+03 9.999999648590445211e-01 9.999999622894847340e-01 9.999999622052717640e-01
6.563232000000000880e+03 9.999999693280378077e-01 9.999999679439545153e-01 9.999999679008285680e-01
6.563250000000000000e+03 9.999999724875134888e-01 9.999999717201076832e-01 9.999999716978912323e-01
6.563268000000000939e+03 9.999999749141231797e-01 9.999999744635182930e-01 9.999999744517369393e-01
6.563286000000000968e+03 9.999999769014991102e-01 9.999999766139534563e-01 9.999999766073204288e-01
6.563304000000000087e+03 9.999999786004565294e-01 9.999999783989267366e-01 9.999999783948394505e-01
6.563322000000001026e+03 9.999999800912440229e-01 9.999999799376557696e-01 9.999999799348583407e-01
6.563340000000000146e+03 9.999999814195809078e-01 9.999999812950925993e-01 9.999999812929879495e-01
6.563358000000000175e+03 9.999999826141399151e-01 9.999999825091843153e-01 9.999999825074870063e-01
6.563376000000001113e+03 9.999999836948453291e-01 9.999999836042688939e-01 9.999999836028387046e-01
6.563394000000000233e+03 9.999999846767848588e-01 9.999999845975422463e-01 9.999999845963064571e-01
6.563412000000000262e+03 9.999999855720774766e-01 9.999999855021659556e-01 9.999999855010831551e-01
6.563430000000001201e+03 9.999999863908111131e-01 9.999999863287794000e-01 9.999999863278222767e-01
6.563448000000000320e+03 9.999999871415551356e-01 9.999999870862763540e-01 9.999999870854255901e-01
6.563466000000000349e+03 9.999999878316774282e-01 9.999999877822369765e-01 9.999999877814772509e-01
6.563484000000001288e+03 9.999999884675578876e-01 9.999999884231961511e-01 9.999999884225152513e-01
6.563502000000000407e+03 9.999999890547512926e-01 9.999999890148287829e-01 9.999999890142168280e-01
6.563520000000000437e+03 9.999999895981179776e-01 9.999999895620904633e-01 9.999999895615389045e-01
6.563538000000001375e+03 9.999999901019233084e-01 9.999999900693250510e-01 9.999999900688262278e-01
6.563556000000000495e+03 9.999999905699236136e-01 9.999999905403555989e-01 9.999999905399035161e-01
6.563574000000000524e+03 9.999999910054410135e-01 9.999999909785576291e-01 9.999999909781474017e-01
6.563592000000000553e+03 9.999999914114179322e-01 9.999999913869209722e-01 9.999999913865470491e-01
6.563610000000000582e+03 9.999999917904724978e-01 9.999999917681017259e-01 9.999999917677607764e-01
6.563628000000000611e+03 9.999999921449361784e-01 9.999999921244661083e-01 9.999999921241543577e-01
6.563646000000000640e+03 9.999999924768955273e-01 9.999999924581277622e-01 9.999999924578419908e-01
6.563664000000000669e+03 9.999999927882182726e-01 9.999999927709789516e-01 9.999999927707166059e-01
6.563682000000000698e+03 9.999999930805824055e-01 9.999999930647190949e-01 9.999999930644779544e-01
6.563699999999999818e+03 9.999999933554987175e-01 9.999999933408765251e-01 9.999999933406542585e-01
6.563718000000000757e+03 9.999999936143306734e-01 9.999999936008300283e-01 9.999999936006250811e-01
6.563735999999999876e+03 9.999999938583095105e-01 9.999999938458249416e-01 9.999999938456355375e-01
6.563753999999999905e+03 9.999999940885525573e-01 9.999999940769903617e-01 9.999999940768150575e-01
6.563772000000000844e+03 9.999999943060726704e-01 9.999999942953486931e-01 9.999999942951862675e-01
6.563789999999999964e+03 9.999999945117911127e-01 9.999999945018308578e-01 9.999999945016798675e-01
6.563807999999999993e+03 9.999999947065471018e-01 9.999999946972839560e-01 9.999999946971434017e-01
6.563826000000000931e+03 9.999999948911078018e-01 9.999999948824812579e-01 9.999999948823502516e-01
6.563844000000000051e+03 9.999999950661720982e-01 9.999999950581283104e-01 9.999999950580062968e-01
6.563862000000000080e+03 9.999999952323811447e-01 9.999999952248719293e-01 9.999999952247582424e-01
6.563880000000001019e+03 9.999999953903231376e-01 9.999999953833050848e-01 9.999999953831988364e-01
6.563898000000000138e+03 9.999999955405380891e-01 9.999999955339711200e-01 9.999999955338718660e-01
6.563916000000000167e+03 9.999999956835222692e-01 9.999999956773708565e-01 9.999999956772773757e-01
6.563934000000001106e+03 9.999999958197324235e-01 9.999999958139640377e-01 9.999999958138766631e-01
6.563952000000000226e+03 9.999999959495899926e-01 9.999999959441754349e-01 9.999999959440935005e-01
6.563970000000000255e+03 9.999999960734845539e-01 9.999999960683971789e-01 9.999999960683205735e-01
6.563988000000000284e+03 9.999999961917762636e-01 9.999999961869915355e-01 9.999999961869191489e-01
6.564006000000000313e+03 9.999999963047977447e-01 9.999999963002933479e-01 9.999999963002256242e-01
6.564024000000000342e+03 9.999999964128578611e-01 9.999999964086137005e-01 9.999999964085496407e-01
6.564042000000000371e+03 9.999999965162428284e-01 9.999999965122403633e-01 9.999999965121799672e-01
6.564060000000000400e+03 9.999999966152187669e-01 9.999999966114410110e-01 9.999999966113837235e-01
6.564078000000000429e+03 9.999999967100327014e-01 9.999999967064644446e-01 9.999999967064103767e-01
6.564096000000000458e+03 9.999999968009155582e-01 9.999999967975421455e-01 9.999999967974907422e-01
6.564114000000000487e+03 9.999999968880812773e-01 9.999999968848892751e-01 9.999999968848409804e-01
6.564131999999999607e+03 9.999999969717302539e-01 9.999999969687080048e-01 9.999999969686621526e-01
6.564150000000000546e+03 9.999999970520493386e-01 9.999999970491852963e-01 9.999999970491419976e-01
6.564168000000000575e+03 9.999999971292128365e-01 9.999999971264971199e-01 9.999999971264557086e-01
6.564185999999999694e+03 9.999999972033835061e-01 9.999999972008067894e-01 9.999999972007677096e-01
6.564204000000000633e+03 9.999999972747150023e-01 9.999999972722681818e-01 9.999999972722311004e-01
6.564222000000000662e+03 9.999999973433498779e-01 9.999999973410249599e-01 9.999999973409900988e-01
6.564239999999999782e+03 9.999999974094231359e-01 9.999999974072126818e-01 9.999999974071794862e-01
6.564258000000000720e+03 9.999999974730601204e-01 9.999999974709570250e-01 9.999999974709256056e-01
6.564276000000000749e+03 9.999999975343797365e-01 9.999999975323776713e-01 9.999999975323476953e-01
6.564293999999999869e+03 9.999999975934927843e-01 9.999999975915858652e-01 9.999999975915569994e-01
6.564312000000000808e+03 9.999999976505038468e-01 9.999999976486865227e-01 9.999999976486589892e-01
6.564330000000000837e+03 9.999999977055115119e-01 9.999999977037784538e-01 9.999999977037523635e-01
6.564347999999999956e+03 9.999999977586093713e-01 9.999999977569553611e-01 9.999999977569304921e-01
6.564366000000000895e+03 9.999999978098840225e-01 9.999999978083048413e-01 9.999999978082810825e-01
6.564384000000000015e+03 9.999999978594180661e-01 9.999999978579098281e-01 9.999999978578868465e-01
6.564402000000000044e+03 9.999999979072896616e-01 9.999999979058481481e-01 9.999999979058263877e-01
6.564420000000000982e+03 9.999999979535720840e-01 9.999999979521936311e-01 9.999999979521729809e-01
6.564438000000000102e+03 9.999999979983351661e-01 9.999999979970168873e-01 9.999999979969970143e-01
6.564456000000000131e+03 9.999999980416452994e-01 9.999999980403828648e-01 9.999999980403639910e-01
6.564474000000001070e+03 9.999999980835636570e-01 9.999999980823549572e-01 9.999999980823370826e-01
6.564492000000000189e+03 9.999999981241498581e-01 9.999999981229920065e-01 9.999999981229747981e-01
6.564510000000000218e+03 9.999999981634598578e-01 9.999999981623497458e-01 9.999999981623327594e-01
6.564528000000001157e+03 9.999999982015463917e-01 9.999999982004718069e-01 9.999999982004535992e-01
6.564546000000000276e+03 9.999999982384597530e-01 9.999999982373007912e-01 9.999999982372727025e-01
6.564564000000000306e+03 9.999999982742475702e-01 9.999999982721976544e-01 9.999999982721260450e-01
6.564582000000000335e+03 9.999999983089554734e-01 9.999999983028272643e-01 9.999999983026560679e-01
6.564600000000000364e+03 9.999999983426259842e-01 9.999999983251902647e-01 9.999999983248873958e-01
