# lambda[A]  T_theo  T_instr  T_rot+instr  (H-beta 4861.35)
4.859921044108733440e+03 9.999999999990237809e-01 9.999999999990142330e-01 9.999999999990143440e-01
4.859935333667646773e+03 9.999999999990037969e-01 9.999999999990010213e-01 9.999999999990011323e-01
4.859949623226559197e+03 9.999999999989832578e-01 9.999999999989823696e-01 9.999999999989823696e-01
4.859963912785472530e+03 9.999999999989621635e-01 9.999999999989616084e-01 9.999999999989617194e-01
4.859978202344384044e+03 9.999999999989402921e-01 9.999999999989397370e-01 9.999999999989400701e-01
4.859992491903297378e+03 9.999999999989176436e-01 9.999999999989170885e-01 9.999999999989171995e-01
4.860006781462209801e+03 9.999999999988945509e-01 9.999999999988937738e-01 9.999999999988937738e-01
4.860021071021122225e+03 9.999999999988705701e-01 9.999999999988701260e-01 9.999999999988700150e-01
4.860035360580035558e+03 9.999999999988458121e-01 9.999999999988450350e-01 9.999999999988450350e-01
4.860049650138947982e+03 9.999999999988201660e-01 9.999999999988191668e-01 9.999999999988191668e-01
4.860063939697860405e+03 9.999999999987935206e-01 9.999999999987928545e-01 9.999999999987926325e-01
4.860078229256772829e+03 9.999999999987662092e-01 9.999999999987654320e-01 9.999999999987654320e-01
4.860092518815686162e+03 9.999999999987380095e-01 9.999999999987370103e-01 9.999999999987370103e-01
4.860106808374598586e+03 9.999999999987086996e-01 9.999999999987078114e-01 9.999999999987074784e-01
4.860121097933511010e+03 9.999999999986782795e-01 9.999999999986772803e-01 9.999999999986770582e-01
4.860135387492424343e+03 9.999999999986470822e-01 9.999999999986459720e-01 9.999999999986457500e-01
4.860149677051335857e+03 9.999999999986146637e-01 9.999999999986135535e-01 9.999999999986131094e-01
4.860163966610249190e+03 9.999999999985809129e-01 9.999999999985796917e-01 9.999999999985793586e-01
4.860178256169161614e+03 9.999999999985457189e-01 9.999999999985447197e-01 9.999999999985443866e-01
4.860192545728074947e+03 9.999999999985095256e-01 9.999999999985084154e-01 9.999999999985079713e-01
4.860206835286987371e+03 9.999999999984720001e-01 9.999999999984705568e-01 9.999999999984701127e-01
4.860221124845900704e+03 9.999999999984326982e-01 9.999999999984313659e-01 9.999999999984308108e-01
4.860235414404812218e+03 9.999999999983920640e-01 9.999999999983906207e-01 9.999999999983902876e-01
4.860249703963724642e+03 9.999999999983499865e-01 9.999999999983484322e-01 9.999999999983478771e-01
4.860263993522637975e+03 9.999999999983056886e-01 9.999999999983043564e-01 9.999999999983040233e-01
4.860278283081550398e+03 9.999999999982599475e-01 9.999999999982586152e-01 9.999999999982582821e-01
4.860292572640463732e+03 9.999999999982125409e-01 9.999999999982109866e-01 9.999999999982106536e-01
4.860306862199376155e+03 9.999999999981626919e-01 9.999999999981611376e-01 9.999999999981611376e-01
4.860321151758287670e+03 9.999999999981110665e-01 9.999999999981094012e-01 9.999999999981092902e-01
4.860335441317201003e+03 9.999999999980571097e-01 9.999999999980552223e-01 9.999999999980554444e-01
4.860349730876113426e+03 9.999999999980008214e-01 9.999999999979988230e-01 9.999999999979991561e-01
4.860364020435026760e+03 9.999999999979420906e-01 9.999999999979402032e-01 9.999999999979402032e-01
4.860378309993939183e+03 9.999999999978808063e-01 9.999999999978783638e-01 9.999999999978786969e-01
4.860392599552852516e+03 9.999999999978167464e-01 9.999999999978140819e-01 9.999999999978141929e-01
4.860406889111764031e+03 9.999999999977495779e-01 9.999999999977471354e-01 9.999999999977471354e-01
4.860421178670677364e+03 9.999999999976793008e-01 9.999999999976767473e-01 9.999999999976767473e-01
4.860435468229589787e+03 9.999999999976056930e-01 9.999999999976026954e-01 9.999999999976028064e-01
4.860449757788502211e+03 9.999999999975285325e-01 9.999999999975254239e-01 9.999999999975254239e-01
4.860464047347415544e+03 9.999999999974474862e-01 9.999999999974443776e-01 9.999999999974443776e-01
4.860478336906327968e+03 9.999999999973623321e-01 9.999999999973590015e-01 9.999999999973590015e-01
4.860492626465240392e+03 9.999999999972729592e-01 9.999999999972691844e-01 9.999999999972691844e-01
4.860506916024152815e+03 9.999999999971787012e-01 9.999999999971748155e-01 9.999999999971751485e-01
4.860521205583066148e+03 9.999999999970796694e-01 9.999999999970754505e-01 9.999999999970755615e-01
4.860535495141978572e+03 9.999999999969748643e-01 9.999999999969703124e-01 9.999999999969706455e-01
4.860549784700890996e+03 9.999999999968648412e-01 9.999999999968600672e-01 9.999999999968600672e-01
4.860564074259804329e+03 9.999999999967487119e-01 9.999999999967432718e-01 9.999999999967433828e-01
4.860578363818715843e+03 9.999999999966256992e-01 9.999999999966200370e-01 9.999999999966200370e-01
4.860592653377629176e+03 9.999999999964956920e-01 9.999999999964896968e-01 9.999999999964896968e-01
4.860606942936541600e+03 9.999999999963580244e-01 9.999999999963512520e-01 9.999999999963509190e-01
4.860621232495454933e+03 9.999999999962120301e-01 9.999999999962047026e-01 9.999999999962044805e-01
4.860635522054367357e+03 9.999999999960564878e-01 9.999999999960486052e-01 9.999999999960484942e-01
4.860649811613280690e+03 9.999999999958915087e-01 9.999999999958827379e-01 9.999999999958822938e-01
4.860664101172192204e+03 9.999999999957154273e-01 9.999999999957054353e-01 9.999999999957053243e-01
4.860678390731104628e+03 9.999999999955270225e-01 9.999999999955152541e-01 9.999999999955152541e-01
4.860692680290017961e+03 9.999999999953241847e-01 9.999999999953100849e-01 9.999999999953098628e-01
4.860706969848930385e+03 9.999999999951042495e-01 9.999999999950857088e-01 9.999999999950853757e-01
4.860721259407843718e+03 9.999999999948621099e-01 9.999999999948359086e-01 9.999999999948356866e-01
4.860735548966756141e+03 9.999999999945892171e-01 9.999999999945499152e-01 9.999999999945493601e-01
4.860749838525667656e+03 9.999999999942710271e-01 9.999999999942068563e-01 9.999999999942056350e-01
4.860764128084580989e+03 9.999999999938788964e-01 9.999999999937700945e-01 9.999999999937675410e-01
4.860778417643493412e+03 9.999999999933621986e-01 9.999999999931725725e-01 9.999999999931681316e-01
4.860792707202406746e+03 9.999999999926291183e-01 9.999999999922958294e-01 9.999999999922877247e-01
4.860806996761319169e+03 9.999999999915147875e-01 9.999999999909283677e-01 9.999999999909142678e-01
4.860821286320232502e+03 9.999999999897268843e-01 9.999999999887032587e-01 9.999999999886794999e-01
4.860835575879144017e+03 9.999999999867588141e-01 9.999999999849911170e-01 9.999999999849494836e-01
4.860849865438057350e+03 9.999999999817412721e-01 9.999999999787293481e-01 9.999999999786590710e-01
4.860864154996969773e+03 9.999999999732135381e-01 9.999999999681568053e-01 9.999999999680391216e-01
4.860878444555882197e+03 9.999999999587595445e-01 9.999999999504021186e-01 9.999999999502089398e-01
4.860892734114795530e+03 9.999999999344580948e-01 9.999999999208692980e-01 9.999999999205565482e-01
4.860907023673707954e+03 9.999999998940591883e-01 9.999999998723292371e-01 9.999999998718313021e-01
4.860921313232620378e+03 9.999999998277840918e-01 9.999999997936218632e-01 9.999999997928418205e-01
4.860935602791532801e+03 9.999999997206203695e-01 9.999999996678317071e-01 9.999999996666304458e-01
4.860949892350446135e+03 9.999999995499627703e-01 9.999999994698024475e-01 9.999999994679832360e-01
4.860964181909358558e+03 9.999999992824254447e-01 9.999999991628334417e-01 9.999999991601246085e-01
4.860978471468270982e+03 9.999999988696830489e-01 9.999999986944235753e-01 9.999999986904590799e-01
4.860992761027184315e+03 9.999999982431919676e-01 9.999999979909635073e-01 9.999999979852596255e-01
4.861007050586095829e+03 9.999999973077513538e-01 9.999999969513531095e-01 9.999999969432858959e-01
4.861021340145009162e+03 9.999999959339472833e-01 9.999999954396538993e-01 9.999999954284387593e-01
4.861035629703921586e+03 9.999999939497377088e-01 9.999999932770536892e-01 9.999999932617258391e-01
4.861049919262834919e+03 9.999999911316357348e-01 9.999999902336492719e-01 9.999999902130518592e-01
4.861064208821747343e+03 9.999999871962546028e-01 9.999999860208108604e-01 9.999999859935871926e-01
4.861078498380660676e+03 9.999999817932594404e-01 9.999999802851461395e-01 9.999999802497397949e-01
4.861092787939572190e+03 9.999999745010379471e-01 9.999999726053077076e-01 9.999999725599663103e-01
4.861107077498484614e+03 9.999999648265763819e-01 9.999999624930021591e-01 9.999999624357924777e-01
4.861121367057397947e+03 9.999999522110496475e-01 9.999999493995356259e-01 9.999999493283734386e-01
4.861135656616310371e+03 9.999999360424335348e-01 9.999999327288938700e-01 9.999999326416090240e-01
4.861149946175223704e+03 9.999999156759772356e-01 9.999999118573568158e-01 9.999999117518076908e-01
4.861164235734136128e+03 9.999998904623040863e-01 9.999998861563013097e-01 9.999998860304569748e-01
4.861178525293047642e+03 9.999998597800385802e-01 9.999998550025221977e-01 9.999998548540446341e-01
4.861192814851960975e+03 9.999998230590276815e-01 9.999998177155231538e-01 9.999998175390319988e-01
4.861207104410873399e+03 9.999997797350785866e-01 9.999997732084267010e-01 9.999997729844719574e-01
4.861221393969786732e+03 9.999997289024762370e-01 9.999997186486812017e-01 9.999997183058878525e-01
4.861235683528699155e+03 9.999996678531815064e-01 9.999996449021979483e-01 9.999996442013258102e-01
4.861249973087612489e+03 9.999995870140614418e-01 9.999995223030864189e-01 9.999995205512037799e-01
4.861264262646524003e+03 9.999994535583870414e-01 9.999992626940280571e-01 9.999992583381113187e-01
4.861278552205437336e+03 9.999991565226683532e-01 9.999986477767578430e-01 9.999986386920677317e-01
4.861292841764349760e+03 9.999983388088394820e-01 9.999972814309711078e-01 9.999972676179845754e-01
4.861307131323262183e+03 9.999961310956477778e-01 9.999947657835934756e-01 9.999947538774096589e-01
4.861321420882175516e+03 9.999916014010645782e-01 9.999912514379178941e-01 9.999912539672806133e-01
4.861335710441087940e+03 9.999859565440663012e-01 9.999879269187337272e-01 9.999879505290235615e-01
4.861350000000000364e+03 9.999832513790343214e-01 9.999865329571427930e-01 9.999865669423958492e-01
4.861364289558912787e+03 9.999859565151194563e-01 9.999879268664708665e-01 9.999879504767669181e-01
4.861378579117826121e+03 9.999916012695496681e-01 9.999912513375044387e-01 9.999912538669969431e-01
4.861392868676738544e+03 9.999961309212777039e-01 9.999947656597061307e-01 9.999947537536577613e-01
4.861407158235650968e+03 9.999983386847116629e-01 9.999972813191198018e-01 9.999972675060623262e-01
4.861421447794564301e+03 9.999991564546374390e-01 9.999986476962750004e-01 9.999986386113338677e-01
4.861435737353476725e+03 9.999994535192852085e-01 9.999992626419302866e-01 9.999992582857585299e-01
4.861450026912389148e+03 9.999995869857924990e-01 9.999995222674807893e-01 9.999995205154356137e-01
4.861464316471301572e+03 9.999996678274905015e-01 9.999996448733631249e-01 9.999996441724150475e-01
4.861478606030214905e+03 9.999997288761965919e-01 9.999997186215042744e-01 9.999997182786850569e-01
4.861492895589127329e+03 9.999997797075315109e-01 9.999997731810208457e-01 9.999997729570615501e-01
4.861507185148040662e+03 9.999998230306306191e-01 9.999998176876636613e-01 9.999998175111746157e-01
4.861521474706953086e+03 9.999998597515846743e-01 9.999998549746933474e-01 9.999998548262182263e-01
4.861535764265864600e+03 9.999998904346358852e-01 9.999998861292037633e-01 9.999998860033599835e-01
4.861550053824777933e+03 9.999999156498396991e-01 9.999999118316751368e-01 9.999999117261239023e-01
4.861564343383690357e+03 9.999999360184126385e-01 9.999999327051889431e-01 9.999999326179003223e-01
4.861578632942603690e+03 9.999999521895467369e-01 9.999999493782059101e-01 9.999999493070379497e-01
4.861592922501516114e+03 9.999999648078056191e-01 9.999999624742736959e-01 9.999999624170566870e-01
4.861607212060429447e+03 9.999999744850440742e-01 9.999999725892468883e-01 9.999999725438974973e-01
4.861621501619340961e+03 9.999999817799469781e-01 9.999999802716844632e-01 9.999999802362694590e-01
4.861635791178253385e+03 9.999999871854228228e-01 9.999999860097743554e-01 9.999999859825422499e-01
4.861650080737166718e+03 9.999999911230151861e-01 9.999999902247943551e-01 9.999999902041888378e-01
4.861664370296079142e+03 9.999999939430225249e-01 9.999999932700971428e-01 9.999999932547618542e-01
4.861678659854992475e+03 9.999999959288252693e-01 9.999999954342995157e-01 9.999999954230778254e-01
4.861692949413904898e+03 9.999999973039236378e-01 9.999999969473141181e-01 9.999999969392413535e-01
4.861707238972817322e+03 9.999999982403885435e-01 9.999999979879758971e-01 9.999999979822674634e-01
4.861721528531729746e+03 9.999999988676699925e-01 9.999999986922563089e-01 9.999999986882880387e-01
4.861735818090642169e+03 9.999999992810075788e-01 9.999999991612904537e-01 9.999999991585788450e-01
4.861750107649555503e+03 9.999999995489826654e-01 9.999999994687241989e-01 9.999999994669025449e-01
4.861764397208467926e+03 9.999999997199555679e-01 9.999999996670919655e-01 9.999999996658884838e-01
4.861778686767381259e+03 9.999999998273408908e-01 9.999999997931230400e-01 9.999999997923415540e-01
4.861792976326292774e+03 9.999999998937686430e-01 9.999999998719986127e-01 9.999999998714996785e-01
4.861807265885206107e+03 9.999999999342708001e-01 9.999999999206533596e-01 9.999999999203398326e-01
4.861821555444118530e+03 9.999999999586406396e-01 9.999999999502633408e-01 9.999999999500697179e-01
4.861835845003031864e+03 9.999999999731385980e-01 9.999999999680685425e-01 9.999999999679506368e-01
4.861850134561944287e+03 9.999999999816947538e-01 9.999999999786738369e-01 9.999999999786034488e-01
4.861864424120856711e+03 9.999999999867293932e-01 9.999999999849562560e-01 9.999999999849146226e-01
4.861878713679769135e+03 9.999999999897087877e-01 9.999999999886812763e-01 9.999999999886572954e-01
4.861893003238681558e+03 9.999999999915030191e-01 9.999999999909141568e-01 9.999999999909005011e-01
4.861907292797594891e+03 9.999999999926213468e-01 9.999999999922862814e-01 9.999999999922782878e-01
4.861921582356507315e+03 9.999999999933566475e-01 9.999999999931660222e-01 9.999999999931615813e-01
4.861935871915420648e+03 9.999999999938744555e-01 9.999999999937652095e-01 9.999999999937627670e-01
4.861950161474333072e+03 9.999999999942672524e-01 9.999999999942028595e-01 9.999999999942016382e-01
4.861964451033244586e+03 9.999999999945862195e-01 9.999999999945466955e-01 9.999999999945461404e-01
4.861978740592157919e+03 9.999999999948592233e-01 9.999999999948329110e-01 9.999999999948326890e-01
4.861993030151070343e+03 9.999999999951014740e-01 9.999999999950830443e-01 9.999999999950827112e-01
4.862007319709983676e+03 9.999999999953216312e-01 9.999999999953071983e-01 9.999999999953071983e-01
4.862021609268896100e+03 9.999999999955244689e-01 9.999999999955125896e-01 9.999999999955125896e-01
4.862035898827809433e+03 9.999999999957127628e-01 9.999999999957029928e-01 9.999999999957029928e-01
4.862050188386720947e+03 9.999999999958890662e-01 9.999999999958801844e-01 9.999999999958801844e-01
4.862064477945633371e+03 9.999999999960541563e-01 9.999999999960463848e-01 9.999999999960461627e-01
4.862078767504546704e+03 9.999999999962096986e-01 9.999999999962021491e-01 9.999999999962020381e-01
4.862093057063459128e+03 9.999999999963559150e-01 9.999999999963491426e-01 9.999999999963490316e-01
4.862107346622372461e+03 9.999999999964935826e-01 9.999999999964874764e-01 9.999999999964873654e-01
4.862121636181284885e+03 9.999999999966235897e-01 9.999999999966179276e-01 9.999999999966180386e-01
4.862135925740197308e+03 9.999999999967464914e-01 9.999999999967412734e-01 9.999999999967411624e-01
4.862150215299109732e+03 9.999999999968627318e-01 9.999999999968576248e-01 9.999999999968579578e-01
4.862164504858022156e+03 9.999999999969728659e-01 9.999999999969685360e-01 9.999999999969686471e-01
4.862178794416935489e+03 9.999999999970776710e-01 9.999999999970731190e-01 9.999999999970733411e-01
4.862193083975847912e+03 9.999999999971767028e-01 9.999999999971727060e-01 9.999999999971728171e-01
4.862207373534761246e+03 9.999999999972709608e-01 9.999999999972671860e-01 9.999999999972672970e-01
4.862221663093672760e+03 9.999999999973603337e-01 9.999999999973567810e-01 9.999999999973570031e-01
4.862235952652586093e+03 9.999999999974453768e-01 9.999999999974423792e-01 9.999999999974423792e-01
4.862250242211498517e+03 9.999999999975265341e-01 9.999999999975234255e-01 9.999999999975235365e-01
4.862264531770411850e+03 9.999999999976039167e-01 9.999999999976009191e-01 9.999999999976010301e-01
4.862278821329324273e+03 9.999999999976775245e-01 9.999999999976748599e-01 9.999999999976748599e-01
4.862293110888236697e+03 9.999999999977479126e-01 9.999999999977452481e-01 9.999999999977455811e-01
4.862307400447149121e+03 9.999999999978148590e-01 9.999999999978126386e-01 9.999999999978126386e-01
4.862321690006061544e+03 9.999999999978791410e-01 9.999999999978766985e-01 9.999999999978770315e-01
4.862335979564974878e+03 9.999999999979404253e-01 9.999999999979383158e-01 9.999999999979385379e-01
4.862350269123887301e+03 9.999999999979992671e-01 9.999999999979971577e-01 9.999999999979972687e-01
4.862364558682800634e+03 9.999999999980555554e-01 9.999999999980535570e-01 9.999999999980535570e-01
4.862378848241713058e+03 9.999999999981094012e-01 9.999999999981076249e-01 9.999999999981077359e-01
4.862393137800624572e+03 9.999999999981611376e-01 9.999999999981593612e-01 9.999999999981594723e-01
4.862407427359537905e+03 9.999999999982107646e-01 9.999999999982090992e-01 9.999999999982092103e-01
4.862421716918450329e+03 9.999999999982582821e-01 9.999999999982569499e-01 9.999999999982567278e-01
4.862436006477363662e+03 9.999999999983042454e-01 9.999999999983025800e-01 9.999999999983025800e-01
4.862450296036276086e+03 9.999999999983482102e-01 9.999999999983467669e-01 9.999999999983466559e-01
4.862464585595189419e+03 9.999999999983905097e-01 9.999999999983891774e-01 9.999999999983887333e-01
4.862478875154100933e+03 9.999999999984314769e-01 9.999999999984301446e-01 9.999999999984295895e-01
4.862493164713013357e+03 9.999999999984703347e-01 9.999999999984693355e-01 9.999999999984687804e-01
4.862507454271926690e+03 9.999999999985081933e-01 9.999999999985068611e-01 9.999999999985065280e-01
4.862521743830839114e+03 9.999999999985444976e-01 9.999999999985431653e-01 9.999999999985428323e-01
4.862536033389752447e+03 9.999999999985794696e-01 9.999999999985784704e-01 9.999999999985780264e-01
4.862550322948664871e+03 9.999999999986132204e-01 9.999999999986122212e-01 9.999999999986114441e-01
4.862564612507577294e+03 9.999999999986456389e-01 9.999999999986447508e-01 9.999999999986441956e-01
4.862578902066489718e+03 9.999999999986770582e-01 9.999999999986762811e-01 9.999999999986759480e-01
4.862593191625402142e+03 9.999999999987074784e-01 9.999999999987064792e-01 9.999999999987062571e-01
4.862607481184315475e+03 9.999999999987365662e-01 9.999999999987359001e-01 9.999999999987356780e-01
4.862621770743227898e+03 9.999999999987649879e-01 9.999999999987642108e-01 9.999999999987640997e-01
4.862636060302141232e+03 9.999999999987924104e-01 9.999999999987917443e-01 9.999999999987915222e-01
4.862650349861052746e+03 9.999999999988188337e-01 9.999999999988183896e-01 9.999999999988181676e-01
4.862664639419966079e+03 9.999999999988445909e-01 9.999999999988439248e-01 9.999999999988437027e-01
4.862678928978878503e+03 9.999999999988694599e-01 9.999999999988687938e-01 9.999999999988685717e-01
4.862693218537791836e+03 9.999999999988934407e-01 9.999999999988927746e-01 9.999999999988927746e-01
4.862707508096704260e+03 9.999999999989165334e-01 9.999999999989160893e-01 9.999999999989160893e-01
4.862721797655616683e+03 9.999999999989391819e-01 9.999999999989385158e-01 9.999999999989387378e-01
4.862736087214529107e+03 9.999999999989610533e-01 9.999999999989601651e-01 9.999999999989606092e-01
4.862750376773441531e+03 9.999999999989820365e-01 9.999999999989810373e-01 9.999999999989813704e-01
4.862764666332354864e+03 9.999999999990024646e-01 9.999999999989994670e-01 9.999999999989998001e-01
4.862778955891267287e+03 9.999999999990225596e-01 9.999999999990130117e-01 9.999999999990131228e-01
