# lambda[A]  T_theo  T_instr  T_rot+instr  (Ly-alpha 1215.67)
1.214099999999999909e+03 9.997240026247947720e-01 9.997231958101227001e-01 9.997231819203878933e-01
1.214114499999999907e+03 9.997205125117553104e-01 9.997204532523763509e-01 9.997204490011309952e-01
1.214129000000000133e+03 9.997169363463906944e-01 9.997169135351867686e-01 9.997169128673506489e-01
1.214143500000000131e+03 9.997132711023842822e-01 9.997132477614752988e-01 9.997132472628710298e-01
1.214157999999999902e+03 9.997095136311635599e-01 9.997094894612740257e-01 9.997094889456071831e-01
1.214172499999999900e+03 9.997056606561411929e-01 9.997056356230566987e-01 9.997056350881541320e-01
1.214187000000000126e+03 9.997017087666031365e-01 9.997016828347325967e-01 9.997016822797246682e-01
1.214201499999999896e+03 9.996976544112131657e-01 9.996976275432155612e-01 9.996976269671857818e-01
1.214215999999999894e+03 9.996934938910981838e-01 9.996934660477704293e-01 9.996934654497512396e-01
1.214230500000000120e+03 9.996892233524911076e-01 9.996891944926452611e-01 9.996891938716150339e-01
1.214245000000000118e+03 9.996848387788899171e-01 9.996848088592213966e-01 9.996848082141005509e-01
1.214259499999999889e+03 9.996803359826956781e-01 9.996803049576412636e-01 9.996803042872874911e-01
1.214273999999999887e+03 9.996757105962894574e-01 9.996756784178728594e-01 9.996756777210772382e-01
1.214288500000000113e+03 9.996709580624976166e-01 9.996709246801650517e-01 9.996709239556469395e-01
1.214302999999999884e+03 9.996660736244099565e-01 9.996660389848487371e-01 9.996660382312511084e-01
1.214317499999999882e+03 9.996610523144796590e-01 9.996610163614253475e-01 9.996610155773090201e-01
1.214332000000000107e+03 9.996558889428625028e-01 9.996558516168890796e-01 9.996558508007258315e-01
1.214346500000000106e+03 9.996505780849265221e-01 9.996505393232189007e-01 9.996505384733854749e-01
1.214360999999999876e+03 9.996451140678633829e-01 9.996450738039732720e-01 9.996450729187441597e-01
1.214375500000000102e+03 9.996394909563330877e-01 9.996394491199104282e-01 9.996394481974494317e-01
1.214390000000000100e+03 9.996337025370513052e-01 9.996336590535574995e-01 9.996336580919105153e-01
1.214404500000000098e+03 9.996277423022440489e-01 9.996276970926384342e-01 9.996276960897214625e-01
1.214418999999999869e+03 9.996216034318576860e-01 9.996215564122571395e-01 9.996215553658487352e-01
1.214433500000000095e+03 9.996152787744324586e-01 9.996152298557410276e-01 9.996152287634703093e-01
1.214448000000000093e+03 9.996087608265085134e-01 9.996087099140166243e-01 9.996087087733500631e-01
1.214462499999999864e+03 9.996020417104474198e-01 9.996019887033894546e-01 9.996019875116192166e-01
1.214477000000000089e+03 9.995951131505114162e-01 9.995950579415902038e-01 9.995950566958178296e-01
1.214491500000000087e+03 9.995879664470587178e-01 9.995879089219180669e-01 9.995879076190395951e-01
1.214506000000000085e+03 9.995805924486577121e-01 9.995805324853094254e-01 9.995805311219974065e-01
1.214520499999999856e+03 9.995729815219409620e-01 9.995729189901348954e-01 9.995729175628186303e-01
1.214535000000000082e+03 9.995651235189654260e-01 9.995650582794953776e-01 9.995650567843394896e-01
1.214549500000000080e+03 9.995570077418360899e-01 9.995569396457787414e-01 9.995569380786604174e-01
1.214563999999999851e+03 9.995486229043207826e-01 9.995485517921921526e-01 9.995485501486741642e-01
1.214578500000000076e+03 9.995399570901338793e-01 9.995398827909590667e-01 9.995398810662601274e-01
1.214593000000000075e+03 9.995309977075468311e-01 9.995309200378282855e-01 9.995309182267922976e-01
1.214607500000000073e+03 9.995217314399239550e-01 9.995216502024973915e-01 9.995216482995574747e-01
1.214621999999999844e+03 9.995121441917403926e-01 9.995120591745003669e-01 9.995120571736381132e-01
1.214636500000000069e+03 9.995022210295652076e-01 9.995021320040491375e-01 9.995021298987513125e-01
1.214651000000000067e+03 9.994919461174536224e-01 9.994918528372553901e-01 9.994918506204644171e-01
1.214665499999999838e+03 9.994813026460744876e-01 9.994812048450739672e-01 9.994812025091314167e-01
1.214680000000000064e+03 9.994702727548457899e-01 9.994701701452246567e-01 9.994701676818120717e-01
1.214694500000000062e+03 9.994588374462372027e-01 9.994587297162507156e-01 9.994587271163170028e-01
1.214709000000000060e+03 9.994469764912674581e-01 9.994468633027384641e-01 9.994468605564238439e-01
1.214723499999999831e+03 9.994346683251125185e-01 9.994345493106110423e-01 9.994345464071582308e-01
1.214738000000000056e+03 9.994218899315739923e-01 9.994217646912333386e-01 9.994217616188889597e-01
1.214752500000000055e+03 9.994086167149734967e-01 9.994084848128936827e-01 9.994084815587958026e-01
1.214766999999999825e+03 9.993948223578481560e-01 9.993946833180252787e-01 9.993946798680770627e-01
1.214781500000000051e+03 9.993804786625720693e-01 9.993803319642859950e-01 9.993803283030118223e-01
1.214796000000000049e+03 9.993655553747641251e-01 9.993654004473413455e-01 9.993653965577234954e-01
1.214810500000000047e+03 9.993500199860206878e-01 9.993498562028834131e-01 9.993498520661759921e-01
1.214825000000000273e+03 9.993338375131465279e-01 9.993336641850397717e-01 9.993336597805575483e-01
1.214839500000000044e+03 9.993169702506478069e-01 9.993167866179178960e-01 9.993167819227954940e-01
1.214854000000000042e+03 9.992993774927385608e-01 9.992991827165242924e-01 9.992991777054369695e-01
1.214868500000000040e+03 9.992810152205628960e-01 9.992808083727288126e-01 9.992808030175776013e-01
1.214883000000000038e+03 9.992618357496778625e-01 9.992616158012960215e-01 9.992616100708412441e-01
1.214897500000000036e+03 9.992417873320547095e-01 9.992415531402096818e-01 9.992415469996523969e-01
1.214912000000000035e+03 9.992208137059904738e-01 9.992205639986471155e-01 9.992205574091442832e-01
1.214926500000000260e+03 9.991988535862744714e-01 9.991985869448927193e-01 9.991985798629965387e-01
1.214941000000000031e+03 9.991758400857196909e-01 9.991755549252622215e-01 9.991755473022713163e-01
1.214955500000000029e+03 9.991517000577676555e-01 9.991513946036700844e-01 9.991513863848741073e-01
1.214970000000000027e+03 9.991263533481790082e-01 9.991260256097759251e-01 9.991260167335764830e-01
1.214984500000000025e+03 9.990997119418186800e-01 9.990993596816291067e-01 9.990993500785114723e-01
1.214999000000000024e+03 9.990716789881995963e-01 9.990712996863375661e-01 9.990712892776643095e-01
1.215013500000000022e+03 9.990421476865432027e-01 9.990417384993901528e-01 9.990417271959851631e-01
1.215028000000000247e+03 9.990110000077215835e-01 9.990105577197783138e-01 9.990105454202515833e-01
1.215042500000000018e+03 9.989781052261677008e-01 9.989776261937569624e-01 9.989776127825227281e-01
1.215057000000000016e+03 9.989433182296204583e-01 9.989427983147810552e-01 9.989427836596924681e-01
1.215071500000000015e+03 9.989064775680130959e-01 9.989059120604590891e-01 9.989058960099844731e-01
1.215086000000000013e+03 9.988674031944623222e-01 9.988667867188703031e-01 9.988667690986903214e-01
1.215100500000000011e+03 9.988258938405240039e-01 9.988252202455455420e-01 9.988252008544330485e-01
1.215115000000000009e+03 9.987817239537231107e-01 9.987809861778946807e-01 9.987809647826882964e-01
1.215129500000000235e+03 9.987346401063778023e-01 9.987338300142873937e-01 9.987338063437043445e-01
1.215144000000000005e+03 9.986843567586770609e-01 9.986834649379502382e-01 9.986834386748817405e-01
1.215158500000000004e+03 9.986305512219775249e-01 9.986295667270685961e-01 9.986295374988557461e-01
1.215173000000000002e+03 9.985728576135655121e-01 9.985717676339781468e-01 9.985717349998621817e-01
1.215187500000000000e+03 9.985108595071962023e-01 9.985096489203387771e-01 9.985096123546468583e-01
1.215201999999999998e+03 9.984440808315406812e-01 9.984427315394310831e-01 9.984426904041501238e-01
1.215216499999999996e+03 9.983719742466579117e-01 9.983704631793833828e-01 9.983704165720262980e-01
1.215231000000000222e+03 9.982939043643984656e-01 9.982921723271205305e-01 9.982921167494266390e-01
1.215245499999999993e+03 9.982090704580584006e-01 9.982064608790411908e-01 9.982063619984132830e-01
1.215259999999999991e+03 9.981150186869415242e-01 9.981039207305180128e-01 9.981034973576216052e-01
1.215274499999999989e+03 9.979858637837041302e-01 9.979134614941103099e-01 9.979111240929575688e-01
1.215289000000000215e+03 9.976025054613635312e-01 9.972940092671623846e-01 9.972833726478441685e-01
1.215303499999999985e+03 9.960284325148023310e-01 9.953510122814481775e-01 9.953230427188448637e-01
1.215317999999999984e+03 9.916733006246069015e-01 9.912501847157753065e-01 9.912382941218143007e-01
1.215332500000000209e+03 9.852494442428321175e-01 9.870611712170840324e-01 9.871248523961823063e-01
1.215346999999999980e+03 9.865374810701988961e-01 9.877268547723954129e-01 9.877715398785260614e-01
1.215361499999999978e+03 9.927596428589275934e-01 9.920659887913116926e-01 9.920426696229689423e-01
1.215376000000000204e+03 9.958543547556489850e-01 9.952580411850584508e-01 9.952339027403178662e-01
1.215390500000000202e+03 9.965530861713259858e-01 9.963347094196202125e-01 9.963271677509608626e-01
1.215404999999999973e+03 9.964294960042384686e-01 9.963799064422018681e-01 9.963781557430679836e-01
1.215419499999999971e+03 9.961340783048631131e-01 9.961173037318493684e-01 9.961166479466796453e-01
1.215434000000000196e+03 9.957774513177041209e-01 9.957616379285180175e-01 9.957610324120341749e-01
1.215448499999999967e+03 9.953590249792843014e-01 9.953394198144555061e-01 9.953386625333471294e-01
1.215462999999999965e+03 9.948634226453780816e-01 9.948382438280836126e-01 9.948372505462149684e-01
1.215477500000000191e+03 9.942687285451394796e-01 9.942356442152940899e-01 9.942343064349264958e-01
1.215492000000000189e+03 9.935440014333146719e-01 9.934987464138769209e-01 9.934968529330346909e-01
1.215506499999999960e+03 9.926427767453688267e-01 9.925693976038582056e-01 9.925662204278032918e-01
1.215520999999999958e+03 9.914684348596844998e-01 9.912628695148166802e-01 9.912554711259616846e-01
1.215535500000000184e+03 9.895542887021729905e-01 9.888414170360620981e-01 9.888236945128323629e-01
1.215549999999999955e+03 9.847860794174480015e-01 9.837303674820592203e-01 9.836924791753305364e-01
1.215564499999999953e+03 9.759121049881104293e-01 9.740917967524713728e-01 9.739819589015168422e-01
1.215579000000000178e+03 9.602392709640603652e-01 9.551289066022597973e-01 9.545638589176895783e-01
1.215593500000000176e+03 9.264697709836985373e-01 9.049714461202083005e-01 9.019238617665614743e-01
1.215607999999999947e+03 8.173749321497516540e-01 7.356689141634896734e-01 7.298017300439202382e-01
1.215622499999999945e+03 3.524621754050034084e-01 3.787106396555872667e-01 3.793494606984239015e-01
1.215637000000000171e+03 1.563215917287469033e-03 8.346800028855608233e-02 8.993026812101759249e-02
1.215651499999999942e+03 8.629448873143392011e-13 4.213703621466010664e-03 6.639952063014951944e-03
1.215665999999999940e+03 6.367198955227725699e-27 4.858125385139503138e-05 2.049759983853466263e-04
1.215680500000000166e+03 1.446340662549161859e-21 5.891510162104518153e-04 1.128500339525239250e-03
1.215695000000000164e+03 1.480214862690894916e-07 1.722151125472760544e-02 2.135358658629385106e-02
1.215709499999999935e+03 4.980375359217209530e-02 1.675055957120867300e-01 1.741701063100803970e-01
1.215723999999999933e+03 6.218324226379191577e-01 5.537852321854325188e-01 5.495478077539652784e-01
1.215738500000000158e+03 8.838437362804939523e-01 8.336443008304778024e-01 8.284492321188718922e-01
1.215753000000000156e+03 9.448342285267836704e-01 9.338053333145102108e-01 9.322643623082152997e-01
1.215767499999999927e+03 9.682922783684316803e-01 9.651620203791478891e-01 9.648995333803163099e-01
1.215782000000000153e+03 9.802847044946626509e-01 9.789836318703633022e-01 9.789190154879962025e-01
1.215796500000000151e+03 9.873900322210379388e-01 9.864060547653551447e-01 9.863788000877646844e-01
1.215810999999999922e+03 9.905513998208161919e-01 9.901122417116597907e-01 9.900999179807896677e-01
1.215825500000000147e+03 9.920211665918133859e-01 9.918996796705080721e-01 9.918947085921241413e-01
1.215840000000000146e+03 9.930572072490047031e-01 9.930001308068241439e-01 9.929976796448617415e-01
1.215854500000000144e+03 9.938746595384004845e-01 9.938354767061894357e-01 9.938338640730858264e-01
1.215868999999999915e+03 9.945384992514084699e-01 9.945092101315848865e-01 9.945080386141386120e-01
1.215883500000000140e+03 9.950871334217059605e-01 9.950646141455478100e-01 9.950637340209204096e-01
1.215898000000000138e+03 9.955471147383700981e-01 9.955294540976553641e-01 9.955287782849331357e-01
1.215912499999999909e+03 9.959375330304993668e-01 9.959234502684807255e-01 9.959229218478674595e-01
1.215927000000000135e+03 9.962724578128070441e-01 9.962610653125357763e-01 9.962606456152144352e-01
1.215941500000000133e+03 9.965624748958625823e-01 9.965531418052249180e-01 9.965528038549696932e-01
1.215956000000000131e+03 9.968156919269983707e-01 9.968079600975667809e-01 9.968076846472258001e-01
1.215970499999999902e+03 9.970384155291137640e-01 9.970319459044831856e-01 9.970317189488872023e-01
1.215985000000000127e+03 9.972356186722632909e-01 9.972301561554289817e-01 9.972299673254112484e-01
1.215999500000000126e+03 9.974112704246133054e-01 9.974066202966970218e-01 9.974064617959926826e-01
1.216013999999999896e+03 9.975685732457751920e-01 9.975645849833660872e-01 9.975644508690912904e-01
1.216028500000000122e+03 9.977101367800675913e-01 9.977066927157284271e-01 9.977065784015227701e-01
1.216043000000000120e+03 9.978381071218523912e-01 9.978351143425354675e-01 9.978350162491420594e-01
1.216057500000000118e+03 9.979542642466155966e-01 9.979516487033454064e-01 9.979515640087688322e-01
1.216071999999999889e+03 9.980600962831254197e-01 9.980577984433870453e-01 9.980577249015816221e-01
1.216086500000000115e+03 9.981568566835337109e-01 9.981548282820883466e-01 9.981547640896158979e-01
1.216101000000000113e+03 9.982456086070098378e-01 9.982438101932455954e-01 9.982437538900547080e-01
1.216115499999999884e+03 9.983272596484047412e-01 9.983256587201069232e-01 9.983256091149270706e-01
1.216130000000000109e+03 9.984025892186313422e-01 9.984011587925605280e-01 9.984011149062725909e-01
1.216144500000000107e+03 9.984722702956595475e-01 9.984709878062623112e-01 9.984709488285442580e-01
1.216159000000000106e+03 9.985368868377767493e-01 9.985357332838181721e-01 9.985356985396848239e-01
1.216173499999999876e+03 9.985969478352073603e-01 9.985959071145358301e-01 9.985958760383174537e-01
1.216188000000000102e+03 9.986528987409020175e-01 9.986519571284296903e-01 9.986519292433797546e-01
1.216202500000000100e+03 9.987051308444701014e-01 9.987042765795477450e-01 9.987042514817490169e-01
1.216217000000000098e+03 9.987539890200819448e-01 9.987532119777443596e-01 9.987531893233106972e-01
1.216231500000000096e+03 9.987997781786522866e-01 9.987990696054767081e-01 9.987990491003075899e-01
1.216246000000000095e+03 9.988427686788082793e-01 9.988421209788376220e-01 9.988421023703545343e-01
1.216260500000000093e+03 9.988832008938459683e-01 9.988826074535780419e-01 9.988825905240170666e-01
1.216274999999999864e+03 9.989212890885834639e-01 9.989207441326987125e-01 9.989207286936327979e-01
1.216289500000000089e+03 9.989572247272262562e-01 9.989567231987073193e-01 9.989567090865396626e-01
1.216304000000000087e+03 9.989911793083605662e-01 9.989907167681633116e-01 9.989907038404043371e-01
1.216318500000000085e+03 9.990233068041518560e-01 9.990228793466918722e-01 9.990228674788625973e-01
1.216333000000000084e+03 9.990537457660862986e-01 9.990533499476392798e-01 9.990533390306852723e-01
1.216347500000000082e+03 9.990826211481795838e-01 9.990822539259289758e-01 9.990822438640499792e-01
1.216362000000000080e+03 9.991100458896459147e-01 9.991097045695694900e-01 9.991096952783899976e-01
1.216376500000000306e+03 9.991361222918879736e-01 9.991358044840464858e-01 9.991357958890669799e-01
1.216391000000000076e+03 9.991609432190121654e-01 9.991606467990715723e-01 9.991606388343535761e-01
1.216405500000000075e+03 9.991845931464619079e-01 9.991843162224942620e-01 9.991843088295409014e-01
1.216420000000000073e+03 9.992071490786027521e-01 9.992068899623797185e-01 9.992068830891773779e-01
1.216434500000000071e+03 9.992286813529834832e-01 9.992284385351068998e-01 9.992284321353052112e-01
1.216449000000000069e+03 9.992492543464221999e-01 9.992490264747440065e-01 9.992490205069501918e-01
1.216463500000000067e+03 9.992689270958975412e-01 9.992687129567626725e-01 9.992687073839330303e-01
1.216478000000000293e+03 9.992877538453872610e-01 9.992875523473114807e-01 9.992875471362272499e-01
1.216492500000000064e+03 9.993057845282701246e-01 9.993055946877150708e-01 9.993055898085266842e-01
1.216507000000000062e+03 9.993230651935631759e-01 9.993228861225251780e-01 9.993228815483595762e-01
1.216521500000000060e+03 9.993396383831611995e-01 9.993394692783280631e-01 9.993394649849451916e-01
1.216536000000000058e+03 9.993555434662630965e-01 9.993553835995285795e-01 9.993553795650216287e-01
1.216550500000000056e+03 9.993708169363478833e-01 9.993706656465064508e-01 9.993706618510415085e-01
1.216565000000000055e+03 9.993854926753595880e-01 9.993853493608205740e-01 9.993853457864092515e-01
1.216579500000000280e+03 9.993996021891244919e-01 9.993994663015159929e-01 9.993994629318146972e-01
1.216594000000000051e+03 9.994131748175149044e-01 9.994130458560596120e-01 9.994130426761943520e-01
1.216608500000000049e+03 9.994262379224044812e-01 9.994261154289686422e-01 9.994261124253805972e-01
1.216623000000000047e+03 9.994388170560746243e-01 9.994387006108002014e-01 9.994386977711092745e-01
1.216637500000000273e+03 9.994509361123758984e-01 9.994508253298260980e-01 9.994508226427117892e-01
1.216652000000000044e+03 9.994626174626682902e-01 9.994625119884181785e-01 9.994625094435117818e-01
1.216666500000000042e+03 9.994738820782989031e-01 9.994737815859154884e-01 9.994737791737070554e-01
1.216681000000000267e+03 9.994847496411540799e-01 9.994846538295165672e-01 9.994846515412714183e-01
1.216695500000000038e+03 9.994952386436309899e-01 9.994951472345519061e-01 9.994951450622362454e-01
1.216710000000000036e+03 9.995053664792152848e-01 9.995052792153205079e-01 9.995052771515349210e-01
1.216724500000000035e+03 9.995151495246855644e-01 9.995150661675252790e-01 9.995150642054454471e-01
1.216739000000000260e+03 9.995246032148585869e-01 9.995245235432206332e-01 9.995245216765460405e-01
1.216753500000000031e+03 9.995337421106764708e-01 9.995336659190757755e-01 9.995336641419815260e-01
1.216768000000000029e+03 9.995425799613244511e-01 9.995425070586503313e-01 9.995425053657446268e-01
1.216782500000000255e+03 9.995511297610085721e-01 9.995510599693070430e-01 9.995510583555939910e-01
1.216797000000000025e+03 9.995594038009256721e-01 9.995593369543079865e-01 9.995593354151530718e-01
1.216811500000000024e+03 9.995674137169199280e-01 9.995673496605739228e-01 9.995673481916736991e-01
1.216826000000000249e+03 9.995751705332363013e-01 9.995751091225361096e-01 9.995751077198903323e-01
1.216840500000000247e+03 9.995826847027596829e-01 9.995826258024584909e-01 9.995826244623438050e-01
1.216855000000000018e+03 9.995899661440614814e-01 9.995899096275608908e-01 9.995899083465095147e-01
1.216869500000000016e+03 9.995970242755641832e-01 9.995969700242474110e-01 9.995969687990264863e-01
1.216884000000000242e+03 9.996038680470714644e-01 9.996038159497002695e-01 9.996038147772923210e-01
1.216898500000000013e+03 9.996105059689143202e-01 9.996104559210758911e-01 9.996104547986629507e-01
1.216913000000000011e+03 9.996169461389146083e-01 9.996168980425171879e-01 9.996168969674649185e-01
1.216927500000000236e+03 9.996231962673570726e-01 9.996231500301693274e-01 9.996231490000123676e-01
1.216942000000000235e+03 9.996292637001384929e-01 9.996292192353660733e-01 9.996292182477939381e-01
1.216956500000000005e+03 9.996351554402481687e-01 9.996351126657325725e-01 9.996351117164412603e-01
1.216971000000000004e+03 9.996408781677154076e-01 9.996408365949417396e-01 9.996408353873770247e-01
1.216985500000000229e+03 9.996464382581460306e-01 9.996463408519165039e-01 9.996463339648360424e-01
1.217000000000000000e+03 9.996518417999700201e-01 9.996505923965679496e-01 9.996505702143690941e-01
