# lambda[A]  T_theo  T_instr  T_rot+instr  (H-alpha 6562.8)
6.560914126773427597e+03 9.999999998075286278e-01 9.999999998056048334e-01 9.999999998055700834e-01
6.560932985505693068e+03 9.999999998036128712e-01 9.999999998029796000e-01 9.999999998029606152e-01
6.560951844237958539e+03 9.999999997995763223e-01 9.999999997993748169e-01 9.999999997993673784e-01
6.560970702970224920e+03 9.999999997954142072e-01 9.999999997952951913e-01 9.999999997952921937e-01
6.560989561702490391e+03 9.999999997911206417e-01 9.999999997910069549e-01 9.999999997910049565e-01
6.561008420434755863e+03 9.999999997866907409e-01 9.999999997865728352e-01 9.999999997865710588e-01
6.561027279167021334e+03 9.999999997821181763e-01 9.999999997819950526e-01 9.999999997819931652e-01
6.561046137899287714e+03 9.999999997773970639e-01 9.999999997772687221e-01 9.999999997772665017e-01
6.561064996631553186e+03 9.999999997725205203e-01 9.999999997723866274e-01 9.999999997723844070e-01
6.561083855363818657e+03 9.999999997674821062e-01 9.999999997673418850e-01 9.999999997673398866e-01
6.561102714096084128e+03 9.999999997622741610e-01 9.999999997621276115e-01 9.999999997621255021e-01
6.561121572828349599e+03 9.999999997568891352e-01 9.999999997567359244e-01 9.999999997567335930e-01
6.561140431560616889e+03 9.999999997513190353e-01 9.999999997511587191e-01 9.999999997511560546e-01
6.561159290292882361e+03 9.999999997455550904e-01 9.999999997453874467e-01 9.999999997453844491e-01
6.561178149025147832e+03 9.999999997395884188e-01 9.999999997394126705e-01 9.999999997394098949e-01
6.561197007757413303e+03 9.999999997334089175e-01 9.999999997332250645e-01 9.999999997332218449e-01
6.561215866489678774e+03 9.999999997270072605e-01 9.999999997268140817e-01 9.999999997268109730e-01
6.561234725221945155e+03 9.999999997203715685e-01 9.999999997201690638e-01 9.999999997201657331e-01
6.561253583954210626e+03 9.999999997134909613e-01 9.999999997132780205e-01 9.999999997132749119e-01
6.561272442686476097e+03 9.999999997063528934e-01 9.999999997061295165e-01 9.999999997061258528e-01
6.561291301418741568e+03 9.999999996989448192e-01 9.999999996987096740e-01 9.999999996987060102e-01
6.561310160151007949e+03 9.999999996912521949e-01 9.999999996910050593e-01 9.999999996910012845e-01
6.561329018883273420e+03 9.999999996832613647e-01 9.999999996830009064e-01 9.999999996829967985e-01
6.561347877615538891e+03 9.999999996749550091e-01 9.999999996746812281e-01 9.999999996746768982e-01
6.561366736347804363e+03 9.999999996663176960e-01 9.999999996660292600e-01 9.999999996660247081e-01
6.561385595080069834e+03 9.999999996573315508e-01 9.999999996570267946e-01 9.999999996570222427e-01
6.561404453812337124e+03 9.999999996479768116e-01 9.999999996476552910e-01 9.999999996476500730e-01
6.561423312544602595e+03 9.999999996382330503e-01 9.999999996378935441e-01 9.999999996378879930e-01
6.561442171276868066e+03 9.999999996280787284e-01 9.999999996277197933e-01 9.999999996277140202e-01
6.561461030009133538e+03 9.999999996174904204e-01 9.999999996171108352e-01 9.999999996171046179e-01
6.561479888741399009e+03 9.999999996064430352e-01 9.999999996060410234e-01 9.999999996060344731e-01
6.561498747473665389e+03 9.999999995949093723e-01 9.999999995944833797e-01 9.999999995944766074e-01
6.561517606205930861e+03 9.999999995828604549e-01 9.999999995824085941e-01 9.999999995824013777e-01
6.561536464938196332e+03 9.999999995702651967e-01 9.999999995697858024e-01 9.999999995697780308e-01
6.561555323670461803e+03 9.999999995570904021e-01 9.999999995565804767e-01 9.999999995565725941e-01
6.561574182402728184e+03 9.999999995432989897e-01 9.999999995427568678e-01 9.999999995427483190e-01
6.561593041134993655e+03 9.999999995288521015e-01 9.999999995282753407e-01 9.999999995282662368e-01
6.561611899867259126e+03 9.999999995137084374e-01 9.999999995130934849e-01 9.999999995130836039e-01
6.561630758599524597e+03 9.999999994978209239e-01 9.999999994971652262e-01 9.999999994971544570e-01
6.561649617331790068e+03 9.999999994811411552e-01 9.999999994804407155e-01 9.999999994804291692e-01
6.561668476064056449e+03 9.999999994636146194e-01 9.999999994628656630e-01 9.999999994628536726e-01
6.561687334796321920e+03 9.999999994451826968e-01 9.999999994443814488e-01 9.999999994443684592e-01
6.561706193528588301e+03 9.999999994257828817e-01 9.999999994249241242e-01 9.999999994249104684e-01
6.561725052260853772e+03 9.999999994053457852e-01 9.999999994044243001e-01 9.999999994044094231e-01
6.561743910993119243e+03 9.999999993837949130e-01 9.999999993828055933e-01 9.999999993827891620e-01
6.561762769725385624e+03 9.999999993610485527e-01 9.999999993599840709e-01 9.999999993599669734e-01
6.561781628457651095e+03 9.999999993370161100e-01 9.999999993358695827e-01 9.999999993358510419e-01
6.561800487189916566e+03 9.999999993115985530e-01 9.999999993103620977e-01 9.999999993103421136e-01
6.561819345922182038e+03 9.999999992846874131e-01 9.999999992833512596e-01 9.999999992833294993e-01
6.561838204654448418e+03 9.999999992561621198e-01 9.999999992547162764e-01 9.999999992546928507e-01
6.561857063386713889e+03 9.999999992258907788e-01 9.999999992243235880e-01 9.999999992242981639e-01
6.561875922118979361e+03 9.999999991937270627e-01 9.999999991920253128e-01 9.999999991919976683e-01
6.561894780851244832e+03 9.999999991595085458e-01 9.999999991576566938e-01 9.999999991576266067e-01
6.561913639583510303e+03 9.999999991230548169e-01 9.999999991210337669e-01 9.999999991210011263e-01
6.561932498315776684e+03 9.999999990841622610e-01 9.999999990819502527e-01 9.999999990819139484e-01
6.561951357048042155e+03 9.999999990426022833e-01 9.999999990401694516e-01 9.999999990401299277e-01
6.561970215780307626e+03 9.999999989981110948e-01 9.999999989954183599e-01 9.999999989953739510e-01
6.561989074512573097e+03 9.999999989503807196e-01 9.999999989473710160e-01 9.999999989473209450e-01
6.562007933244838568e+03 9.999999988990390110e-01 9.999999988956250752e-01 9.999999988955677876e-01
6.562026791977105859e+03 9.999999988436156784e-01 9.999999988396589545e-01 9.999999988395912309e-01
6.562045650709371330e+03 9.999999987834884418e-01 9.999999987787577815e-01 9.999999987786746258e-01
6.562064509441636801e+03 9.999999987177796701e-01 9.999999987118871614e-01 9.999999987117802469e-01
6.562083368173902272e+03 9.999999986451857392e-01 9.999999986374726868e-01 9.999999986373278027e-01
6.562102226906168653e+03 9.999999985636756072e-01 9.999999985530305668e-01 9.999999985528231772e-01
6.562121085638434124e+03 9.999999984699876610e-01 9.999999984545461240e-01 9.999999984542353726e-01
6.562139944370699595e+03 9.999999983587846142e-01 9.999999983354590505e-01 9.999999983349777688e-01
6.562158803102965067e+03 9.999999982212744998e-01 9.999999981850229425e-01 9.999999981842608854e-01
6.562177661835230538e+03 9.999999980429884472e-01 9.999999979857118193e-01 9.999999979844932385e-01
6.562196520567496918e+03 9.999999978002884760e-01 9.999999977091980075e-01 9.999999977072447921e-01
6.562215379299762390e+03 9.999999974549727000e-01 9.999999973102340345e-01 9.999999973071149739e-01
6.562234238032027861e+03 9.999999969461212945e-01 9.999999967175430271e-01 9.999999967126017575e-01
6.562253096764293332e+03 9.999999961780435820e-01 9.999999958205361139e-01 9.999999958127888666e-01
6.562271955496558803e+03 9.999999950028373163e-01 9.999999944503621396e-01 9.999999944383626271e-01
6.562290814228826093e+03 9.999999931957299637e-01 9.999999923534680368e-01 9.999999923351261533e-01
6.562309672961091565e+03 9.999999904210256085e-01 9.999999891555618747e-01 9.999999891279072184e-01
6.562328531693357036e+03 9.999999861861941231e-01 9.999999843136326838e-01 9.999999842725193488e-01
6.562347390425622507e+03 9.999999797815326552e-01 9.999999770536590615e-01 9.999999769933937133e-01
6.562366249157888888e+03 9.999999702029137572e-01 9.999999662917860022e-01 9.999999662046743509e-01
6.562385107890154359e+03 9.999999560555959954e-01 9.999999505372630937e-01 9.999999504130520078e-01
6.562403966622419830e+03 9.999999354379012217e-01 9.999999277762544603e-01 9.999999276014416294e-01
6.562422825354685301e+03 9.999999058048471001e-01 9.999998953367852383e-01 9.999998950937141196e-01
6.562441684086950772e+03 9.999998638133673623e-01 9.999998497362733163e-01 9.999998494018573769e-01
6.562460542819217153e+03 9.999998051522401843e-01 9.999997865139278463e-01 9.999997860576930186e-01
6.562479401551482624e+03 9.999997243604350494e-01 9.999997000499267763e-01 9.999996994308276710e-01
6.562498260283748095e+03 9.999996146360142779e-01 9.999995833707935322e-01 9.999995825320688869e-01
6.562517119016013567e+03 9.999994676325290044e-01 9.999994279348073389e-01 9.999994267961671568e-01
6.562535977748279038e+03 9.999992732306889343e-01 9.999992233791940022e-01 9.999992218261867238e-01
6.562554836480545418e+03 9.999990192624420571e-01 9.999989571668046473e-01 9.999989550374057679e-01
6.562573695212811799e+03 9.999986911510561072e-01 9.999986138410592584e-01 9.999986109026736125e-01
6.562592553945077270e+03 9.999982713417868707e-01 9.999981724469362288e-01 9.999981683152234790e-01
6.562611412677342742e+03 9.999977377167441617e-01 9.999975956304139046e-01 9.999975894233527063e-01
6.562630271409609122e+03 9.999970562865564405e-01 9.999967855388187665e-01 9.999967746833531290e-01
6.562649130141874593e+03 9.999961450620393766e-01 9.999954324796912486e-01 9.999954099434029686e-01
6.562667988874140065e+03 9.999947103770205903e-01 9.999926229713408388e-01 9.999925747261870779e-01
6.562686847606405536e+03 9.999916005015656584e-01 9.999862292039939371e-01 9.999861407894531373e-01
6.562705706338671007e+03 9.999829159013957636e-01 9.999728482286848186e-01 9.999727277499048661e-01
6.562724565070937388e+03 9.999603183610367152e-01 9.999496705908474947e-01 9.999495664587570998e-01
6.562743423803202859e+03 9.999206595647011087e-01 9.999178324800721551e-01 9.999178107765297474e-01
6.562762282535468330e+03 9.998774565539918502e-01 9.998838725692325013e-01 9.998839725937497258e-01
6.562781141267733801e+03 9.998417435693228716e-01 9.998575143071094518e-01 9.998577242874755466e-01
6.562800000000000182e+03 9.998267472427821989e-01 9.998475307472767248e-01 9.998477857914184197e-01
6.562818858732265653e+03 9.998417434077268018e-01 9.998575138051903899e-01 9.998577237837850129e-01
6.562837717464531124e+03 9.998774556149672144e-01 9.998838714057097787e-01 9.998839714298440873e-01
6.562856576196796595e+03 9.999206572801392356e-01 9.999178306548255346e-01 9.999178089542855030e-01
6.562875434929062067e+03 9.999603154041702968e-01 9.999496684916638900e-01 9.999495643632853037e-01
6.562894293661329357e+03 9.999829138877274204e-01 9.999728464038474263e-01 9.999727259254158618e-01
6.562913152393594828e+03 9.999915994938705088e-01 9.999862279363554984e-01 9.999861395187363833e-01
6.562932011125860299e+03 9.999947098298518355e-01 9.999926221852367680e-01 9.999925739364803334e-01
6.562950869858125770e+03 9.999961446617399163e-01 9.999954319661151780e-01 9.999954094275131933e-01
6.562969728590391242e+03 9.999970559260161762e-01 9.999967851421324161e-01 9.999967742855772057e-01
6.562988587322657622e+03 9.999977373719070028e-01 9.999975952796410494e-01 9.999975890720882443e-01
6.563007446054923093e+03 9.999982710132148123e-01 9.999981721209223462e-01 9.999981679889109465e-01
6.563026304787188565e+03 9.999986908442229927e-01 9.999986135378590157e-01 9.999986105992242358e-01
6.563045163519454036e+03 9.999990189823261266e-01 9.999989568893807856e-01 9.999989547597546435e-01
6.563064022251720417e+03 9.999992729806342906e-01 9.999992231305119272e-01 9.999992215773007009e-01
6.563082880983985888e+03 9.999994674141595707e-01 9.999994277165481504e-01 9.999994265777275571e-01
6.563101739716251359e+03 9.999996144493850103e-01 9.999995831831988147e-01 9.999995823443151854e-01
6.563120598448516830e+03 9.999997242042785173e-01 9.999996998919701285e-01 9.999996992727298029e-01
6.563139457180782301e+03 9.999998050242698833e-01 9.999997863835855538e-01 9.999997859272242717e-01
6.563158315913049591e+03 9.999998637106061183e-01 9.999998496308242224e-01 9.999998492962959284e-01
6.563177174645315063e+03 9.999999057239491451e-01 9.999998952531090612e-01 9.999998950099385775e-01
6.563196033377580534e+03 9.999999353754294162e-01 9.999999277110935836e-01 9.999999275361950435e-01
6.563214892109846005e+03 9.999999560082424299e-01 9.999999504874369505e-01 9.999999503631533671e-01
6.563233750842111476e+03 9.999999701676537400e-01 9.999999662543475054e-01 9.999999661671752360e-01
6.563252609574377857e+03 9.999999797557135306e-01 9.999999770259908605e-01 9.999999769656766624e-01
6.563271468306643328e+03 9.999999861675773483e-01 9.999999842934971239e-01 9.999999842523447091e-01
6.563290327038908799e+03 9.999999904077808699e-01 9.999999891411071040e-01 9.999999891134224717e-01
6.563309185771174270e+03 9.999999931864071989e-01 9.999999923432079107e-01 9.999999923248429345e-01
6.563328044503440651e+03 9.999999949963175316e-01 9.999999944431352539e-01 9.999999944311193101e-01
6.563346903235706122e+03 9.999999961734890030e-01 9.999999958154612845e-01 9.999999958077021578e-01
6.563365761967971594e+03 9.999999969429176350e-01 9.999999967139653334e-01 9.999999967090155151e-01
6.563384620700237065e+03 9.999999974526808666e-01 9.999999973076800774e-01 9.999999973045552437e-01
6.563403479432502536e+03 9.999999977986033795e-01 9.999999977073330548e-01 9.999999977053752875e-01
6.563422338164768917e+03 9.999999980417004775e-01 9.999999979843031683e-01 9.999999979830818120e-01
6.563441196897035297e+03 9.999999982202445459e-01 9.999999981839136076e-01 9.999999981831497742e-01
6.563460055629300768e+03 9.999999983579219709e-01 9.999999983345446708e-01 9.999999983340619458e-01
6.563478914361566240e+03 9.999999984692323762e-01 9.999999984537584208e-01 9.999999984534470032e-01
6.563497773093831711e+03 9.999999985629913768e-01 9.999999985523259083e-01 9.999999985521180745e-01
6.563516631826098092e+03 9.999999986445495814e-01 9.999999986368240945e-01 9.999999986366788773e-01
6.563535490558363563e+03 9.999999987171777072e-01 9.999999987112772049e-01 9.999999987111701794e-01
6.563554349290629034e+03 9.999999987829112369e-01 9.999999987781761357e-01 9.999999987780928690e-01
6.563573208022894505e+03 9.999999988430587905e-01 9.999999988390989580e-01 9.999999988390310124e-01
6.563592066755160886e+03 9.999999988984983323e-01 9.999999988950828422e-01 9.999999988950253327e-01
6.563610925487426357e+03 9.999999989498550290e-01 9.999999989468439932e-01 9.999999989467940331e-01
6.563629784219691828e+03 9.999999989975988379e-01 9.999999989949052148e-01 9.999999989948606949e-01
6.563648642951957299e+03 9.999999990421021279e-01 9.999999990396684080e-01 9.999999990396284399e-01
6.563667501684222771e+03 9.999999990836735408e-01 9.999999990814606443e-01 9.999999990814245621e-01
6.563686360416489151e+03 9.999999991225767548e-01 9.999999991205554828e-01 9.999999991205225092e-01
6.563705219148754622e+03 9.999999991590410309e-01 9.999999991571887348e-01 9.999999991571586477e-01
6.563724077881020094e+03 9.999999991932695398e-01 9.999999991915672348e-01 9.999999991915395903e-01
6.563742936613285565e+03 9.999999992254424708e-01 9.999999992238750579e-01 9.999999992238496338e-01
6.563761795345551946e+03 9.999999992557229156e-01 9.999999992542767391e-01 9.999999992542534244e-01
6.563780654077818326e+03 9.999999992842566465e-01 9.999999992829206041e-01 9.999999992828987327e-01
6.563799512810083797e+03 9.999999993111766683e-01 9.999999993099398798e-01 9.999999993099195628e-01
6.563818371542349269e+03 9.999999993366022188e-01 9.999999993354553585e-01 9.999999993354368177e-01
6.563837230274614740e+03 9.999999993606421000e-01 9.999999993595776182e-01 9.999999993595604098e-01
6.563856089006881120e+03 9.999999993833958989e-01 9.999999993824062461e-01 9.999999993823901479e-01
6.563874947739146592e+03 9.999999994049536545e-01 9.999999994040325024e-01 9.999999994040174034e-01
6.563893806471412063e+03 9.999999994253981894e-01 9.999999994245394319e-01 9.999999994245255541e-01
6.563912665203677534e+03 9.999999994448046658e-01 9.999999994440031958e-01 9.999999994439903173e-01
6.563931523935943005e+03 9.999999994632429168e-01 9.999999994624940713e-01 9.999999994624817479e-01
6.563950382668209386e+03 9.999999994807756698e-01 9.999999994800751191e-01 9.999999994800635728e-01
6.563969241400474857e+03 9.999999994974613227e-01 9.999999994968055139e-01 9.999999994967950778e-01
6.563988100132740328e+03 9.999999995133544983e-01 9.999999995127394348e-01 9.999999995127294428e-01
6.564006958865005799e+03 9.999999995285040466e-01 9.999999995279269527e-01 9.999999995279177378e-01
6.564025817597271271e+03 9.999999995429561528e-01 9.999999995424140309e-01 9.999999995424051491e-01
6.564044676329538561e+03 9.999999995567526723e-01 9.999999995562428579e-01 9.999999995562347532e-01
6.564063535061804032e+03 9.999999995699330180e-01 9.999999995694530686e-01 9.999999995694454080e-01
6.564082393794069503e+03 9.999999995825331611e-01 9.999999995820811893e-01 9.999999995820735288e-01
6.564101252526334974e+03 9.999999995945866305e-01 9.999999995941606379e-01 9.999999995941538655e-01
6.564120111258601355e+03 9.999999996061254004e-01 9.999999996057229446e-01 9.999999996057165053e-01
6.564138969990866826e+03 9.999999996171771155e-01 9.999999996167975302e-01 9.999999996167910910e-01
6.564157828723132297e+03 9.999999996277699754e-01 9.999999996274108183e-01 9.999999996274048231e-01
6.564176687455397769e+03 9.999999996379285161e-01 9.999999996375885658e-01 9.999999996375831257e-01
6.564195546187663240e+03 9.999999996476760522e-01 9.999999996473545316e-01 9.999999996473493136e-01
6.564214404919929621e+03 9.999999996570351213e-01 9.999999996567303651e-01 9.999999996567252580e-01
6.564233263652195092e+03 9.999999996660255963e-01 9.999999996657367163e-01 9.999999996657318313e-01
6.564252122384460563e+03 9.999999996746664621e-01 9.999999996743923480e-01 9.999999996743877961e-01
6.564270981116726034e+03 9.999999996829763704e-01 9.999999996827160231e-01 9.999999996827118043e-01
6.564289839848991505e+03 9.999999996909709754e-01 9.999999996907240618e-01 9.999999996907199540e-01
6.564308698581258795e+03 9.999999996986672635e-01 9.999999996984322292e-01 9.999999996984282324e-01
6.564327557313524267e+03 9.999999997060790013e-01 9.999999997058552914e-01 9.999999997058516277e-01
6.564346416045789738e+03 9.999999997132201779e-01 9.999999997130074592e-01 9.999999997130040175e-01
6.564365274778055209e+03 9.999999997201042268e-01 9.999999997199011670e-01 9.999999997198981694e-01
6.564384133510321590e+03 9.999999997267426943e-01 9.999999997265495155e-01 9.999999997265466289e-01
6.564402992242587061e+03 9.999999997331479040e-01 9.999999997329636070e-01 9.999999997329607204e-01
6.564421850974852532e+03 9.999999997393304030e-01 9.999999997391545437e-01 9.999999997391518791e-01
6.564440709707118003e+03 9.999999997452997391e-01 9.999999997451319844e-01 9.999999997451296530e-01
6.564459568439383474e+03 9.999999997510667926e-01 9.999999997509064764e-01 9.999999997509040339e-01
6.564478427171649855e+03 9.999999997566397791e-01 9.999999997564864573e-01 9.999999997564841259e-01
6.564497285903915326e+03 9.999999997620278025e-01 9.999999997618811420e-01 9.999999997618785885e-01
6.564516144636180798e+03 9.999999997672380792e-01 9.999999997670980800e-01 9.999999997670956375e-01
6.564535003368446269e+03 9.999999997722793799e-01 9.999999997721453759e-01 9.999999997721428224e-01
6.564553862100711740e+03 9.999999997771583660e-01 9.999999997770299132e-01 9.999999997770279148e-01
6.564572720832978121e+03 9.999999997818821429e-01 9.999999997817590192e-01 9.999999997817570208e-01
6.564591579565243592e+03 9.999999997864569279e-01 9.999999997863390222e-01 9.999999997863371348e-01
6.564610438297509063e+03 9.999999997908893823e-01 9.999999997907758065e-01 9.999999997907740301e-01
6.564629297029774534e+03 9.999999997951853903e-01 9.999999997950663744e-01 9.999999997950634878e-01
6.564648155762041824e+03 9.999999997993498368e-01 9.999999997991483314e-01 9.999999997991410039e-01
6.564667014494307296e+03 9.999999998033887172e-01 9.999999998027553350e-01 9.999999998027362391e-01
6.564685873226572767e+03 9.999999998073069163e-01 9.999999998053821226e-01 9.999999998053473727e-01
