# EXHALE schema 2
# columns r[Rp] rho[mH/cm3] v[cm/s] p[cgs] T[K] heat[erg/cm3/s] cool[erg/cm3/s]
# rows 504: 2 ghost cells at each end; physical cells are rows 3 to 502
# coupling: sec_ion=T sec_ion_step=0 recon=PLM certified=F cert_reason=no_stationary_claim mode=init
# provenance: git=43bc28cef587 tree=dirty run=2026-09-14T10:57:50
# provenance: ck_input=3413082531979011660 ck_base=743921260688800108 ck_metals=-1
# provenance: recon=PLM base_bc=characteristic carrier=none restart_schema=3 resid_def=145 N=500
# restart_schema 1
# reservoir He/H 8.0090437034198754E+00 C/H 2.7779808855488928E-04 O/H 7.9920838221076565E-07 N/H 8.1905947572934366E-05
# species_columns 34 r HI HII HeI HeII HeIII HeITR CI CII CIII OI OII OIII NI NII NIII MgI MgII MgIII SiI SiII SiIII CaI CaII CaIII NaI NaII KI KII SI SII FeI FeII FeIII
# grid N 500 R0[cm] 1.1594570686914809E+09 r_min[Rp] 1.0001933187778382E+00 r_max[Rp] 2.9031224061195065E+01 mode Mixed
# constants set IAU2015+CODATA2018 RJ[cm] 7.1492000000000000E+09 kB[erg/K] 1.3806490000000000E-16
# options He23S=T metals=T eos_metals=T mol=F molbase=F oxychem=F carrier=F carrier_newton=F iontrans=F he_diff=T he_metal_diff=F sec_ion=T caloric_mono=F excH=F base_ir=F mol_ir=F mol_heat=T visc=F cond=F jlya=0 wellbal=T
# t_phys[s] 0.0000000000000000E+00
# source git=43bc28cef587 tree=dirty restart_input=provenance_unknown
  0.99980668122216187        55148280801094.078       -3.0558160616866994        1.0070507354570506        481.70326029424194        2.1894479814288471E-008   1.6487311035925061E-010
   1.0000000000000000        54023097389171.758       -3.1182560675715694       0.97304012573213350        475.12890708217509        2.2616411525259048E-008   1.6794490511971229E-010
   1.0001933187778382        51688933221846.094      -0.11703722498555709       0.94013128552769287        479.78986820738129        2.2807308707178053E-008   1.7102607890908196E-010
   1.0003866375556763        48889033555842.133      -0.13858549713098872       0.90883030661681719        490.37662372932317        2.2706270348662503E-008   1.7405076486719704E-010
   1.0005799563335145        46196593429868.148        8.6935659809245877E-002  0.87924101076615147        502.05892769454772        2.2549099500605489E-008   1.7699183000046274E-010
   1.0007732751113527        43699930676957.359        4.6414239760883040E-002  0.85127877874007074        513.86141603041949        2.2383512990704181E-008   1.7984905864424418E-010
   1.0009665938891910        41397004082196.172        7.4492115532010433E-002  0.82481881123182021        525.58477272826235        2.2218971584430012E-008   1.8262439551111696E-010
   1.0011599126670290        39271254733887.258        7.0367855719797728E-002  0.79974583801830190        537.19066514488657        2.2057360465517435E-008   1.8532133131031441E-010
   1.0013532314448672        37305366214725.391        7.7428461881300800E-002  0.77595369739830355        548.67326487356002        2.1899017041146745E-008   1.8794309755495294E-010
   1.0015465502227054        35483653706720.109        8.0144084644481445E-002  0.75334712192490372        560.03360951254615        2.1743979050610274E-008   1.9049295168208195E-010
   1.0017398690005437        33792229172166.719        8.4598287695257665E-002  0.73183993693520710        571.27402827748483        2.1592216363176641E-008   1.9297398483647575E-010
   1.0019331877783817        32218832384777.098        8.8515853617245593E-002  0.71135425306600242        582.39711371740509        2.1443683812570113E-008   1.9538917718950141E-010
   1.0021265065562199        30752616928641.750        9.2767432645436312E-002  0.69181941277919123        593.40546704632902        2.1298329670504848E-008   1.9774137382463894E-010
   1.0023198253340582        29383961723331.586        9.7024291881757971E-002  0.67317119654594471        604.30165908487572        2.1156098779794879E-008   2.0003329554265349E-010
   1.0025131441118964        28104308302166.363       0.10141177553513465       0.65535109071901054        615.08821403477896        2.1016933333094308E-008   2.0226753859641912E-010
   1.0027064628897344        26906022708229.965       0.10588284507380122       0.63830566779433084        625.76760949557809        2.0880773535383484E-008   2.0444657993407721E-010
   1.0028997816675727        25782277919994.668       0.11045580977686413       0.62198604055406059        636.34227120782532        2.0747558232561359E-008   2.0657486300244997E-010
   1.0030931004454109        24726953198248.023       0.11512423154255876       0.60634738720357384        646.81457477779122        2.0617225316362667E-008   2.0865318471471858E-010
   1.0032864192232491        23734547852897.875       0.11989107317307345       0.59134853439126178        657.18684552396519        2.0489712116934504E-008   2.1068305623371055E-010
   1.0034797380010871        22800107148512.641       0.12475576124287832       0.57695159094999682        667.46135666879695        2.0364955817567639E-008   2.1266652077453352E-010
   1.0036730567789254        21919158270743.918       0.12971908491185016       0.56312162494242968        677.64033019286319        2.0242893734276851E-008   2.1460552516513835E-010
   1.0038663755567636        21087654918777.270       0.13478134012551837       0.54982637829331149        687.72593746358643        2.0123463563613873E-008   2.1650192431551931E-010
   1.0040596943346018        20301929270575.574       0.13994303136549610       0.53703601391950373        697.72029770431470        2.0006603653177385E-008   2.1835748549742211E-010
   1.0042530131124399        19558650015242.762       0.14520460505622848       0.52472289115290816        707.62548159665369        1.9892253081938362E-008   2.2017389241375140E-010
   1.0044463318902781        18854785901239.559       0.15056654970062244       0.51286136580658437        717.44350851914635        1.9780351896946450E-008   2.2195274906930080E-010
   1.0046396506681163        18187573636154.879       0.15602935739612867       0.50142761178468898        727.17635106707417        1.9670841110703537E-008   2.2369558343041961E-010
   1.0048329694459543        17554489902287.420       0.16159353742275206       0.49039946157289294        736.82593267201685        1.9563662871867659E-008   2.2540385090009230E-010
   1.0050262882237926        16953226612592.195       0.16725961061736846       0.47975626329736704        746.39413036874942        1.9458760468724053E-008   2.2707893761096843E-010
   1.0052196070016308        16381669140884.240       0.17302811081281752       0.46947875239841258        755.88277584872787        1.9356078364690489E-008   2.2872216356650788E-010
   1.0054129257794691        15837877116186.096       0.17889958384761664       0.45954893617790865        765.29365503690781        1.9255562256707248E-008   2.3033478566508111E-010
   1.0056062445573071        15320067353551.633       0.18487458716947458       0.44994998974313405        774.62851055643887        1.9157159044485170E-008   2.3191800063062225E-010
   1.0057995633351453        14826598749317.924       0.19095368948991454       0.44066616205777731        783.88904218416553        1.9060816842541163E-008   2.3347294788562945E-010
   1.0059928821129835        14355958840332.008       0.19713747045596569       0.43168269096010731        793.07690770625027        1.8966484972381050E-008   2.3500071292614612E-010
   1.0061862008908218        13906751824854.516       0.20342652022575325       0.42298572616573615        802.19372395150720        1.8874113943114132E-008   2.3650233019787297E-010
   1.0063795196686598        13477687863104.709       0.20982143924395280       0.41456225939359959        811.24106818513314        1.8783655418144568E-008   2.3797878206252872E-010
   1.0065728384464980        13067573525654.141       0.21632283772124189       0.40640006085223068        820.22047846483304        1.8695062202512038E-008   2.3943100598378886E-010
   1.0067661572243365        12675303222881.660       0.22293133543182547       0.39848762141762351        829.13345473204936        1.8608288208825246E-008   2.4085989482953005E-010
   1.0069594760021756        12299851511175.029       0.22964756140972645       0.39081409991857091        837.98146004231990        1.8523288417955592E-008   2.4226629851903671E-010
   1.0071527947800178        11940266187741.891       0.23647215356809520       0.38336927500648693        846.76592100601579        1.8440018856247002E-008   2.4365102519376550E-010
   1.0073461135578718        11595662059626.984       0.24340575843967238       0.37614350114988487        855.48822911278376        1.8358436551468005E-008   2.4501484193726978E-010
   1.0075394323357734        11265215342780.020       0.25044903085829850       0.36912766834344968        864.14974066109824        1.8278499519268493E-008   2.4635847517069135E-010
   1.0077327511138647        10948158576676.098       0.25760263364807662       0.36231316517029599        872.75177862929047        1.8200166706700831E-008   2.4768261090717080E-010
   1.0079260698927159        10643776046271.170       0.26486723748845231       0.35569184489016409        881.29563281490528        1.8123397974770661E-008   2.4898789511429410E-010
   1.0081193886746063        10351399620880.566       0.27224352052994510       0.34925599424068571        889.78256096408336        1.8048154061895599E-008   2.5027493442222594E-010
   1.0083127074686531        10070404979838.420       0.27973216856629490       0.34299830461091052        898.21378956632975        1.7974396563402102E-008   2.5154429744189832E-010
   1.0085060263113255        9800208130329.8223       0.28733387596625992       0.33691184503007193        906.59051836580068        1.7902087867861502E-008   2.5279651712750128E-010
   1.0086993453485009        9540262163225.9453       0.29504935084999001       0.33099003546655542        914.91392779775958        1.7831191163979478E-008   2.5403209565889917E-010
   1.0088926651636878        9290053780845.5293       0.30287933605887707       0.32522661521967000        923.18521913840902        1.7761670296690407E-008   2.5525151763124281E-010
   1.0090859880909211        9049098368068.4492       0.31082469643605409       0.31961558661479472        931.40576287891929        1.7693489483784488E-008   2.5645529537242669E-010
   1.0092793234663395        8816928588701.1719       0.31888677209284017       0.31415105730073750        939.57768845221551        1.7626612307502753E-008   2.5764414304720681E-010
   1.0094727086344986        8593057250705.8379       0.32706881333428245       0.30882668252514545        947.70624160225293        1.7560997822861350E-008   2.5881967076516266E-010
   1.0096662929736202        8376840454834.1787       0.33538180132567086       0.30363354294741995        955.80916338721386        1.7496586267963076E-008   2.5998717631759840E-010
   1.0098606739965927        8167173890230.4277       0.34385888932524916       0.29855184984357896        963.92803277741314        1.7433246512606443E-008   2.6115852767283402E-010
   1.0100574069010908        7962588126718.1025       0.35255636614166580       0.29353939535467494        972.08358824367190        1.7370665853302493E-008   2.6233542896169866E-010
   1.0102575990216738        7762036760573.2695       0.36152247425797535       0.28856887221755012        980.30203509062460        1.7308412017107019E-008   2.6351587855928421E-010
   1.0104613111828178        7565211893754.6650       0.37077897882729505       0.28364073982863486        988.61706307148120        1.7246277819844354E-008   2.6470392562020124E-010
   1.0106686052784950        7372083516201.8027       0.38033659922996665       0.27875552717285540        997.02975050272460        1.7184273774017987E-008   2.6589995455771577E-010
   1.0108795442909790        7182620799763.9404       0.39020650048008065       0.27391374594728335        1005.5411820915137        1.7122410038093448E-008   2.6710603557163401E-010
   1.0110941923099799        6996792029581.3555       0.40040030688939893       0.26911589035709493        1014.1524625374361        1.7060696108623745E-008   2.6832039388511078E-010
   1.0113126145521172        6814564624391.1982       0.41093012591882655       0.26436243696287309        1022.8647199180588        1.6999140700217366E-008   2.6954277716551969E-010
   1.0115348773807351        6635905186461.3740       0.42180856870407624       0.25965384454201063        1031.6791050527440        1.6937751695066454E-008   2.7077321982117726E-010
   1.0117610483260642        6460779551440.2031       0.43304877231500677       0.25499055395390013        1040.5967905031414        1.6876536095987084E-008   2.7201174356068675E-010
   1.0119911961057415        6289152819962.6016       0.44466442381663585       0.25037298801435964        1049.6189721949163        1.6815499933699868E-008   2.7325835564948222E-010
   1.0122253906456866        6120989404579.9736       0.45666978469127528       0.24580155138025192        1058.7468685553429        1.6754648215416652E-008   2.7451304710687600E-010
   1.0124637031013488        5956253073054.3672       0.46907971601907567       0.24127663043928715        1067.9817198773251        1.6693984868437465E-008   2.7577579083769327E-010
   1.0127062058793259        5794906987002.2129       0.48190970627168411       0.23679859320742597        1077.3247881968875        1.6633512675079636E-008   2.7704653970510766E-010
   1.0129529726593638        5636913739872.4639       0.49517589886074642       0.23236778923528256        1086.7773570779946        1.6573233209742114E-008   2.7832522455819915E-010
   1.0132040784167418        5482235398418.3789       0.50889512145102100       0.22798454952184147        1096.3407304510820        1.6513146791954697E-008   2.7961175223344278E-010
   1.0134595994450530        5330833540444.2598       0.52308491700735527       0.22364918643486772        1106.0162317629731        1.6453252435637065E-008   2.8090600353587745E-010
   1.0137196133793853        5182669291192.3633       0.53776357541622199       0.21936199363929498        1115.8052030546685        1.6393547801575878E-008   2.8220783121802500E-010
   1.0139841992199077        5037703357130.3350       0.55295016750179160       0.21512324603458030        1125.7090042550433        1.6334029149465738E-008   2.8351692747163968E-010
   1.0142534373558743        4895896062401.9268       0.56866457984152208       0.21093319970032809        1135.7290115529272        1.6274691307486720E-008   2.8483294767898357E-010
   1.0145274095900483        4757207385625.3047       0.58492755106546068       0.20679209184829905        1145.8666151691061        1.6215527654486598E-008   2.8615584165615672E-010
   1.0148061991635569        4621596988381.1758       0.60176071032481626       0.20270014078329143        1156.1232185916322        1.6156530085120699E-008   2.8748532002065438E-010
   1.0150898907811812        4489024249971.3398       0.61918661696881472       0.19865754587325121        1166.5002359443542        1.6097689008067505E-008   2.8882105454411521E-010
   1.0153785706370937        4359448295295.3877       0.63722880258908277       0.19466448752815582        1176.9990905470086        1.6038993332975087E-008   2.9016267637357439E-010
   1.0156723264410457        4232828025597.1094       0.65591181419584710       0.19072112718890491        1187.6212123323485        1.5980430480850549E-008   2.9150977439260194E-010
   1.0159712474450167        4109122147784.9990       0.67526126015574872       0.18682760732492726        1198.3680350862971        1.5921986404297806E-008   2.9286189374245900E-010
   1.0162754244703309        3988289198173.5420       0.69530385758580759       0.18298405144310265        1209.2409947967149        1.5863645600628970E-008   2.9421853451546182E-010
   1.0165849499352533        3870287573184.2485       0.71606748160247646       0.17919056410683909        1220.2415255288201        1.5805391168068893E-008   2.9557915067910920E-010
   1.0168999178830667        3755075548422.8882       0.73758121814908473       0.17544723096700260        1231.3710582695694        1.5747204830949950E-008   2.9694314921130927E-010
   1.0172204240106471        3642611309733.7954       0.75987541766720645       0.17175411880401953        1242.6310156222610        1.5689067030973785E-008   2.9830988953445846E-010
   1.0175465656975389        3532852970261.3350       0.78298175200239117       0.16811127558163980        1254.0228104068713        1.5630956976605879E-008   2.9967868331842120E-010
   1.0178784420355407        3425758592557.4824       0.80693327415299909       0.16451873051645366        1265.5478424084972        1.5572852728797847E-008   3.0104826803119010E-010
   1.0182161538588137        3321286212251.6270       0.83176448035388273       0.16097649415951715        1277.2074940600003        1.5514731311614846E-008   3.0241787563563528E-010
   1.0185598037745174        3219393857941.5166       0.85751137475819528       0.15748455849076282        1289.0031269606623        1.5456568823413856E-008   3.0378702182511798E-010
   1.0189094961939849        3120039569566.8828       0.88421153711865619       0.15404289702856044        1300.9360786382724        1.5398340556892852E-008   3.0515481045907211E-010
   1.0192653373644465        3023181418141.2310       0.91190419444122783       0.15065146495420112        1313.0076584331923        1.5340021141967801E-008   3.0652029912529319E-010
   1.0196274354013106        2928777521695.2041       0.94063029585933311       0.14731019925239430        1325.2191446389229        1.5281584685173508E-008   3.0788250087096100E-010
   1.0199959003210131        2836786062611.8555       0.97043259011340122       0.14401901886880841        1337.5717809015496        1.5223004930218685E-008   3.0924038636365503E-010
   1.0203708440744426        2747165305652.0806        1.0013557080838416       0.14077782488333504        1350.0667720162439        1.5164255437091822E-008   3.1059288649453922E-010
   1.0207523805809555        2659873610876.8955        1.0334462486177942       0.13758650070125200        1362.7052819795927        1.5105309745826540E-008   3.1193889540323318E-010
   1.0211406257629874        2574869451904.2905        1.0667528683374858       0.13444491226203295        1375.4884294581466        1.5046141581796607E-008   3.1327727398092061E-010
   1.0215356975812748        2492111429080.7432        1.1013263767998285       0.13135290826536314        1388.4172856694090        1.4986725043062489E-008   3.1460685380013111E-010
   1.0219377160706946        2411558284826.9751        1.1372198355811627       0.12831032041590629        1401.4928712649596        1.4927034809043886E-008   3.1592644150220236E-010
   1.0223468033767336        2333168917935.3369        1.1744886626884412       0.12531696368588424        1414.7161538522794        1.4867046351242239E-008   3.1723451217141118E-010
   1.0227630837926021        2256902392106.1089        1.2131907446800039       0.12237263659950734        1428.0880493575462        1.4806736110317296E-008   3.1852840968718566E-010
   1.0231866837969956        2182717958894.6387        1.2533865502440371       0.11947712153370824        1441.6094150142083        1.4746081772478561E-008   3.1980835639842246E-010
   1.0236177320925250        2110575068314.9739        1.2951392498608516       0.11663018503319818        1455.2810496576840        1.4685062471118751E-008   3.2107308319214388E-010
   1.0240563596448189        2040433381676.4719        1.3385148466839065       0.11383157814591849        1469.1036933380835        1.4623659002426845E-008   3.2232132177274309E-010
   1.0245026997223152        1972252784902.5029        1.3835823109535696       0.11108103677683036        1483.0780271726012        1.4561854042953193E-008   3.2355181124233070E-010
   1.0249568879367523        1905993402237.9360        1.4304137223056255       0.10837828205901642        1497.2046734807891        1.4499632367678941E-008   3.2476330497898735E-010
   1.0254190622843729        1841615609199.1155        1.4790844202120175       0.10572302074178577        1511.4841971213336        1.4436981058277420E-008   3.2595457776443038E-010
   1.0258893631878496        1779080046442.2502        1.5296731632366205       0.10311494559508189        1525.9171068668977        1.4373889713167163E-008   3.2712443314226149E-010
   1.0263679335389522        1718347632887.7712        1.5822622961773261       0.10055373582933920        1540.5038581023546        1.4310350644589129E-008   3.2827171093060054E-010
   1.0268549187419593        1659379580016.7949        1.6369379272885358        9.8039057529699783E-002   1555.2448552989490        1.4246359077204794E-008   3.2939529485598444E-010
   1.0273504667578401        1602137402814.4619        1.6937901175024161        9.5570564105287178E-002   1570.1404585037308        1.4181913308281801E-008   3.3049412022725160E-010
   1.0278547281492065        1546582941048.1008        1.7529130738513117        9.3147896747360584E-002   1585.1909807538284        1.4117014952142099E-008   3.3156862159979758E-010
   1.0283678561260603        1492678359545.7292        1.8144053668376097        9.0770684903173762E-002   1600.3967068689683        1.4051668981298387E-008   3.3261478817764422E-010
   1.0288900065923423        1440386170996.6626        1.8783701531199506        8.8438546763581899E-002   1615.7578918125578        1.3985883960688569E-008   3.3363303055738104E-010
   1.0294213381933011        1389669248372.7542        1.9449154054761890        8.6151089753601931E-002   1631.2747694324460        1.3919672180357701E-008   3.3462253414347179E-010
   1.0299620123636948        1340490837068.3367        2.0141541679500983        8.3907911032631954E-002   1646.9475629320584        1.3853049774319764E-008   3.3558257121855917E-010
   1.0305121933768382        1292814569234.7209        2.0862048204079509        8.1708598001424118E-002   1662.7764939364979        1.3786036852692292E-008   3.3651250768009031E-010
   1.0310720483945157        1246604475862.9541        2.1611913614128380        7.9552728814223317E-002   1678.7617951073184        1.3718657601673828E-008   3.3741180932339182E-010
   1.0316417475177699        1201825000506.1465        2.2392437082037677        7.7439872894919881E-002   1694.9037219742941        1.3650940397855589E-008   3.3828004777153134E-010
   1.0322214638385825        1158441011163.6140        2.3204980169336085        7.5369591455570636E-002   1711.2025680669553        1.3582917898356286E-008   3.3911690584326171E-010
   1.0328113734924655        1116417813171.2781        2.4050970211049951        7.3341438016121974E-002   1727.6586796712397        1.3514627141292394E-008   3.3992218234680677E-010
   1.0334116557119772        1075721160984.5242        2.4931903936161426        7.1354958923448522E-002   1744.2724732291913        1.3446109638814579E-008   3.4069579629233106E-010
   1.0340224928811779        1036317268839.5973        2.5849351334092758        6.9409693869660644E-002   1761.0444555727372        1.3377411460711841E-008   3.4143779037956117E-010
   1.0346440705910427        998172825306.16528        2.6804959711560588        6.7505176405039863E-002   1777.9752384425051        1.3308583380353026E-008   3.4214833383197339E-010
   1.0352765776958524        961254992727.78931        2.7800458247005446        6.5640934453825975E-002   1795.0655804659386        1.3239680826707757E-008   3.4282354393597285E-010
   1.0359202063705704        925531430555.34265        2.8837662555604187        6.3816490822835706E-002   1812.3163892435484        1.3170764178233639E-008   3.4346755708153029E-010
   1.0365751521692328        890970300869.07910        2.9918479529931550        6.2031363694440469E-002   1829.7287535117193        1.3101898845530864E-008   3.4408097740787940E-010
   1.0372416140843632        857540275991.14868        3.1044912863821930        6.0285067116368225E-002   1847.3039736543326        1.3033155398638796E-008   3.4466446445105484E-010
   1.0379197946074332        825210545971.91992        3.2219068708205949        5.8577111484470173E-002   1865.0435942118986        1.2964609716630045E-008   3.4521880437927997E-010
   1.0386098997903854        793950826097.17151        3.3443161817622853        5.6907004016352881E-002   1882.9494375928471        1.2896343161814542E-008   3.4574490766461083E-010
   1.0393121393082374        763731363254.61768        3.4719522105631206        5.5274249214746565E-002   1901.0236417033168        1.2828442762558943E-008   3.4624380594505011E-010
   1.0400267265227883        734522941589.54053        3.6050601693263213        5.3678349320234776E-002   1919.2687008028806        1.2761001406869187E-008   3.4671664808882601E-010
   1.0407538785474446        706296887446.00037        3.7438982465042550        5.2118804752620561E-002   1937.6875098030703        1.2694118041893704E-008   3.4716469551186665E-010
   1.0414938163131853        679025074024.35815        3.8887384189730465        5.0595114539772092E-002   1956.2834109788816        1.2627897880676121E-008   3.4758931683227427E-010
   1.0422467646356879        652679924040.23218        4.0398673272171086        4.9106776734222611E-002   1975.0602484847534        1.2562452577888748E-008   3.4799198200582038E-010
   1.0430129522836342        627234414655.41272        4.1975872084748538        4.7653288815074420E-002   1994.0224182678860        1.2497900440481002E-008   3.4837425607458784E-010
   1.0437926120482171        602662074221.79309        4.3622169282243171        4.6234148079743922E-002   2013.1749456981279        1.2434366450836904E-008   3.4873494240178284E-010
   1.0445859808138698        578936990422.00012        4.5340930557387322        4.4848852020025927E-002   2032.5235312580628        1.2371982480114653E-008   3.4907818113954273E-010
   1.0453932996302382        556033809694.66577        4.7135710165166067        4.3496898677112303E-002   2052.0746243360168        1.2310887277308767E-008   3.4940595640840254E-010
   1.0462148137854201        533927737396.95532        4.9010263728107164        4.2177786982577521E-002   2071.8354982988376        1.2251226387212513E-008   3.4972012927220180E-010
   1.0470507728804894        512594537958.06964        5.0968561745226051        4.0891017082658403E-002   2091.8143289776613        1.2193151965287388E-008   3.5002262192097874E-010
   1.0479014309053347        492010534824.60968        5.3014804202278327        3.9636090644096025E-002   2112.0202768888835        1.2136822460979630E-008   3.5031541226654360E-010
   1.0487670463158272        472152610191.03027        5.5153436236796995        3.8412511140060182E-002   2132.4635726974179        1.2082402142541915E-008   3.5060052944941286E-010
   1.0496478821123492        452998204415.93616        5.7389164958945376        3.7219784114747738E-002   2153.1556059986956        1.2030060435815250E-008   3.5088005051967808E-010
   1.0505442059197001        434525315404.48053        5.9726977463902351        3.6057417425022900E-002   2174.1090156803962        1.1979971060262092E-008   3.5115609858376526E-010
   1.0514562900684101        416712497640.50391        6.2172160111119386        3.4924921457464203E-002   2195.3377821160175        1.1932310928801385E-008   3.5143084256355350E-010
   1.0523844116774823        399538861500.75500        6.4730319056558825        3.3821809318739647E-002   2216.8573175156721        1.1887258814692616E-008   3.5170649901332748E-010
   1.0533288527385896        382984071524.12524        6.7407402184819949        3.2747596998105873E-002   2238.6845593765502        1.1844993727470394E-008   3.5198533600405017E-010
   1.0542899002017521        367028346919.24152        7.0209722147744733        3.1701803498127963E-002   2260.8380468499258        1.1805693089131864E-008   3.5227092301398862E-010
   1.0552678460625220        351652458079.99451        7.3143981006268621        3.0683950933637349E-002   2283.3380136553242        1.1769530523648867E-008   3.5256449731396098E-010
   1.0562629874507008        336837725581.09418        7.6217296211445111        2.9693564598766958E-002   2306.2064584293130        1.1736673449959202E-008   3.5286853260142033E-010
   1.0572756267206158        322566018350.15564        7.9437227506727535        2.8730172997452074E-002   2329.4672073698716        1.1707280403196322E-008   3.5318559751300915E-010
   1.0583060715429848        308819751253.18915        8.2811805238678069        2.7793307836983937E-002   2353.1459654399664        1.1681498116397787E-008   3.5351837090538637E-010
   1.0593546349983962        295581882092.23950        8.6349559627280641        2.6882503984009144E-002   2377.2703521825933        1.1659458393253891E-008   3.5386966192394546E-010
   1.0604216356724316        282835907861.56238        9.0059550975081581        2.5997299382722248E-002   2401.8699197101446        1.1641274814577804E-008   3.5424243285273632E-010
   1.0615073977524627        270565860227.29593        9.3951400553694739        2.5137234935450680E-002   2426.9761487645274        1.1627039333530679E-008   3.5463982455118501E-010
   1.0626122511261489        258756299651.50891        9.8035322049343883        2.4301854347004870E-002   2452.6224240945467        1.1616818806771839E-008   3.5506518435963777E-010
   1.0637365314816669        247392309198.64124        10.232215299583025        2.3490703933748976E-002   2478.8439749583727        1.1610651581105003E-008   3.5552209609787635E-010
   1.0648805804097041        236459484325.19504        10.682338668374287        2.2703332402949663E-002   2505.6778128665792        1.1608544056464695E-008   3.5601511797968084E-010
   1.0660447455072439        225943929964.11639        11.155120134614423        2.1939290596101398E-002   2533.1625459983120        1.1610467856123706E-008   3.5655682639847019E-010
   1.0672293804831747        215832240694.14301        11.651849138849336        2.1198131211070857E-002   2561.3383155341680        1.1616356554081838E-008   3.5714499760976439E-010
   1.0684348452657599        206111489138.82935        12.173889821313052        2.0479408517904248E-002   2590.2466062202438        1.1626103197737081E-008   3.5778299426819526E-010
   1.0696615061119930        196769212236.95477        12.722683554669066        1.9782678059398109E-002   2619.9300214691825        1.1639558287989604E-008   3.5847617762752821E-010
   1.0709097357188797        187793394729.19275        13.299751459296582        1.9107496345715277E-002   2650.4320324553969        1.1656528261437791E-008   3.5923035692290550E-010
   1.0721799133366723        179172450642.20020        13.906696596194582        1.8453420553210122E-002   2681.7966959282712        1.1676774586484302E-008   3.6005182208483584E-010
   1.0734724248840997        170895203175.72635        14.545205847968566        1.7820008236472201E-002   2714.0683389319538        1.1700013560864500E-008   3.6094737457098249E-010
   1.0747876630656195        162950862806.43167        15.217051430536003        1.7206817063077893E-002   2747.2912184052925        1.1725916845551849E-008   3.6192435588541122E-010
   1.0761260274907352        155329004923.97989        15.924091938325317        1.6613404579271001E-002   2781.5091400105393        1.1754112844071359E-008   3.6299067300280474E-010
   1.0774879247954079        148019544173.92957        16.668273045701831        1.6039328018348030E-002   2816.7650957142223        1.1784188739312517E-008   3.6415482124180597E-010
   1.0788737687656071        141012714825.66165        17.451627294798627        1.5484144152000787E-002   2853.1007591269804        1.1815693851681502E-008   3.6543436609708877E-010
   1.0802839804630291        134299039946.16920        18.276273834247117        1.4947409200114661E-002   2890.5561658921583        1.1848142989068812E-008   3.6683209722622193E-010
   1.0817189883530298        127869308331.37102        19.144417715323566        1.4428678812234287E-002   2929.1692591285591        1.1881021076221792E-008   3.6835812883474059E-010
   1.0831792284348056        121714550799.38223        20.058347992008422        1.3927508113960364E-002   2968.9754521753371        1.1913788401833210E-008   3.7002360337084753E-010
   1.0846651443738622        115826017044.40004        21.020435655860954        1.3443451824865867E-002   3010.0072039120064        1.1945886426837127E-008   3.7184031837717928E-010
   1.0861771876368154        110195153896.88753        22.033130838871489        1.2976064450728185E-002   3052.2936073918877        1.1976744084231557E-008   3.7382072526300206E-010
   1.0877158176285582        104813585098.27602        23.098959544005037        1.2524900550703431E-002   3095.8600056352720        1.2005784411945945E-008   3.7597792353679085E-010
   1.0892815018318442        99673093889.704895        24.220519741726399        1.2089515076739967E-002   3140.7276133475693        1.2032431480648211E-008   3.7832564949712122E-010
   1.0908747159493224        94765605900.425323        25.400477264256196        1.1669463784498376E-002   3186.9132365344294        1.2056117163843767E-008   3.8087291247841100E-010
   1.0924959440480688        90083176915.897888        26.641561158386761        1.1264303710027034E-002   3234.4289683718362        1.2076288060420792E-008   3.8363350017624249E-010
   1.0941456787066632        85617983688.256470        27.946558207479960        1.0873593699468921E-002   3283.2819064382275        1.2092412268092395E-008   3.8662486212835406E-010
   1.0958244211648480        81362316004.215469        29.318307499069039        1.0496894985591032E-002   3333.4739625038569        1.2103985630443404E-008   3.8986272095476444E-010
   1.0975326814758202        77308571707.115540        30.759694885020025        1.0133771804286902E-002   3385.0017173254528        1.2110537509898290E-008   3.9336377323481667E-010
   1.0992709786612012        73449255028.719116        32.273646950207230        9.7837920385636847E-003   3437.8562962831884        1.2111636061116763E-008   3.9714400415265871E-010
   1.1010398408687325        69776974523.740433        33.863125830966013        9.4465278840399122E-003   3492.0234295278515        1.2106892362335743E-008   4.0121957844268751E-010
   1.1028398055327413        66284452007.204147        35.531121654383305        9.1215565107896652E-003   3547.4831344178556        1.2095965211428724E-008   4.0560671986571439E-010
   1.1046714195374312        62964507727.108978        37.280652588932995        8.8084607508769255E-003   3604.2107870083942        1.2078560706033838E-008   4.1025416147751464E-010
   1.1065352393830408        59810089119.701851        39.114756110166979        8.5068297628412125E-003   3662.1761093577170        1.2054438009160917E-008   4.1523125278368280E-010
   1.1084318313549262        56814270995.255325        41.036478377899996        8.2162596333041505E-003   3721.3436081025793        1.2023409589317074E-008   4.2055227300391683E-010
   1.1103617716956165        53970261619.176453        43.048875334387851        7.9363539650884780E-003   3781.6728619685359        1.1985341292740465E-008   4.2623002703476612E-010
   1.1123256467798925        51271411848.563850        45.155005702329319        7.6667244274552307E-003   3843.1187032098883        1.1940152075508402E-008   4.3227637763731650E-010
   1.1143240532929459        48711220784.187897        47.357929448596913        7.4069912650299354E-003   3905.6317079564592        1.1887812169768903E-008   4.3870207111077490E-010
   1.1163575984116705        46283352756.566772        49.660699642577384        7.1567837403479651E-003   3969.1578218115874        1.1828343215712465E-008   4.4551703807569198E-010
   1.1184268999891407        43981620853.819122        52.066374551833043        6.9157405635205896E-003   4033.6407704356316        1.1761809767582435E-008   4.5259842951609092E-010
   1.1205325867423348        41800020226.150070        54.578010430765197        6.6835102620603978E-003   4099.0204625346378        1.1688322119120806E-008   4.6002502680148112E-010
   1.1226752984431581        39732732846.596306        57.198642306947612        6.4597514292909688E-003   4165.2333380353639        1.1608032836344448E-008   4.6782637020764724E-010
   1.1248556861128247        37774128564.313225        59.931295538678711        6.2441329291861962E-003   4232.2130800236810        1.1521131995186385E-008   4.7600121026513395E-010
   1.1270744122196581        35918769798.703049        62.778983169608146        6.0363340557544826E-003   4299.8909676839094        1.1427843259016269E-008   4.8454601784720621E-010
   1.1293321508803693        34161412833.513985        65.744709267730187        5.8360446428340589E-003   4368.1965245873844        1.1328419038612629E-008   4.9345496208544449E-010
   1.1316295880648737        32497016912.763786        68.831462986273053        5.6429651080942859E-003   4437.0570468947353        1.1223138414041244E-008   5.0271981327765993E-010
   1.1339674218047104        30920726566.467876        72.042243045418118        5.4568064832385419E-003   4506.4005385314485        1.1112296514652764E-008   5.1215737051305400E-010
   1.1363463624051242        29427883747.972748        75.380066853296299        5.2772904200241158E-003   4576.1549445183045        1.0996203583811506E-008   5.2176360086480717E-010
   1.1387671326608793        28014041647.653648        78.847928305189015        5.1041490780144574E-003   4646.2462535181139        1.0875186398090945E-008   5.3164239870908009E-010
   1.1412304680758660        26674953393.880733        82.448807789157300        4.9371249566948728E-003   4716.5998964736536        1.0749581656619793E-008   5.4177410288952856E-010
   1.1437371170865689        25406567112.312260        86.185691984378607        4.7759707269033544E-003   4787.1413488390426        1.0619731667391677E-008   5.5213749571535078E-010
   1.1462878412894646        24205023832.663010        90.061568485465273        4.6204490351998279E-003   4857.7961378597038        1.0485981641799785E-008   5.6271006223809645E-010
   1.1488834156724195        23066648808.686008        94.079441909693045        4.4703322924904403E-003   4928.4909918001904        1.0348674753341719E-008   5.7346843485937479E-010
   1.1515246288501526        21987960324.797520        98.242307729859633        4.3254024117764219E-003   4999.1511983331166        1.0208155483002368E-008   5.8438830756106541E-010
   1.1542122833038420        20965625247.518063        102.55325494223516        4.1854506118873388E-003   5069.7096251523135        1.0064749151200919E-008   5.9505392438085887E-010
   1.1569471956249431        19996496694.269634        107.01542738179951        4.0502771939751559E-003   5140.0980360273506        9.9187787711174718E-009   6.0570466437080236E-010
   1.1597301967632936        19077602739.522942        111.63191322288104        3.9196911869571653E-003   5210.2476737207944        9.7705619079890737E-009   6.1639813736984963E-010
   1.1625621322795818        18206133086.042339        116.40583764374220        3.7935100192873676E-003   5280.0907418006509        9.6204062868795605E-009   6.2711084208036042E-010
   1.1654438626022534        17379431593.396748        121.34035182894756        3.6715592124922968E-003   5349.5606952348435        9.4686081974322274E-009   6.3782038603177747E-010
   1.1683762632889361        16594988903.884859        126.43864644597744        3.5536720778883224E-003   5418.5925537451121        9.3154511432052441E-009   6.4850564600091677E-010
   1.1713602252924609        15850437822.707176        131.70394316895505        3.4396894089383642E-003   5487.1223242413207        9.1612062733127278E-009   6.5914668606939746E-010
   1.1743966552315608        15143541135.534348        137.13952748007631        3.3294591883614396E-003   5555.0889648982529        9.0061286484318411E-009   6.6972505241796173E-010
   1.1774864756663284        14472201708.002428        142.74867201996440        3.2228362582633050E-003   5622.4283843115063        8.8504669340785672E-009   6.8022244882218798E-010
   1.1806306253785190        13834407645.003229        148.53490653280852        3.1196821125941084E-003   5689.0920765899191        8.6944333590434945E-009   6.9000257497259591E-010
   1.1838300596567810        13228286352.506176        154.50184449445283        3.0198646503367351E-003   5755.0252881326642        8.5382398957161743E-009   6.9963246010802761E-010
   1.1870857505869004        12652079126.643417        160.65293871158761        2.9232577936163340E-003   5820.1729902361831        8.3820878490606331E-009   7.0910805239724091E-010
   1.1903986873471515        12104131034.449442        166.99177087398334        2.8297411888751176E-003   5884.4812650423546        8.2261657076298116E-009   7.1841609715719260E-010
   1.1937698765088389        11582884413.038935        173.52195445039632        2.7391999380897863E-003   5947.8975774700439        8.0706489980594911E-009   7.2754267564717647E-010
   1.1972003423421254        11086873156.204699        180.24718076771396        2.6515243411008795E-003   6010.3708604240619        7.9157005236844938E-009   7.3647264337990363E-010
   1.2006911271272349        10614717550.146273        187.17120556141862        2.5666096482284883E-003   6071.8514603424819        7.7614708679798885E-009   7.4518903612060394E-010
   1.2042432914711307        10165118764.784378        194.29786568942555        2.4843558237478375E-003   6132.2914149849703        7.6080985015512955E-009   7.5367258222883191E-010
   1.2078579146297592        9736855325.4412918        201.63106697855130        2.4046673158324176E-003   6191.6437178735696        7.4557112346889022E-009   7.6190100658708213E-010
   1.2115360948359608        9328774715.0191765        209.17483903283423        2.3274528469218723E-003   6249.8647663579977        7.3044237163183733E-009   7.6984926232826361E-010
   1.2152789496331473        8939800177.8822975        216.93321117084335        2.2526251829145302E-003   6306.9070407408053        7.1543468400963581E-009   7.7748835341764659E-010
   1.2190876162148445        8568893999.4575720        224.91066043662630        2.1801010034382981E-003   6362.7419326231256        7.0055615612038272E-009   7.8419906095012694E-010
   1.2229632517702078        8215094071.6549530        233.11182715638247        2.1098007452883339E-003   6417.3331425735169        6.8581516865519206E-009   7.9051190257421965E-010
   1.2269070338356107        7877498012.0618954        241.54110384624551        2.0416483466745498E-003   6470.6436181831623        6.7121953440481073E-009   7.9642028823399304E-010
   1.2309201606524165        7555256299.6449413        250.20312378965377        1.9755710551637310E-003   6522.6377645264765        6.5677628117668305E-009   8.0188459708545170E-010
   1.2350038515310395        7247568413.6367664        259.10261989569125        1.9114992647670610E-003   6573.2819942221477        6.4249164687783559E-009   8.0686206611588613E-010
   1.2391593472214111        6953679709.3136024        268.24450366704764        1.8493663627663227E-003   6622.5449362340814        6.2837111596255715E-009   8.1130735372144054E-010
   1.2433879102899557        6672878593.4458113        277.63385530482202        1.7891085853826386E-003   6670.3975755004049        6.1441946406849813E-009   8.1517322477627317E-010
   1.2476908255031967        6404493904.4728565        287.27594957930955        1.7306648805420286E-003   6716.8133733657605        6.0064080406625383E-009   8.1841135248199450E-010
   1.2520694002181090        6147892472.4084263        297.17626850853281        1.6739767774999596E-003   6761.7683753172660        5.8703863229425571E-009   8.2097321570390388E-010
   1.2565249647793331        5902476843.3115692        307.34052011132945        1.6189882627530646E-003   6805.2413055555799        5.7361587450836572E-009   8.2281106432243099E-010
   1.2610588729233749        5667683161.8331404        317.77465519435998        1.5656456618385051E-003   6847.2136403761961        5.6037493186586787E-009   8.2387891943386094E-010
   1.2656725021899122        5442979187.3912611        328.48488553771546        1.5138975266272966E-003   6887.6696729341375        5.4731772542061570E-009   8.2413358161215914E-010
   1.2703672543403324        5227862473.6011715        339.47770038399597        1.4636945276327354E-003   6926.5965169828241        5.3444574307788074E-009   8.2353559431821836E-010
   1.2751445557836316        5021858581.9663992        350.75988643165851        1.4149893512723517E-003   6963.9841992673173        5.2176007641500544E-009   8.2205019290537387E-010
   1.2800058580098004        4824519669.6449671        362.33853630996617        1.3677366008795161E-003   6999.8253711093321        5.0926148424441685E-009   8.1964801626713152E-010
   1.2849526380308309        4635422408.9351225        374.22108970296716        1.3218927037970966E-003   7034.1160847277797        4.9695037124144670E-009   8.1630616485709858E-010
   1.2899863988294786        4454168279.1107960        386.41527888851050        1.2774158164913019E-003   7066.8531683658848        4.8482701567311160E-009   8.1200768572837337E-010
   1.2951086698159142        4280377212.2088614        398.92938719917964        1.2342657506342904E-003   7098.0420022699273        4.7289104251736555E-009   8.0657754557229457E-010
   1.3003210072924043        4113690692.6495161        411.77222867150471        1.1924039048117618E-003   7127.6904032558859        4.6114192678141091E-009   8.0009340264812394E-010
   1.3056249949261645        3953772780.5842838        424.95272812425321        1.1517931691777776E-003   7155.8043244019091        4.4957929316016871E-009   7.9267719630788506E-010
   1.3110222442305255        3800306613.1733713        438.48010732512597        1.1123978327470451E-003   7182.3910179747072        4.3820268872187024E-009   7.8434160036200080E-010
   1.3165143950545604        3652992903.5608878        452.36400281210183        1.0741835073563015E-003   7207.4595324345819        4.2701155974669347E-009   7.7510634957465732E-010
   1.3221031160813197        3511548869.6666093        466.61444012367565        1.0371170577166907E-003   7231.0206566658335        4.1600526652699426E-009   7.6499800115522827E-010
   1.3277901053348302        3375707284.6083746        481.24185409776436        1.0011665347313577E-003   7253.0867468778815        4.0518310318183505E-009   7.5404953276981828E-010
   1.3335770906960043        3245215587.2115769        496.25708721110158        9.6630111186813761E-004   7273.6715263235501        3.9454431607816447E-009   7.4229983095198322E-010
   1.3394658304276241        3119835038.1431074        511.67139442378254        9.3249102438805562E-004   7292.7898775490867        3.8408811958931256E-009   7.2979309572630175E-010
   1.3454581137085557        2999339917.2179136        527.49644364853998        8.9970751143004732E-004   7310.4576359656066        3.7381370901945266E-009   7.1657818331040243E-010
   1.3515557611773557        2883516759.3980918        543.74431637419241        8.6792276091818591E-004   7326.6913875854243        3.6372027075098870E-009   7.0270790637386678E-010
   1.3577606254854362        2772163627.8233366        560.42750683212591        8.3710985727783373E-004   7341.5082740948064        3.5380698976221431E-009   6.8823831072501400E-010
   1.3640745918599584        2665089422.4618831        577.55892054294827        8.0724273193672055E-004   7354.9258080002028        3.4407305469283886E-009   6.7322794588178240E-010
   1.3704995786766205        2562113223.2449322        595.15187210385193        7.7829611658395868E-004   7366.9616990753993        3.3451766067215042E-009   6.5773714483091337E-010
   1.3770375380425204        2463063666.6755428        613.22008247287226        7.5024549915148791E-004   7377.6336956083223        3.2514001013468636E-009   6.4182732706477528E-010
   1.3836904563892638        2367778355.0170288        631.77767584435696        7.2306708247432661E-004   7386.9594405029611        3.1593931187133657E-009   6.2556033576932460E-010
   1.3904603550765042        2276103297.2018080        650.83917626888649        6.9673774557670292E-004   7394.9563422708761        3.0691477856588587E-009   6.0899781796584601E-010
   1.3973492910060930        2187892380.6554246        670.41950414124165        6.7123500752186969E-004   7401.6414625630077        2.9806562306708930E-009   5.9220065481262664E-010
   1.4043593572470283        2103006873.1819584        690.53397267879268        6.4653699375427165E-004   7407.0314210712604        2.8939105363788919E-009   5.7522844701520056E-010
   1.4114926836713946        2021314954.1000254        711.19828450576244        6.2262240485393323E-004   7411.1423165170045        2.8089026842719292E-009   5.5813905790391135E-010
   1.4187514376014818        1942691273.7023532        732.42852844460447        5.9947048761503435E-004   7413.9896634391780        2.7256244938317615E-009   5.4098821548710435E-010
   1.4261378244682847        1867016540.1324620        754.24117661813216        5.7706100835360602E-004   7415.5883450987349        2.6440675581858951E-009   5.2382917356116594E-010
   1.4336540884815800        1794177132.6896582        776.65308194789941        5.5537422834322136E-004   7415.9525812059283        2.5642231781893709E-009   5.0671243040431241E-010
   1.4413025133117852        1724064740.5458755        799.68147613368046        5.3439088127265645E-004   7415.0959094322307        2.4860822966638574E-009   4.8968550277240408E-010
   1.4490854227838079        1656576025.8064559        823.34396819107826        5.1409215261576297E-004   7413.0311807299740        2.4096354342862304E-009   4.7279275246115641E-010
   1.4570051815830944        1591612309.8215168        847.65854361977051        4.9445966080118237E-004   7409.7705665897165        2.3348726284593395E-009   4.5607526174509283E-010
   1.4650641959740942        1529079281.6214755        872.64356426598272        4.7547544006804721E-004   7405.3255774070567        2.2617833762641055E-009   4.3957075393177639E-010
   1.4732649145313550        1468886727.3386061        898.31776894623954        4.5712192489341831E-004   7399.7070911331884        2.1903565824033753E-009   4.2331355506310284E-010
   1.4816098288834760        1410948279.4669991        924.70027489091501        4.3938193587770902E-004   7392.9253908259097        2.1205805128673857E-009   4.0733459260656549E-010
   1.4901014744701397        1355181184.8084066        951.81058006146725        4.2223866697587483E-004   7384.9902102880269        2.0524427548559006E-009   3.9166142711869075E-010
   1.4987424313124560        1301506089.9727163        979.66856640019478        4.0567567396434774E-004   7375.9107868387919        1.9859301833499644E-009   3.7631831291870485E-010
   1.5075353247968519        1249846843.3058176        1008.2945040608699        3.8967686403667867E-004   7365.6959195565305        1.9210289345657350E-009   3.6132628384578689E-010
   1.5164828264727435        1200130312.1527584        1037.7090566702179        3.7422648642439920E-004   7354.3540329117668        1.8577243863848898E-009   3.4670326063376676E-010
   1.5255876548642340        1152286214.3849761        1067.9332876684116        3.5930912394369486E-004   7341.8932445354849        1.7960011457390433E-009   3.3246417643009953E-010
   1.5348525762960854        1106246963.1737504        1098.9886677607458        3.4490968537286714E-004   7328.3214356884055        1.7358430428500870E-009   3.1862111720877007E-010
   1.5442804057342112        1061947523.9720048        1130.8970835594071        3.3101339857065029E-004   7313.6463242127847        1.6772331320305593E-009   3.0518347423490994E-010
   1.5538740076409501        1019325282.9039506        1163.6808473311685        3.1760580424964284E-004   7297.8755382119853        1.6201536989983095E-009   2.9215810576813908E-010
   1.5636362968453756        978319925.21118581        1197.3627082360881        3.0467275032674857E-004   7281.0166926326647        1.5645862736057473E-009   2.7954950583539529E-010
   1.5735702394289115        938873324.23560715        1231.9658640267603        2.9220038677072504E-004   7263.0774585794416        1.5105116498231793E-009   2.6735997688759905E-010
   1.5836788536265174        900929436.15410125        1267.5139764148576        2.8017516089324520E-004   7244.0656539732354        1.4579099058099685E-009   2.5558980694435111E-010
   1.5939652107437192        864434211.53544056        1304.0311806786822        2.6858381297297618E-004   7223.9892635723627        1.4067604437424276E-009   2.4423744171101265E-010
   1.6044324360897693        829335487.80624485        1341.5421188392572        2.5741337229176860E-004   7202.8566693018756        1.3570419885856542E-009   2.3329967173215274E-010
   1.6150837099272057        795582966.69261134        1380.0719125684404        2.4665115311673204E-004   7180.6762210643974        1.3087327259229852E-009   2.2277177144219720E-010
   1.6259222684381180        763127964.33694530        1419.6463573725873        2.3628475178913311E-004   7157.4578358560075        1.2618100374218879E-009   2.1263303821463946E-010
   1.6369514047073945        731923346.00894296        1460.2921222553421        2.2630204495784040E-004   7133.2132954185563        1.2162505425984232E-009   2.0287286500619916E-010
   1.6481744697232639        701923808.75339460        1502.0362336296578        2.1669118561986792E-004   7107.9531253031628        1.1720307534426496E-009   1.9350530367642014E-010
   1.6595948733954264        673085752.50987267        1544.9058959674828        2.0744059755487828E-004   7081.6868829370451        1.1291270125840203E-009   1.8452095753740524E-010
   1.6712160855910900        645366731.88519740        1588.9294661994300        1.9853897351313052E-004   7054.4281441167086        1.0875146662097857E-009   1.7588689210517626E-010
   1.6830416371892205        618725959.21391201        1634.1359550868631        1.8997527251770097E-004   7026.1891234213444        1.0471690965461108E-009   1.6761610516175890E-010
   1.6950751211533317        593124093.61975384        1680.5545262696471        1.8173871540499981E-004   6996.9820677756825        1.0080654909690324E-009   1.5969960749826329E-010
   1.7073201936231359        568523135.22418547        1728.2151560482803        1.7381878103819349E-004   6966.8198226297582        9.7017878653357023E-010   1.5212588349513747E-010
   1.7197805750253923        544886370.86413932        1777.1484747842526        1.6620520338137600E-004   6935.7159645706661        9.3348369984745932E-010   1.4488320877069021E-010
   1.7324600512042847        522178330.98127782        1827.3858762384252        1.5888796845510886E-004   6903.6848377822798        8.9795477213362299E-010   1.3795974795568245E-010
   1.7453624745716776        500364750.29700607        1878.9595142269618        1.5185731130794728E-004   6870.7415674053045        8.6356641659197051E-010   1.3134364210393062E-010
   1.7584917652775960        479412530.43810725        1931.9023442738692        1.4510371290204352E-004   6836.9020626935671        8.3029296493920616E-010   1.2502308633199319E-010
   1.7718519124012868        459289704.11086339        1986.2481475236141        1.3861789693833055E-004   6802.1830134945030        7.9810871250220687E-010   1.1898639802598324E-010
   1.7854469751632227        439965400.58594179        2042.0315622270036        1.3239082660689038E-004   6766.6018805742278        7.6698796153278467E-010   1.1322207588516895E-010
   1.7992810841584179        421409812.35696888        2099.2881124916553        1.2641370126716819E-004   6730.1768801465932        7.3690506258281098E-010   1.0771885016023334E-010
   1.8133584426114275        403594162.84815001        2158.0542383335169        1.2067795305770727E-004   6692.9269628112197        7.0783445379858956E-010   1.0246572450706563E-010
   1.8276833276534170        386490675.07818145        2218.3673252500839        1.1517524343878867E-004   6654.8717872596617        6.7975069804801513E-010   9.7452009950245132E-011
   1.8422600916216840        370072541.17627752        2280.2657339914840        1.0989745967155957E-004   6616.0316895154547        6.5262851777100765E-010   9.2667351504640665E-011
   1.8570931633820325        354313892.74023348        2343.7888299101746        1.0483671123802132E-004   6576.4276468936114        6.2644282762208420E-010   8.8101748020632417E-011
   1.8721870496743962        339189771.80050439        2408.9770127640063        9.9985326207963513E-005   6536.0812401996282        6.0116876454266981E-010   8.3745565897584165E-011
   1.8875463364821243        324676102.87947947        2475.8717443681030        9.5335847555890998E-005   6495.0146051698612        5.7678171628759021E-010   7.9589547222851217E-011
   1.9031756904253432        310749664.51203316        2544.5155816640945        9.0881029441847153E-005   6453.2504036918526        5.5325734535476150E-010   7.5624813206402435E-011
   1.9190798601788175        297388064.97458017        2614.9521923799080        8.6613833438972383E-005   6410.8117212773041        5.3057161757126024E-010   7.1842862881294773E-011
   1.9352636779147439        284569707.93078506        2687.2264235254975        8.2527424783129696E-005   6367.7221826332107        5.0870080774784424E-010   6.8235569539358695E-011
   1.9517320607709099        272273790.65091926        2761.3842154208796        7.8615168444513483E-005   6324.0053837623927        4.8762156539959116E-010   6.4795170399320784E-011
   1.9684900123446742        260480207.14539364        2837.4730304470868        7.4870625632223294E-005   6279.6864275804573        4.6731079171554945E-010   6.1509524871510462E-011
   1.9855426242132079        249169599.59426454        2915.5417211027257        7.1287550047858061E-005   6234.7903114744349        4.4774580206957842E-010   5.8375186454975919E-011
   2.0028950774804746        238323340.14920211        2995.6399556652646        6.7859883794929861E-005   6189.3416322240982        4.2890435156464664E-010   5.5387685398487549E-011
   2.0205526443514064        227923482.44461301        3077.8186389540256        6.4581753274277695E-005   6143.3650147045919        4.1076459793800929E-010   5.2540466142439297E-011
   2.0385206897337591        217952734.23829368        3162.1299864663893        6.1447465332661926E-005   6096.8851629057835        3.9330510236893722E-010   4.9827286372816035E-011
   2.0568046728681404        208394434.59489956        3248.6275443178629        5.8451503460748406E-005   6049.9268267606139        3.7650483641467760E-010   4.7242201169214277E-011
   2.0754101489866859        199232532.38337773        3337.3662196064693        5.5588524004534442E-005   6002.5147533671216        3.6034318891910393E-010   4.4779547069033970E-011
   2.0943427710009153        190451565.47745624        3428.4023039490771        5.2853352392902406E-005   5954.6736365120314        3.4479997180216812E-010   4.2433926365595588E-011
   2.1136082912192551        182036640.53530291        3521.7934989808859        5.0240979382678255E-005   5906.4280679043177        3.2985542458364415E-010   4.0200191854350175E-011
   2.1332125630947667        173973413.34961921        3617.5989405367609        4.7746557325229532E-005   5857.8024837581588        3.1549021773505309E-010   3.8073432085591449E-011
   2.1531615430036064        166248069.73156387        3715.8792232496935        4.5365396457828701E-005   5808.8211282774855        3.0168545483228524E-010   3.6048957540620045E-011
   2.1734612920547494        158847307.03569078        3816.6964239603444        4.3092961222294211E-005   5759.5080133756956        2.8842267385970180E-010   3.4122287519748485E-011
   2.1941179779315436        151758315.99983531        3920.1141278227183        4.0924866615101712E-005   5709.8868793550300        2.7568384711129708E-010   3.2289137749630257E-011
   2.2151378767656396        144968763.86748850        4026.1974481003317        3.8856874566373174E-005   5659.9811069385169        2.6345138176841883E-010   3.0545408547487511E-011
   2.2365273750438694        138466775.85730141        4135.0130805943400        3.6884890363361023E-005   5609.8138116609625        2.5170811501100019E-010   2.8886695345069910E-011
   2.2582929715486566        132240910.55055724        4246.6295385866251        3.5004959187996695E-005   5559.4081656762501        2.4043729496849356E-010   2.7308679064346500E-011
   2.2804412793325475        126280165.81291120        4361.1168068834922        3.3213262557741528E-005   5508.7864720394855        2.2962262234033910E-010   2.5809146750828369E-011
   2.3029790277274529        120573952.97281958        4478.5462298079565        3.1506114805697582E-005   5457.9702753839692        2.1924822628934392E-010   2.4384582727460464E-011
   2.3259130643892307        115112080.05023548        4598.9908875387737        2.9879959611577208E-005   5406.9806993639722        2.0929865590866441E-010   2.3031619398026542E-011
   2.3492503573782075        109884737.31841913        4722.5254890560300        2.8331366638152361E-005   5355.8387055204948        1.9975887498406177E-010   2.1747031902921177E-011
   2.3729979972762916        104882483.59524278        4849.2264480060194        2.6857028192097359E-005   5304.5647147636500        1.9061425816237495E-010   2.0527727577509281E-011
   2.3971631993413061        100096233.06083979        4979.1718820853648        2.5453755935561599E-005   5253.1785647145298        1.8185058611046494E-010   1.9370739573235085E-011
   2.4217533056992049        95517242.567405894        5112.4416416045724        2.4118477638411890E-005   5201.6995814346974        1.7345404016415002E-010   1.8273221903313247E-011
   2.4467757875748362        91137099.318150073        5249.1173264655454        2.2848233976706871E-005   5150.1465757857968        1.6541119668580370E-010   1.7232449531970049E-011
   2.4722382475619264        86947709.355320409        5389.2822943001593        2.1640175373638056E-005   5098.5378201075109        1.5770902193383561E-010   1.6245833360058189E-011
   2.4981484219329810        82941285.861312047        5533.0216806178314        2.0491558888008079E-005   5046.8910580017600        1.5033486543837307E-010   1.5310832894380919E-011
   2.5245141829898015        79110337.471546382        5680.4224623645332        1.9399745155197388E-005   4995.2235439078659        1.4327645233531285E-010   1.4424911408613369E-011
   2.5513435414553287        75447656.809195563        5831.5735392559536        1.8362195387494834E-005   4943.5521073928485        1.3652187513742540E-010   1.3585686060742856E-011
   2.5786446489075461        71946314.101713106        5986.5655680972250        1.7376468394714915E-005   4891.8929282715490        1.3005959516634097E-010   1.2791207682487224E-011
   2.6064258002561789        68599645.192117557        6145.4909385464271        1.6440217658507742E-005   4840.2616526524580        1.2387843144416525E-010   1.2039329496821484E-011
   2.6346954362629398        65401241.613475516        6308.4439418351985        1.5551188455114636E-005   4788.6734211032872        1.1796755300755026E-010   1.1327996033174338E-011
   2.6634621461060890        62344941.363095030        6475.5207241820381        1.4707215042513325E-005   4737.1428822398020        1.1231647186345864E-010   1.0655239464982655E-011
   2.6927346699900907        59424820.052205198        6646.8193194930309        1.3906217893305228E-005   4685.6842034523925        1.0691503597212110E-010   1.0019176153901695E-011
   2.7225219018011533        56635182.368035346        6822.4396465143172        1.3146200980178125E-005   4634.3110833036526        1.0175342216372778E-010   9.4180033816958978E-012
   2.7528328918094620        53970553.864780702        7002.4835156747395        1.2425249111504410E-005   4583.0367623375514        9.6822129066150967E-011   8.8499962451677949E-012
   2.7836768494189297        51425672.940840714        7187.0546354182770        1.1741525319380071E-005   4531.8740427958819        9.2111969780806850E-011   8.3135046988204343E-012
   2.8150631459652939        48995483.393827297        7376.2585971478939        1.1093268297495549E-005   4480.8352841579399        8.7614065170099543E-011   7.8069507218191383E-012
   2.8470013175634135        46675126.321483582        7570.2029297679792        1.0478789896944237E-005   4429.9324774689449        8.3319835188137285E-011   7.3287777365490377E-012
   2.8795010680046320        44459933.786809310        7768.9970639128869        9.8964726686421683E-006   4379.1771947292464        7.9220993395114927E-011   6.8775898173708796E-012
   2.9125722717050868        42345421.840815835        7972.7522446200855        9.3447674598365845E-006   4328.5806069616337        7.5309539613743207E-011   6.4520261562950417E-012
   2.9462249767058575        40327283.636079684        8181.5815892245091        8.8221910611152368E-006   4278.1535163956050        7.1577752298503861E-011   6.0507673426123528E-012
   2.9804694077258649        38401382.956418172        8395.6000719152307        8.3273239098100745E-006   4227.9063753731007        6.8018181329099072E-011   5.6725540630223642E-012
   3.0153159692684586        36563748.001460090        8614.9245099236396        7.8588078463979326E-006   4177.8493022354824        6.4623640919120846E-011   5.3161847212668898E-012
   3.0507752487826170        34810565.388892837        8839.6735430854860        7.4153439240849706E-006   4127.9920965124556        6.1387202587001647E-011   4.9805131494822277E-012
   3.0868580198797391        33138174.366065163        9069.9676104522423        6.9956902713440086E-006   4078.3442531824248        5.8302188196176110E-011   4.6644464047279716E-012
   3.1235752456069985        31543061.207750179        9305.9289244868141        6.5986600074851080E-006   4028.9149777266766        5.5362163038020011E-011   4.3669426454965608E-012
   3.1609380817782493        30021853.839283701        9547.6814361603974        6.2231192107701831E-006   3979.7131964585442        5.2560929063279185E-011   4.0870086413791010E-012
   3.1989578803635026        28571316.525756776        9795.3508160803285        5.8679849399794505E-006   3930.7475808096137        4.9892517941772974E-011   3.8236944928874193E-012
   3.2376461929380054        27188345.008310661        10049.064388750514        5.5322233068019418E-006   3882.0265375406889        4.7351184784915633E-011   3.5761108401569517E-012
   3.2770147741919571        25869961.499599222        10308.951085594274        5.2148476016880294E-006   3833.5582361356255        4.4931401292987187E-011   3.3433952821896929E-012
   3.3170755855019443        24613309.997631952        10575.141429973084        4.9149164703981656E-006   3785.3506172222446        4.2627849325460666E-011   3.1247316515382828E-012
   3.3578407985651739        23415651.749001265        10847.767460072977        4.6315321429765337E-006   3737.4114020608267        4.0435414548562782E-011   2.9193437138314030E-012
   3.3993227990976052        22274360.860514931        11126.962679423008        4.3638387129570103E-006   3689.7481016104230        3.8349180175268922E-011   2.7264934804407256E-012
   3.4415341905971086        21186920.064708810        11412.861987543416        4.1110204671622457E-006   3642.3680243251429        3.6364420822899407E-011   2.5454795822977153E-012
   3.4844877981727906        20150916.616181176        11705.601614328054        3.8723002653607299E-006   3595.2782853207827        3.4476596452834701E-011   2.3756357023218811E-012
   3.5281966724416578        19164038.368182678        12005.319034173008        3.6469379689259038E-006   3548.4858081818293        3.2681346511642505E-011   2.2163290636977155E-012
   3.5726740934937888        18224069.860736556        12312.152915224196        3.4342289190380208E-006   3501.9973472163056        3.0974483921823110E-011   2.0669531443982287E-012
   3.6179335749272341        17328888.758306000        12626.243005374323        3.2335024616271457E-006   3455.8194722223038        2.9351989662382187E-011   1.9269450216960334E-012
   3.6639888679538570        16476462.242911266        12947.730003107759        3.0441205206151853E-006   3409.9585807121412        2.7810007100778587E-011   1.7957638304268630E-012
   3.7108539655773720        15664843.563650753        13276.755498557672        2.8654762168282183E-006   3364.4209038435597        2.6344836520057540E-011   1.6728967130833885E-012
   3.7585431068448472        14892168.717646986        13613.461844946371        2.6969925334953246E-006   3319.2125105434570        2.4952929794749755E-011   1.5578576065762903E-012
   3.8070707811729609        14156653.238351662        13957.992049276281        2.5381210265631140E-006   3274.3393125420057        2.3630885174021082E-011   1.4501860266159145E-012
   3.8564517327503305        13456589.120001717        14310.489632013998        2.3883405791598766E-006   3229.8070639268285        2.2375442242323724E-011   1.3494473012888800E-012
   3.9067009650172428        12790341.813418895        14671.098494315029        2.2471561995978506E-006   3185.6213678713739        2.1183476925273346E-011   1.2552273104776019E-012
   3.9578337452241605        12156347.325669415        15039.962800544810        2.1140978619199121E-006   3141.7876841421958        2.0051996618263541E-011   1.1671331922231578E-012
   4.0098656090703795        11553109.456300572        15417.226814158184        1.9887193880966347E-006   3098.3113289766229        1.8978135515513629E-011   1.0847960428362467E-012
   4.0628123654242456        10979197.137154911        15803.034699499023        1.8705973707981946E-006   3055.1974724672482        1.7959150075309007E-011   1.0078686293151309E-012
   4.1166901011263723        10433241.826998120        16197.530349574146        1.7593301360199894E-006   3012.4511450347895        1.6992414521728224E-011   9.3602087403426924E-013
   4.1715151858773156        9913935.0103130545        16600.857213565974        1.6545367445283655E-006   2970.0772413932582        1.6075416495409281E-011   8.6894097712872839E-013
   4.2273042772111857        9420025.7881719582        17013.158090090066        1.5558560314303712E-006   2928.0805242712486        1.5205752832262867E-011   8.0633453398011309E-013
   4.2840743255567180        8950318.5547824539        17434.574916127684        1.4629456827009084E-006   2886.4656284499383        1.4381125461835542E-011   7.4792368830859905E-013
   4.3418425793873263        8503670.7593555525        17865.248536858031        1.3754813477772224E-006   2845.2370645965475        1.3599337429322967E-011   6.9344631987135311E-013
   4.4006265904617212        8078990.7428972572        18305.318468553396        1.2931557872900844E-006   2804.3992252438875        1.2858289023249951E-011   6.4265470172645062E-013
   4.4604442191566633        7675235.6546327043        18754.922650423308        1.2156780549528526E-006   2763.9563910584880        1.2155974023420860E-011   5.9531565653217274E-013
   4.5213136398934965        7291409.4635762991        19214.197142565972        1.1427727125149848E-006   2723.9127310722033        1.1490476107309348E-011   5.5121088418527922E-013
   4.5832533466600882        6926561.0174961835        19683.275827659771        1.0741790770752477E-006   2684.2723113636130        1.0859965314729366E-011   5.1013367235183607E-013
   4.6462821586298713        6579782.1798383957        20162.290121090082        1.0096504995216693E-006   2645.0391019673575        1.0262694641473283E-011   4.7188947972244502E-013
   4.7104192258796767        6250206.0374898510        20651.368629616143        9.4895367344147709E-007   2606.2169838594191        9.6969967494721062E-012   4.3629530898743634E-013
   4.7756840352081200        5937005.1744840704        21150.636801344477        8.9186797336322632E-007   2567.8097563596230        9.1612807867991296E-012   4.0317910787902528E-013
   4.8420964160562763        5639390.0117554301        21660.216544315597        8.3818482145365621E-007   2529.8211441169888        8.6540293209330688E-012   3.7237919731690031E-013
   4.9096765465324781        5356607.2039295789        22180.225832650987        7.8770708178381057E-007   2492.2548063226805        8.1737953688863230E-012   3.4374377359626563E-013
   4.9784449595430367        5087938.1133606201        22710.778248470990        7.4024848105191203E-007   2455.1143383735202        7.7191995715719352E-012   3.1713111677606567E-013
   5.0484225490307644        4832697.3111810107        23251.982550332017        6.9563305528160384E-007   2418.4032865217655        7.2889274052596209E-012   2.9240657059167937E-013
   5.1196305763231962        4590231.1579483906        23803.942226724626        6.5369462106589245E-007   2382.1251518742174        6.8817265484325368E-012   2.6944472540747931E-013
   5.1920906765924215        4359916.4347140035        24366.754944598979        6.1427627102533909E-007   2346.2833955088636        6.4964043417135281E-012   2.4812806218876074E-013
   5.2658248654285229        4141159.0249902955        24940.512026604960        5.7722989218129329E-007   2310.8814420636745        6.1318253454255824E-012   2.2834652138907854E-013
   5.3408555455285720        3933392.6469728453        25525.297878147430        5.4241570665511010E-007   2275.9226816536379        5.7869089945929532E-012   2.0999709197336241E-013
   5.4172055135032586        3736077.6358882943        26121.189391919190        5.0970183375183676E-007   2241.4104682469956        5.4606273529890584E-012   1.9298341929491796E-013
   5.4948979668032001        3548699.7691765577        26728.255337848510        4.7896387271773772E-007   2207.3481170743758        5.1520029511857173E-012   1.7721524244353005E-013
   5.5739565107670250        3370769.1448737048        27346.555709849366        4.5008450524882271E-007   2173.7388934741475        4.8601067317807009E-012   1.6260864723650840E-013
   5.6544051657934054        3201819.0980359451        27976.141046480585        4.2295311714295866E-007   2140.5859999893610        4.5840560681772058E-012   1.4908506944132001E-013
   5.7362683746391792        3041405.1602500598        28617.051772232109        3.9746543818065042E-007   2107.8925569448115        4.3230128671216421E-012   1.3657118052516014E-013
   5.8195710098458129        2889104.0606300961        29269.317506497879        3.7352319962797650E-007   2075.6615762615843        4.0761817488567975E-012   1.2499858910242241E-013
   5.9043383812964354        2744512.7661573277        29932.956384352536        3.5103380857789647E-007   2043.8959278892514        3.8428082971078653E-012   1.1430353441900453E-013
   5.9905962439057507        2607247.5602534865        30607.974386455789        3.2991003845718508E-007   2012.5982983098895        3.6221773719017671E-012   1.0442658967896958E-013
   6.0783708054451688        2476943.1576386825        31294.364700721711        3.1006973501818163E-007   1981.7711413089501        3.4136114753571074E-012   9.5312345192002510E-014
   6.1676887345055320        2353251.8553037508        31992.107125031380        2.9143553715043764E-007   1951.4166204799640        3.2164691632930189E-012   8.6909192748255318E-014
   6.2585771685998344        2235842.7182655567        32701.167522902349        2.7393461187855789E-007   1921.5365441895294        3.0301434923323732E-012   7.9169046902356924E-014
   6.3510637224084414        2124400.7980879555        33421.497365144009        2.5749840292345956E-007   1892.1322949364971        2.8540604902771530E-012   7.2047016172841205E-014
   6.4451764961692612        2018626.3841543612        34153.033374102255        2.4206239221726457E-007   1863.2047543198776        2.6876776420416525E-012   6.5501173595259276E-014
   6.5409440842154618        1918234.2869281536        34895.697281858193        2.2756587379458269E-007   1834.7542260867765        2.5304823826914477E-012   5.9492315254899096E-014
   6.6383955836632937        1822953.1523287832        35649.395726571864        2.1395173948520270E-007   1806.7803604295750        2.3819905906888568E-012   5.3983722090570338E-014
   6.7375606032526933        1732524.8067435238        36414.020300015007        2.0116627585582187E-007   1779.2820829953296        2.2417450778599408E-012   4.8940934546528420E-014
   6.8384692723433131        1646703.6315976568        37189.447763878517        1.8915897187103768E-007   1752.2575330042628        2.1093140747298362E-012   4.4331528368143905E-014
   6.9411522500687424        1565255.9679422465        37975.540431941816        1.7788233674384563E-007   1725.7040134480899        1.9842897169950599E-012   4.0124970958174883E-014
   7.0456407346516920        1487959.5492791920        38772.146722448619        1.6729172749337708E-007   1699.6179583127848        1.8662865385536901E-012   3.6292397035988434E-014
   7.1519664728829611        1414602.9625459972        39579.101884597432        1.5734518570799738E-007   1673.9949193363248        1.7549399841350272E-012   3.2806481258467831E-014
   7.2601617697670813        1344985.1365069684        40396.228867424914        1.4800328306530007E-007   1648.8295746748165        1.6499049565906949E-012   2.9641316337503817E-014
   7.3702594983375729        1278914.8564914395        41223.339320700885        1.3922897515666501E-007   1624.1157606648344        1.5508544157483093E-012   2.6772315771617067E-014
   7.4822931096447602        1216210.3047038398        42060.234690487800        1.3098746319069932E-007   1599.8465261496524        1.4574780472778161E-012   2.4176141074166321E-014
   7.5962966429192358        1156698.6240645680        42906.707390855881        1.2324606318098400E-007   1576.0142087754489        1.3694810168722446E-012   2.1830665640083701E-014
   7.7123047359140076        1100215.5072626178        43762.541955314031        1.1597408219482111E-007   1552.6105264176854        1.2865828300123532E-012   1.9715016695729089E-014
   7.8303526354285102        1046604.8022835744        44627.516255138573        1.0914270138839301E-007   1529.6266892913106        1.2085162940174658E-012   1.7809234083445717E-014
   7.9504762080176601        995718.14149460860        45501.402688221817        1.0272486534069707E-007   1507.0535165345289        1.1350266049388983E-012   1.6094640188125086E-014
   8.0727119508892038        947414.58842828195        46383.969163016816        9.6695177527762010E-008   1484.8815589687167        1.0658705513553165E-012   1.4553700936365151E-014
   8.1970970029926882        901560.30069730605        47274.980068519559        9.1029801494674409E-008   1463.1012215770029        1.0008158312399811E-012   1.3170025956075708E-014
   8.3236691563034082        858028.20812361815        48174.197069936854        8.5706367513137517E-008   1441.7028813812960        9.3964047431889320E-013   1.1928365573205159E-014
   8.4524668673047554        816697.70457773225        49081.379768890700        8.0703884422716777E-008   1420.6769966918471        8.8213235778554584E-013   1.0814601570606129E-014
   8.5835292686724820        777454.35237588163        49996.286194417626        7.6002656411537580E-008   1400.0142048124201        8.2808880136166134E-013   9.8157292780959154E-015
   8.7168961811643904        740189.59819108096        50918.673130410258        7.1584204488563892E-008   1379.7054060450587        7.7731622671735217E-013   8.9198319026802008E-015
   8.8526081257191009        704800.49960667884        51848.296277212401        6.7431192419292014E-008   1359.7418329136799        7.2962986625144534E-013   8.1160434740536030E-015
   8.9907063357675554        671189.46162087924        52784.910257278432        6.3527356903951223E-008   1340.1151042795775        6.8485350726970928E-013   7.3945038181343383E-015
   9.1312327697609774        639263.98258855252        53728.268473755270        5.9857441788813623E-008   1320.8172647740705        6.4281925928252971E-013   6.7463065923395220E-015
   9.2742301239191445        608936.40921161091        54678.122835769173        5.6407136109240165E-008   1301.8408104891125        6.0336733406132049E-013   6.1634411974594794E-015
   9.4197418452027968        580123.70030709892        55634.223365396254        5.3163015771155980E-008   1283.1787023203601        5.6634583037989437E-013   5.6387306604833949E-015
   9.5678121445141500        552747.19917211705        56596.317701929336        5.0112488684945545E-008   1264.8243685406246        5.3161051740019926E-013   5.1657672610987744E-015
   9.7184860101295154        526732.41442449228        57564.150519131457        4.7243743172645759E-008   1246.7716983421999        4.9902461271867049E-013   4.7388474936522191E-015
   9.8718092213681121        502008.80924461677        58537.462870194031        4.4545699475760712E-008   1229.0150280449595        4.6845855273978574E-013   4.3529081007683816E-015
   10.027828362501229        478509.59895316715        59515.991474270384        4.2007964197603949E-008   1211.5491216222249        4.3978975446961889E-013   4.0034637609851649E-015
   10.186590836905935        456171.55687009066        60499.467957340705        3.9620787519986885E-008   1194.3691470463384        4.1290236891391034E-013   3.6865479690040263E-015
   10.348144881467684        434934.82838815177        61487.618058004751        3.7375023040635062E-008   1177.4706497937659        3.8768702706208068E-013   3.3986574565424514E-015
   10.512539581236142        414742.75317779317        62480.160807798631        3.5262090083609971E-008   1160.8495246340260        3.6404057995122275E-013   3.1367006815134487E-015
   10.679824884338730        395541.69541524787        63476.807693790193        3.3273938341381016E-008   1144.5019867216863        3.4186583468304304E-013   2.8979505656503274E-015
   10.850051617156396        377280.88190160325        64477.261810027027        3.1403014713277906E-008   1128.4245426984387        3.2107128830024802E-013   2.6800015590078081E-015
   11.023271499766199        359912.24791343760        65481.217002871985        2.9642232211219689E-008   1112.6139624965394        3.0157086154505976E-013   2.4807309514590371E-015
   11.199537161655478        343390.29060126236        66488.357014315974        2.7984940809781404E-008   1097.0672522696402        2.8328363434158058E-013   2.2982643021546351E-015
   11.378902157712268        327671.92972914153        67498.354626203989        2.6424900123623524E-008   1081.7816287978853        2.6613358471527668E-013   2.1309446771301164E-015
   11.561420984496927        312716.37552937941        68510.870807599582        2.4956253801348318E-008   1066.7544956194447        2.5004933267422705E-013   1.9773054726228538E-015
   11.747149096799845        298485.00342953874        69525.553866881688        2.3573505530605520E-008   1051.9834210227275        2.3496389032605960E-013   1.8360465163527164E-015
   11.936142924490309        284941.23540013446        70542.038609142546        2.2271496554974247E-008   1037.4661179517911        2.2081441930058270E-013   1.7060131200316743E-015
   12.128459889661618        272050.42765026959        71559.945500660993        2.1045384608811549E-008   1023.2004258975284        2.0754199631437893E-013   1.5861777842694326E-015
   12.324158424077661        259779.76443059600        72578.879837031564        1.9890624180977141E-008   1009.1842946192410        1.9509138756200818E-013   1.4756242629789065E-015
   12.523297986926277        248098.15758500365        73598.430925879322        1.8802948025527415E-008   995.41576997847073        1.8341083227224398E-013   1.3735343540629451E-015
   12.725939082884775        236976.15188095186        74618.171241189237        1.7778349836144998E-008   981.89298062031571        1.7245183609389109E-013   1.2791815305380023E-015
   12.932143280503086        226385.83517325635        75637.655633058966        1.6813068021564858E-008   968.61412819828831        1.6216897359177092E-013   1.1918984094287884E-015
   13.141973230910187        216300.75387695644        76656.420578360689        1.5903570492230175E-008   955.57747746185100        1.5251970094845039E-013   1.1110925771421518E-015
   13.355492686849413        206695.83321186856        77673.983324771383        1.5046540419629378E-008   942.78134848858303        1.4346417823389957E-013   1.0362297112940330E-015
   13.572766522048488        197547.30185923682        78689.841131118228        1.4238862884571939E-008   930.22411007145263        1.3496510111474614E-013   9.6682680344724974E-016
   13.793860750930149        188832.62089910626        79703.470482136749        1.3477612369655675E-008   917.90417443576098        1.2698754185284922E-013   9.0244628203953635E-016
   14.018842548669342        180530.41675643055        80714.326330733747        1.2760041037188566E-008   905.81999303674172        1.1949879929752283E-013   8.4269091005751410E-016
   14.247780271603080        172620.41794808101        81721.841348176065        1.2083567744366407E-008   893.97005338636529        1.1246825757800454E-013   7.8719934903043637E-016
   14.480743477999200        165083.39540931417        82725.425194549258        1.1445767747853987E-008   882.35287678191185        1.0586725314559105E-013   7.3564229547635409E-016
   14.717802949190276        157901.10619744673        83724.463809312627        1.0844363054057685E-008   870.96701684878769        9.9668949813837945E-014   6.8771910901821599E-016
   14.959030711079151        151056.24037665979        84718.318728337705        1.0277213373757609E-008   859.81105880150483        9.3848221428746505E-014   6.4315486280488845E-016
   15.204500056022610        144532.37089932998        85706.326432298694        9.7423076426092969E-009   848.88361933744056        8.8381541791773182E-014   6.0169775683190424E-016
   15.454285565099829        138313.90630842964        86687.797733376196        9.2377560713978891E-009   838.18334707902693        8.3246881468879748E-014   5.6311684339804088E-016
   15.708463130772389        132386.04609508222        87662.017208003934        8.7617826923361993E-009   827.70892348358564        7.8423611108126320E-014   5.2720002138126238E-016
   15.967109979942707        126734.73855473759        88628.242684798097        8.3127183698200235E-009   817.45906414789840        7.3892410913790771E-014   4.9375226239581630E-016
   16.230304697417949        121346.64099404639        89585.704798083767        7.8889942461229592E-009   807.43252043205609        6.9635185917491942E-014   4.6259403736286388E-016
   16.498127249786481        116209.08214925799        90533.606619024431        7.4891355943996137E-009   797.62808133197927        6.5634986710430882E-014   4.3355991668484395E-016
   16.770659009714151        111310.02668500622        91471.123377724725        7.1117560531768643E-009   788.04457553463760        6.1875935310288204E-014   4.0649732163030234E-016
   17.047982780667805        106638.04165011259        92397.402291535647        6.7555522181412080E-009   778.68087358610114        5.8343155845048388E-014   3.8126540607509393E-016
   17.330182822073503        102182.26477447018        93311.562516320919        6.4192985686331436E-009   769.53589011042925        5.5022709761163488E-014   3.5773405183410393E-016
   17.617344874917091        97932.374498256890        94212.695239173481        6.1018427076813250E-009   760.60858601137511        5.1901535267229011E-014   3.3578296863432451E-016
   17.909556187794941        93878.561631211036        95099.863932759748        5.8021008958052880E-009   751.89797059711270        4.8967390744883369E-014   3.1530087853783202E-016
   18.206905543422746        90011.502546192190        95972.104793235121        5.5190538600654847E-009   743.40310356264615        4.6208801874316220E-014   2.9618477933236053E-016
   18.509483285610397        86322.333817220249        96828.427385024173        5.2517428610559112E-009   735.12309676991754        4.3615012230555117E-014   2.7833927677312831E-016
   18.817381346711212        82802.628217944453        97667.815517289840        4.9992660016397518E-009   727.05711576268038        4.1175937127720279E-014   2.6167597793330126E-016
   19.130693275553778        79444.372001881362        98489.228377859035        4.7607747622881052E-009   719.20438095886584        3.8882120494079025E-014   2.4611293896775444E-016
   19.449514265864938        76239.943390900997        99291.601951286095        4.5354707488552946E-009   711.56416845903323        3.6724694583096106E-014   2.3157416148481882E-016
   19.773941185192562        73182.092203324471        100073.85074791931        4.3226026395500039E-009   704.13581041704424        3.4695342327956387E-014   2.1798913246925679E-016
   20.104072604336857        70263.920557675578        100834.86987062838        4.1214633187320498E-009   696.91869491753482        3.2786262169603463E-014   2.0529240334373860E-016
   20.440008827299181        67478.864592443380        101573.53744488007        3.9313871859619608E-009   689.91226531024938        3.0990135188896843E-014   1.9342320429986737E-016
   20.781851921757479        64820.677146383860        102288.71743627444        3.7517476295091589E-009   683.11601895700289        2.9300094393764182E-014   1.8232509049567128E-016
   21.129705750077530        62283.411347936897        102979.26287671304        3.5819546542209375E-009   676.52950534860543        2.7709696017026342E-014   1.7194561711904116E-016
   21.483676000869529        59861.405066133899        103644.01951687297        3.4214526543532704E-009   670.15232356168303        2.6212892691396928E-014   1.6223604065600726E-016
   21.843870221099497        57549.266178293976        104281.82991757053        3.2697183225527655E-009   663.98411903096326        2.4804008376150750E-014   1.5315104400164810E-016
   22.210397848765343        55341.858615091522        104891.53798745961        3.1262586868278654E-009   658.02457961525761        2.3477714923682301E-014   1.4464848330816302E-016
   22.583370246147449        53234.289141075460        105471.99396370647        2.9906092677980879E-009   652.27343098526728        2.2229010171804169E-014   1.3668915467918303E-016
   22.962900733643963        51221.894848189237        106022.05983392763        2.8623323492670165E-009   646.73043124494336        2.1053197471990447E-014   1.2923657904184060E-016
   23.349104624200962        49300.231292541815        106540.61515869630        2.7410153549895335E-009   641.39536513055839        1.9945866531949232E-014   1.2225680360661289E-016
   23.742099258348059        47465.061358388826        107026.56332431668        2.6262693267319794E-009   636.26803680829426        1.8902875569370560E-014   1.1571821874619681E-016
   24.142004039850040        45712.344476466795        107478.83801751814        2.5177274943259895E-009   631.34826460030399        1.7920334445459704E-014   1.0959138845662602E-016
   24.548940471985365        44038.227218173008        107896.41032381562        2.4150439416486439E-009   626.63586725941627        1.6994589442139280E-014   1.0384901837958926E-016
   24.963032194462574        42439.032075700947        108278.29512325689        2.3178923386803217E-009   622.13067510907376        1.6122207419752451E-014   9.8465512905826591E-017
   25.384405020985806        40911.253970940808        108623.56013361763        2.2259647998281995E-009   617.83246071772351        1.5299965811349044E-014   9.3416964911227635E-017
   25.813186977480850        39451.535473812459        108931.32847297101        2.1389706955065485E-009   613.74112455343925        1.4524828886222869E-014   8.8681175328094588E-017
   26.249508340993309        38056.708698424474        109200.79781775683        2.0566358405847564E-009   609.85606903029145        1.3793968650633921E-014   8.4237499918115383E-017
   26.693501679270760        36723.636894238109        109431.21858008363        1.9787009970570325E-009   606.17815033190072        1.3104655317199418E-014   8.0066533642909576E-017
   27.145301891040880        35449.665396160235        109621.96716365268        1.9049222007826873E-009   602.70345076788783        1.2454541362019663E-014   7.6150632944409141E-017
   27.605046246997787        34231.225460912712        109772.42367911486        1.8350671990712427E-009   599.44296705080558        1.1840769603928935E-014   7.2471990200129028E-017
   28.072874431509074        33068.038552853628        109882.19121705486        1.7689194699614487E-009   596.36020103833425        1.1262603301878715E-014   6.9017964606786483E-017
   28.548928585056196        31951.526105602497        109951.21697149523        1.7062686452647090E-009   593.54884363020881        1.0714235512945698E-014   6.5766379503542178E-017
   29.031224061195065        30905.202738398410        109978.61467458219        1.6471485796918826E-009   590.66209410214219        1.0208730424693979E-014   6.2742102120774842E-017
   29.515612030597531        29866.746077109103        109978.61467458219        1.5918021569813453E-009   588.83660756682468        9.7073413607252277E-015   5.9869797697499104E-017
   30.000000000000000        28895.057473684294        109978.61467458219        1.5400142584653005E-009   587.07851344830681        9.2452211653320913E-015   5.7211867676082252E-017
