# lambda[A]  T_theo  T_instr  T_rot+instr  (H-beta 4861.35)
4.859758179973713595e+03 9.999999999993808286e-01 9.999999999993754995e-01 9.999999999993753885e-01
4.859774098173977109e+03 9.999999999993681721e-01 9.999999999993668398e-01 9.999999999993667288e-01
4.859790016374239713e+03 9.999999999993551825e-01 9.999999999993548494e-01 9.999999999993548494e-01
4.859805934574502317e+03 9.999999999993415267e-01 9.999999999993414157e-01 9.999999999993414157e-01
4.859821852774764920e+03 9.999999999993277600e-01 9.999999999993274269e-01 9.999999999993276489e-01
4.859837770975028434e+03 9.999999999993134381e-01 9.999999999993132160e-01 9.999999999993133271e-01
4.859853689175291038e+03 9.999999999992986721e-01 9.999999999992984501e-01 9.999999999992985611e-01
4.859869607375554551e+03 9.999999999992834621e-01 9.999999999992831290e-01 9.999999999992833510e-01
4.859885525575816246e+03 9.999999999992675859e-01 9.999999999992674748e-01 9.999999999992674748e-01
4.859901443776079759e+03 9.999999999992514876e-01 9.999999999992511546e-01 9.999999999992509325e-01
4.859917361976342363e+03 9.999999999992347233e-01 9.999999999992345012e-01 9.999999999992341682e-01
4.859933280176605876e+03 9.999999999992171817e-01 9.999999999992168487e-01 9.999999999992167377e-01
4.859949198376868480e+03 9.999999999991994182e-01 9.999999999991989741e-01 9.999999999991986410e-01
4.859965116577131084e+03 9.999999999991807664e-01 9.999999999991805444e-01 9.999999999991799893e-01
4.859981034777393688e+03 9.999999999991615596e-01 9.999999999991611155e-01 9.999999999991607824e-01
4.859996952977657202e+03 9.999999999991415756e-01 9.999999999991412425e-01 9.999999999991407984e-01
4.860012871177919806e+03 9.999999999991205923e-01 9.999999999991203703e-01 9.999999999991198152e-01
4.860028789378183319e+03 9.999999999990993871e-01 9.999999999990990540e-01 9.999999999990987209e-01
4.860044707578445013e+03 9.999999999990772936e-01 9.999999999990767385e-01 9.999999999990764055e-01
4.860060625778708527e+03 9.999999999990539790e-01 9.999999999990536459e-01 9.999999999990535349e-01
4.860076543978971131e+03 9.999999999990298871e-01 9.999999999990294430e-01 9.999999999990294430e-01
4.860092462179234644e+03 9.999999999990049071e-01 9.999999999990044630e-01 9.999999999990044630e-01
4.860108380379496339e+03 9.999999999989793720e-01 9.999999999989787058e-01 9.999999999989787058e-01
4.860124298579759852e+03 9.999999999989523936e-01 9.999999999989518384e-01 9.999999999989518384e-01
4.860140216780022456e+03 9.999999999989245270e-01 9.999999999989238608e-01 9.999999999989237498e-01
4.860156134980285970e+03 9.999999999988954391e-01 9.999999999988947730e-01 9.999999999988947730e-01
4.860172053180548573e+03 9.999999999988652410e-01 9.999999999988646859e-01 9.999999999988644639e-01
4.860187971380810268e+03 9.999999999988337107e-01 9.999999999988329336e-01 9.999999999988327115e-01
4.860203889581073781e+03 9.999999999988009591e-01 9.999999999988000710e-01 9.999999999988000710e-01
4.860219807781337295e+03 9.999999999987664312e-01 9.999999999987656540e-01 9.999999999987658761e-01
4.860235725981599899e+03 9.999999999987309041e-01 9.999999999987300159e-01 9.999999999987300159e-01
4.860251644181863412e+03 9.999999999986934895e-01 9.999999999986926014e-01 9.999999999986926014e-01
4.860267562382125107e+03 9.999999999986541876e-01 9.999999999986535215e-01 9.999999999986535215e-01
4.860283480582388620e+03 9.999999999986136645e-01 9.999999999986125543e-01 9.999999999986125543e-01
4.860299398782651224e+03 9.999999999985709209e-01 9.999999999985698107e-01 9.999999999985695887e-01
4.860315316982914737e+03 9.999999999985260679e-01 9.999999999985248467e-01 9.999999999985248467e-01
4.860331235183177341e+03 9.999999999984792165e-01 9.999999999984779953e-01 9.999999999984778842e-01
4.860347153383439036e+03 9.999999999984301446e-01 9.999999999984285903e-01 9.999999999984287014e-01
4.860363071583702549e+03 9.999999999983784083e-01 9.999999999983768539e-01 9.999999999983768539e-01
4.860378989783966063e+03 9.999999999983244514e-01 9.999999999983227861e-01 9.999999999983226751e-01
4.860394907984228666e+03 9.999999999982672749e-01 9.999999999982656096e-01 9.999999999982658316e-01
4.860410826184492180e+03 9.999999999982074339e-01 9.999999999982054355e-01 9.999999999982054355e-01
4.860426744384753874e+03 9.999999999981440402e-01 9.999999999981421528e-01 9.999999999981424859e-01
4.860442662585016478e+03 9.999999999980777599e-01 9.999999999980755394e-01 9.999999999980755394e-01
4.860458580785279992e+03 9.999999999980074827e-01 9.999999999980051513e-01 9.999999999980050402e-01
4.860474498985543505e+03 9.999999999979335419e-01 9.999999999979309884e-01 9.999999999979308773e-01
4.860490417185806109e+03 9.999999999978548271e-01 9.999999999978522736e-01 9.999999999978521625e-01
4.860506335386067803e+03 9.999999999977722265e-01 9.999999999977692289e-01 9.999999999977688958e-01
4.860522253586331317e+03 9.999999999976841858e-01 9.999999999976807441e-01 9.999999999976804110e-01
4.860538171786593921e+03 9.999999999975908160e-01 9.999999999975871523e-01 9.999999999975871523e-01
4.860554089986857434e+03 9.999999999974911180e-01 9.999999999974868992e-01 9.999999999974870102e-01
4.860570008187120948e+03 9.999999999973848697e-01 9.999999999973798737e-01 9.999999999973797626e-01
4.860585926387382642e+03 9.999999999972705167e-01 9.999999999972642994e-01 9.999999999972640774e-01
4.860601844587645246e+03 9.999999999971466158e-01 9.999999999971382891e-01 9.999999999971381781e-01
4.860617762787908759e+03 9.999999999970096143e-01 9.999999999969977349e-01 9.999999999969971798e-01
4.860633680988171363e+03 9.999999999968545161e-01 9.999999999968358644e-01 9.999999999968354203e-01
4.860649599188434877e+03 9.999999999966716624e-01 9.999999999966416864e-01 9.999999999966410202e-01
4.860665517388696571e+03 9.999999999964451769e-01 9.999999999963944397e-01 9.999999999963933295e-01
4.860681435588960085e+03 9.999999999961441954e-01 9.999999999960564878e-01 9.999999999960546004e-01
4.860697353789222689e+03 9.999999999957152053e-01 9.999999999955633267e-01 9.999999999955595520e-01
4.860713271989486202e+03 9.999999999950641705e-01 9.999999999948003815e-01 9.999999999947937201e-01
4.860729190189747897e+03 9.999999999940262230e-01 9.999999999935724748e-01 9.999999999935608175e-01
4.860745108390011410e+03 9.999999999923205873e-01 9.999999999915469839e-01 9.999999999915275550e-01
4.860761026590274014e+03 9.999999999894735314e-01 9.999999999881701296e-01 9.999999999881374890e-01
4.860776944790537527e+03 9.999999999846962417e-01 9.999999999825314179e-01 9.999999999824769059e-01
4.860792862990800131e+03 9.999999999767017478e-01 9.999999999731563616e-01 9.999999999730677658e-01
4.860808781191062735e+03 9.999999999634191505e-01 9.999999999576989484e-01 9.999999999575559517e-01
4.860824699391325339e+03 9.999999999415739582e-01 9.999999999324834521e-01 9.999999999322567446e-01
4.860840617591588853e+03 9.999999999060743550e-01 9.999999998918492894e-01 9.999999998914940180e-01
4.860856535791851456e+03 9.999999998491347908e-01 9.999999998272171009e-01 9.999999998266697609e-01
4.860872453992114970e+03 9.999999997590517387e-01 9.999999997258091078e-01 9.999999997249782169e-01
4.860888372192376664e+03 9.999999996185401363e-01 9.999999995689106136e-01 9.999999995676678299e-01
4.860904290392640178e+03 9.999999994025077221e-01 9.999999993295834999e-01 9.999999993277527421e-01
4.860920208592902782e+03 9.999999990751774481e-01 9.999999989697265779e-01 9.999999989670700362e-01
4.860936126793166295e+03 9.999999985864437280e-01 9.999999984364017491e-01 9.999999984326044533e-01
4.860952044993428899e+03 9.999999978674207757e-01 9.999999976573755722e-01 9.999999976520285161e-01
4.860967963193691503e+03 9.999999968251549465e-01 9.999999965358974396e-01 9.999999965284799286e-01
4.860983881393954107e+03 9.999999953366067729e-01 9.999999949448147296e-01 9.999999949346770611e-01
4.860999799594217620e+03 9.999999932420956528e-01 9.999999927202517513e-01 9.999999927065992278e-01
4.861015717794480224e+03 9.999999903385745625e-01 9.999999896552300704e-01 9.999999896371124519e-01
4.861031635994743738e+03 9.999999863732800254e-01 9.999999854937766663e-01 9.999999854700770685e-01
4.861047554195005432e+03 9.999999810384728738e-01 9.999999799262307976e-01 9.999999798956578090e-01
4.861063472395268946e+03 9.999999739681859623e-01 9.999999725866046685e-01 9.999999725476831358e-01
4.861079390595531549e+03 9.999999647379668177e-01 9.999999630529230465e-01 9.999999630039644316e-01
4.861095308795795063e+03 9.999999528686019934e-01 9.999999508513873758e-01 9.999999507904342444e-01
4.861111226996057667e+03 9.999999378345768575e-01 9.999999354649736771e-01 9.999999353896862342e-01
4.861127145196320271e+03 9.999999190775388236e-01 9.999999163465402852e-01 9.999999162540409436e-01
4.861143063396582875e+03 9.999998960243238200e-01 9.999998929355050636e-01 9.999998928222203487e-01
4.861158981596846388e+03 9.999998681081128105e-01 9.999998646737161545e-01 9.999998645352482507e-01
4.861174899797108992e+03 9.999998347884934136e-01 9.999998310008858526e-01 9.999998308315545259e-01
4.861190817997372505e+03 9.999997955508402869e-01 9.999997912426669133e-01 9.999997910322644401e-01
4.861206736197634200e+03 9.999997497863196694e-01 9.999997440345980149e-01 9.999997437523590049e-01
4.861222654397897713e+03 9.999996961100011683e-01 9.999996849554072531e-01 9.999996844897156567e-01
4.861238572598160317e+03 9.999996293500609257e-01 9.999995980921871919e-01 9.999995970796020650e-01
4.861254490798423831e+03 9.999995287147492862e-01 9.999994310769474426e-01 9.999994286031820279e-01
4.861270408998686435e+03 9.999993160114992730e-01 9.999990416860284892e-01 9.999990362953159462e-01
4.861286327198949039e+03 9.999987382514026191e-01 9.999981457251519990e-01 9.999981369829248345e-01
4.861302245399211643e+03 9.999972068408815584e-01 9.999964141706064735e-01 9.999964059749381073e-01
4.861318163599475156e+03 9.999941203868503159e-01 9.999938858698995681e-01 9.999938868153361859e-01
4.861334081799737760e+03 9.999902970315412976e-01 9.999914158178763168e-01 9.999914311752610141e-01
4.861350000000000364e+03 9.999884617987714330e-01 9.999903626132897738e-01 9.999903852717216823e-01
4.861365918200262968e+03 9.999902970096877786e-01 9.999914157783109658e-01 9.999914311356686847e-01
4.861381836400526481e+03 9.999941202875213264e-01 9.999938857902587186e-01 9.999938867357859307e-01
4.861397754600789085e+03 9.999972067073845672e-01 9.999964140705935867e-01 9.999964058750402396e-01
4.861413672801052599e+03 9.999987381542952969e-01 9.999981456359408050e-01 9.999981368936645687e-01
4.861429591001314293e+03 9.999993159576198165e-01 9.999990416232606982e-01 9.999990362323626369e-01
4.861445509201577806e+03 9.999995286829761465e-01 9.999994310362297911e-01 9.999994285622871848e-01
4.861461427401840410e+03 9.999996293251279811e-01 9.999995980626363856e-01 9.999995970499507836e-01
4.861477345602103924e+03 9.999996960853927419e-01 9.999996849291951095e-01 9.999996844634642112e-01
4.861493263802366528e+03 9.999997497601439411e-01 9.999997440082226685e-01 9.999997437259727784e-01
4.861509182002629132e+03 9.999997955230897073e-01 9.999997912152476243e-01 9.999997910048434857e-01
4.861525100202891736e+03 9.999998347598141324e-01 9.999998309726952916e-01 9.999998308033624106e-01
4.861541018403155249e+03 9.999998680793212857e-01 9.999998646454204554e-01 9.999998645069506642e-01
4.861556936603417853e+03 9.999998959962207445e-01 9.999998929078425247e-01 9.999998927945545901e-01
4.861572854803681366e+03 9.999999190508274127e-01 9.999999163201835906e-01 9.999999162276803633e-01
4.861588773003943061e+03 9.999999378098197722e-01 9.999999354404710550e-01 9.999999353651788381e-01
4.861604691204206574e+03 9.999999528462001352e-01 9.999999508291376182e-01 9.999999507681787136e-01
4.861620609404469178e+03 9.999999647181566642e-01 9.999999630331685152e-01 9.999999629842034610e-01
4.861636527604732692e+03 9.999999739510501140e-01 9.999999725694419528e-01 9.999999725305125375e-01
4.861652445804995295e+03 9.999999810239619258e-01 9.999999799116278121e-01 9.999999798810471630e-01
4.861668364005257899e+03 9.999999863612427653e-01 9.999999854816017386e-01 9.999999854578942582e-01
4.861684282205520503e+03 9.999999903287872804e-01 9.999999896452766990e-01 9.999999896271520861e-01
4.861700200405784017e+03 9.999999932342914510e-01 9.999999927122699139e-01 9.999999926986109511e-01
4.861716118606046621e+03 9.999999953305014344e-01 9.999999949385331988e-01 9.999999949283888689e-01
4.861732036806310134e+03 9.999999968204673628e-01 9.999999965310437666e-01 9.999999965236207045e-01
4.861747955006571829e+03 9.999999978638871578e-01 9.999999976536922963e-01 9.999999976483407993e-01
4.861763873206835342e+03 9.999999985838274874e-01 9.999999984336559455e-01 9.999999984298550970e-01
4.861779791407097946e+03 9.999999990732744148e-01 9.999999989677154089e-01 9.999999989650558696e-01
4.861795709607361459e+03 9.999999994011479210e-01 9.999999993281351029e-01 9.999999993263020137e-01
4.861811627807624063e+03 9.999999996175850114e-01 9.999999995678852116e-01 9.999999995666405406e-01
4.861827546007886667e+03 9.999999997583918221e-01 9.999999997250955674e-01 9.999999997242627892e-01
4.861843464208149271e+03 9.999999998486863717e-01 9.999999998267283807e-01 9.999999998261797085e-01
4.861859382408412785e+03 9.999999999057748168e-01 9.999999998915196642e-01 9.999999998911636157e-01
4.861875300608675389e+03 9.999999999413766716e-01 9.999999999322649602e-01 9.999999999320373645e-01
4.861891218808938902e+03 9.999999999632912528e-01 9.999999999575556187e-01 9.999999999574123999e-01
4.861907137009200596e+03 9.999999999766198133e-01 9.999999999730639910e-01 9.999999999729749511e-01
4.861923055209464110e+03 9.999999999846442833e-01 9.999999999824723540e-01 9.999999999824178420e-01
4.861938973409726714e+03 9.999999999894408909e-01 9.999999999881329371e-01 9.999999999881000745e-01
4.861954891609990227e+03 9.999999999923000482e-01 9.999999999915234472e-01 9.999999999915037963e-01
4.861970809810252831e+03 9.999999999940132334e-01 9.999999999935572648e-01 9.999999999935459405e-01
4.861986728010515435e+03 9.999999999950556218e-01 9.999999999947907225e-01 9.999999999947839502e-01
4.862002646210778039e+03 9.999999999957095431e-01 9.999999999955568875e-01 9.999999999955531127e-01
4.862018564411041552e+03 9.999999999961401986e-01 9.999999999960521579e-01 9.999999999960499375e-01
4.862034482611304156e+03 9.999999999964421793e-01 9.999999999963911090e-01 9.999999999963899988e-01
4.862050400811565851e+03 9.999999999966692199e-01 9.999999999966391329e-01 9.999999999966382447e-01
4.862066319011829364e+03 9.999999999968524067e-01 9.999999999968336439e-01 9.999999999968331998e-01
4.862082237212092878e+03 9.999999999970077269e-01 9.999999999969952924e-01 9.999999999969949593e-01
4.862098155412355482e+03 9.999999999971445064e-01 9.999999999971362907e-01 9.999999999971360687e-01
4.862114073612618995e+03 9.999999999972688514e-01 9.999999999972625231e-01 9.999999999972625231e-01
4.862129991812880689e+03 9.999999999973832043e-01 9.999999999973783193e-01 9.999999999973782083e-01
4.862145910013143293e+03 9.999999999974894527e-01 9.999999999974853448e-01 9.999999999974853448e-01
4.862161828213406807e+03 9.999999999975892617e-01 9.999999999975853759e-01 9.999999999975852649e-01
4.862177746413670320e+03 9.999999999976826315e-01 9.999999999976795229e-01 9.999999999976791898e-01
4.862193664613932924e+03 9.999999999977705611e-01 9.999999999977674525e-01 9.999999999977673415e-01
4.862209582814194619e+03 9.999999999978534948e-01 9.999999999978506082e-01 9.999999999978503862e-01
4.862225501014458132e+03 9.999999999979318765e-01 9.999999999979293230e-01 9.999999999979293230e-01
4.862241419214720736e+03 9.999999999980061505e-01 9.999999999980037080e-01 9.999999999980037080e-01
4.862257337414984249e+03 9.999999999980762055e-01 9.999999999980739851e-01 9.999999999980739851e-01
4.862273255615247763e+03 9.999999999981425969e-01 9.999999999981405985e-01 9.999999999981409315e-01
4.862289173815509457e+03 9.999999999982058796e-01 9.999999999982038812e-01 9.999999999982039922e-01
4.862305092015772061e+03 9.999999999982658316e-01 9.999999999982641663e-01 9.999999999982643883e-01
4.862321010216035575e+03 9.999999999983232302e-01 9.999999999983215648e-01 9.999999999983214538e-01
4.862336928416298178e+03 9.999999999983771870e-01 9.999999999983759658e-01 9.999999999983759658e-01
4.862352846616561692e+03 9.999999999984289234e-01 9.999999999984274801e-01 9.999999999984274801e-01
4.862368764816823386e+03 9.999999999984779953e-01 9.999999999984766630e-01 9.999999999984766630e-01
4.862384683017086900e+03 9.999999999985248467e-01 9.999999999985234034e-01 9.999999999985234034e-01
4.862400601217349504e+03 9.999999999985695887e-01 9.999999999985684784e-01 9.999999999985684784e-01
4.862416519417613017e+03 9.999999999986123322e-01 9.999999999986112220e-01 9.999999999986112220e-01
4.862432437617875621e+03 9.999999999986529664e-01 9.999999999986520782e-01 9.999999999986523003e-01
4.862448355818138225e+03 9.999999999986921573e-01 9.999999999986911581e-01 9.999999999986913801e-01
4.862464274018400829e+03 9.999999999987296828e-01 9.999999999987287946e-01 9.999999999987287946e-01
4.862480192218664342e+03 9.999999999987654320e-01 9.999999999987645438e-01 9.999999999987645438e-01
4.862496110418926946e+03 9.999999999987999599e-01 9.999999999987989607e-01 9.999999999987989607e-01
4.862512028619190460e+03 9.999999999988327115e-01 9.999999999988321564e-01 9.999999999988319344e-01
4.862527946819452154e+03 9.999999999988642418e-01 9.999999999988635757e-01 9.999999999988633537e-01
4.862543865019715668e+03 9.999999999988943289e-01 9.999999999988936628e-01 9.999999999988935517e-01
4.862559783219978272e+03 9.999999999989234167e-01 9.999999999989227506e-01 9.999999999989226396e-01
4.862575701420241785e+03 9.999999999989513944e-01 9.999999999989507282e-01 9.999999999989507282e-01
4.862591619620504389e+03 9.999999999989782618e-01 9.999999999989775956e-01 9.999999999989775956e-01
4.862607537820766993e+03 9.999999999990040189e-01 9.999999999990035748e-01 9.999999999990035748e-01
4.862623456021029597e+03 9.999999999990289989e-01 9.999999999990285549e-01 9.999999999990283328e-01
4.862639374221293110e+03 9.999999999990528687e-01 9.999999999990524246e-01 9.999999999990522026e-01
4.862655292421555714e+03 9.999999999990759614e-01 9.999999999990755173e-01 9.999999999990751842e-01
4.862671210621818318e+03 9.999999999990984989e-01 9.999999999990978328e-01 9.999999999990974997e-01
4.862687128822080922e+03 9.999999999991197042e-01 9.999999999991194821e-01 9.999999999991191491e-01
4.862703047022344435e+03 9.999999999991405764e-01 9.999999999991402433e-01 9.999999999991396882e-01
4.862718965222607039e+03 9.999999999991605604e-01 9.999999999991601163e-01 9.999999999991597832e-01
4.862734883422870553e+03 9.999999999991797672e-01 9.999999999991796562e-01 9.999999999991792121e-01
4.862750801623132247e+03 9.999999999991981969e-01 9.999999999991979749e-01 9.999999999991978639e-01
4.862766719823395761e+03 9.999999999992164046e-01 9.999999999992159605e-01 9.999999999992157385e-01
4.862782638023658365e+03 9.999999999992338351e-01 9.999999999992333910e-01 9.999999999992331690e-01
4.862798556223921878e+03 9.999999999992504884e-01 9.999999999992501554e-01 9.999999999992500443e-01
4.862814474424184482e+03 9.999999999992668087e-01 9.999999999992666977e-01 9.999999999992661426e-01
4.862830392624447086e+03 9.999999999992825739e-01 9.999999999992822408e-01 9.999999999992822408e-01
4.862846310824709690e+03 9.999999999992977839e-01 9.999999999992974509e-01 9.999999999992974509e-01
4.862862229024973203e+03 9.999999999993126609e-01 9.999999999993123279e-01 9.999999999993123279e-01
4.862878147225235807e+03 9.999999999993270938e-01 9.999999999993268718e-01 9.999999999993268718e-01
4.862894065425499321e+03 9.999999999993408606e-01 9.999999999993406385e-01 9.999999999993406385e-01
4.862909983625761015e+03 9.999999999993544053e-01 9.999999999993539612e-01 9.999999999993539612e-01
4.862925901826024528e+03 9.999999999993672839e-01 9.999999999993660627e-01 9.999999999993660627e-01
4.862941820026287132e+03 9.999999999993801625e-01 9.999999999993749444e-01 9.999999999993747224e-01
