# lambda[A]  T_theo  T_instr  T_rot+instr  (Ly-alpha 1215.67)
1.212226723332014899e+03 9.996036405009622872e-01 9.996033162060316002e-01 9.996033066214532470e-01
1.212246742382410048e+03 9.996008847688130361e-01 9.996008795719925066e-01 9.996008781586255276e-01
1.212266761432805424e+03 9.995980947304717867e-01 9.995980905908300462e-01 9.995980904217489638e-01
1.212286780483200573e+03 9.995952697611406590e-01 9.995952655455154767e-01 9.995952653773459984e-01
1.212306799533595949e+03 9.995924092188565035e-01 9.995924049250425325e-01 9.995924047532448453e-01
1.212326818583991098e+03 9.995895124438349821e-01 9.995895080696395318e-01 9.995895078941068324e-01
1.212346837634386247e+03 9.995865787577888906e-01 9.995865743009344495e-01 9.995865741215562705e-01
1.212366856684781851e+03 9.995836074632141743e-01 9.995836029213349683e-01 9.995836027379965127e-01
1.212386875735177000e+03 9.995805978426429705e-01 9.995805932132814098e-01 9.995805930258638838e-01
1.212406894785572149e+03 9.995775491578678951e-01 9.995775444384689123e-01 9.995775442468487482e-01
1.212426913835967525e+03 9.995744606491242523e-01 9.995744558370330823e-01 9.995744556410820492e-01
1.212446932886362674e+03 9.995713315342440453e-01 9.995713266267002295e-01 9.995713264262852116e-01
1.212466951936758051e+03 9.995681610077645773e-01 9.995681560018975231e-01 9.995681557968807418e-01
1.212486970987153200e+03 9.995649482400016383e-01 9.995649431328260670e-01 9.995649429230635263e-01
1.212506990037548348e+03 9.995616923760791694e-01 9.995616871644891210e-01 9.995616869498319401e-01
1.212527009087943952e+03 9.995583925349137422e-01 9.995583872156785787e-01 9.995583869959713263e-01
1.212547028138339101e+03 9.995550478081577372e-01 9.995550423779147042e-01 9.995550421529968421e-01
1.212567047188734250e+03 9.995516572590888993e-01 9.995516517143382407e-01 9.995516514840424582e-01
1.212587066239129626e+03 9.995482199214541508e-01 9.995482142585527807e-01 9.995482140227044399e-01
1.212607085289524775e+03 9.995447347982587827e-01 9.995447290134136242e-01 9.995447287718316476e-01
1.212627104339920152e+03 9.995412008605011334e-01 9.995411949497627901e-01 9.995411947022584398e-01
1.212647123390315301e+03 9.995376170458520892e-01 9.995376110051069629e-01 9.995376107514837294e-01
1.212667142440710450e+03 9.995339822572693045e-01 9.995339760822326003e-01 9.995339758222870907e-01
1.212687161491106053e+03 9.995302953615574637e-01 9.995302890477655300e-01 9.995302887812850257e-01
1.212707180541501202e+03 9.995265551878520505e-01 9.995265487306537189e-01 9.995265484574167303e-01
1.212727199591896351e+03 9.995227605260436077e-01 9.995227539205927547e-01 9.995227536403689106e-01
1.212747218642291728e+03 9.995189101251285013e-01 9.995189033663737233e-01 9.995189030789228823e-01
1.212767237692686876e+03 9.995150026914785268e-01 9.995149957741558122e-01 9.995149954792280633e-01
1.212787256743082253e+03 9.995110368870421258e-01 9.995110298056627540e-01 9.995110295029969727e-01
1.212807275793477402e+03 9.995070113274555634e-01 9.995070040762978891e-01 9.995070037656221817e-01
1.212827294843872551e+03 9.995029245800731710e-01 9.995029171531708556e-01 9.995029168342017822e-01
1.212847313894268154e+03 9.994987751619045513e-01 9.994987675530366822e-01 9.994987672254785904e-01
1.212867332944663303e+03 9.994945615374629666e-01 9.994945537401410673e-01 9.994945534036859813e-01
1.212887351995058452e+03 9.994902821165124740e-01 9.994902741239691801e-01 9.994902737782952462e-01
1.212907371045453829e+03 9.994859352517121431e-01 9.994859270568888787e-01 9.994859267016606985e-01
1.212927390095848978e+03 9.994815192361561351e-01 9.994815108316891239e-01 9.994815104665562000e-01
1.212947409146244354e+03 9.994770323008007606e-01 9.994770236790069262e-01 9.994770233036035512e-01
1.212967428196639503e+03 9.994724726117731883e-01 9.994724637646369425e-01 9.994724633785809775e-01
1.212987447247034652e+03 9.994678382675600270e-01 9.994678291867167275e-01 9.994678287896087143e-01
1.213007466297430256e+03 9.994631272960646795e-01 9.994631179727859749e-01 9.994631175642093579e-01
1.213027485347825404e+03 9.994583376515359108e-01 9.994583280767110889e-01 9.994583276562302165e-01
1.213047504398220553e+03 9.994534672113486451e-01 9.994534573754699780e-01 9.994534569426286597e-01
1.213067523448615930e+03 9.994485137726426549e-01 9.994485036657848598e-01 9.994485032201075869e-01
1.213087542499011079e+03 9.994434750488070396e-01 9.994434646606081829e-01 9.994434642015969095e-01
1.213107561549406455e+03 9.994383486657985038e-01 9.994383379854420157e-01 9.994383375125753810e-01
1.213127580599801604e+03 9.994331321582945460e-01 9.994331211744859056e-01 9.994331206872186790e-01
1.213147599650196753e+03 9.994278229656660129e-01 9.994278116666108769e-01 9.994278111643728479e-01
1.213167618700592357e+03 9.994224184277613610e-01 9.994224068011429152e-01 9.994224062833362288e-01
1.213187637750987506e+03 9.994169157804968506e-01 9.994169038134509409e-01 9.994169032794495422e-01
1.213207656801382882e+03 9.994113121512350206e-01 9.994112998303241735e-01 9.994112992794729200e-01
1.213227675851778031e+03 9.994056045539484456e-01 9.994055918651345571e-01 9.994055912967467759e-01
1.213247694902173180e+03 9.993997898841514571e-01 9.993997768127667047e-01 9.993997762261228601e-01
1.213267713952568556e+03 9.993938649135880592e-01 9.993938514443047039e-01 9.993938508386492892e-01
1.213287733002963705e+03 9.993878262846632721e-01 9.993878124014617947e-01 9.993878117760029989e-01
1.213307752053358854e+03 9.993816705046015825e-01 9.993816561907354901e-01 9.993816555446430883e-01
1.213327771103754458e+03 9.993753939393180685e-01 9.993753791772788109e-01 9.993753785096805009e-01
1.213347790154149607e+03 9.993689928069843242e-01 9.993689775784619922e-01 9.993689768884422842e-01
1.213367809204544983e+03 9.993624631712658690e-01 9.993624474571082272e-01 9.993624467437056680e-01
1.213387828254940132e+03 9.993558009342181636e-01 9.993557847143872408e-01 9.993557839765914164e-01
1.213407847305335281e+03 9.993490018288098131e-01 9.993489850823354947e-01 9.993489843190845878e-01
1.213427866355730657e+03 9.993420614110559708e-01 9.993420441159855949e-01 9.993420433261626101e-01
1.213447885406125806e+03 9.993349750517294128e-01 9.993349571850747015e-01 9.993349563675043568e-01
1.213467904456520955e+03 9.993277379276196415e-01 9.993277194652994133e-01 9.993277186187456973e-01
1.213487923506916559e+03 9.993203450123141485e-01 9.993203259290927010e-01 9.993203250522524339e-01
1.213507942557311708e+03 9.993127910664539870e-01 9.993127713358757047e-01 9.993127704273769840e-01
1.213527961607707084e+03 9.993050706274382300e-01 9.993050502217553088e-01 9.993050492801521800e-01
1.213547980658102233e+03 9.992971779985222458e-01 9.992971568886181988e-01 9.992971559123858816e-01
1.213567999708497382e+03 9.992891072372680483e-01 9.992890853925746608e-01 9.992890843801035539e-01
1.213588018758892758e+03 9.992808521432940960e-01 9.992808295317012757e-01 9.992808284812926267e-01
1.213608037809287907e+03 9.992724062452659206e-01 9.992723828330243308e-01 9.992723817428839084e-01
1.213628056859683056e+03 9.992637627870619710e-01 9.992637385386768933e-01 9.992637374069079925e-01
1.213648075910078660e+03 9.992549147130473930e-01 9.992548895911644857e-01 9.992548884157610445e-01
1.213668094960473809e+03 9.992458546523804719e-01 9.992458286176594262e-01 9.992458273964985871e-01
1.213688114010869185e+03 9.992365749022555921e-01 9.992365479132352402e-01 9.992365466440693567e-01
1.213708133061264334e+03 9.992270674100066641e-01 9.992270394229557651e-01 9.992270381034024096e-01
1.213728152111659483e+03 9.992173237539505593e-01 9.992172947227055957e-01 9.992172933502392329e-01
1.213748171162054859e+03 9.992073351228660805e-01 9.992073049986553990e-01 9.992073035705958395e-01
1.213768190212450008e+03 9.991970922939847899e-01 9.991970610252348672e-01 9.991970595387353882e-01
1.213788209262845157e+03 9.991865856093464782e-01 9.991865531414709789e-01 9.991865515935077768e-01
1.213808228313240761e+03 9.991758049503783878e-01 9.991757712255477930e-01 9.991757696129038857e-01
1.213828247363635910e+03 9.991647397105272166e-01 9.991647046674152488e-01 9.991647029866674856e-01
1.213848266414031286e+03 9.991533787657576049e-01 9.991533423392672253e-01 9.991533405867681905e-01
1.213868285464426435e+03 9.991417104427254836e-01 9.991416725636846907e-01 9.991416707355467164e-01
1.213888304514821584e+03 9.991297224843970204e-01 9.991296830792283368e-01 9.991296811713036297e-01
1.213908323565216961e+03 9.991174020128779087e-01 9.991173610032372254e-01 9.991173590110974390e-01
1.213928342615612110e+03 9.991047354891875454e-01 9.991046927915665510e-01 9.991046907104773611e-01
1.213948361666007713e+03 9.990917086696842198e-01 9.990916641949769694e-01 9.990916620198756481e-01
1.213968380716402862e+03 9.990783065588311196e-01 9.990782602118583045e-01 9.990782579373242989e-01
1.213988399766798011e+03 9.990645133579491022e-01 9.990644650369381319e-01 9.990644626571630882e-01
1.214008418817193387e+03 9.990503124095799770e-01 9.990502620055949912e-01 9.990502595143494480e-01
1.214028437867588536e+03 9.990356861370428554e-01 9.990356335333605564e-01 9.990356309239574184e-01
1.214048456917983685e+03 9.990206159787223816e-01 9.990205610501499134e-01 9.990205583154041502e-01
1.214068475968379062e+03 9.990050823166006788e-01 9.990050249287267814e-01 9.990050220609116849e-01
1.214088495018774211e+03 9.989890643984726815e-01 9.989890044068484576e-01 9.989890013976467920e-01
1.214108514069169814e+03 9.989725402532464438e-01 9.989724775024889647e-01 9.989724743429382325e-01
1.214128533119564963e+03 9.989554865986784993e-01 9.989554209214859259e-01 9.989554176019209697e-01
1.214148552169960112e+03 9.989378787408008664e-01 9.989378099568747560e-01 9.989378064668618107e-01
1.214168571220355489e+03 9.989196904642582142e-01 9.989196183791211325e-01 9.989196147073855503e-01
1.214188590270750638e+03 9.989008939126593489e-01 9.989008183163564647e-01 9.989008144507041109e-01
1.214208609321145786e+03 9.988814594579792372e-01 9.988813801236526846e-01 9.988813760508795658e-01
1.214228628371541163e+03 9.988613555579266556e-01 9.988612722402476773e-01 9.988612679460433519e-01
1.214248647421936312e+03 9.988405486000860867e-01 9.988404610335286371e-01 9.988404565023663029e-01
1.214268666472331915e+03 9.988190027314894914e-01 9.988189106284298679e-01 9.988189058434479017e-01
1.214288685522727064e+03 9.987966796721559071e-01 9.987965827207723191e-01 9.987965776636367199e-01
1.214308704573122213e+03 9.987735385109048902e-01 9.987734363728588693e-01 9.987734310236121571e-01
1.214328723623517590e+03 9.987495354816038340e-01 9.987494277894695127e-01 9.987494221263647498e-01
1.214348742673912739e+03 9.987246237177315189e-01 9.987245100721469093e-01 9.987245040714582967e-01
1.214368761724307888e+03 9.986987529828932342e-01 9.986986329493902081e-01 9.986986265852018096e-01
1.214388780774703264e+03 9.986718693745948450e-01 9.986717424800678478e-01 9.986717357240342263e-01
1.214408799825098413e+03 9.986439149982176966e-01 9.986437807269789024e-01 9.986437735480599986e-01
1.214428818875494017e+03 9.986148276077082553e-01 9.986146853970702120e-01 9.986146777612280312e-01
1.214448837925889165e+03 9.985845402089932321e-01 9.985843894443070523e-01 9.985843813141627168e-01
1.214468856976284314e+03 9.985529806215267534e-01 9.985528206305949173e-01 9.985528119650424195e-01
1.214488876026679691e+03 9.985200709926973506e-01 9.985199010394628649e-01 9.985198917932291973e-01
1.214508895077074840e+03 9.984857272589834354e-01 9.984855465363796645e-01 9.984855366595210002e-01
1.214528914127469989e+03 9.984498585467728171e-01 9.984496661685967611e-01 9.984496556059266892e-01
1.214548933177865365e+03 9.984123665046161777e-01 9.984121614962639946e-01 9.984121501866982662e-01
1.214568952228260514e+03 9.983731445573074126e-01 9.983729258451760069e-01 9.983729137209776949e-01
1.214588971278656118e+03 9.983320770705361724e-01 9.983318434698656985e-01 9.983318304557801115e-01
1.214608990329051267e+03 9.982890384129613492e-01 9.982887886138394062e-01 9.982887746260936668e-01
1.214629009379446416e+03 9.982438919001906941e-01 9.982436244513962498e-01 9.982436093965431079e-01
1.214649028429841792e+03 9.981964886024421446e-01 9.981962018927384994e-01 9.981961856663120747e-01
1.214669047480236941e+03 9.981466659943610820e-01 9.981463582307708027e-01 9.981463407157242784e-01
1.214689066530632090e+03 9.980942464215283305e-01 9.980939156040427029e-01 9.980938966689251179e-01
1.214709085581027466e+03 9.980390353535772974e-01 9.980386792456289458e-01 9.980386587424496803e-01
1.214729104631422615e+03 9.979808193881773981e-01 9.979804354820902557e-01 9.979804132438141462e-01
1.214749123681818219e+03 9.979193639634909019e-01 9.979189494399520743e-01 9.979189252775437780e-01
1.214769142732213368e+03 9.978544107286756448e-01 9.978539624090825289e-01 9.978539361080210890e-01
1.214789161782608517e+03 9.977856745123184767e-01 9.977851888026206817e-01 9.977851601187621711e-01
1.214809180833003893e+03 9.977128398170346246e-01 9.977123126413878218e-01 9.977122812960441678e-01
1.214829199883399042e+03 9.976355567542668501e-01 9.976349834764373092e-01 9.976349491505019929e-01
1.214849218933794418e+03 9.975534363159569429e-01 9.975528116459556616e-01 9.975527739728579091e-01
1.214869237984189567e+03 9.974660448584387051e-01 9.974653627412268797e-01 9.974653212984536665e-01
1.214889257034584944e+03 9.973728976473126284e-01 9.973721511296441689e-01 9.973721054284855336e-01
1.214909276084980320e+03 9.972734512788298256e-01 9.972726323492399070e-01 9.972725818223339145e-01
1.214929295135375469e+03 9.971670947512351058e-01 9.971661941468022983e-01 9.971661381329196550e-01
1.214949314185770618e+03 9.970531389057293303e-01 9.970521458774186385e-01 9.970520836027838563e-01
1.214969333236165994e+03 9.969308038876377731e-01 9.969297059135697747e-01 9.969296364687890710e-01
1.214989352286561143e+03 9.967992041884365939e-01 9.967979866211608142e-01 9.967979089325472719e-01
1.215009371336956519e+03 9.966573307118881120e-01 9.966559763413251893e-01 9.966558891350173477e-01
1.215029390387351668e+03 9.965040291528384220e-01 9.965025176605607493e-01 9.965024194173118799e-01
1.215049409437747045e+03 9.963379737719945117e-01 9.963362810443479045e-01 9.963361699421144912e-01
1.215069428488142421e+03 9.961576353758615499e-01 9.961557326320622519e-01 9.961556064724976789e-01
1.215089447538537570e+03 9.959612419410102113e-01 9.959590946162869551e-01 9.959589507297739175e-01
1.215109466588932719e+03 9.957467298163513725e-01 9.957442961167325413e-01 9.957441312384048837e-01
1.215129485639328095e+03 9.955116827337019414e-01 9.955089117430102608e-01 9.955087218488947176e-01
1.215149504689723244e+03 9.952532548497484699e-01 9.952500840097744383e-01 9.952498640967277765e-01
1.215169523740118620e+03 9.949680725333631681e-01 9.949644242072129829e-01 9.949641679903661329e-01
1.215189542790513769e+03 9.946521071689957694e-01 9.946478837508050397e-01 9.946475832304421116e-01
1.215209561840909146e+03 9.943005067304968581e-01 9.942955830613826596e-01 9.942952278442668268e-01
1.215229580891304522e+03 9.939073634850319472e-01 9.939015715041140675e-01 9.939011460925148977e-01
1.215249599941699671e+03 9.934653591054738442e-01 9.934581230016426012e-01 9.934573998040170384e-01
1.215269618992094820e+03 9.929632753897448261e-01 9.929185277100653906e-01 9.929084285456413195e-01
1.215289638042490196e+03 9.921106899229742426e-01 9.911132593986812234e-01 9.910144414618380360e-01
1.215309657092885345e+03 9.828937352170258324e-01 9.792265984203573082e-01 9.789892454312639769e-01
1.215329676143280722e+03 9.423744971401367687e-01 9.479884214159310929e-01 9.483972096273345365e-01
1.215349695193675871e+03 9.495763861852639653e-01 9.527980018044214239e-01 9.530456120513092211e-01
1.215369714244071247e+03 9.840958182211779759e-01 9.804788216468678375e-01 9.802383120584942100e-01
1.215389733294466623e+03 9.877994260113657221e-01 9.871916149724054845e-01 9.871182491048280383e-01
1.215409752344861772e+03 9.864481844284098688e-01 9.863962791725051638e-01 9.863878085637978188e-01
1.215429771395256921e+03 9.846752269328479246e-01 9.846244369053426260e-01 9.846197919840037338e-01
1.215449790445652297e+03 9.824742182823711367e-01 9.824047087430745062e-01 9.823982520950358399e-01
1.215469809496047446e+03 9.796869663325052935e-01 9.795884116104521810e-01 9.795789243492885046e-01
1.215489828546442823e+03 9.760686037416902439e-01 9.759230432797780797e-01 9.759084420138600668e-01
1.215509847596838199e+03 9.712229519453237092e-01 9.709963801998464650e-01 9.709724969306916531e-01
1.215529866647233348e+03 9.644675939220990202e-01 9.640852777105243243e-01 9.640413373603603508e-01
1.215549885697628724e+03 9.544958335083548739e-01 9.536106509366776285e-01 9.534195888697948318e-01
1.215569904748023873e+03 9.372329264498788781e-01 9.296200037193239618e-01 9.271847445106938812e-01
1.215589923798419022e+03 8.578068362257366131e-01 7.745930518553082456e-01 7.650588586796367441e-01
1.215609942848814399e+03 6.890789908613839665e-02 1.533665858718027963e-01 1.625696645065408674e-01
1.215629961899209547e+03 1.167619527674361799e-17 8.407948365703911756e-03 1.128745675232680455e-02
1.215649980949604924e+03 1.667422943491748920e-101 2.866389336559815569e-05 2.256234364837038267e-04
1.215670000000000300e+03 3.349984550631233171e-189 4.549945644954728743e-09 1.311077289866356016e-06
1.215690019050395449e+03 9.422045582147042188e-103 2.630371483382115626e-05 2.081499735953068074e-04
1.215710038100790825e+03 4.697250977762442950e-18 7.743267490081803990e-03 1.054874751348393140e-02
1.215730057151185974e+03 6.322839817647327165e-02 1.487190141410855426e-01 1.580687652745276228e-01
1.215750076201581351e+03 8.552401150138654318e-01 7.719323883876992864e-01 7.623811200199478444e-01
1.215770095251976500e+03 9.369572202881911727e-01 9.290904748492992971e-01 9.266202194340239506e-01
1.215790114302371649e+03 9.543573866968750874e-01 9.534604406338730298e-01 9.532640612550775661e-01
1.215810133352767025e+03 9.643741169070612074e-01 9.639894475558520304e-01 9.639451489603036993e-01
1.215830152403162401e+03 9.711548071312798847e-01 9.709271335350208032e-01 9.709031126085106989e-01
1.215850171453557550e+03 9.760165152623254681e-01 9.758703413303261298e-01 9.758556664755643206e-01
1.215870190503952927e+03 9.796457644036031809e-01 9.795468500607314999e-01 9.795373204194209871e-01
1.215890209554348075e+03 9.824408712049569337e-01 9.823711573969083899e-01 9.823646767358570342e-01
1.215910228604743452e+03 9.846480100259248358e-01 9.845972445153574615e-01 9.845926724842016808e-01
1.215930247655138601e+03 9.864269526536473265e-01 9.863889774570694380e-01 9.863856535365936873e-01
1.215950266705533750e+03 9.878855609084058464e-01 9.878565051226028126e-01 9.878540271282189034e-01
1.215970285755929126e+03 9.890990603498720501e-01 9.890763974075343912e-01 9.890745102029656621e-01
1.215990304806324502e+03 9.901213717961342420e-01 9.901033993943515465e-01 9.901019354637032865e-01
1.216010323856719651e+03 9.909920602848679705e-01 9.909775998683512110e-01 9.909764459504770695e-01
1.216030342907115028e+03 9.917407511060563063e-01 9.917289672630683617e-01 9.917280448124925485e-01
1.216050361957510177e+03 9.923900233547325866e-01 9.923803115456566459e-01 9.923795648704992756e-01
1.216070381007905553e+03 9.929573569214101836e-01 9.929492716024974630e-01 9.929486604344980316e-01
1.216090400058300702e+03 9.934564734291051469e-01 9.934496808374796428e-01 9.934491755489760489e-01
1.216110419108695851e+03 9.938982790239002663e-01 9.938925254503980788e-01 9.938921038998487223e-01
1.216130438159091455e+03 9.942915396030692632e-01 9.942866296355702405e-01 9.942862750417411632e-01
1.216150457209486603e+03 9.946433725532138892e-01 9.946391538795876786e-01 9.946388533608718774e-01
1.216170476259881752e+03 9.949596103138514946e-01 9.949559629253629245e-01 9.949557064783149940e-01
1.216190495310277129e+03 9.952450728765809274e-01 9.952419012770645779e-01 9.952416810505434475e-01
1.216210514360672278e+03 9.955037745694941265e-01 9.955010020728997100e-01 9.955008118446747600e-01
1.216230533411067654e+03 9.957390827403087563e-01 9.957366472428754722e-01 9.957364820371420455e-01
1.216250552461462803e+03 9.959538407758848910e-01 9.959516915853738883e-01 9.959515473897994076e-01
1.216270571511857952e+03 9.961504643741718734e-01 9.961485598072510328e-01 9.961484333612867781e-01
1.216290590562253556e+03 9.963310175480021291e-01 9.963293230926316690e-01 9.963292117274915594e-01
1.216310609612648705e+03 9.964972731267015549e-01 9.964957600245145652e-01 9.964956615410456298e-01
1.216330628663043854e+03 9.966507612984021325e-01 9.966494054421380921e-01 9.966493180167643740e-01
1.216350647713439230e+03 9.967928088507616025e-01 9.967915899199875085e-01 9.967915120316700461e-01
1.216370666763834379e+03 9.969245711202535665e-01 9.969234718986287325e-01 9.969234022716836341e-01
1.216390685814229755e+03 9.970470581815306099e-01 9.970460640133654850e-01 9.970460015723643377e-01
1.216410704864624904e+03 9.971611564519712312e-01 9.971602548064328886e-01 9.971601986403731965e-01
1.216430723915020053e+03 9.972676466195329326e-01 9.972668267386105567e-01 9.972667760722566666e-01
1.216450742965415657e+03 9.973672186005384521e-01 9.973664712126851795e-01 9.973664253834977345e-01
1.216470762015810806e+03 9.974604840814835782e-01 9.974598011671542697e-01 9.974597596066011596e-01
1.216490781066205955e+03 9.975479870826665652e-01 9.975473616811691979e-01 9.975473238995011815e-01
1.216510800116601331e+03 9.976302128922048817e-01 9.976296389417196320e-01 9.976296045155017556e-01
1.216530819166996480e+03 9.977075956502644560e-01 9.977070678546816618e-01 9.977070364165259164e-01
1.216550838217391856e+03 9.977805248097540991e-01 9.977800385273561945e-01 9.977800097574306415e-01
1.216570857267787005e+03 9.978493506578047789e-01 9.978489018078623429e-01 9.978488754268373118e-01
1.216590876318182154e+03 9.979143890491581903e-01 9.979139740332932940e-01 9.979139497964550909e-01
1.216610895368577758e+03 9.979759254760670606e-01 9.979755411118593766e-01 9.979755188041797842e-01
1.216630914418972907e+03 9.980342185779975672e-01 9.980338620427794405e-01 9.980338414747733644e-01
1.216650933469368283e+03 9.980895031771036541e-01 9.980891719602581480e-01 9.980891529644893012e-01
1.216670952519763432e+03 9.981419929112219647e-01 9.981416847736119813e-01 9.981416672017323632e-01
1.216690971570158581e+03 9.981918825245365001e-01 9.981915954639073441e-01 9.981915791841464713e-01
1.216710990620553957e+03 9.982393498663346687e-01 9.982390820877484749e-01 9.982390669827737595e-01
1.216731009670949106e+03 9.982845576403005516e-01 9.982843075308064362e-01 9.982842934958944259e-01
1.216751028721344255e+03 9.983276549400792454e-01 9.983274210469554877e-01 9.983274079884276730e-01
1.216771047771739859e+03 9.983687786012636067e-01 9.983685596132790829e-01 9.983685474471553079e-01
1.216791066822135008e+03 9.984080543952670306e-01 9.984078491264976041e-01 9.984078377773358826e-01
1.216811085872530384e+03 9.984455980866487890e-01 9.984454054624580799e-01 9.984453948623506214e-01
1.216831104922925533e+03 9.984815163721457720e-01 9.984813354170062327e-01 9.984813255047149116e-01
1.216851123973320682e+03 9.985159077169456499e-01 9.985157375438231675e-01 9.985157282640214627e-01
1.216871143023716058e+03 9.985488631013860195e-01 9.985487029024594507e-01 9.985486942050750825e-01
1.216891162074111207e+03 9.985804666893473014e-01 9.985803157278694275e-01 9.985803075675121487e-01
1.216911181124506356e+03 9.986107964279733462e-01 9.986106540311090463e-01 9.986106463665657129e-01
1.216931200174901960e+03 9.986399245869634900e-01 9.986397901394706844e-01 9.986397829332649412e-01
1.216951219225297109e+03 9.986679182445404868e-01 9.986677911831753907e-01 9.986677844011776495e-01
1.216971238275692485e+03 9.986948397262114252e-01 9.986947195347610773e-01 9.986947131458477900e-01
1.216991257326087634e+03 9.987207470016173927e-01 9.987206332064770820e-01 9.987206271822267611e-01
1.217011276376482783e+03 9.987456940440661013e-01 9.987455862102923021e-01 9.987455805247165141e-01
1.217031295426878160e+03 9.987697311567493852e-01 9.987696288845232528e-01 9.987696235138301404e-01
1.217051314477273309e+03 9.987929052691347787e-01 9.987928081905931288e-01 9.987928031129745809e-01
1.217071333527668457e+03 9.988152602066087127e-01 9.988151679829911922e-01 9.988151631784329965e-01
1.217091352578064061e+03 9.988368369360445254e-01 9.988367492551233351e-01 9.988367447052379777e-01
1.217111371628459210e+03 9.988576737896924795e-01 9.988575903634526743e-01 9.988575860513273508e-01
1.217131390678854586e+03 9.988778066694873337e-01 9.988777272320270573e-01 9.988777231420894465e-01
1.217151409729249735e+03 9.988972692336373083e-01 9.988971935392656487e-01 9.988971896571625653e-01
1.217171428779644884e+03 9.989160930671738825e-01 9.989160208886856962e-01 9.989160172011728456e-01
1.217191447830040261e+03 9.989343078379328000e-01 9.989342389650411880e-01 9.989342354598865770e-01
1.217211466880435410e+03 9.989519414393116525e-01 9.989518756772219898e-01 9.989518723431151104e-01
1.217231485930830559e+03 9.989690201209978637e-01 9.989689572891098379e-01 9.989689541155842845e-01
1.217251504981226162e+03 9.989855686087429909e-01 9.989855085394692136e-01 9.989855055168280762e-01
1.217271524031621311e+03 9.990016102141604515e-01 9.990015527518468774e-01 9.990015498710996811e-01
1.217291543082016688e+03 9.990171669354280803e-01 9.990171119353712381e-01 9.990171091881735466e-01
1.217311562132411837e+03 9.990322595496899938e-01 9.990322068772401476e-01 9.990322042558387183e-01
1.217331581182806985e+03 9.990469076978879537e-01 9.990468572276289816e-01 9.990468547248161357e-01
1.217351600233202362e+03 9.990611299626808162e-01 9.990610815776826970e-01 9.990610791867480245e-01
1.217371619283597511e+03 9.990749439400449239e-01 9.990748975311802837e-01 9.990748952458734511e-01
1.217391638333992660e+03 9.990883663051193242e-01 9.990883217704390473e-01 9.990883195849327159e-01
1.217411657384388263e+03 9.991014128727750965e-01 9.991013701169386696e-01 9.991013680257939678e-01
1.217431676434783412e+03 9.991140986533805224e-01 9.991140575871347851e-01 9.991140555852707772e-01
1.217451695485178789e+03 9.991264379041661092e-01 9.991263984438700785e-01 9.991263965265377855e-01
1.217471714535573938e+03 9.991384441765798208e-01 9.991384062437691504e-01 9.991384044065244607e-01
1.217491733585969087e+03 9.991501303599726880e-01 9.991500938809634302e-01 9.991500921196441176e-01
1.217511752636364463e+03 9.991615087219306579e-01 9.991614736274553321e-01 9.991614719381610721e-01
1.217531771686759612e+03 9.991725909455477783e-01 9.991725571704253017e-01 9.991725555494961331e-01
1.217551790737155216e+03 9.991833881639026194e-01 9.991833556467341060e-01 9.991833540907356648e-01
1.217571809787550364e+03 9.991939109919760753e-01 9.991938796748682794e-01 9.991938781805721481e-01
1.217591828837945513e+03 9.992041695562315917e-01 9.992041393845444430e-01 9.992041379489170483e-01
1.217611847888340890e+03 9.992141735220658738e-01 9.992141444441796638e-01 9.992141430643644018e-01
1.217631866938736039e+03 9.992239321192961654e-01 9.992239040864009381e-01 9.992239027597094037e-01
1.217651885989131188e+03 9.992334541658708380e-01 9.992334271317723227e-01 9.992334258556696547e-01
1.217671905039526564e+03 9.992427480899369607e-01 9.992427220108794916e-01 9.992427207829757130e-01
1.217691924089921713e+03 9.992518219504168409e-01 9.992517967849187110e-01 9.992517956029585147e-01
1.217711943140317317e+03 9.992606834562047791e-01 9.992606591649124681e-01 9.992606580267665572e-01
1.217731962190712466e+03 9.992693399841152679e-01 9.992693165296637758e-01 9.992693154333190941e-01
1.217751981241107615e+03 9.992777985956678988e-01 9.992777759425562900e-01 9.992777748861104703e-01
1.217772000291502991e+03 9.992860660528170014e-01 9.992860441672931637e-01 9.992860431489454243e-01
1.217792019341898140e+03 9.992941488327053978e-01 9.992941276826590169e-01 9.992941267007049433e-01
1.217812038392293289e+03 9.993020531415194307e-01 9.993020326963841793e-01 9.993020317492092852e-01
1.217832057442688665e+03 9.993097849275185407e-01 9.993097651581817065e-01 9.993097642442563266e-01
1.217852076493083814e+03 9.993173498933022314e-01 9.993173307720211174e-01 9.993173298898940793e-01
1.217872095543479418e+03 9.993247535073693788e-01 9.993247350076945867e-01 9.993247341559896579e-01
1.217892114593874567e+03 9.993320010150301691e-01 9.993319831117336571e-01 9.993319822891438831e-01
1.217912133644269716e+03 9.993390974487101897e-01 9.993390801177177707e-01 9.993390793230025881e-01
1.217932152694665092e+03 9.993460476376940793e-01 9.993460308560255800e-01 9.993460300880059322e-01
1.217952171745060241e+03 9.993528562173510377e-01 9.993528399630615677e-01 9.993528392206169064e-01
1.217972190795455390e+03 9.993595276378725023e-01 9.993595118899991636e-01 9.993595111720637858e-01
1.217992209845850766e+03 9.993660661725601857e-01 9.993660509110724455e-01 9.993660502166326065e-01
1.218012228896245915e+03 9.993724759256898960e-01 9.993724611314421802e-01 9.993724604595330963e-01
1.218032247946641519e+03 9.993787608399820055e-01 9.993787464946702892e-01 9.993787458443738059e-01
1.218052266997036668e+03 9.993849247037032146e-01 9.993849107898240547e-01 9.993849101602647611e-01
1.218072286047431817e+03 9.993909711574197052e-01 9.993909576582312715e-01 9.993909570485751681e-01
1.218092305097827193e+03 9.993969037004244438e-01 9.993968905999104368e-01 9.993968900093630481e-01
1.218112324148222342e+03 9.994027256968601725e-01 9.994027129796954068e-01 9.994027124075000046e-01
1.218132343198617491e+03 9.994084403815522988e-01 9.994084280330708392e-01 9.994084274785042243e-01
1.218152362249012867e+03 9.994140508655688926e-01 9.994140388717326351e-01 9.994140383341055811e-01
1.218172381299408016e+03 9.994195601415225561e-01 9.994195484888940273e-01 9.994195479675482829e-01
1.218192400349803620e+03 9.994249710886333737e-01 9.994249597643464211e-01 9.994249592586541553e-01
1.218212419400198769e+03 9.994302864775546080e-01 9.994302754692904189e-01 9.994302749786514450e-01
1.218232438450593918e+03 9.994355089749858978e-01 9.994354982709466872e-01 9.994354977947890184e-01
1.218252457500989294e+03 9.994406411480764030e-01 9.994406307369629872e-01 9.994406302747389503e-01
1.218272476551384443e+03 9.994456854686295522e-01 9.994456753396194770e-01 9.994456748908057131e-01
1.218292495601779819e+03 9.994506443171246035e-01 9.994506344598500513e-01 9.994506340239468489e-01
1.218312514652174968e+03 9.994555199865564621e-01 9.994555103910855998e-01 9.994555099676145637e-01
1.218332533702570117e+03 9.994603146861089638e-01 9.994603053429248485e-01 9.994603049314284560e-01
1.218352552752965721e+03 9.994650305446624028e-01 9.994650214446471059e-01 9.994650210446874850e-01
1.218372571803360870e+03 9.994696696141528447e-01 9.994696607485680229e-01 9.994696603597263973e-01
1.218392590853756019e+03 9.994742338727800046e-01 9.994742252332509125e-01 9.994742248551266028e-01
1.218412609904151395e+03 9.994787252280762369e-01 9.994787168065761840e-01 9.994787164387857192e-01
1.218432628954546544e+03 9.994831455198425196e-01 9.994831373086776605e-01 9.994831369508531127e-01
1.218452648004941921e+03 9.994874965229573194e-01 9.994874885147521093e-01 9.994874881665415378e-01
1.218472667055337070e+03 9.994917799500602218e-01 9.994917721377434283e-01 9.994917717988096584e-01
1.218492686105732218e+03 9.994959974541224312e-01 9.994959898309141444e-01 9.994959895009338791e-01
1.218512705156127822e+03 9.995001506309044714e-01 9.995001431903035582e-01 9.995001428689670453e-01
1.218532724206522971e+03 9.995042410213066386e-01 9.995042337570783086e-01 9.995042334440884524e-01
1.218552743256918120e+03 9.995082701136190906e-01 9.995082630197836826e-01 9.995082627148551557e-01
1.218572762307313496e+03 9.995122393456730148e-01 9.995122324164946725e-01 9.995122321193545822e-01
1.218592781357708645e+03 9.995161501068988708e-01 9.995161433368753290e-01 9.995161430472622177e-01
1.218612800408104022e+03 9.995200037402980353e-01 9.995199971241502945e-01 9.995199968418120307e-01
1.218632819458499171e+03 9.995238015443249635e-01 9.995237950769874091e-01 9.995237948016826302e-01
1.218652838508894320e+03 9.995275447746896358e-01 9.995275384513012673e-01 9.995275381827984917e-01
1.218672857559289923e+03 9.995312346460843989e-01 9.995312284619800591e-01 9.995312282000567983e-01
1.218692876609685072e+03 9.995348723338328689e-01 9.995348662845339183e-01 9.995348660289761211e-01
1.218712895660080221e+03 9.995384589754687799e-01 9.995384530566757686e-01 9.995384528072778219e-01
1.218732914710475598e+03 9.995419956722455535e-01 9.995419898798304503e-01 9.995419896363959555e-01
1.218752933760870746e+03 9.995454834905839192e-01 9.995454778205828950e-01 9.995454775829211158e-01
1.218772952811266123e+03 9.995489234634520326e-01 9.995489179120573553e-01 9.995489176799863262e-01
1.218792971861661272e+03 9.995523165916890829e-01 9.995523111552431228e-01 9.995523109285882057e-01
1.218812990912056421e+03 9.995556638452726128e-01 9.995556585202615141e-01 9.995556582988540661e-01
1.218833009962452024e+03 9.995589661645277735e-01 9.995589609475752368e-01 9.995589607312526104e-01
1.218853029012847173e+03 9.995622244612877294e-01 9.995622193491481289e-01 9.995622191377546706e-01
1.218873048063242322e+03 9.995654396200011060e-01 9.995654346095551590e-01 9.995654344029406557e-01
1.218893067113637699e+03 9.995686124987942511e-01 9.995686075870432452e-01 9.995686073850631459e-01
1.218913086164032848e+03 9.995717439304866447e-01 9.995717391145463315e-01 9.995717389170616363e-01
1.218933105214428224e+03 9.995748347235619002e-01 9.995748300006588316e-01 9.995748298075357585e-01
1.218953124264823373e+03 9.995778856630992415e-01 9.995778810305652184e-01 9.995778808416745376e-01
1.218973143315218522e+03 9.995808975116624584e-01 9.995808929669299792e-01 9.995808927821480117e-01
1.218993162365614126e+03 9.995838710101524471e-01 9.995838665507514875e-01 9.995838663699581073e-01
1.219013181416009274e+03 9.995868068786227800e-01 9.995868025021744652e-01 9.995868023252546530e-01
1.219033200466404423e+03 9.995897058170601923e-01 9.995897015212757974e-01 9.995897013481178650e-01
1.219053219516799800e+03 9.995925685061330945e-01 9.995925642888076057e-01 9.995925641193040834e-01
1.219073238567194949e+03 9.995953956079051128e-01 9.995953914668215257e-01 9.995953912963930765e-01
1.219093257617590325e+03 9.995981877665228721e-01 9.995981825676344412e-01 9.995981811419537566e-01
1.219113276667985474e+03 9.996009456088704725e-01 9.996006210656179780e-01 9.996006113967427220e-01
