# lambda[A]  T_theo  T_instr  T_rot+instr  (H-beta 4861.35)
4.859935416973150495e+03 9.999999999958631980e-01 9.999999999958222308e-01 9.999999999958212316e-01
4.859949562803418303e+03 9.999999999957789321e-01 9.999999999957653873e-01 9.999999999957648322e-01
4.859963708633687929e+03 9.999999999956922236e-01 9.999999999956877828e-01 9.999999999956875607e-01
4.859977854463955737e+03 9.999999999956026286e-01 9.999999999955999641e-01 9.999999999955999641e-01
4.859992000294224454e+03 9.999999999955103691e-01 9.999999999955080376e-01 9.999999999955078156e-01
4.860006146124493171e+03 9.999999999954152230e-01 9.999999999954126695e-01 9.999999999954125585e-01
4.860020291954761888e+03 9.999999999953169683e-01 9.999999999953145258e-01 9.999999999953141927e-01
4.860034437785029695e+03 9.999999999952157159e-01 9.999999999952128293e-01 9.999999999952127183e-01
4.860048583615299322e+03 9.999999999951107998e-01 9.999999999951080243e-01 9.999999999951079133e-01
4.860062729445567129e+03 9.999999999950025531e-01 9.999999999949996665e-01 9.999999999949994445e-01
4.860076875275835846e+03 9.999999999948903096e-01 9.999999999948874230e-01 9.999999999948874230e-01
4.860091021106103653e+03 9.999999999947749574e-01 9.999999999947714047e-01 9.999999999947714047e-01
4.860105166936373280e+03 9.999999999946551643e-01 9.999999999946518336e-01 9.999999999946515006e-01
4.860119312766641087e+03 9.999999999945312634e-01 9.999999999945274887e-01 9.999999999945274887e-01
4.860133458596909804e+03 9.999999999944028106e-01 9.999999999943992579e-01 9.999999999943992579e-01
4.860147604427178521e+03 9.999999999942699169e-01 9.999999999942660311e-01 9.999999999942662532e-01
4.860161750257446329e+03 9.999999999941323603e-01 9.999999999941282525e-01 9.999999999941283635e-01
4.860175896087715046e+03 9.999999999939898077e-01 9.999999999939854778e-01 9.999999999939854778e-01
4.860190041917982853e+03 9.999999999938419259e-01 9.999999999938375961e-01 9.999999999938375961e-01
4.860204187748252480e+03 9.999999999936886041e-01 9.999999999936839412e-01 9.999999999936839412e-01
4.860218333578520287e+03 9.999999999935295092e-01 9.999999999935246242e-01 9.999999999935245132e-01
4.860232479408789004e+03 9.999999999933641970e-01 9.999999999933588679e-01 9.999999999933587569e-01
4.860246625239057721e+03 9.999999999931922234e-01 9.999999999931867833e-01 9.999999999931864503e-01
4.860260771069326438e+03 9.999999999930138106e-01 9.999999999930079264e-01 9.999999999930079264e-01
4.860274916899594245e+03 9.999999999928280703e-01 9.999999999928220751e-01 9.999999999928219641e-01
4.860289062729863872e+03 9.999999999926350025e-01 9.999999999926285632e-01 9.999999999926285632e-01
4.860303208560131679e+03 9.999999999924341632e-01 9.999999999924273908e-01 9.999999999924271687e-01
4.860317354390400396e+03 9.999999999922247751e-01 9.999999999922175586e-01 9.999999999922173366e-01
4.860331500220668204e+03 9.999999999920062832e-01 9.999999999919989557e-01 9.999999999919988447e-01
4.860345646050936921e+03 9.999999999917790205e-01 9.999999999917709159e-01 9.999999999917709159e-01
4.860359791881205638e+03 9.999999999915415438e-01 9.999999999915329951e-01 9.999999999915328841e-01
4.860373937711473445e+03 9.999999999912935200e-01 9.999999999912846382e-01 9.999999999912846382e-01
4.860388083541743072e+03 9.999999999910345050e-01 9.999999999910251791e-01 9.999999999910250681e-01
4.860402229372010879e+03 9.999999999907640547e-01 9.999999999907538406e-01 9.999999999907535075e-01
4.860416375202279596e+03 9.999999999904809478e-01 9.999999999904701786e-01 9.999999999904698456e-01
4.860430521032547404e+03 9.999999999901846293e-01 9.999999999901733050e-01 9.999999999901730829e-01
4.860444666862817030e+03 9.999999999898739889e-01 9.999999999898617764e-01 9.999999999898617764e-01
4.860458812693084838e+03 9.999999999895485825e-01 9.999999999895354819e-01 9.999999999895354819e-01
4.860472958523353554e+03 9.999999999892071889e-01 9.999999999891934221e-01 9.999999999891934221e-01
4.860487104353622271e+03 9.999999999888489199e-01 9.999999999888342650e-01 9.999999999888339319e-01
4.860501250183890988e+03 9.999999999884721102e-01 9.999999999884566781e-01 9.999999999884565671e-01
4.860515396014158796e+03 9.999999999880762047e-01 9.999999999880592183e-01 9.999999999880592183e-01
4.860529541844428422e+03 9.999999999876597601e-01 9.999999999876415524e-01 9.999999999876414414e-01
4.860543687674696230e+03 9.999999999872204448e-01 9.999999999872011269e-01 9.999999999872007939e-01
4.860557833504964037e+03 9.999999999867571487e-01 9.999999999867361655e-01 9.999999999867360545e-01
4.860571979335232754e+03 9.999999999862683175e-01 9.999999999862462241e-01 9.999999999862458910e-01
4.860586125165501471e+03 9.999999999857520638e-01 9.999999999857280830e-01 9.999999999857279720e-01
4.860600270995770188e+03 9.999999999852061672e-01 9.999999999851801880e-01 9.999999999851798549e-01
4.860614416826037996e+03 9.999999999846277410e-01 9.999999999846000964e-01 9.999999999845995413e-01
4.860628562656307622e+03 9.999999999840150089e-01 9.999999999839846998e-01 9.999999999839842557e-01
4.860642708486575430e+03 9.999999999833647513e-01 9.999999999833317776e-01 9.999999999833312225e-01
4.860656854316844147e+03 9.999999999826736374e-01 9.999999999826378883e-01 9.999999999826371111e-01
4.860671000147112863e+03 9.999999999819378926e-01 9.999999999818988128e-01 9.999999999818982577e-01
4.860685145977381580e+03 9.999999999811538531e-01 9.999999999811107765e-01 9.999999999811099993e-01
4.860699291807649388e+03 9.999999999803168560e-01 9.999999999802683393e-01 9.999999999802673400e-01
4.860713437637918105e+03 9.999999999794200178e-01 9.999999999793649508e-01 9.999999999793639516e-01
4.860727583468186822e+03 9.999999999784559002e-01 9.999999999783911742e-01 9.999999999783898419e-01
4.860741729298455539e+03 9.999999999774135118e-01 9.999999999773333537e-01 9.999999999773320214e-01
4.860755875128723346e+03 9.999999999762753111e-01 9.999999999761702840e-01 9.999999999761683966e-01
4.860770020958992063e+03 9.999999999750134316e-01 9.999999999748665491e-01 9.999999999748633295e-01
4.860784166789260780e+03 9.999999999735811329e-01 9.999999999733607536e-01 9.999999999733559797e-01
4.860798312619528588e+03 9.999999999718959254e-01 9.999999999715459831e-01 9.999999999715383225e-01
4.860812458449798214e+03 9.999999999698133690e-01 9.999999999692360531e-01 9.999999999692235075e-01
4.860826604280066022e+03 9.999999999670777795e-01 9.999999999661043359e-01 9.999999999660830197e-01
4.860840750110334739e+03 9.999999999632421810e-01 9.999999999615880597e-01 9.999999999615508672e-01
4.860854895940602546e+03 9.999999999575341914e-01 9.999999999547231067e-01 9.999999999546600460e-01
4.860869041770872172e+03 9.999999999486328672e-01 9.999999999438881071e-01 9.999999999437817477e-01
4.860883187601139980e+03 9.999999999343184287e-01 9.999999999263931016e-01 9.999999999262154660e-01
4.860897333431408697e+03 9.999999999109181470e-01 9.999999998978490456e-01 9.999999998975567239e-01
4.860911479261677414e+03 9.999999998724604655e-01 9.999999998512134614e-01 9.999999998507385079e-01
4.860925625091946131e+03 9.999999998093976883e-01 9.999999997753753478e-01 9.999999997746163993e-01
4.860939770922213938e+03 9.999999997067372526e-01 9.999999996531077073e-01 9.999999996519111090e-01
4.860953916752481746e+03 9.999999995413504372e-01 9.999999994581615370e-01 9.999999994563045780e-01
4.860968062582751372e+03 9.999999992781979374e-01 9.999999991512430464e-01 9.999999991484045392e-01
4.860982208413019180e+03 9.999999988651543381e-01 9.999999986745672365e-01 9.999999986702937660e-01
4.860996354243287897e+03 9.999999982260889819e-01 9.999999979446660969e-01 9.999999979383294990e-01
4.861010500073556614e+03 9.999999972518518465e-01 9.999999968431382280e-01 9.999999968338806333e-01
4.861024645903825331e+03 9.999999957888525692e-01 9.999999952050590002e-01 9.999999951917315499e-01
4.861038791734093138e+03 9.999999936250028032e-01 9.999999928048904918e-01 9.999999927859760662e-01
4.861052937564362765e+03 9.999999904729585110e-01 9.999999893398628936e-01 9.999999893133840745e-01
4.861067083394630572e+03 9.999999859508219568e-01 9.999999844110318836e-01 9.999999843744383776e-01
4.861081229224899289e+03 9.999999795607422692e-01 9.999999775024449589e-01 9.999999774524596097e-01
4.861095375055167096e+03 9.999999706661534260e-01 9.999999679590646506e-01 9.999999678914562873e-01
4.861109520885436723e+03 9.999999584685683729e-01 9.999999549641857000e-01 9.999999548734164190e-01
4.861123666715704530e+03 9.999999419848272231e-01 9.999999375169607019e-01 9.999999373956443005e-01
4.861137812545973247e+03 9.999999200252480680e-01 9.999999144102272863e-01 9.999999142483446679e-01
4.861151958376241964e+03 9.999998911723352313e-01 9.999998842078370309e-01 9.999998839917628723e-01
4.861166104206509772e+03 9.999998537588462577e-01 9.999998452167653262e-01 9.999998449281908286e-01
4.861180250036778489e+03 9.999998058432816306e-01 9.999997954260604338e-01 9.999997950400919544e-01
4.861194395867046296e+03 9.999997451734149445e-01 9.999997322556729573e-01 9.999997317319236911e-01
4.861208541697315923e+03 9.999996690602636074e-01 9.999996513306216306e-01 9.999996505674280112e-01
4.861222687527583730e+03 9.999995736518519918e-01 9.999995408612205594e-01 9.999995395064082970e-01
4.861236833357852447e+03 9.999994498559997558e-01 9.999993591738395304e-01 9.999993560318818364e-01
4.861250979188121164e+03 9.999992629530618515e-01 9.999989611353565788e-01 9.999989529310099323e-01
4.861265125018389881e+03 9.999988621583805193e-01 9.999979194771300151e-01 9.999978999344610875e-01
4.861279270848657688e+03 9.999976503983417642e-01 9.999952688519703203e-01 9.999952319848435245e-01
4.861293416678927315e+03 9.999937977387682864e-01 9.999895297298482255e-01 9.999894809079665770e-01
4.861307562509195122e+03 9.999839143053421697e-01 9.999796678870964683e-01 9.999796340192244060e-01
4.861321708339463839e+03 9.999666519355147054e-01 9.999669109212466767e-01 9.999669287893763192e-01
4.861335854169731647e+03 9.999485868328256144e-01 9.999555788619988173e-01 9.999556603224581952e-01
4.861350000000000364e+03 9.999408046141272655e-01 9.999509908244641476e-01 9.999511013551961591e-01
4.861364145830269081e+03 9.999485867478660195e-01 9.999555786710087046e-01 9.999556601313627224e-01
4.861378291660536888e+03 9.999666514822189711e-01 9.999669105353056198e-01 9.999669284038940065e-01
4.861392437490806515e+03 9.999839135779869936e-01 9.999796673822249904e-01 9.999796335151522886e-01
4.861406583321074322e+03 9.999937971567119943e-01 9.999895292532681168e-01 9.999894804315190289e-01
4.861420729151343039e+03 9.999976500965003234e-01 9.999952685095757632e-01 9.999952316416471643e-01
4.861434874981610847e+03 9.999988620247000082e-01 9.999979192753317703e-01 9.999978997315791540e-01
4.861449020811880473e+03 9.999992628819930340e-01 9.999989610238541049e-01 9.999989528187315235e-01
4.861463166642148281e+03 9.999994498019629807e-01 9.999993591040049479e-01 9.999993559616671135e-01
4.861477312472416997e+03 9.999995736013378433e-01 9.999995408064257241e-01 9.999995394514681335e-01
4.861491458302685714e+03 9.999996690108362563e-01 9.999996512808275728e-01 9.999996505175807737e-01
4.861505604132954431e+03 9.999997451256059655e-01 9.999997322084682727e-01 9.999997316846903628e-01
4.861519749963222239e+03 9.999998057981195343e-01 9.999997953815658036e-01 9.999997949955716781e-01
4.861533895793491865e+03 9.999998537172244406e-01 9.999998451756415552e-01 9.999998448870420775e-01
4.861548041623759673e+03 9.999998911348805253e-01 9.999998841706704278e-01 9.999998839545719553e-01
4.861562187454027480e+03 9.999999199923128579e-01 9.999999143773800059e-01 9.999999142154745169e-01
4.861576333284296197e+03 9.999999419565088754e-01 9.999999374885587544e-01 9.999999373672211478e-01
4.861590479114564914e+03 9.999999584447484269e-01 9.999999549401458188e-01 9.999999548493569979e-01
4.861604624944833631e+03 9.999999706465427796e-01 9.999999679391381457e-01 9.999999678715109086e-01
4.861618770775101439e+03 9.999999795449322493e-01 9.999999774862616819e-01 9.999999774362600125e-01
4.861632916605371065e+03 9.999999859383352785e-01 9.999999843981500769e-01 9.999999843615420270e-01
4.861647062435638873e+03 9.999999904632939085e-01 9.999999893298092690e-01 9.999999893033171272e-01
4.861661208265907590e+03 9.999999936176680038e-01 9.999999927971940927e-01 9.999999927782682319e-01
4.861675354096176306e+03 9.999999957833934916e-01 9.999999951992775138e-01 9.999999951859409597e-01
4.861689499926445023e+03 9.999999972478649246e-01 9.999999968388749716e-01 9.999999968296103825e-01
4.861703645756712831e+03 9.999999982232312679e-01 9.999999979415797879e-01 9.999999979352369728e-01
4.861717791586981548e+03 9.999999988631429471e-01 9.999999986723721035e-01 9.999999986680944142e-01
4.861731937417250265e+03 9.999999992768068280e-01 9.999999991497088292e-01 9.999999991468666583e-01
4.861746083247518982e+03 9.999999995404041941e-01 9.999999994571066031e-01 9.999999994552470906e-01
4.861760229077786789e+03 9.999999997061035373e-01 9.999999996523936119e-01 9.999999996511952371e-01
4.861774374908055506e+03 9.999999998089792452e-01 9.999999997748988401e-01 9.999999997741382263e-01
4.861788520738324223e+03 9.999999998721871286e-01 9.999999998508989352e-01 9.999999998504233156e-01
4.861802666568592031e+03 9.999999999107408444e-01 9.999999998976434323e-01 9.999999998973505555e-01
4.861816812398861657e+03 9.999999999342034096e-01 9.999999999262593198e-01 9.999999999260814620e-01
4.861830958229129465e+03 9.999999999485577051e-01 9.999999999438002884e-01 9.999999999436939291e-01
4.861845104059398182e+03 9.999999999574837872e-01 9.999999999546648199e-01 9.999999999546016483e-01
4.861859249889665989e+03 9.999999999632076531e-01 9.999999999615482027e-01 9.999999999615110102e-01
4.861873395719935615e+03 9.999999999670521333e-01 9.999999999660760253e-01 9.999999999660543759e-01
4.861887541550203423e+03 9.999999999697939401e-01 9.999999999692142927e-01 9.999999999692015251e-01
4.861901687380472140e+03 9.999999999718794941e-01 9.999999999715285526e-01 9.999999999715210031e-01
4.861915833210740857e+03 9.999999999735669221e-01 9.999999999733456546e-01 9.999999999733407696e-01
4.861929979041009574e+03 9.999999999750004420e-01 9.999999999748532264e-01 9.999999999748502288e-01
4.861944124871277381e+03 9.999999999762629876e-01 9.999999999761580716e-01 9.999999999761561842e-01
4.861958270701545189e+03 9.999999999774018544e-01 9.999999999773216963e-01 9.999999999773200310e-01
4.861972416531814815e+03 9.999999999784445759e-01 9.999999999783796278e-01 9.999999999783786286e-01
4.861986562362082623e+03 9.999999999794090266e-01 9.999999999793539596e-01 9.999999999793529604e-01
4.862000708192351340e+03 9.999999999803060868e-01 9.999999999802575701e-01 9.999999999802567929e-01
4.862014854022620057e+03 9.999999999811436391e-01 9.999999999811002294e-01 9.999999999810996743e-01
4.862028999852888774e+03 9.999999999819276786e-01 9.999999999818885987e-01 9.999999999818880436e-01
4.862043145683156581e+03 9.999999999826634234e-01 9.999999999826274522e-01 9.999999999826270081e-01
4.862057291513426208e+03 9.999999999833548703e-01 9.999999999833220077e-01 9.999999999833215636e-01
4.862071437343694015e+03 9.999999999840053500e-01 9.999999999839749298e-01 9.999999999839745968e-01
4.862085583173962732e+03 9.999999999846186371e-01 9.999999999845903265e-01 9.999999999845902154e-01
4.862099729004230539e+03 9.999999999851968413e-01 9.999999999851709731e-01 9.999999999851706400e-01
4.862113874834500166e+03 9.999999999857430710e-01 9.999999999857189792e-01 9.999999999857188682e-01
4.862128020664767973e+03 9.999999999862596578e-01 9.999999999862372313e-01 9.999999999862372313e-01
4.862142166495036690e+03 9.999999999867487110e-01 9.999999999867278389e-01 9.999999999867273948e-01
4.862156312325305407e+03 9.999999999872120071e-01 9.999999999871923562e-01 9.999999999871923562e-01
4.862170458155573215e+03 9.999999999876511003e-01 9.999999999876332257e-01 9.999999999876328927e-01
4.862184603985841932e+03 9.999999999880679891e-01 9.999999999880510027e-01 9.999999999880510027e-01
4.862198749816109739e+03 9.999999999884641166e-01 9.999999999884483515e-01 9.999999999884482405e-01
4.862212895646379366e+03 9.999999999888410374e-01 9.999999999888262714e-01 9.999999999888259383e-01
4.862227041476647173e+03 9.999999999891995284e-01 9.999999999891857616e-01 9.999999999891854285e-01
4.862241187306915890e+03 9.999999999895410330e-01 9.999999999895282654e-01 9.999999999895279323e-01
4.862255333137184607e+03 9.999999999898666614e-01 9.999999999898544489e-01 9.999999999898542269e-01
4.862269478967453324e+03 9.999999999901771908e-01 9.999999999901657555e-01 9.999999999901657555e-01
4.862283624797721131e+03 9.999999999904735093e-01 9.999999999904628512e-01 9.999999999904628512e-01
4.862297770627990758e+03 9.999999999907567272e-01 9.999999999907465131e-01 9.999999999907465131e-01
4.862311916458258565e+03 9.999999999910275106e-01 9.999999999910180737e-01 9.999999999910179627e-01
4.862326062288527282e+03 9.999999999912866366e-01 9.999999999912773108e-01 9.999999999912773108e-01
4.862340208118795090e+03 9.999999999915344384e-01 9.999999999915261117e-01 9.999999999915261117e-01
4.862354353949064716e+03 9.999999999917719151e-01 9.999999999917641436e-01 9.999999999917640325e-01
4.862368499779332524e+03 9.999999999919997329e-01 9.999999999919922944e-01 9.999999999919921834e-01
4.862382645609600331e+03 9.999999999922181138e-01 9.999999999922108973e-01 9.999999999922107863e-01
4.862396791439869958e+03 9.999999999924275018e-01 9.999999999924206184e-01 9.999999999924205074e-01
4.862410937270137765e+03 9.999999999926285632e-01 9.999999999926222349e-01 9.999999999926220129e-01
4.862425083100406482e+03 9.999999999928218530e-01 9.999999999928158578e-01 9.999999999928156358e-01
4.862439228930674290e+03 9.999999999930075933e-01 9.999999999930018202e-01 9.999999999930015981e-01
4.862453374760943916e+03 9.999999999931860062e-01 9.999999999931807881e-01 9.999999999931805661e-01
4.862467520591211724e+03 9.999999999933578687e-01 9.999999999933526507e-01 9.999999999933526507e-01
4.862481666421480440e+03 9.999999999935234030e-01 9.999999999935181849e-01 9.999999999935181849e-01
4.862495812251749157e+03 9.999999999936827200e-01 9.999999999936777240e-01 9.999999999936779460e-01
4.862509958082017874e+03 9.999999999938359307e-01 9.999999999938316009e-01 9.999999999938314899e-01
4.862524103912285682e+03 9.999999999939841455e-01 9.999999999939797046e-01 9.999999999939797046e-01
4.862538249742555308e+03 9.999999999941266982e-01 9.999999999941227014e-01 9.999999999941227014e-01
4.862552395572823116e+03 9.999999999942643658e-01 9.999999999942605911e-01 9.999999999942604800e-01
4.862566541403090923e+03 9.999999999943972595e-01 9.999999999943934847e-01 9.999999999943934847e-01
4.862580687233359640e+03 9.999999999945257123e-01 9.999999999945219376e-01 9.999999999945219376e-01
4.862594833063628357e+03 9.999999999946495022e-01 9.999999999946461715e-01 9.999999999946463936e-01
4.862608978893897074e+03 9.999999999947694063e-01 9.999999999947659646e-01 9.999999999947659646e-01
4.862623124724164882e+03 9.999999999948849805e-01 9.999999999948819829e-01 9.999999999948819829e-01
4.862637270554434508e+03 9.999999999949970020e-01 9.999999999949940044e-01 9.999999999949940044e-01
4.862651416384702316e+03 9.999999999951055818e-01 9.999999999951026952e-01 9.999999999951024732e-01
4.862665562214971033e+03 9.999999999952103868e-01 9.999999999952077223e-01 9.999999999952073892e-01
4.862679708045239749e+03 9.999999999953117502e-01 9.999999999953090857e-01 9.999999999953091967e-01
4.862693853875508466e+03 9.999999999954100049e-01 9.999999999954076735e-01 9.999999999954076735e-01
4.862707999705776274e+03 9.999999999955053731e-01 9.999999999955029306e-01 9.999999999955027086e-01
4.862722145536045900e+03 9.999999999955977437e-01 9.999999999955949681e-01 9.999999999955949681e-01
4.862736291366313708e+03 9.999999999956872276e-01 9.999999999956828978e-01 9.999999999956827867e-01
4.862750437196582425e+03 9.999999999957738250e-01 9.999999999957607244e-01 9.999999999957601693e-01
4.862764583026850232e+03 9.999999999958584240e-01 9.999999999958173458e-01 9.999999999958165686e-01
