# lambda[A]  T_theo  T_instr  T_rot+instr  (H-beta 4861.35)
4.859960129772019172e+03 9.999999999963442576e-01 9.999999999963078423e-01 9.999999999963072872e-01
4.859974028474298393e+03 9.999999999962696506e-01 9.999999999962578823e-01 9.999999999962576602e-01
4.859987927176579433e+03 9.999999999961932673e-01 9.999999999961893815e-01 9.999999999961893815e-01
4.860001825878858654e+03 9.999999999961141084e-01 9.999999999961121100e-01 9.999999999961121100e-01
4.860015724581137874e+03 9.999999999960325070e-01 9.999999999960305086e-01 9.999999999960305086e-01
4.860029623283418914e+03 9.999999999959484631e-01 9.999999999959462427e-01 9.999999999959462427e-01
4.860043521985698135e+03 9.999999999958615327e-01 9.999999999958593122e-01 9.999999999958593122e-01
4.860057420687977356e+03 9.999999999957719377e-01 9.999999999957696062e-01 9.999999999957694952e-01
4.860071319390258395e+03 9.999999999956791230e-01 9.999999999956766805e-01 9.999999999956765695e-01
4.860085218092537616e+03 9.999999999955836438e-01 9.999999999955808683e-01 9.999999999955808683e-01
4.860099116794816837e+03 9.999999999954843899e-01 9.999999999954817254e-01 9.999999999954815033e-01
4.860113015497096967e+03 9.999999999953819163e-01 9.999999999953789187e-01 9.999999999953789187e-01
4.860126914199377097e+03 9.999999999952761121e-01 9.999999999952730034e-01 9.999999999952727814e-01
4.860140812901656318e+03 9.999999999951666441e-01 9.999999999951635354e-01 9.999999999951633134e-01
4.860154711603936448e+03 9.999999999950531793e-01 9.999999999950498486e-01 9.999999999950498486e-01
4.860168610306216578e+03 9.999999999949357177e-01 9.999999999949326090e-01 9.999999999949324980e-01
4.860182509008495799e+03 9.999999999948142593e-01 9.999999999948107066e-01 9.999999999948107066e-01
4.860196407710775929e+03 9.999999999946882490e-01 9.999999999946843632e-01 9.999999999946843632e-01
4.860210306413056060e+03 9.999999999945574647e-01 9.999999999945534679e-01 9.999999999945533569e-01
4.860224205115335280e+03 9.999999999944219065e-01 9.999999999944177986e-01 9.999999999944175766e-01
4.860238103817615411e+03 9.999999999942813522e-01 9.999999999942769113e-01 9.999999999942768003e-01
4.860252002519895541e+03 9.999999999941352469e-01 9.999999999941305839e-01 9.999999999941304729e-01
4.860265901222174762e+03 9.999999999939833684e-01 9.999999999939784834e-01 9.999999999939783724e-01
4.860279799924454892e+03 9.999999999938253836e-01 9.999999999938201656e-01 9.999999999938201656e-01
4.860293698626735022e+03 9.999999999936609596e-01 9.999999999936557415e-01 9.999999999936555195e-01
4.860307597329015152e+03 9.999999999934903183e-01 9.999999999934846562e-01 9.999999999934845452e-01
4.860321496031294373e+03 9.999999999933123496e-01 9.999999999933063544e-01 9.999999999933062433e-01
4.860335394733574503e+03 9.999999999931274974e-01 9.999999999931208361e-01 9.999999999931206141e-01
4.860349293435854634e+03 9.999999999929344296e-01 9.999999999929277683e-01 9.999999999929274352e-01
4.860363192138133854e+03 9.999999999927332572e-01 9.999999999927258187e-01 9.999999999927257077e-01
4.860377090840413075e+03 9.999999999925234251e-01 9.999999999925156535e-01 9.999999999925154315e-01
4.860390989542694115e+03 9.999999999923041560e-01 9.999999999922960514e-01 9.999999999922959404e-01
4.860404888244973336e+03 9.999999999920752281e-01 9.999999999920663463e-01 9.999999999920663463e-01
4.860418786947252556e+03 9.999999999918355309e-01 9.999999999918264271e-01 9.999999999918264271e-01
4.860432685649533596e+03 9.999999999915849536e-01 9.999999999915754056e-01 9.999999999915754056e-01
4.860446584351812817e+03 9.999999999913229409e-01 9.999999999913126159e-01 9.999999999913125048e-01
4.860460483054092037e+03 9.999999999910484938e-01 9.999999999910373916e-01 9.999999999910373916e-01
4.860474381756373077e+03 9.999999999907607240e-01 9.999999999907487336e-01 9.999999999907482895e-01
4.860488280458652298e+03 9.999999999904587433e-01 9.999999999904460868e-01 9.999999999904456427e-01
4.860502179160931519e+03 9.999999999901414416e-01 9.999999999901278969e-01 9.999999999901275638e-01
4.860516077863212558e+03 9.999999999898081526e-01 9.999999999897938308e-01 9.999999999897937197e-01
4.860529976565491779e+03 9.999999999894579883e-01 9.999999999894424452e-01 9.999999999894423341e-01
4.860543875267771000e+03 9.999999999890893942e-01 9.999999999890730740e-01 9.999999999890726299e-01
4.860557773970052040e+03 9.999999999887010382e-01 9.999999999886830526e-01 9.999999999886828306e-01
4.860571672672331260e+03 9.999999999882906998e-01 9.999999999882719370e-01 9.999999999882714929e-01
4.860585571374610481e+03 9.999999999878582679e-01 9.999999999878378398e-01 9.999999999878372847e-01
4.860599470076889702e+03 9.999999999874015222e-01 9.999999999873794287e-01 9.999999999873792067e-01
4.860613368779170742e+03 9.999999999869182421e-01 9.999999999868945944e-01 9.999999999868940392e-01
4.860627267481449962e+03 9.999999999864063183e-01 9.999999999863806721e-01 9.999999999863803390e-01
4.860641166183729183e+03 9.999999999858638633e-01 9.999999999858359967e-01 9.999999999858354416e-01
4.860655064886010223e+03 9.999999999852879906e-01 9.999999999852575705e-01 9.999999999852571264e-01
4.860668963588289444e+03 9.999999999846757026e-01 9.999999999846431731e-01 9.999999999846425069e-01
4.860682862290569574e+03 9.999999999840250009e-01 9.999999999839889187e-01 9.999999999839883635e-01
4.860696760992849704e+03 9.999999999833303344e-01 9.999999999832906994e-01 9.999999999832903663e-01
4.860710659695128925e+03 9.999999999825890384e-01 9.999999999825446295e-01 9.999999999825440744e-01
4.860724558397409055e+03 9.999999999817952290e-01 9.999999999817443808e-01 9.999999999817436036e-01
4.860738457099689185e+03 9.999999999809408013e-01 9.999999999808814044e-01 9.999999999808804052e-01
4.860752355801968406e+03 9.999999999800174288e-01 9.999999999799432659e-01 9.999999999799418227e-01
4.860766254504248536e+03 9.999999999790082361e-01 9.999999999789105365e-01 9.999999999789084271e-01
4.860780153206528666e+03 9.999999999778884652e-01 9.999999999777499093e-01 9.999999999777469117e-01
4.860794051908807887e+03 9.999999999766141512e-01 9.999999999764030978e-01 9.999999999763987679e-01
4.860807950611088017e+03 9.999999999751082447e-01 9.999999999747679613e-01 9.999999999747605228e-01
4.860821849313368148e+03 9.999999999732321898e-01 9.999999999726627564e-01 9.999999999726502109e-01
4.860835748015647368e+03 9.999999999707402942e-01 9.999999999697670727e-01 9.999999999697449793e-01
4.860849646717927499e+03 9.999999999671957962e-01 9.999999999655200256e-01 9.999999999654820559e-01
4.860863545420206719e+03 9.999999999618354174e-01 9.999999999589550548e-01 9.999999999588893296e-01
4.860877444122486850e+03 9.999999999533413231e-01 9.999999999484270319e-01 9.999999999483154545e-01
4.860891342824766980e+03 9.999999999394755257e-01 9.999999999311841581e-01 9.999999999309959753e-01
4.860905241527046201e+03 9.999999999164977948e-01 9.999999999026942810e-01 9.999999999023820862e-01
4.860919140229326331e+03 9.999999998782664878e-01 9.999999998556230452e-01 9.999999998551120095e-01
4.860933038931606461e+03 9.999999998148741964e-01 9.999999997783030059e-01 9.999999997774788874e-01
4.860946937633885682e+03 9.999999997106217009e-01 9.999999996524969736e-01 9.999999996511889089e-01
4.860960836336165812e+03 9.999999995410793208e-01 9.999999994502013489e-01 9.999999994481562071e-01
4.860974735038445942e+03 9.999999992689259098e-01 9.999999991291760315e-01 9.999999991260276611e-01
4.860988633740725163e+03 9.999999988381882421e-01 9.999999986268455210e-01 9.999999986220738935e-01
4.861002532443005293e+03 9.999999981664690063e-01 9.999999978521781907e-01 9.999999978450558880e-01
4.861016431145285424e+03 9.999999971347262040e-01 9.999999966751401681e-01 9.999999966646695437e-01
4.861030329847564644e+03 9.999999955742006064e-01 9.999999949133793198e-01 9.999999948982127851e-01
4.861044228549844775e+03 9.999999932501625333e-01 9.999999923158670034e-01 9.999999922942122144e-01
4.861058127252124905e+03 9.999999898423352906e-01 9.999999885434216473e-01 9.999999885129288169e-01
4.861072025954404126e+03 9.999999849220895243e-01 9.999999831462558220e-01 9.999999831038702824e-01
4.861085924656684256e+03 9.999999779268309297e-01 9.999999755389683553e-01 9.999999754807318286e-01
4.861099823358964386e+03 9.999999681323384904e-01 9.999999649736356355e-01 9.999999648943966868e-01
4.861113722061243607e+03 9.999999546240535553e-01 9.999999505117826981e-01 9.999999504047335508e-01
4.861127620763522827e+03 9.999999362682825410e-01 9.999999309958259586e-01 9.999999308517878438e-01
4.861141519465803867e+03 9.999999116837718915e-01 9.999999050199416262e-01 9.999999048263097379e-01
4.861155418168083088e+03 9.999998792131141734e-01 9.999998708983381945e-01 9.999998706376898028e-01
4.861169316870362309e+03 9.999998368920497427e-01 9.999998266205547548e-01 9.999998262688726269e-01
4.861183215572643348e+03 9.999997824112478728e-01 9.999997697434320765e-01 9.999997692667688121e-01
4.861197114274922569e+03 9.999997130432682901e-01 9.999996969914380918e-01 9.999996963338890765e-01
4.861211012977201790e+03 9.999996253773054677e-01 9.999996026311032127e-01 9.999996016651327979e-01
4.861224911679482830e+03 9.999995140770172597e-01 9.999994722104659228e-01 9.999994705587460508e-01
4.861238810381762050e+03 9.999993663213109230e-01 9.999992608847549924e-01 9.999992574112314125e-01
4.861252709084041271e+03 9.999991394527267818e-01 9.999988294382079479e-01 9.999988212477872729e-01
4.861266607786322311e+03 9.999986799220664802e-01 9.999977987061379192e-01 9.999977804795575631e-01
4.861280506488601532e+03 9.999974643710339839e-01 9.999953504686082129e-01 9.999953173785334215e-01
4.861294405190880752e+03 9.999939917731378580e-01 9.999902648369036751e-01 9.999902220515746176e-01
4.861308303893161792e+03 9.999854330847863793e-01 9.999817255645762071e-01 9.999816968768958647e-01
4.861322202595441013e+03 9.999705160590172115e-01 9.999708223091446913e-01 9.999708396335991178e-01
4.861336101297720234e+03 9.999549915612194750e-01 9.999612099022817668e-01 9.999612829489921140e-01
4.861350000000000364e+03 9.999484126976238008e-01 9.999573325656344602e-01 9.999574309068178790e-01
4.861363898702280494e+03 9.999549914901783021e-01 9.999612097398997701e-01 9.999612827865190789e-01
4.861377797404559715e+03 9.999705156740384959e-01 9.999708219824344768e-01 9.999708393072553880e-01
4.861391696106839845e+03 9.999854324681958229e-01 9.999817251353327885e-01 9.999816964482973747e-01
4.861405594809119975e+03 9.999939912713357026e-01 9.999902644236835503e-01 9.999902216384688458e-01
4.861419493511399196e+03 9.999974640891619027e-01 9.999953501589634586e-01 9.999953170682504000e-01
4.861433392213679326e+03 9.999986797788593673e-01 9.999977985102246336e-01 9.999977802827610951e-01
4.861447290915959456e+03 9.999991393686004093e-01 9.999988293196615530e-01 9.999988211285808504e-01
4.861461189618238677e+03 9.999993662571321495e-01 9.999992608052165055e-01 9.999992573313418731e-01
4.861475088320518807e+03 9.999995140185864440e-01 9.999994721470432113e-01 9.999994704951701285e-01
4.861488987022798938e+03 9.999996253211019814e-01 9.999996025741052508e-01 9.999996016080668904e-01
4.861502885725078158e+03 9.999997129893959391e-01 9.999996969380570144e-01 9.999996962804671430e-01
4.861516784427358289e+03 9.999997823606661118e-01 9.999997696935279956e-01 9.999997692168300922e-01
4.861530683129638419e+03 9.999998368456776143e-01 9.999998265747048753e-01 9.999998262229898849e-01
4.861544581831917640e+03 9.999998791715980495e-01 9.999998708571108397e-01 9.999998705964314727e-01
4.861558480534197770e+03 9.999999116474531657e-01 9.999999049836832965e-01 9.999999047900230975e-01
4.861572379236477900e+03 9.999999362372199441e-01 9.999999309646276924e-01 9.999999308205633763e-01
4.861586277938757121e+03 9.999999545980662319e-01 9.999999504855080490e-01 9.999999503784353649e-01
4.861600176641037251e+03 9.999999681110628424e-01 9.999999649519676348e-01 9.999999648727072588e-01
4.861614075343316472e+03 9.999999779097780150e-01 9.999999755214644681e-01 9.999999754632089566e-01
4.861627974045597512e+03 9.999999849087022330e-01 9.999999831323989063e-01 9.999999830899960473e-01
4.861641872747876732e+03 9.999999898320370839e-01 9.999999885326672500e-01 9.999999885021599866e-01
4.861655771450155953e+03 9.999999932423981885e-01 9.999999923076824393e-01 9.999999922860152157e-01
4.861669670152436993e+03 9.999999955684606423e-01 9.999999949072687633e-01 9.999999948920915704e-01
4.861683568854716214e+03 9.999999971305638669e-01 9.999999966706634158e-01 9.999999966601840207e-01
4.861697467556995434e+03 9.999999981635071533e-01 9.999999978489583219e-01 9.999999978418290247e-01
4.861711366259276474e+03 9.999999988361195635e-01 9.999999986245716732e-01 9.999999986197944946e-01
4.861725264961555695e+03 9.999999992675067118e-01 9.999999991275980715e-01 9.999999991244455932e-01
4.861739163663834915e+03 9.999999995401223085e-01 9.999999994491252098e-01 9.999999994470767373e-01
4.861753062366115955e+03 9.999999997099866533e-01 9.999999996517746625e-01 9.999999996504638222e-01
4.861766961068395176e+03 9.999999998144588620e-01 9.999999997778249439e-01 9.999999997769994931e-01
4.861780859770674397e+03 9.999999998779981469e-01 9.999999998553110725e-01 9.999999998547989266e-01
4.861794758472955436e+03 9.999999999163258213e-01 9.999999999024924424e-01 9.999999999021794705e-01
4.861808657175234657e+03 9.999999999393651695e-01 9.999999999310540399e-01 9.999999999308656351e-01
4.861822555877513878e+03 9.999999999532707129e-01 9.999999999483432100e-01 9.999999999482315216e-01
4.861836454579794918e+03 9.999999999617888990e-01 9.999999999588999877e-01 9.999999999588344846e-01
4.861850353282074138e+03 9.999999999671639328e-01 9.999999999654828331e-01 9.999999999654447524e-01
4.861864251984353359e+03 9.999999999707172016e-01 9.999999999697409825e-01 9.999999999697187780e-01
4.861878150686632580e+03 9.999999999732146483e-01 9.999999999726432165e-01 9.999999999726304489e-01
4.861892049388913620e+03 9.999999999750938118e-01 9.999999999747523072e-01 9.999999999747448687e-01
4.861905948091192840e+03 9.999999999766017167e-01 9.999999999763897751e-01 9.999999999763852232e-01
4.861919846793472061e+03 9.999999999778771409e-01 9.999999999777380300e-01 9.999999999777352544e-01
4.861933745495753101e+03 9.999999999789975780e-01 9.999999999788996563e-01 9.999999999788976579e-01
4.861947644198032322e+03 9.999999999800072148e-01 9.999999999799329409e-01 9.999999999799316086e-01
4.861961542900311542e+03 9.999999999809311424e-01 9.999999999808715234e-01 9.999999999808704132e-01
4.861975441602592582e+03 9.999999999817854590e-01 9.999999999817347218e-01 9.999999999817338336e-01
4.861989340304871803e+03 9.999999999825797126e-01 9.999999999825353036e-01 9.999999999825344155e-01
4.862003239007151933e+03 9.999999999833213415e-01 9.999999999832817066e-01 9.999999999832810404e-01
4.862017137709432063e+03 9.999999999840162301e-01 9.999999999839800369e-01 9.999999999839794818e-01
4.862031036411711284e+03 9.999999999846670429e-01 9.999999999846344023e-01 9.999999999846338472e-01
4.862044935113991414e+03 9.999999999852796639e-01 9.999999999852493549e-01 9.999999999852487997e-01
4.862058833816271544e+03 9.999999999858555366e-01 9.999999999858275590e-01 9.999999999858270039e-01
4.862072732518550765e+03 9.999999999863977695e-01 9.999999999863723454e-01 9.999999999863717903e-01
4.862086631220830895e+03 9.999999999869101375e-01 9.999999999868861567e-01 9.999999999868859346e-01
4.862100529923111026e+03 9.999999999873935286e-01 9.999999999873714351e-01 9.999999999873713241e-01
4.862114428625390246e+03 9.999999999878504964e-01 9.999999999878300683e-01 9.999999999878297352e-01
4.862128327327670377e+03 9.999999999882833723e-01 9.999999999882642765e-01 9.999999999882640545e-01
4.862142226029949597e+03 9.999999999886933777e-01 9.999999999886757251e-01 9.999999999886751700e-01
4.862156124732229728e+03 9.999999999890819558e-01 9.999999999890654134e-01 9.999999999890650804e-01
4.862170023434509858e+03 9.999999999894509939e-01 9.999999999894355618e-01 9.999999999894350067e-01
4.862183922136789079e+03 9.999999999898010472e-01 9.999999999897870584e-01 9.999999999897867253e-01
4.862197820839069209e+03 9.999999999901344472e-01 9.999999999901211245e-01 9.999999999901209025e-01
4.862211719541349339e+03 9.999999999904519710e-01 9.999999999904395365e-01 9.999999999904392034e-01
4.862225618243628560e+03 9.999999999907540627e-01 9.999999999907422943e-01 9.999999999907420722e-01
4.862239516945908690e+03 9.999999999910419435e-01 9.999999999910308413e-01 9.999999999910307302e-01
4.862253415648188820e+03 9.999999999913165016e-01 9.999999999913063986e-01 9.999999999913059545e-01
4.862267314350468041e+03 9.999999999915786253e-01 9.999999999915690774e-01 9.999999999915689664e-01
4.862281213052748171e+03 9.999999999918293137e-01 9.999999999918202098e-01 9.999999999918199878e-01
4.862295111755028302e+03 9.999999999920690108e-01 9.999999999920603511e-01 9.999999999920600180e-01
4.862309010457307522e+03 9.999999999922980498e-01 9.999999999922900562e-01 9.999999999922899452e-01
4.862322909159587653e+03 9.999999999925172078e-01 9.999999999925097693e-01 9.999999999925095473e-01
4.862336807861867783e+03 9.999999999927273731e-01 9.999999999927202676e-01 9.999999999927199346e-01
4.862350706564147004e+03 9.999999999929286565e-01 9.999999999929215511e-01 9.999999999929215511e-01
4.862364605266426224e+03 9.999999999931215022e-01 9.999999999931149519e-01 9.999999999931148409e-01
4.862378503968707264e+03 9.999999999933065764e-01 9.999999999933005812e-01 9.999999999933005812e-01
4.862392402670986485e+03 9.999999999934846562e-01 9.999999999934788830e-01 9.999999999934788830e-01
4.862406301373265705e+03 9.999999999936554085e-01 9.999999999936500794e-01 9.999999999936499684e-01
4.862420200075546745e+03 9.999999999938200546e-01 9.999999999938145034e-01 9.999999999938143924e-01
4.862434098777825966e+03 9.999999999939778172e-01 9.999999999939731543e-01 9.999999999939728212e-01
4.862447997480105187e+03 9.999999999941296958e-01 9.999999999941248108e-01 9.999999999941248108e-01
4.862461896182386226e+03 9.999999999942758011e-01 9.999999999942715823e-01 9.999999999942714712e-01
4.862475794884665447e+03 9.999999999944167994e-01 9.999999999944125806e-01 9.999999999944125806e-01
4.862489693586944668e+03 9.999999999945524687e-01 9.999999999945484719e-01 9.999999999945483609e-01
4.862503592289225708e+03 9.999999999946831419e-01 9.999999999946792562e-01 9.999999999946791451e-01
4.862517490991504928e+03 9.999999999948091522e-01 9.999999999948055995e-01 9.999999999948054885e-01
4.862531389693784149e+03 9.999999999949308327e-01 9.999999999949272800e-01 9.999999999949272800e-01
4.862545288396065189e+03 9.999999999950484053e-01 9.999999999950450746e-01 9.999999999950448526e-01
4.862559187098344410e+03 9.999999999951616481e-01 9.999999999951587615e-01 9.999999999951585394e-01
4.862573085800623630e+03 9.999999999952714491e-01 9.999999999952683405e-01 9.999999999952683405e-01
4.862586984502904670e+03 9.999999999953772534e-01 9.999999999953745888e-01 9.999999999953742558e-01
4.862600883205183891e+03 9.999999999954798380e-01 9.999999999954770624e-01 9.999999999954770624e-01
4.862614781907463112e+03 9.999999999955787588e-01 9.999999999955760943e-01 9.999999999955760943e-01
4.862628680609743242e+03 9.999999999956746821e-01 9.999999999956719066e-01 9.999999999956719066e-01
4.862642579312023372e+03 9.999999999957672747e-01 9.999999999957649433e-01 9.999999999957649433e-01
4.862656478014302593e+03 9.999999999958570918e-01 9.999999999958545382e-01 9.999999999958547603e-01
4.862670376716582723e+03 9.999999999959441332e-01 9.999999999959419128e-01 9.999999999959416908e-01
4.862684275418862853e+03 9.999999999960281771e-01 9.999999999960258457e-01 9.999999999960260677e-01
4.862698174121142074e+03 9.999999999961096675e-01 9.999999999961075581e-01 9.999999999961075581e-01
4.862712072823422204e+03 9.999999999961888264e-01 9.999999999961849406e-01 9.999999999961849406e-01
4.862725971525702334e+03 9.999999999962655428e-01 9.999999999962534414e-01 9.999999999962531083e-01
4.862739870227981555e+03 9.999999999963399278e-01 9.999999999963031794e-01 9.999999999963026243e-01
