# EXHALE schema 2
# columns r[Rp] rho[mH/cm3] v[cm/s] p[cgs] T[K] heat[erg/cm3/s] cool[erg/cm3/s]
  0.99980985594098393        127242231531236.66        6.2638796115251777E-002   1.0000005476042513        226.00000000002765        3.5917671694907666E-007   4.1777335892586924E-011
   1.0000000000000000        127242231531236.66        6.2638796115251777E-002   1.0000005476042513        225.99999040182703        4.0161066452632095E-007   4.8540863732756364E-011
   1.0001901440590162        111449176004296.34       -744.07640053510750       0.96559958999941287        249.14927104918485        3.9582536215769840E-007   5.5027385290809405E-011
   1.0003802881180321        100982107645249.03        36.731333509596283       0.89485071655081261        254.82705002615211        4.0019725308554894E-007   5.9210024698472120E-011
   1.0005704321770483        89363215637023.219       -5.6459908288307332       0.83372536853287182        268.28941589146024        3.9325341877793122E-007   6.3584120099834291E-011
   1.0007605762360645        76002617807829.547       -13.480615684589162       0.78033015579147158        295.24943293877857        3.6872697229343336E-007   6.7917313584311379E-011
   1.0009507202950805        59211079419919.414        14.244445265285599       0.73680141641660135        357.83809360397998        3.1334447736827316E-007   7.2191169408563796E-011
   1.0011408643540967        45689775863960.008        23.198512487151731       0.70316193322233378        442.56314825035986        2.5946423774644306E-007   7.5870553057117630E-011
   1.0013310084131126        36502371131578.148        16.900804039660777       0.67671737138019561        533.12001195381288        2.1930690631657189E-007   7.8861118004146203E-011
   1.0015211524721288        30719367842695.789        28.259180335710838       0.65519192332334408        613.33086759708476        1.9331869348216875E-007   8.1314370378664948E-011
   1.0017112965311450        29238578957686.188        1.0399918902824985       0.63600329190788885        625.52056909668750        1.9153565754135041E-007   8.3239320895856737E-011
   1.0019014405901610        28594684296588.992        2.0677256796988992       0.61742700127512162        620.92445225194365        1.9479129502995151E-007   8.5063953205315278E-011
   1.0020915846491771        28025360054978.242       -1.6044498499157942       0.59926366778988094        614.90093972527120        1.9853297818867002E-007   8.6897020279961621E-011
   1.0022817287081933        27248266980748.746       -1.1435479075569472       0.58152810262619359        613.71986265533951        2.0075156331165132E-007   8.8762235214698208E-011
   1.0024718727672093        26263523599949.066      -0.62202772267285311       0.56436886341503301        617.94290141518150        2.0119623120492529E-007   9.0650338775941174E-011
   1.0026620168262255        25197841944881.234       0.38849400069684675       0.54787461136787052        625.25338312345878        2.0060571948513818E-007   9.2536298568150406E-011
   1.0028521608852414        24159268110252.133       0.63971608961082815       0.53206087493130483        633.30905405727674        1.9974285868889243E-007   9.4402397622426049E-011
   1.0030423049442576        23184446825022.785       0.89492101784660927       0.51689787206800308        641.12996335694822        1.9892034721725707E-007   9.6242663010998892E-011
   1.0032324490032738        22293395964364.410       0.69295477802247352       0.50233789537077456        647.97418132730400        1.9836236214594264E-007   9.8054707079638387E-011
   1.0034225930622898        21465447056039.070       0.55399578402526417       0.48833305129892579        654.20535033510043        1.9795325569682396E-007   9.9842920695871513E-011
   1.0036127371213059        20683521002299.648       0.50140346717064999       0.47484886393978393        660.18972477584998        1.9758249110150645E-007   1.0161090898600758E-010
   1.0038028811803221        19939751959568.078       0.36313856810301604       0.46185744382134963        666.07930647649687        1.9720573976875692E-007   1.0336016898799512E-010
   1.0039930252393381        19221036639645.945       0.44264256362732590       0.44933866394606065        672.25592942648166        1.9671411064700289E-007   1.0509307132478028E-010
   1.0041831692983543        18530690066125.527       0.36370314845449025       0.43727486435235818        678.57911622150141        1.9615197814280856E-007   1.0680867272750499E-010
   1.0043733133573702        17862910311167.934       0.47334172688912635       0.42564947675727910        685.23156589867199        1.9547103703615485E-007   1.0850794369079957E-010
   1.0045634574163864        17223857899615.445       0.41418395044611855       0.41444578934471105        691.94994008311789        1.9474947676250689E-007   1.1018943846826050E-010
   1.0047536014754026        16609486049970.328       0.49238034224007438       0.40364641525675571        698.84712671834166        1.9395872622890907E-007   1.1185408863342240E-010
   1.0049437455344186        16023330859058.643       0.44615005238302852       0.39323420786768054        705.72526522925443        1.9315578312378147E-007   1.1350115149882894E-010
   1.0051338895934347        15461731580751.871       0.48242222802890145       0.38319194906434317        712.68122160395819        1.9231615813853926E-007   1.1513169266169871E-010
   1.0053240336524509        14925473458426.812       0.49328109956161131       0.37350360642050812        719.62069353274842        1.9146698777003419E-007   1.1674571502253328E-010
   1.0055141777114669        14414439350995.609       0.48048440481291488       0.36415267583443039        726.47822072366466        1.9062642941125278E-007   1.1834347303902841E-010
   1.0057043217704831        13926469063075.430       0.47590087984405782       0.35512352434684280        733.28897811865738        1.8978599625196042E-007   1.1992586031489074E-010
   1.0058944658294990        13460539902780.955       0.50016189699067348       0.34640161763363125        740.03804613647344        1.8895025775948459E-007   1.2149344299969473E-010
   1.0060846098885152        13016642036551.049       0.43665611943928118       0.33797261655885169        746.65340175476445        1.8813768144411946E-007   1.2304645309498778E-010
   1.0062747539475314        12590229577583.650       0.48345154863096346       0.32982375916089202        753.32895403794214        1.8730042864448840E-007   1.2458662055779745E-010
   1.0064648980065476        12182588545334.992       0.43752575261150450       0.32194336080087327        759.93446564548196        1.8647162486637509E-007   1.2611361618727461E-010
   1.0066550420655651        11790373693220.240       0.41886248862312053       0.31432017313112526        766.62115429736525        1.8561520636179246E-007   1.2762871600838227E-010
   1.0068451861245860        11411856874686.762       0.47352745052719075       0.30694493610447660        773.46405604243444        1.8471503620837696E-007   1.2913262662493881E-010
   1.0070353301836217        11048903305394.256       0.41994879078257108       0.29980806350428135        780.29707279054924        1.8381188080726255E-007   1.3062449764363861E-010
   1.0072254742427160        10698299671300.311       0.46652720226204930       0.29290052620278362        787.30152358719738        1.8286462696830640E-007   1.3210567150131373E-010
   1.0074156183020444        10361189066904.604       0.44917748955676334       0.28621396023119283        794.35890169529614        1.8190226163971886E-007   1.3357550715847958E-010
   1.0076057623623105        10036465101200.680       0.48055755818987950       0.27973997255858629        801.51037991073326        1.8091658205017590E-007   1.3503441310047626E-010
   1.0077959064263262        9724566672197.4336       0.45991692871765533       0.27347040762472929        808.67743948864245        1.7992620517807755E-007   1.3648203212317532E-010
   1.0079860505053404        9424079632649.4121       0.49201909684761791       0.26739742215902124        815.93085747250336        1.7891632717068599E-007   1.3791895149203083E-010
   1.0081761946443488        9135581522030.0234       0.49381319793038575       0.26151345717811475        823.17613512083744        1.7790832051821068E-007   1.3934467219600920E-010
   1.0083663390233342        8858538097947.6191       0.50814255497061733       0.25581092474317668        830.40850902733098        1.7690346248125626E-007   1.4075932857115530E-010
   1.0085564843622270        8592233464429.3994       0.52936609352676867       0.25028266993229992        837.64364944171768        1.7589873844545066E-007   1.4216319378323967E-010
   1.0087466335407496        8335815741069.9287       0.74520875176865342       0.24492179124633121        844.91639285697329        1.7488728608275128E-007   1.4355658563572837E-010
   1.0089367980777919        8089990916446.8213        1.5947171290978577       0.23972108552100047        852.10367610640265        1.7389473264207060E-007   1.4493906957957298E-010
   1.0091270240489134        7853371481328.1797        4.8514048886681094       0.23467192757755428        859.28860855729476        1.7290485728569453E-007   1.4631254309334913E-010
   1.0093174957563509        7625055609998.9072        11.523917980427051       0.22976739901319854        866.52133528362026        1.7191682182042574E-007   1.4768695749246651E-010
   1.0095089504090522        7404997365292.6035        18.435443895806504       0.22498551219276555        873.70198003760800        1.7095895359937436E-007   1.4907419552953167E-010
   1.0097026651616305        7190746225033.8545        22.193472604616936       0.22028998237100528        880.95609070532123        1.7000424060780801E-007   1.5047926539335505E-010
   1.0098995696880111        6980664326708.6963        23.318364877911804       0.21565551819782852        888.37655625233492        1.6902782314160937E-007   1.5189961427793510E-010
   1.0100999364481571        6774842762784.1309        23.553737287614251       0.21107839481605173        895.93729539086598        1.6803408961700031E-007   1.5333452029757608E-010
   1.0103038263196065        6573683146049.6104        23.566815740799939       0.20655997485434124        903.58753848611389        1.6703347046291660E-007   1.5478405059275151E-010
   1.0105113012503251        6376436457040.4697        23.587049454797071       0.20210114197214554        911.43001099777177        1.6600775891354513E-007   1.5624900846861418E-010
   1.0107224242775292        6183118939398.6904        23.590183876089338       0.19770255576756388        919.46887276123368        1.6495697335576813E-007   1.5772908095910725E-010
   1.0109372595468384        5993541822467.2275        23.608553035356174       0.19336491449418944        927.73988523128867        1.6387564892686368E-007   1.5922414619298382E-010
   1.0111558723317648        5807871454504.7236        23.608524397594692       0.18908886107550532        936.22616926932835        1.6276773385923388E-007   1.6073361601889468E-010
   1.0113783290535450        5625861034625.4795        23.634262863534072       0.18487501575141549        944.97598201521305        1.6162594460681419E-007   1.6225733705149527E-010
   1.0116046973013206        5447825404507.6201        23.649234085458918       0.18072396973760038        953.94609026477337        1.6045878486281627E-007   1.6379443907207222E-010
   1.0118350458526748        5273767174263.7305        23.647589484288861       0.17663607135216297        963.13994520121537        1.5926657205953525E-007   1.6534435358492942E-010
   1.0120694446945278        5103390181440.7822        23.684711067172866       0.17261177635425862        972.61795129301595        1.5804052984979760E-007   1.6690692050119233E-010
   1.0123079650444022        4937174982671.8936        23.691857695367915       0.16865141220492791        982.29461458172671        1.5679559536405040E-007   1.6848080291925983E-010
   1.0125506793720607        4774977405720.0811        23.711078800280500       0.16475507047925947        992.19588641460234        1.5552842094912329E-007   1.7006553753046495E-010
   1.0127976614215235        4616816751250.2422        23.729693515710494       0.16092286244855397        1002.3160938486596        1.5424078743147134E-007   1.7166137166737857E-010
   1.0130489862334762        4462716746361.7051        23.741732339084969       0.15715477561562338        1012.6455861951875        1.5293496586760165E-007   1.7326709122998658E-010
   1.0133047301680671        4312563292973.8252        23.768244339791917       0.15345077525769743        1023.2044587219467        1.5160876415008774E-007   1.7488162987732226E-010
   1.0135649709281098        4166485334492.4561        23.789850836640440       0.14981074921209672        1033.9547333534315        1.5026856284719492E-007   1.7650393943860760E-010
   1.0138297875826900        4024491047931.2661        23.790509473578950       0.14623440723204115        1044.8803960705593        1.4891718575339959E-007   1.7813314983710126E-010
   1.0140992605911898        3886257851857.6855        23.814636511586421       0.14272153158244516        1056.0522692308198        1.4754529505645718E-007   1.7976914096604897E-010
   1.0143734718277342        3751804437598.0610        23.839397018787469       0.13927196852100210        1067.4574725808072        1.4615567369195644E-007   1.8141104036347247E-010
   1.0146525046060662        3621133883595.2422        23.858890065896638       0.13588543198122746        1079.0830934843489        1.4475092639825292E-007   1.8305795737760398E-010
   1.0149364437048605        3494187807530.4800        23.895406981387424       0.13256162119791279        1090.9318546673244        1.4333153389476979E-007   1.8470922692573973E-010
   1.0152253753934819        3371051827145.6206        23.883248252112022       0.12930007012531308        1102.9577036872492        1.4190414727039155E-007   1.8636371225426083E-010
   1.0155193874581958        3251310306939.2778        23.933757166633711       0.12610041987968010        1115.2778633406888        1.4045463709424179E-007   1.8802182900482417E-010
   1.0158185692288417        3135191934182.1401        23.941965202739311       0.12296231631274433        1127.8005219560507        1.3899560300172691E-007   1.8968209040649968E-010
   1.0161230116059730        3022486946549.1133        23.977557521267297       0.11988526873211976        1140.5784674737224        1.3752139712893434E-007   1.9134438950578287E-010
   1.0164328070884756        2913191804239.3760        24.004625306386341       0.11686882895676558        1153.5933919007646        1.3603525005678863E-007   1.9300802981408806E-010
   1.0167480498016730        2807272657225.5684        24.039462783029993       0.11391247066078629        1166.8342271001200        1.3453937604638964E-007   1.9467247183336766E-010
   1.0170688355259230        2704671205985.2754        24.037113478827393       0.11101558692561610        1180.2969209153066        1.3303506047121973E-007   1.9633727583941208E-010
   1.0173952617257196        2605093417327.3687        24.110436638680490       0.10817771070103481        1194.0858545952003        1.3151180448595733E-007   1.9800317802674924E-010
   1.0177274275793058        2508834422254.5488        24.095352006718826       0.10539824425937842        1208.0410449610085        1.2998824104218154E-007   1.9966838750585711E-010
   1.0180654340088062        2415489655960.9346        24.148057284714216       0.10267654236371268        1222.3218557306127        1.2844821722532027E-007   2.0133436747244903E-010
   1.0184093837108903        2325128088089.4453        24.195255211829192       0.10001211654465157        1236.8710773218017        1.2689920786879059E-007   2.0300060251653094E-010
   1.0187593811879756        2237785908629.6250        24.206641131348555        9.7404240381418525E-002   1251.6334629999158        1.2534782112579771E-007   2.0466662020273544E-010
   1.0191155327799786        2153217904567.2358        24.252787640762666        9.4852258076291399E-002   1266.7083315792047        1.2378526230999904E-007   2.0633374653065544E-010
   1.0194779466966231        2071398294276.7617        24.283958770080766        9.2355566091767968E-002   1282.0809669902810        1.2221441747476976E-007   2.0800220073995244E-010
   1.0198467330503187        1992246785114.0393        24.351354667412480        8.9913537101805052E-002   1297.7676812264681        1.2063517977737821E-007   2.0967271006361777E-010
   1.0202220038896155        1915860144320.3472        24.365368547027110        8.7525427227735111E-002   1313.6643471280615        1.1905835065804504E-007   2.1134489733258952E-010
   1.0206038732332485        1842007780017.6709        24.401302369526636        8.5190467197764005E-002   1329.8799531064926        1.1747514471879320E-007   2.1302080399160976E-010
   1.0209924571047797        1770576472800.1594        24.471493887319927        8.2908043500207418E-002   1346.4609086784703        1.1588313257207007E-007   2.1470201001199919E-010
   1.0213878735678497        1701644252042.5574        24.512351970896276        8.0677442361565294E-002   1363.3078744415286        1.1429230726561794E-007   2.1638863211190505E-010
   1.0217902427620484        1635133410283.7188        24.566468998627283        7.8497863692467418E-002   1380.4287786222872        1.1270311199845593E-007   2.1808221452673404E-010
   1.0221996869394185        1570984894080.2344        24.592801048633621        7.6368496538152003E-002   1397.8169483578649        1.1111718142053397E-007   2.1978432292819541E-010
   1.0226163305015978        1509033843421.1748        24.661410111388722        7.4288593888494653E-002   1415.5652032032913        1.0952848078001777E-007   2.2149787888993957E-010
   1.0230403000376176        1449264469869.6394        24.700482939644370        7.2257427950227396E-002   1433.6401666231197        1.0794109892235245E-007   2.2322451521432917E-010
   1.0234717243623628        1391576076604.1653        24.796307202471102        7.0274280115501783E-002   1452.0891417976404        1.0635299641339727E-007   2.2496710110002545E-010
   1.0239107345557117        1336036230574.0505        24.809420187799191        6.8338335443256459E-002   1470.7824501106334        1.0477488637670130E-007   2.2672651789577816E-010
   1.0243574640023598        1282443864738.8379        24.911958686741119        6.6448805497343291E-002   1489.8737549986681        1.0319704740031821E-007   2.2850745555468527E-010
   1.0248120484323486        1230858952226.8435        24.933654512198686        6.4604909019342932E-002   1509.2326381272510        1.0162981616246899E-007   2.3031125484564930E-010
   1.0252746259623020        1181100271705.7847        25.024033554543028        6.2805857038004537E-002   1529.0108056311974        1.0006422008145320E-007   2.3214314218830695E-010
   1.0257453371373932        1133155489073.7424        25.062638779438920        6.1050928419472447E-002   1549.1664312067110        9.8504558660538731E-008   2.3400610730121514E-010
   1.0262243249740435        1086890578830.7301        25.162852534628122        5.9339423319991334E-002   1569.8235857472664        9.6944621431477922E-008   2.3590569894898027E-010
   1.0267117350033776        1042318235677.2615        25.213963449032846        5.7670661594719168E-002   1590.9110391755933        9.5390613059323060E-008   2.3784695172903177E-010
   1.0272077153154391        999319752183.60706        25.289396877147230        5.6043948834721823E-002   1612.5507615812824        9.3837003034827963E-008   2.3983557243473415E-010
   1.0277124166041849        957828312347.66321        25.387144605323041        5.4458686491540127E-002   1634.8065151790893        9.2282324326441405E-008   2.4187636612818273E-010
   1.0282259922132708        917833411340.07788        25.454187051698533        5.2914244057156327E-002   1657.6514349694287        9.0730314423774653E-008   2.4397428723968286E-010
   1.0287485981826425        879234556865.73877        25.544383579219726        5.1410008233191841E-002   1681.2213325161911        8.9175878629215723E-008   2.4613746890718682E-010
   1.0292803932959442        841988197706.50684        25.672980224894427        4.9945434047429842E-002   1705.5682686002792        8.7619001016786131E-008   2.4837341674084270E-010
   1.0298215391287624        806122384850.17847        25.749424424280303        4.8519897584372931E-002   1730.5949342798858        8.6067171079299037E-008   2.5068748712535518E-010
   1.0303722000977185        771550241789.14551        25.870935822291820        4.7132759279069215E-002   1756.4356819861878        8.4516073553648846E-008   2.5308999667520336E-010
   1.0309325435104217        738260853584.11951        25.991727539116802        4.5783405501430376E-002   1783.0714965953860        8.2969185281256658E-008   2.5558926962114740E-010
   1.0315027396163037        706242725608.60986        26.100298801912370        4.4471158076594561E-002   1810.4715252828221        8.1430196672217872E-008   2.5819407547822710E-010
   1.0320829616583445        675440790866.84583        26.211308213273391        4.3195327360987600E-002   1838.7102600734268        7.9897911716377056E-008   2.6091638623447095E-010
   1.0326733859257105        645810468881.96936        26.374651840427447        4.1955259248059158E-002   1867.8479641219362        7.8372038191599423E-008   2.6376921272043491E-010
   1.0332741918073143        617373384669.04944        26.471464242030127        4.0750234111415949E-002   1897.7482080196462        7.6860320139463284E-008   2.6676178894757162E-010
   1.0338855618463210        590049863610.38904        26.626857149810807        3.9579520514895689E-002   1928.5645592010051        7.5358317839569479E-008   2.6991191548737689E-010
   1.0345076817956087        563827829144.30237        26.759090674792063        3.8442413021838512E-002   1960.2536282564631        7.3869665887093001E-008   2.7323385800582463E-010
   1.0351407406742059        538664587196.33209        26.904046240960131        3.7338177408244730E-002   1992.8672060548627        7.2394127577382275E-008   2.7674604949530219E-010
   1.0357849308247222        514523427800.32959        27.074210077640725        3.6266101460208082E-002   2026.4443574195384        7.0932035980070586E-008   2.8046860046246725E-010
   1.0364404479717870        491395009374.82129        27.233886636048716        3.5225446025322585E-002   2060.9135145409623        6.9487443583308946E-008   2.8441971046875042E-010
   1.0371074912815175        469248793533.81531        27.394925940882768        3.4215442554489335E-002   2096.2727186012244        6.8061619320979640E-008   2.8862161958750345E-010
   1.0377862634220303        448047108276.60986        27.569384498748903        3.3235329221256792E-002   2132.5518036074031        6.6654688654149083E-008   2.9309997235701763E-010
   1.0384769706250194        427761388951.83002        27.751410040676646        3.2284346646991688E-002   2169.7410645842047        6.5267953998567658E-008   2.9788113407897611E-010
   1.0391798227484148        408365225351.88647        27.938113652870545        3.1361728128267666E-002   2207.8146925799947        6.3902993867461014E-008   3.0299289450279355E-010
   1.0398950333401433        389827926569.63971        28.123500717618420        3.0466702020188655E-002   2246.7640128237667        6.2560662026848183E-008   3.0846600237532889E-010
   1.0406228197030130        372113746448.58856        28.337052039631601        2.9598509437621691E-002   2286.6111998624265        6.1240840415547297E-008   3.1433532651343351E-010
   1.0413634029607339        355204153746.31927        28.534088981951268        2.8756388124343328E-002   2327.2732975405661        5.9946097539009079E-008   3.2063210782506739E-010
   1.0421170081251037        339060003033.79248        28.732900460586237        2.7939575188393073E-002   2368.7915134730179        5.8675488931142384E-008   3.2739686614438243E-010
   1.0428838641643727        323638522719.28925        28.968197072613119        2.7147349043860819E-002   2411.2538845181912        5.7427046538685489E-008   3.3467664241354247E-010
   1.0436642040728119        308918008378.12543        29.194433403904910        2.6379002060814852E-002   2454.6104085731286        5.6202208662718600E-008   3.4251189681759193E-010
   1.0444582649415024        294867760499.87878        29.450501124349611        2.5633832977767876E-002   2498.8775584911518        5.5000683597183108E-008   3.5094983407575941E-010
   1.0452662880303729        281468086692.63812        29.691237468907577        2.4911146208153771E-002   2543.9824076882746        5.3824071252361839E-008   3.6003784402518770E-010
   1.0460885188414997        268685420328.55701        29.947875088633694        2.4210255109739238E-002   2589.9726911016992        5.2671195521465453E-008   3.6982369137680306E-010
   1.0469252071936992        256488581225.08453        30.218920643244996        2.3530503832115367E-002   2636.8958836584857        5.1540998872398233E-008   3.8036245968562682E-010
   1.0477766072984305        244851268372.70132        30.511793390277564        2.2871258006461573E-002   2684.7684679927047        5.0433110674518257E-008   3.9170806404427542E-010
   1.0486429778370316        233753962640.01822        30.808220979798236        2.2231893449411580E-002   2733.5399642377301        4.9348389149735389E-008   4.0390726307234530E-010
   1.0495245820393153        223170307848.76883        31.108161838733047        2.1611792881400242E-002   2783.2395703378847        4.8286098260431408E-008   4.1701465493982121E-010
   1.0504216877635462        213080418404.32898        31.479939733122343        2.1010368584556474E-002   2833.8313366735083        4.7246691096864832E-008   4.3107599866786832E-010
   1.0513345675778252        203463981116.39905        31.686315987607433        2.0427004022200903E-002   2885.2806068767868        4.6230399209591668E-008   4.4613337307072269E-010
   1.0522634988429025        194286646543.71033        32.409060271927039        1.9861200541889945E-002   2937.7840243764422        4.5233913075229332E-008   4.6225995128696782E-010
   1.0532087637964487        185562147807.14359        31.840964940744833        1.9312261404309965E-002   2990.7962469458625        4.4265198390396814E-008   4.7941329475884935E-010
   1.0541706496388081        177176745329.93948        34.473948614675486        1.8779965572191207E-002   3045.9034067470698        4.3300740305850033E-008   4.9787970530509727E-010
   1.0551494486202586        169372963713.60278        29.557952238181638        1.8263078200089412E-002   3098.4357739842981        4.2406507720519433E-008   5.1691969468698823E-010
   1.0561454581298053        161399267033.04730        42.707773749124343        1.7762670700864836E-002   3162.2933501505331        4.1391519537545028E-008   5.3893071360707986E-010
   1.0571589807855371        155304090182.90717        17.102801491509425        1.7274839684406077E-002   3196.0353171142419        4.0806290791045851E-008   5.5660083781516727E-010
   1.0581903245265716        145266539542.30396        74.697198415161296        1.6805574172939139E-002   3323.8642551850826        3.9064069206712081E-008   5.9258288039243521E-010
   1.0592398027066159        147570072076.02493        37.633871021505861        1.6347070562218419E-002   3154.1768853574740        3.9215725375655426E-008   4.2669268759265315E-008
   1.0603077341891731        152886527838.01172        39.855948571523335        1.5862459075009629E-002   2954.2439045472993        4.1509972300549601E-008   4.4914140019000589E-008
   1.0613944434444229        159869751099.86774        36.409633159155625        1.5350838551091013E-002   2734.0832732293875        4.4613407483101163E-008   4.7976712847882277E-008
   1.0625002606478051        168672237927.10553        36.341289598025774        1.4804870128383002E-002   2499.2399025386380        4.8509772294520379E-008   5.1969686082275222E-008
   1.0636255217803379        179641564691.33282        36.724021053649153        1.4217396398884728E-002   2253.5194519562697        5.3424533343099209E-008   5.7125316475586850E-008
   1.0647705687306985        193051836051.69281        25.440368764194456        1.3579039832712345E-002   2002.8311834371418        5.9619735367636141E-008   6.3642505776237762E-008
   1.0659357493990995        206479251904.48761        19.409281262573998        1.2884454147873781E-002   1776.8047498923584        6.6571972303816888E-008   7.0197226182081513E-008
   1.0671214178029911        217812509896.28146       -15.584009231452173        1.2135476451360339E-002   1586.4444083548469        7.3765161232173942E-008   7.5532026391690977E-008
   1.0683279341846235        216972886620.38577       -36.371923123975833        1.1354910286810724E-002   1490.1450886716300        7.7700707640072780E-008   7.3669691975558512E-008
   1.0695556651204985        196970082984.53873       -26.653563674989108        1.0599358291995556E-002   1532.2407694626359        7.4940450479437509E-008   6.1501702216516717E-008
   1.0708049836327471        165805418261.35419        48.915252299658825        9.9322326383310330E-003   1705.6514278334207        6.6970055581122330E-008   4.5403951698358252E-008
   1.0720762693024648        136627496540.27115       -117.04344524259989        9.3632617383028766E-003   1951.2918976854958        5.8283313460593737E-008   3.2508542908262653E-008
   1.0733699083850401        86582730463.659348        381.88832037715770        8.9401060284432059E-003   2939.7357233086386        3.8935766492213840E-008   1.5581859612415255E-008
   1.0746862939275104        76504188688.585861       -208.35814282408552        8.6245406952389081E-003   3209.4476431456123        3.5517482253077749E-008   1.2822095158985036E-008
   1.0760258258879822        47788344605.268456        614.16305874045906        8.3796348617610778E-003   4990.8721549061902        2.2951665183600560E-008   6.6531836177960107E-009
   1.0773889112571502        64041202060.958115       -166.69588180249826        8.1558819560492643E-003   3625.4136038970214        3.1239494096833268E-008   9.7969203406168521E-009
   1.0787759641819532        62311588874.566917        39.504638323884606        7.9002412874375986E-003   3609.1904643000948        3.1192669810983282E-008   9.3741013896564747E-009
   1.0801874060914054        60912669115.885132        23.272125647051887        7.6488258357064109E-003   3574.5230018809930        3.1312054961961269E-008   9.0324425278520413E-009
   1.0816236658246388        60054941708.343132        16.531679731780812        7.3965665540492703E-003   3505.9576317225487        3.1713611133735835E-008   8.8063738711566154E-009
   1.0830851797611973        57562421678.457115        22.551006886385238        7.1478653118015696E-003   3534.6751684824208        3.1258347509678990E-008   8.2675067391652648E-009
   1.0845723919536232        54073185184.788368        32.781417814771231        6.9084280996995744E-003   3636.5501363590893        3.0196327084016936E-008   7.5715895199451474E-009
   1.0860857542623732        50436316000.877808        38.521735931807370        6.6810096409752094E-003   3770.2172544351179        2.8951088857671887E-008   6.8938320261178496E-009
   1.0876257264931071        47022558645.802490        41.648441786964298        6.4657800276363506E-003   3913.3999547618605        2.7722332567308259E-008   6.2975607598738343E-009
   1.0891927765363918        43908995230.470604        43.552958025460505        6.2619768383497488E-003   4058.5086728407350        2.6576458706942783E-008   5.7869640635676597E-009
   1.0907873805098591        41080106097.409813        45.296112742909735        6.0687182765348782E-003   4203.7797370026547        2.5496125252666592E-008   5.3505165266394012E-009
   1.0924100229028668        38508528057.636612        47.061797673497942        5.8850985587733176E-003   4348.4489944400257        2.4489176232929867E-008   4.9765440827914627E-009
   1.0940611967237004        36170507666.661766        48.915315904791889        5.7103006693477905E-003   4491.6094411216582        2.3552760010879800E-008   4.6554312047810091E-009
   1.0957414036493629        34045462051.958138        50.755204552375240        5.5435672917962886E-003   4632.1740418562940        2.2684596648696253E-008   4.3791957530806740E-009
   1.0974511541780017        32110671572.366688        52.690196574474662        5.3841881842273624E-003   4769.5927381986066        2.1879662146458878E-008   4.1342786783209109E-009
   1.0991909677840122        30346512636.546497        54.651272058852896        5.2315727507649575E-003   4903.2685826002880        2.1132615882590187E-008   3.9271300049897853E-009
   1.1009613730758701        28733462093.930435        56.678881435980848        5.0851573863961892E-003   5032.9878572494663        2.0439767439789973E-008   3.7536579750588529E-009
   1.1027629079567391        27253416629.126499        58.805113126593291        4.9444069146212730E-003   5158.8009378433617        1.9794363750126265E-008   3.5957582513787536E-009
   1.1045961197879024        25890823867.389912        60.987889494604985        4.8089005793026636E-003   5280.7888451038762        1.9191255313613719E-008   3.4565907581642104E-009
   1.1064615655550669        24631743355.139591        63.329884976624548        4.6782529518415716E-003   5399.1827199741947        1.8625488104128152E-008   3.3331941157760100E-009
   1.1083598120375941        23465646803.991589        65.581835555677102        4.5521188646771111E-003   5513.8941828182678        1.8093801516798352E-008   3.2232541304154742E-009
   1.1102914359807032        22377872958.975376        68.116469758969373        4.4302038198232750E-003   5626.2259231194002        1.7589073429843723E-008   3.1243993521791464E-009
   1.1122570242707051        21361267822.626400        70.643140071369530        4.3124606520094670E-003   5739.1844554295058        1.6757518260254128E-008   2.6378922979865078E-009
   1.1142571741133154        20408422892.271633        73.581941280218800        4.1980420947720061E-003   5844.0019299465330        1.6650342611743649E-008   2.9541049754032062E-009
   1.1162924932151048        19518559761.093105        76.082440021170456        4.0873542599051517E-003   5948.3110034063966        1.6217496462996423E-008   2.8805477757271820E-009
   1.1183635999681381        18680906101.569950        79.303634909639996        3.9799900228794562E-003   6050.7085682078368        1.5801698546519880E-008   2.8131067735784428E-009
   1.1204711236378606        17899172286.295479        81.772359911785273        3.8757556882857173E-003   6148.4608724438594        1.5409211859844642E-008   2.7509278015842770E-009
   1.1226157045542895        17156722205.616623        84.904132261770968        3.7744946647241436E-003   6245.7506593488661        1.5028315261244951E-008   2.6718428298833499E-009
   1.1247979943065629        16452199848.171928        88.224737467197997        3.6786606771986173E-003   6346.5694843832816        1.4361883385684841E-008   2.6467052818241358E-009
   1.1270186559409157        15787195257.563057        91.338049089224427        3.5804068353752433E-003   6435.9400407775674        1.4305624222291992E-008   2.5913025079642313E-009
   1.1292783641621309        15156187511.332882        94.786001261329176        3.4875445470349529E-003   6533.1608547696642        1.3682542378694743E-008   2.1890684954367300E-009
   1.1315778055385366        14558565771.235197        98.194728272304260        3.3967360339412786E-003   6618.1994133652161        1.3633918805320544E-008   2.5010137217889922E-009
   1.1339176787106064        13992256344.597845        101.67143725491154        3.3085281083106927E-003   6705.7181146336234        1.3316373758654945E-008   2.4597111356517610E-009
   1.1362986946032272        13454625147.599419        105.15145190263222        3.2225977081477512E-003   6790.9615091245169        1.3009764464751212E-008   2.4205341564417846E-009
   1.1387215766417003        12941961687.506870        108.98735210323902        3.1388576946687571E-003   6874.8558777633179        1.2711738256643662E-008   2.3910275620403515E-009
   1.1411870609715398        12454285471.569767        112.50558147786271        3.0572264982227492E-003   6956.5340851690735        1.2423360317664199E-008   2.3473703643330490E-009
   1.1436958966821358        11985644844.782333        116.70657810208422        2.9776342084943432E-003   7038.5343616993259        1.2139771091647270E-008   2.3131210523832801E-009
   1.1462488460343523        11538926130.861942        120.54100990394568        2.9000228979570992E-003   7118.5753230731925        1.1864640153463057E-008   2.2795908267178199E-009
   1.1488466846921230        11111053170.293089        124.79198594357052        2.8245383367791108E-003   7201.8517189516069        1.1464748918505608E-008   2.0831364445613512E-009
   1.1514902019581228        10702041712.992332        129.07919469531925        2.7506902865326839E-003   7286.4220176252420        1.1072521602880712E-008   1.8841587771758087E-009
   1.1541802010135824        10310930435.060753        133.47462191443125        2.6786342015915122E-003   7362.8197592532297        1.0827633882794827E-008   1.8651800238171995E-009
   1.1569174991623186        9936644687.3390675        137.97285860432078        2.6083134335114161E-003   7437.6337393181175        1.0588867108588276E-008   1.8468251858390640E-009
   1.1597029280790565        9578128903.8675385        142.60324936186964        2.5396743765477335E-003   7510.9472476037254        1.0355870652670658E-008   1.8290274287725070E-009
   1.1625373340621175        9234513363.3011208        147.35801127199491        2.4726669753837101E-003   7582.7637267428117        1.0128437883878816E-008   1.8117421481328663E-009
   1.1654215782905502        8905026619.9795952        152.23014627879016        2.4072435796284658E-003   7653.0545903649327        9.9064080212384103E-009   1.7949269178975669E-009
   1.1683565370857840        8588843617.6950817        157.23968786331741        2.3433592415768576E-003   7721.8865597767317        9.6894869051952349E-009   1.7785194682339571E-009
   1.1713431021778815        8285319189.8121052        162.37907442794537        2.2809715325397234E-003   7789.2208886841836        9.4775168526787347E-009   1.7624541251046571E-009
   1.1743821809764730        7993722406.1739082        167.63465731014873        2.2200397860640542E-003   7855.1426380580888        9.2701740540854332E-009   1.7466400378403305E-009
   1.1774746968464558        7713479253.0460777        173.14862530434195        2.1605267049370617E-003   7917.4066929824385        9.0963722553242187E-009   1.7758865421771800E-009
   1.1806215893885410        7445073501.5527906        178.52272157069044        2.1023914101326122E-003   7979.3193888302048        8.8977361739203022E-009   1.7586846001132861E-009
   1.1838238147247315        7185135940.9683876        183.63760592005627        2.0454531206643600E-003   8029.5737103637866        8.8334004616990849E-009   1.9069529900846547E-009
   1.1870823457888224        6931902367.3001499        190.54036843017099        1.9900193697511091E-003   8094.2075264039322        8.6291748956072278E-009   1.8802396697898271E-009
   1.1903981726220074        6691323063.0236712        197.01905616009665        1.9359878080488589E-003   8163.8432052964090        8.2968344996378421E-009   1.6386980726214262E-009
   1.1937723026736837        6462115931.4299908        202.12275309032597        1.8829311599025183E-003   8208.9373593106629        8.2449651949373825E-009   1.8271559693149408E-009
   1.1972057611075457        6238350644.8963480        208.81850619003964        1.8313806435069910E-003   8277.0746818560019        7.9285215221021426E-009   1.5986437860937515E-009
   1.2006995911130611        6022512062.1154537        215.34599584307858        1.7808937247965212E-003   8333.9944540677698        7.7472797237211507E-009   1.5781096979508585E-009
   1.2042548542224243        5814684923.3678455        222.05903561863209        1.7315839799998301E-003   8389.4088406519877        7.5696365453317467E-009   1.5575146052242219E-009
   1.2078726306330805        5614531634.8829393        228.85444535782523        1.6834241922026661E-003   8443.2711750920680        7.3955968749149433E-009   1.5369609650426036E-009
   1.2115540195359249        5421602771.7140961        235.96708211477218        1.6363885625970723E-003   8495.7388976194798        7.2248174215742310E-009   1.5161327587938308E-009
   1.2153001394492686        5235828877.7671595        242.95822861635790        1.5904498951637733E-003   8546.4298736704059        7.0576157881175350E-009   1.4953612764905578E-009
   1.2191121285586803        5056147721.0012388        250.83456512858342        1.5455874307098447E-003   8596.6110113500308        6.8927836767956009E-009   1.4744217149245103E-009
   1.2229911450628006        4884651549.2143106        257.74728536909481        1.5016446991357704E-003   8630.1334361978043        6.8321253553728043E-009   1.6155152378408850E-009
   1.2269383675252379        4717966980.7413015        265.68387930649789        1.4589743765094606E-003   8686.8871485934851        6.5873603620678699E-009   1.4540915656461316E-009
   1.2309549952326528        4556872845.1743946        273.67034137454232        1.4171851715488466E-003   8732.1311495701993        6.4315126244268142E-009   1.4321270506923355E-009
   1.2350422485591381        4401437399.7077923        281.82750840986483        1.3763814839491714E-003   8774.2258040571687        6.2894982147907430E-009   1.4299138791079616E-009
   1.2392013693370054        4251374144.0860901        290.19370157780565        1.3365432804614454E-003   8816.0067756396857        6.1422484392503796E-009   1.4130963649084582E-009
   1.2434336212340902        4106517085.7013183        298.74144599517393        1.2976504815084495E-003   8856.2691343921142        5.9975766548640404E-009   1.3958195272309445E-009
   1.2477402901376957        3966592224.9990544        307.55739186201339        1.2596839816135859E-003   8896.0523792078857        5.8502228016935912E-009   1.3686862296822674E-009
   1.2521226845452820        3831532493.7179303        316.55197208681977        1.2226248340931032E-003   8933.1094756890016        5.7118304093385430E-009   1.3528659866114174E-009
   1.2565821359620291        3701099149.0435009        325.77972566788060        1.1864542254028494E-003   8968.8431851282494        5.5746201971437834E-009   1.3342932812728580E-009
   1.2611199993053881        3575089443.8645906        335.24676082598813        1.1511543445388859E-003   9003.3279578761030        5.4386223750265251E-009   1.3131689463250899E-009
   1.2657376533167473        3453340430.7734237        344.94356944786023        1.1167078566611689E-003   9036.2767686766601        5.3052703476491075E-009   1.2922219971641520E-009
   1.2704365009803340        3335663508.3713045        354.90099817985384        1.0830980390403562E-003   9068.1558357546182        5.1727239778302468E-009   1.2681797028878322E-009
   1.2752179699494866        3221925037.7776723        365.10563983474111        1.0503086401632891E-003   9098.3264730301198        5.0437264406998330E-009   1.2462074684047027E-009
   1.2800835129804169        3111984400.8811798        375.57092759849962        1.0183236810430100E-003   9127.0248162614062        4.9170901119452566E-009   1.2241539342406445E-009
   1.2850346083736033        3005704576.4066510        386.29471307605422        9.8712752309473286E-004   9154.3175232434423        4.7925279768655561E-009   1.2015608919289800E-009
   1.2900727604229429        2902941026.4496651        397.30331721389456        9.5670497217347145E-004   9180.3584676829141        4.6695949836510851E-009   1.1776761260772923E-009
   1.2951994998728023        2803579372.5192237        408.57627624590765        9.2704112177788376E-004   9204.8283839152500        4.5493859063777053E-009   1.1546365424237039E-009
   1.3004163843831034        2707481651.8976450        420.16597182517381        8.9812148464108040E-004   9228.0542483151985        4.4309030203660575E-009   1.1306601287296064E-009
   1.3057249990025901        2614578449.2944064        432.00979819537781        8.6993164750895043E-004   9249.0160692520803        4.3169404045509632E-009   1.1110199521926169E-009
   1.3111269566504125        2524714043.0862308        444.19023864770008        8.4245750986376310E-004   9269.5385906960928        4.2021786264457087E-009   1.0857509248248608E-009
   1.3166238986061813        2437830231.9250836        456.66215624996016        8.1568530857720981E-004   9286.2288180069354        4.0960560282315051E-009   1.0728819475294741E-009
   1.3222174950086405        2353794829.4708190        469.38329827693258        7.8960113557618192E-004   9303.4281019770133        3.9863707477721718E-009   1.0491580908258248E-009
   1.3279094453631037        2272418062.3448310        482.64618936907999        7.6419256979134932E-004   9319.7121173214618        3.8782742045289336E-009   1.0248008692703551E-009
   1.3337014790578174        2193921336.1523118        495.91489886059225        7.3934427827155235E-004   9328.9884825066583        3.7841665510151271E-009   1.0144953885118569E-009
   1.3395953558894018        2117864911.8632894        509.72677295818539        7.1534690651101822E-004   9346.5525875297917        3.6693110933487126E-009   9.7726951047102618E-010
   1.3455928665975307        2044208936.1019318        523.98422440836941        6.9188521282082351E-004   9358.4147063389955        3.5677890057942838E-009   9.5394941187626675E-010
   1.3516958334090123        1973078191.5322728        538.40155210104820        6.6904670826939514E-004   9365.5772952755797        3.4734615024731267E-009   9.3998276879587032E-010
   1.3579061105914376        1904251498.2265134        552.99244510528683        6.4682063620125215E-004   9374.2656794144623        3.3756065758966611E-009   9.1595676073966775E-010
   1.3642255850165643        1837420708.8749628        568.43382836308285        6.2519663712977121E-004   9383.0706405625588        3.2787563010661833E-009   8.9100413637678665E-010
   1.3706561767336045        1772885537.8451481        584.03645103509166        6.0416152233079589E-004   9393.2291687020988        3.1792833756406221E-009   8.5741884076517673E-010
   1.3771998395525957        1710471368.5129039        600.12368447268784        5.8370357895307990E-004   9394.9169037527172        3.0926168429476019E-009   8.4427488037993734E-010
   1.3838585616380270        1650148962.9801738        616.65433479958347        5.6381111359521277E-004   9401.6359951148734        2.9984506630053008E-009   8.1372104041136782E-010
   1.3906343661129048        1591949256.0455692        633.48048037391914        5.4447057112423679E-004   9399.5231512256396        2.9152448053012908E-009   7.9962364425101730E-010
   1.3975293116734386        1535699623.5185769        650.42711247549050        5.2567109157511632E-004   9399.1305500130475        2.8288736801903647E-009   7.7576231768799908E-010
   1.4045454932145365        1481074826.4823728        668.50960033396700        5.0740305892601600E-004   9400.5854981372213        2.7429960420347984E-009   7.5143795002759424E-010
   1.4116850424662974        1428382670.9078202        686.43191697709301        4.8965311385143159E-004   9395.9229654500577        2.6630183599496440E-009   7.3392567112119101E-010
   1.4189501286416961        1377273503.3161659        705.20076271313383        4.7241383835609237E-004   9394.4373878926090        2.5806385628744813E-009   7.0924494923694465E-010
   1.4263429590956571        1327828643.6046076        724.44803216395292        4.5567325923767411E-004   9389.8373794770614        2.5022551329187440E-009   6.8919252143042237E-010
   1.4338657799957155        1280079714.2525191        744.19479427004933        4.3942122414135701E-004   9382.5724003353989        2.4260089368714257E-009   6.6939482801855482E-010
   1.4415208770044705        1233997964.1704226        764.18407587395893        4.2364555957155988E-004   9374.1412325973561        2.3512823347906509E-009   6.4949053957232087E-010
   1.4493105759740419        1189345938.3105054        784.83069564183108        4.0833726899185038E-004   9365.3112703529023        2.2778677196962798E-009   6.2942435886824649E-010
   1.4572372436527326        1146137689.8244770        806.04072533971600        3.9342374926336826E-004   9353.7533935050469        2.2081343829312766E-009   6.0998599203615254E-010
   1.4653032884041199        1104390874.2467613        827.97065138470509        3.7908434340847572E-004   9344.4260668078878        2.1358692196014282E-009   5.8985721901876381E-010
   1.4735111609387901        1064072239.4135823        850.02995629225461        3.6511756469493939E-004   9331.1794518375809        2.0678517152145846E-009   5.7128054362786635E-010
   1.4818633550589388        1024982783.6324949        873.27563488315275        3.5152099598452486E-004   9316.1496153250664        2.0028103241184705E-009   5.5288666086413506E-010
   1.4903624084160647        987328927.34731722        896.65101487305833        3.3841217162753419E-004   9300.7529631741127        1.9377376316601051E-009   5.3461275005752754E-010
   1.4990109032819841        950923680.75208008        920.63293365614857        3.2574707765888587E-004   9285.4746895043318        1.8728477626829108E-009   5.1647738935608747E-010
   1.5078114673334051        915717158.06686723        945.43876586369265        3.1343339084840199E-004   9267.6357081416081        1.8110909524525859E-009   4.9896383546375036E-010
   1.5167667744502968        881745596.72127521        970.54480599093904        3.0150872883923140E-004   9248.0674517240132        1.7510037779247032E-009   4.8182520957932204E-010
   1.5258795455282941        848842805.81479633        996.73715684019464        2.8991491108118928E-004   9226.2562312981754        1.6936886350986458E-009   4.6524299641595412E-010
   1.5351525493053888        817060124.90153933        1023.5718291210197        2.7874345839130416E-004   9204.9936792226326        1.6364640710097244E-009   4.4886338599720611E-010
   1.5445886032031582        786382698.93316090        1051.0571906545738        2.6798110772471856E-004   9184.6205733897623        1.5795824638060146E-009   4.3297049151154039E-010
   1.5541905741827819        756768496.62284005        1079.2549724792977        2.5752367768462614E-004   9160.4847030235378        1.5255219137802387E-009   4.1741437710710401E-010
   1.5639613796161140        728177490.85152256        1108.2028226560144        2.4741058399076058E-004   9135.0616244932444        1.4729225926242087E-009   4.0219810211208170E-010
   1.5739039881720687        700571739.03451312        1137.8784782198893        2.3759060875112731E-004   9106.0642162861841        1.4227773170956694E-009   3.8719985787421362E-010
   1.5840214207185914        673908214.20657408        1168.4377181193297        2.2814171868317906E-004   9078.3397339210715        1.3729512618815860E-009   3.7274267030293474E-010
   1.5943167512404930        648193853.56804216        1199.6396155907396        2.1905131222825356E-004   9051.2179944154359        1.3235280294834315E-009   3.5841594975965920E-010
   1.6047931077734188        623358683.02673650        1231.7599530057241        2.1023012418182210E-004   9020.9854245576444        1.2767899500862599E-009   3.4539356244876674E-010
   1.6154536733542413        599374812.29487693        1264.7199318617597        2.0171140187910750E-004   8989.7519269785389        1.2308572729741271E-009   3.3141264983434464E-010
   1.6263016869881644        576229430.46354675        1298.5764936513326        1.9348724626233848E-004   8957.4494678263181        1.1864930965937489E-009   3.1848357809136970E-010
   1.6373404446328321        553904322.26785016        1333.2043838862039        1.8554966256593508E-004   8923.9499732202657        1.1436502928196647E-009   3.0648738922855900E-010
   1.6485733001997400        532361035.64509255        1368.9984492614212        1.7789097909733602E-004   8889.3494306610337        1.1016343088475296E-009   2.9372702447121627E-010
   1.6600036665732567        511620070.67771584        1405.1871607935093        1.7050278532753930E-004   8852.7824176485101        1.0612254824692228E-009   2.8203014816017982E-010
   1.6716350166475631        491570396.99857014        1442.7197723364345        1.6337887965584550E-004   8816.3388951352881        1.0218101894783092E-009   2.7042493136560516E-010
   1.6834708843818218        472237264.34177297        1481.2494933343796        1.5651101253459765E-004   8778.6076496722053        9.8365043970298209E-010   2.5929872627904946E-010
   1.6955148658739039        453602753.96606761        1520.7577994782114        1.4989222380213510E-004   8739.7126308170027        9.4667490502998698E-010   2.4852233774991733E-010
   1.7077706204529908        435642163.07767105        1561.2760403384668        1.4351529781168664E-004   8699.7019483894292        9.1085372314497103E-010   2.3809078373897699E-010
   1.7202418717913925        418326159.72616309        1602.9439622190671        1.3737324005214164E-004   8658.7468599712010        8.7614386700231608E-010   2.2799549772683243E-010
   1.7329324090359117        401650668.00877738        1645.6073412082349        1.3145909393798923E-004   8616.5519272645051        8.4256647652368388E-010   2.1825524513563479E-010
   1.7458460879591013        385584336.45256358        1689.4183409346711        1.2576453307664456E-004   8572.7082868415309        8.1017607553522213E-010   2.0890344584415590E-010
   1.7589868321307685        370100429.43303424        1734.3949339730689        1.2028567949995860E-004   8528.5294710237558        7.7869611165444865E-010   1.9977466176516303E-010
   1.7723586341100726        355179598.75980651        1780.5672245937560        1.1501492075511748E-004   8483.5021843970135        7.4822789391165494E-010   1.9096093205268166E-010
   1.7859655566585870        340805271.54210365        1827.9438979968797        1.0992527137721042E-004   8436.0760840977382        7.1904880971528018E-010   1.8242129030159820E-010
   1.7998117339746909        326960395.75030595        1876.5935139523601        1.0505265841945315E-004   8389.3332160335030        6.9052498427295527E-010   1.7422045112700449E-010
   1.8139013729496636        313632734.48711187        1926.4645328975598        1.0038654061028116E-004   8343.0042810866271        6.6270702627597517E-010   1.6634458213745649E-010
   1.8282387544458680        300800826.40926737        1977.6021966980018        9.5885828022061054E-005   8294.4408531903937        6.3608689933568491E-010   1.5872814826840700E-010
   1.8428282345974063        288445682.65660268        2030.2307438728160        9.1546909880354336E-005   8243.7524303215632        6.1058743699732262E-010   1.5136822156556871E-010
   1.8576742461336471        276570022.18676144        2083.9702866614416        8.7396000978554180E-005   8193.1868230869222        5.8576691216464359E-010   1.4431210469100881E-010
   1.8727812997260225        265139933.77223590        2138.8881269311696        8.3411240413570323E-005   8141.8785777339544        5.6180010684977036E-010   1.3752531083133938E-010
   1.8881539853585096        254120670.69533437        2195.8222559691280        7.9601511669827573E-005   8091.8427199754033        5.3843613081230375E-010   1.3102406747426683E-010
   1.9037969737222067        243538280.68196943        2253.8991072089730        7.5920027333756655E-005   8037.8725115182224        5.1628901293452953E-010   1.2473441669126975E-010
   1.9197150176344315        233360598.40878204        2313.4223407809686        7.2400796492839685E-005   7984.3390668980392        4.9476626001525189E-010   1.1871380496600677E-010
   1.9359129534827733        223570445.42286152        2374.5977268568795        6.9027328841266813E-005   7930.2644311481718        4.7399907858727194E-010   1.1293639858915696E-010
   1.9523957026945336        214157028.34686249        2437.2779510087144        6.5800930637518993E-005   7876.3295567095729        4.5389663548310094E-010   1.0740572845382575E-010
   1.9691682732320077        205100003.28562596        2501.8454601708445        6.2702119355577868E-005   7821.1589186441961        4.3459575528874367E-010   1.0209078260734700E-010
   1.9862357611140551        196397716.01363954        2568.1185785226753        5.9733964022043384E-005   7765.2777228406403        4.1601326674008108E-010   9.6998026957973518E-011
   2.0036033519644256        188038057.24775106        2636.1019206352958        5.6891606713089099E-005   7708.6659860819682        3.9812595114031531E-010   9.2120355233294148E-011
   2.0212763225873109        180007835.31226829        2705.8727102964799        5.4170547151261708E-005   7651.3860721611773        3.8091061492094219E-010   8.7451043224436156E-011
   2.0392600425705982        172294725.58193120        2777.4713134582689        5.1566408291346276E-005   7593.4872121723420        3.6434558076995755E-010   8.2983456438107615E-011
   2.0575599759173153        164887202.02495050        2850.9442022938497        4.9074927293500874E-005   7535.0039197452461        3.4841055056452405E-010   7.8711047013667966E-011
   2.0761816827057604        157774270.29100096        2926.3384221087622        4.6691955272642162E-005   7475.9642094105011        3.3308601572844380E-010   7.4627352877421652E-011
   2.0951308207788255        150945377.84897175        3003.6991906479207        4.4413456565611404E-005   7416.3919416379140        3.1835306815634513E-010   7.0726003100194175E-011
   2.1144131474630203        144390197.60014796        3083.0830116359980        4.2235514127714744E-005   7356.3166772491732        3.0419292325842774E-010   6.7000724305722225E-011
   2.1340345213177248        138099359.15186423        3164.5261669348042        4.0154316737631561E-005   7295.7374307539858        2.9058864378476439E-010   6.3445372164046021E-011
   2.1540009039151959        132062050.31924181        3248.0785694041742        3.8166122325366226E-005   7234.7287364714593        2.7751960311001481E-010   6.0053740851353237E-011
   2.1743183616518782        126269030.79447731        3333.9002908932089        3.6263163450440738E-005   7172.5247356213340        2.6500458942342775E-010   5.6813444654779732E-011
   2.1949930675915588        120716622.05422202        3421.6979769978784        3.4450675161746793E-005   7110.4910638158426        2.5296604782217721E-010   5.3732440814580013E-011
   2.2160313033409329        115391383.63202931        3511.7071225276372        3.2720663043588389E-005   7048.0449189703950        2.4141074471016114E-010   5.0797573201992287E-011
   2.2374394609581474        110284171.49447490        3604.0913264399233        3.1069944717908059E-005   6985.2682395034944        2.3032323470026490E-010   4.8003353943739633E-011
   2.2592240448949035        105387041.83701919        3698.8613165365177        2.9495360584200585E-005   6922.1795264019065        2.1968802464124314E-010   4.5344348124661680E-011
   2.2813916739727071        100692381.80355991        3796.0878262356468        2.7993848247480273E-005   6858.7914720419030        2.0949019845653221E-010   4.2815251850009310E-011
   2.3039490833938689        96192790.685366377        3895.8261879345387        2.6562441542523617E-005   6795.1172165593525        1.9971510807068104E-010   4.0410888291710214E-011
   2.3269031267878661        91881084.143773273        3998.1378747361337        2.5198267582435642E-005   6731.1695461665076        1.9034840142972027E-010   3.8126208277600880E-011
   2.3502607782936820        87750206.191622019        4103.0857556502533        2.3898544248676837E-005   6666.9662510615171        1.8137582931497046E-010   3.5956284836156671E-011
   2.3740291346787630        83793307.220749080        4210.7334053810227        2.2660584982647490E-005   6602.5270473279998        1.7278344344952497E-010   3.3896329538019862E-011
   2.3982154174952335        80003754.432394609        4321.1456733223640        2.1481793518925434E-005   6537.8718307657246        1.6455763518289114E-010   3.1941689117835666E-011
   2.4228269752740230        76375125.913169563        4434.3885835489809        2.0359662006617330E-005   6473.0207376781800        1.5668513007910519E-010   3.0087845758225214E-011
   2.4478712857575764        72901206.189783797        4550.5293442836273        1.9291769472475543E-005   6407.9942227491347        1.4915298940365541E-010   2.8330417672846358E-011
   2.4733559581718172        69575981.669297069        4669.6365350521191        1.8275779994660722E-005   6342.8130824575701        1.4194861038623335E-010   2.6665158949829293E-011
   2.4992887355380642        66393638.606500141        4791.7799626690639        1.7309440875548152E-005   6277.4982811698947        1.3505973156575011E-010   2.5087964184300340E-011
   2.5256774970255984        63348559.782522701        4917.0306305883187        1.6390580646037766E-005   6212.0707988132199        1.2847443454574648E-010   2.3594903713116945E-011
   2.5525302603455939        60435319.559259146        5045.4608649824522        1.5517107115579784E-005   6146.5516160514026        1.2218114134632064E-010   2.2182078769971989E-011
   2.5798551841871440        57648680.001696862        5177.1442874379800        1.4687005365917414E-005   6080.9615861065458        1.1616861371126667E-010   2.0845780337939758E-011
   2.6076605706961189        54983585.758638479        5312.1557398556215        1.3898335733998794E-005   6015.3214026948835        1.1042594889470779E-010   1.9582429987651026E-011
   2.6359548679976132        52435158.682790354        5450.5714522692879        1.3149231864275529E-005   5949.6516259323162        1.0494257457662050E-010   1.8388578059362950E-011
   2.6647466727627398        49998693.926422372        5592.4688414615712        1.2437898690145423E-005   5883.9725419288688        9.9708246487658985E-011   1.7260901657835496E-011
   2.6940447328205686        47669653.640785441        5737.9266934028219        1.1762610500435024E-005   5818.3042931672526        9.4713040340281462E-011   1.6196202400006011E-011
   2.7238579498159750        45443663.415967263        5887.0250428825248        1.1121708934535688E-005   5752.6667104174530        8.9947349254635698E-011   1.5191404122509492E-011
   2.7541953819142373        43316506.374405935        6039.8451995875112        1.0513601073596997E-005   5687.0794292166111        8.5401875796390404E-011   1.4243550363349023E-011
   2.7850662465531828        41284119.224790961        6196.4698532578595        9.9368365829099101E-006   5621.6039461615510        8.1066122098960019E-011   1.3349898523596215E-011
   2.8164799232437243        39342586.959957391        6356.9826821030665        9.3897909239810866E-006   5556.1777727497856        7.6934488179119815E-011   1.2507531480500744E-011
   2.8484459564196447        37488138.768203415        6521.4695806785749        8.8711331925713337E-006   5490.8590988729056        7.2996981477957549E-011   1.1713931076456214E-011
   2.8809740583374861        35717144.745180339        6690.0149939197390        8.3795130994120969E-006   5425.6662703587208        6.9245489400633227E-011   1.0966593144285907E-011
   2.9140741120274294        34026104.534571625        6862.7121077284028        7.9136365748793284E-006   5360.6182323567509        6.5672165885857646E-011   1.0263119302028553E-011
   2.9477561742960612        32411675.652938928        7039.6351824189569        7.4722632648552519E-006   5295.7296635337980        6.2269501100399407E-011   9.6012158358693788E-012
   2.9820304787819372        30870518.106337499        7220.9116280537000        7.0542074135709399E-006   5231.0340461574469        5.9029968568995141E-011   8.9786816070716535E-012
   3.0169074390648762        29399620.036269460        7406.6199233979687        6.6583299593760252E-006   5166.5331453004537        5.5946763232179811E-011   8.3934245635218865E-012
   3.0523976518299230        27995992.974508446        7596.8364529940700        6.2835440900997446E-006   5102.2434322107720        5.3013128448859300E-011   7.8434430197528865E-012
   3.0885119000869423        26656747.215884231        7791.6614712406536        5.9288086800571620E-006   5038.1824289209962        5.0222512921769922E-011   7.3268232254994760E-012
   3.1252611564468289        25379107.216283381        7991.1879342416050        5.5931284877631229E-006   4974.3672350727566        4.7568613322252536E-011   6.8417401781065208E-012
   3.1626565864553209        24160407.999838613        8195.5129060164581        5.2755522666392373E-006   4910.8142623687727        4.5045368237916664E-011   6.3864543394855362E-012
   3.2007095519854332        22998090.869500455        8404.7334292173873        4.9751712297001532E-006   4847.5393337733412        4.2646950017604911E-011   5.9593086875044534E-012
   3.2394316146895412        21889698.961279456        8618.9481501729097        4.6911174404793889E-006   4784.5577571644490        4.0367756243650620E-011   5.5587256497822164E-012
   3.2788345395121645        20832873.191302229        8838.2566355446506        4.4225622997672106E-006   4721.8844193291116        3.8202401877736545E-011   5.1832041637823872E-012
   3.3189302982645144        19825348.829789340        9062.7596569034704        4.1687150512815564E-006   4659.5337792096207        3.6145712719990929E-011   4.8313168036639257E-012
   3.3597310732618975        18864951.970788062        9292.5590310184780        3.9288213391872934E-006   4597.5199170229171        3.4192718503747493E-011   4.5017069515852154E-012
   3.4012492610250740        17949596.528516907        9527.7576016183266        3.7021617974190811E-006   4535.8564966892682        3.2338647052261429E-011   4.1930860476251742E-012
   3.4434974760466983        17077280.951894123        9768.4593211034426        3.4880506808004867E-006   4474.5568069679275        3.0578917700158442E-011   3.9042308691904984E-012
   3.4864885546239885        16246085.522933176        10014.768943718573        3.2858345288628541E-006   4413.6336935132813        2.8909135905893441E-011   3.6339809005069110E-012
   3.5302355587587844        15454168.655380562        10266.792691341887        3.0948908771839638E-006   4353.0997453868513        2.7325085545176418E-011   3.3812356869365553E-012
   3.5747517801261823        14699766.408051377        10524.636722958188        2.9146269843862746E-006   4292.9667288119208        2.5822728261072363E-011   3.1449524744955253E-012
   3.6200507441129521        13981183.350788943        10788.409922593104        2.7444786393850860E-006   4233.2471659758048        2.4398183726810506E-011   2.9241432741899264E-012
   3.6661462139269618        13296803.951630689        11058.220762721985        2.5839089105667255E-006   4173.9507657808108        2.3047753657091750E-011   2.7178734909964706E-012
   3.7130521947788604        12645083.773717459        11334.175717684246        2.4324069706210012E-006   4115.0856251754976        2.1767905294790716E-011   2.5252590698644128E-012
   3.7607829381372886        12024525.625297062        11616.387793721777        2.2894871734356386E-006   4056.6643251866744        2.0555218768842634E-011   2.3454627811542407E-012
   3.8093529460589100        11433697.756141689        11904.969283710754        2.1546878283199118E-006   3998.6985857321524        1.9406423846182629E-011   2.1776934828481335E-012
   3.8587769755945791        10871233.257581947        12200.031743708578        2.0275702699407278E-006   3941.1988213266486        1.8318400830741358E-011   2.0212068111059488E-012
   3.9090700432729828        10335826.043494171        12501.687863586407        1.9077177982181160E-006   3884.1744027581485        1.7288171784509376E-011   1.8752982938277702E-012
   3.9602474296631178        9826226.9936116859        12810.051040752311        1.7947346911064512E-006   3827.6340317403174        1.6312891884588192E-011   1.7392987710385038E-012
   4.0123246840170008        9341241.0088254865        13125.235527855326        1.6882452579714970E-006   3771.5859377521742        1.5389842784996344E-011   1.6125809440466046E-012
   4.0653176289940003        8879724.6066299677        13447.356344645512        1.5878929383565091E-006   3716.0379828110331        1.4516427167255512E-011   1.4945534573096484E-012
   4.1192423654682404        8440583.9097036403        13776.529255539836        1.4933394328828303E-006   3660.9976714251911        1.3690164145453296E-011   1.3846591204237424E-012
   4.1741152774205492        8022772.7072107494        14112.870703570523        1.4042638691505639E-006   3606.4721658317762        1.2908684822820843E-011   1.2823732006675428E-012
   4.2299530369163989        7625290.6366723897        14456.497852178843        1.3203619966642603E-006   3552.4682760672104        1.2169728088934440E-011   1.1872017839095873E-012
   4.2867726091713969        7247181.4207879882        14807.528533265731        1.2413454133185460E-006   3498.9924518122903        1.1471136536637725E-011   1.0986802006623661E-012
   4.3445912577058357        6887531.1315929247        15166.081261870004        1.1669408204598763E-006   3446.0507814399543        1.0810852414182476E-011   1.0163715129230701E-012
   4.4034265495898719        6545466.4785289690        15532.275271054630        1.0968893074406878E-006   3393.6490057745727        1.0186913623122743E-011   9.3986506166506890E-013
   4.4632963607809426        6220153.2444876116        15906.230419652165        1.0309456636855356E-006   3341.7924912229300        9.5974500239058162E-012   8.6877508133316724E-013
   4.5242188815550266        5910794.6364874383        16288.067296808720        9.6887771950232433E-007   3290.4862637586161        9.0406795623855029E-012   8.0273936587462821E-013
   4.5862126220334041        5616629.7982539469        16677.907290090432        9.1046571259990879E-007   3239.7349949549707        8.5149047266406464E-012   7.4141799987983934E-013
   4.6492964178065961        5336932.3051822614        17075.872457044876        8.5550168146299368E-007   3189.5430207198619        8.0185089727253322E-012   6.8449214295309496E-013
   4.7134894356571939        5071008.7486001002        17482.085680951906        8.0378888455122411E-007   3139.9143456215647        7.5499533403540058E-012   6.3166287242234991E-013
   4.7788111793833110        4818197.3536706483        17896.670726682285        7.5514124294468852E-007   3090.8526513469883        7.1077731334129114E-012   5.8265007832872684E-013
   4.8452814957244339        4577866.6676576622        18319.752213850988        7.0938280831527481E-007   3042.3612998357635        6.6905747577318686E-012   5.3719141699634647E-013
   4.9129205803914635        4349414.2533632247        18751.455741398106        6.6634725280706990E-007   2994.4433547870885        6.2970325693293673E-012   4.9504130535422643E-013
   4.9817489842027944        4132265.4808341013        19191.907948051507        6.2587738257267550E-007   2947.1015818493124        5.9258859303799641E-012   4.5596997425530401E-013
   5.0517876193282758        3925872.3266135012        19641.236582808982        5.8782467165795141E-007   2900.3384643358140        5.5759362880742423E-012   4.1976256525381420E-013
   5.1230577656429679        3729712.2423644611        20099.570586873233        5.5204881800486962E-007   2854.1562106850570        5.2460443953851067E-012   3.8621827599988497E-013
   5.1955810771926192        3543287.0507822386        20567.040230465478        5.1841731856580850E-007   2808.5567666914471        4.9351275980530241E-012   3.5514954897574058E-013
   5.2693795887728241        3366121.8932507304        21043.777143596530        4.8680506478014264E-007   2763.5418265765438        4.6421572267978537E-012   3.2638130444576537E-013
   5.3444757226238693        3197764.2259498211        21529.914480492716        4.5709395598916388E-007   2719.1128347306753        4.3661560986232486E-012   2.9975021483688255E-013
   5.4208922952432950        3037782.8303322396        22025.586999418898        4.2917253154233703E-007   2675.2710072769355        4.1061960491177389E-012   2.7510401806558262E-013
   5.4986525243182376        2885766.8805773556        22530.931144615635        4.0293561967326030E-007   2632.0173389676479        3.8613955829485501E-012   2.5230086953216954E-013
   5.5777800357796776        2741325.0648677014        23046.085091506517        3.7828400352751670E-007   2589.3525991105466        3.6309176430577626E-012   2.3120873124358496E-013
   5.6582988709807154        2604084.7130695814        23571.188878697390        3.5512410271957182E-007   2547.2773446740875        3.4139673991280890E-012   2.1170479345349941E-013
   5.7402334940010702        2473690.9749266976        24106.384362245713        3.3336767064356562E-007   2505.7919233079215        3.2097901457410654E-012   1.9367493728777172E-013
   5.8236087990800156        2349806.0471647489        24651.815137794423        3.1293150614349357E-007   2464.8964588957415        3.0176693122145496E-012   1.7701374875541469E-013
   5.9084501181800020        2232108.3949657702        25207.626517774570        2.9373717964804179E-007   2424.5908674866487        2.8369244772810755E-012   1.6162236536447001E-013
   5.9947832286832892        2120292.0293643218        25773.965429823096        2.7571077254984701E-007   2384.8748496460739        2.6669095178919996E-012   1.4740965898073152E-013
   6.0826343612238931        2014065.8076797132        26350.979958501866        2.5878381132837344E-007   2345.7577498194087        2.5070667043495276E-012   1.3429205216580683E-013
   6.1720302076572615        1913152.7768396237        26938.819066520158        2.4288838536820839E-007   2307.2202528939074        2.3567066470160817E-012   1.2219023962309752E-013
   6.2629979291700693        1817289.5082109375        27537.631973935793        2.2796377041033955E-007   2269.2701087252885        2.2153265513473387E-012   1.1103287763531992E-013
   6.3555651645326154        1726225.5038825290        28147.567326067638        2.1395173866061588E-007   2231.9060649807934        2.0824006809420181E-012   1.0075350472091571E-013
   6.4497600384963283        1639722.6042336095        28768.772300624376        2.0079745506223099E-007   2195.1265851442295        1.9574297450315424E-012   9.1290809757047301E-014
   6.5456111703389217        1557554.4252625171        29401.391405937789        1.8844928667558895E-007   2158.9298159924492        1.8399396826871431E-012   8.2588247849837125E-014
   6.6431476825598050        1479505.8177913637        30045.564968445047        1.7685862216481431E-007   2123.3135502975138        1.7294805822917023E-012   7.4593659096991627E-014
   6.7423992097283874        1405372.3474900392        30701.427471757193        1.6597970064429363E-007   2088.2751811391672        1.6256257419111300E-012   6.7258888598199895E-014
   6.8433959074879631        1334959.7876846646        31369.105615128970        1.5576944967795396E-007   2053.8116580043288        1.5279708582208736E-012   6.0539407620386948E-014
   6.9461684617179218        1268083.6329923288        32048.716175374142        1.4618733197185889E-007   2019.9194342946162        1.4361333562384974E-012   5.4393937497147968E-014
   7.0507480978570456        1204568.6247856987        32740.363736785141        1.3719520033222402E-007   1986.5944160979220        1.3497518315200729E-012   4.8784079470494717E-014
   7.1571665903907595        1144248.2896804477        33444.138238462212        1.2875716065439920E-007   1953.8319137812339        1.2684855859907032E-012   4.3673955842850413E-014
   7.2654562725051886        1086964.4894961694        34160.112683379550        1.2083944251213621E-007   1921.6265998496820        1.1920142250348956E-012   3.9029869381034746E-014
   7.3756500459109597        1032566.9868202730        34888.340868010906        1.1341027698076844E-007   1889.9724698211130        1.1200372853392148E-012   3.4819989316849831E-014
   7.4877813908397552        980913.02054374164        35628.855388144380        1.0643978149123982E-007   1858.8628198236424        1.0522738381155291E-012   3.1014072656155926E-014
   7.6018843762166215        931866.89374782913        36381.666161753637        9.9899851195579342E-008   1828.2902402186623        9.8846202727405155E-013   2.7583229079899685E-014
   7.7179936700111513        885299.57907339523        37146.759261180006        9.3764056703226231E-008   1798.2466254772016        9.2835850807531018E-013   2.4499736196790601E-014
   7.8361445497706734        841088.33987947588        37924.096534808268        8.8007547768404375E-008   1768.7232065179023        8.7173774911067693E-013   2.1736909121222130E-014
   7.9563729133386421        799116.37154699990        38713.615870378504        8.2606962526462477E-008   1739.7106013875823        8.1839118393956805E-013   1.9269024879107778E-014
   8.0787152897615044        759272.46206681419        39515.232191971969        7.7540342126788419E-008   1711.1988919910407        7.6812620522078043E-013   1.7071298434691868E-014
   8.2032088503873339        721450.67802096484        40328.839170594591        7.2787050211968405E-008   1683.1777132113223        7.2076502569671137E-013   1.5119903146867793E-014
   8.3298914201596261        685550.07603699854        41154.311531392377        6.8327697150302755E-008   1655.6363565590977        6.7614343387418874E-013   1.3392025651072109E-014
   8.4588014891096641        651474.43608825665        41991.508010828366        6.4144068442962819E-008   1628.5638861953021        6.3410948096284546E-013   1.1865942963686097E-014
   8.5899782240509737        619132.02208604093        42840.274553324569        6.0219057272928018E-008   1601.9492565999667        5.9452215730203481E-013   1.0521109123381046E-014
   8.7234614804793864        588435.36521732912        43700.448022020289        5.6536600683834405E-008   1575.7814273377794        5.5725010294887256E-013   9.3382464632362290E-015
   8.8592918146823649        559301.06927247928        44571.859611364576        5.3081619281104149E-008   1550.0494706076709        5.2217039848513929E-013   8.2994397004151332E-015
   8.9975104960612367        531649.63333862147        45454.338644130061        4.9839960192611443E-008   1524.7426714231074        4.8916746818257256E-013   7.3880652614670748E-015
   9.1381595196700918        505405.29034606012        46347.715943770992        4.6798342952593710E-008   1499.8506111112551        4.5813212280995885E-013   6.5889625605438565E-015
   9.2812816189751768        480495.86128237215        47251.826819902039        4.3944308393990710E-008   1475.3632324901273        4.2896075712659951E-013   5.8883775180309133E-015
   9.4269202788386117        456852.61696036509        48166.513995308065        4.1266170070881955E-008   1451.2708894446282        4.0155469508706771E-013   5.2739348018316341E-015
   9.5751197487304296        434410.14910842100        49091.629722720114        3.8752968324448631E-008   1427.5643780222506        3.7581967992188678E-013   4.7345867172004629E-015
   9.7259250561729047        413106.24465509830        50027.037913661799        3.6394426755402324E-008   1404.2349572914916        3.5166548734266754E-013   4.2605428310326046E-015
   9.8793820204212999        392881.76584003045        50972.615469525947        3.4180910957455581E-008   1381.2743489983593        3.2900564903530015E-013   3.8431850970661002E-015
   10.035537266385147        373680.53241613746        51928.253431481869        3.2103389570165387E-008   1358.6747298944517        3.0775726021197004E-013   3.4749734114962178E-015
   10.194438238794316        355449.20399004448        52893.857771853356        3.0153397335610709E-008   1336.4287149043128        2.8784084939233113E-013   3.1493461253456612E-015
   10.356133216614184        338137.16511825740        53869.349717352103        2.8323000302798253E-008   1314.5293330116735        2.6918029494746363E-013   2.8606195377024754E-015
   10.520671327714240        321696.41146634845        54854.666056659204        2.6604762932339147E-008   1292.9699960758262        2.5170277007575647E-013   2.6038895781286652E-015
   10.688102563794649        306081.43588437710        55849.759048407286        2.4991717055862143E-008   1271.7444676427594        2.3533870100930796E-013   2.3749381399236988E-015
   10.858477795575244        291249.11639493809        56854.596254308766        2.3477332719268948E-008   1250.8468330801404        2.2002173050246215E-013   2.1701457893510601E-015
   11.031848788251610        277158.60698075267        57869.160208263806        2.2055490620217795E-008   1230.2714602639721        2.0568868075763003E-013   1.9864118779043034E-015
   11.208268217222932        263771.22894427006        58893.448017783317        2.0720456324805298E-008   1210.0129732784694        1.9227950648311063E-013   1.8210825568800531E-015
   11.387789684096379        251050.36503021978        59927.471178847823        1.9466855883089600E-008   1190.0662190663197        1.7973723909582961E-013   1.6718868254143376E-015
   11.570467732972917        238961.35694274658        60971.254746378137        1.8289653088983904E-008   1170.4262425778036        1.6800792017437393E-013   1.5368803090395230E-015
   11.756357867019469        227471.40565151506        62024.837244396833        1.7184128014907953E-008   1151.0882586874768        1.5704052403055856E-013   1.4143963357093486E-015
   11.945516565332474        216549.47485171934        63088.270155758510        1.6145856960871355E-008   1132.0476324064755        1.4678686973026374E-013   1.3030037297450431E-015
   12.138001300097955        206166.19838431600        64161.617541939086        1.5170693618386960E-008   1113.2998578457527        1.3720152517131894E-013   1.2014706545125392E-015
   12.333870554053327        196293.79121954486        65244.955714233627        1.4254751431902241E-008   1094.8405409866220        1.2824170395485367E-013   1.1087338290308760E-015
   12.533183838256233        186905.96397896376        66338.373042905630        1.3394387088936908E-008   1076.6653870535426        1.1986715669235651E-013   1.0238724532806212E-015
   12.736001710165835        177977.84191199983        67441.969838890305        1.2586185042809785E-008   1058.7701860926422        1.1204005957249523E-013   9.4608621497222268E-016
   12.942385792041993        169485.88761368100        68555.858077487588        1.1826943034373180E-008   1041.1508015728430        1.0472490078023108E-013   8.7467680176135939E-016
   13.152398789668013        161407.82682934258        69680.161386843945        1.1113658545947234E-008   1023.8031649146826        9.7888365503350280E-014   8.0903239816343431E-016
   13.366104511402554        153722.57925981583        70815.015307553782        1.0443516106197014E-008   1006.7232635651009        9.1499223119383871E-014   7.4861471205252476E-016
   13.583567887566584        146410.19153432138        71960.567267766179        9.8138754367074890E-009   989.90714034022369        8.5528214281648734E-014   6.9295000638895523E-016
   13.804854990171167        139451.77559925689        73116.976541448312        9.2222603232469748E-009   973.35088004310217        7.9947942734016589E-014   6.4161647074915468E-016
   14.030033052992170        132829.44745764826        74284.415558518507        8.6663482862470352E-009   957.05062255569771        7.4732766690300240E-014   5.9423537017364427E-016
   14.259170491997933        126526.27685783515        75463.067723124361        8.1439606832919532E-009   941.00250627717503        6.9858702735688183E-014   5.5047051513134579E-016
   14.492336926136126        120526.21199564073        76653.137195727089        7.6530541076883756E-009   925.20285995609584        6.5303306193907092E-014   5.1002006295471909E-016
   14.729603198486116        114814.07167546438        77854.841328645911        7.1917107238371685E-009   909.64780686877373        6.1045609989131009E-014   4.7261209078263060E-016
   14.971041397783251        109375.47748981278        79068.390725650228        6.7581318453367195E-009   894.33355180547653        5.7066026284919506E-014   4.3800087020319963E-016
   15.216724880321625        104196.76331515299        80294.046494340393        6.3506302632915580E-009   879.25669824362615        5.3346207579019647E-014   4.0596357748992767E-016
   15.466728292241951        99265.125202784635        81532.000667093947        5.9676199523609733E-009   864.41243355655172        4.9869160122567679E-014   3.7629783910194893E-016
   15.721127592211339        94568.237109861395        82782.485457197763        5.6076193175976843E-009   849.79830296760758        4.6618805807788072E-014   3.4881919384211348E-016
   15.980000074501861        90094.437946964070        84045.897534434582        5.2692292946361070E-009   835.41053556116310        4.3580181236275158E-014   3.2335882632468955E-016
   16.243424392474903        85832.736329298612        85322.515881795509        4.9511417421572976E-009   821.24559591162267        4.0739356073168024E-014   2.9976265304074239E-016
   16.511480582478477        81772.693947296852        86612.682505617238        4.6521272010617013E-009   807.29985735272476        3.8083314078835436E-014   2.7788934307084030E-016
   16.784250088164676        77904.413378864119        87916.748080606339        4.3710318876564421E-009   793.56974013866636        3.5599900568075859E-014   2.5760918418972700E-016
   17.061815785234757        74218.502113779890        89235.092861630488        4.1067724489086678E-009   780.05167994499470        3.3277765325029490E-014   2.3880293349116095E-016
   17.344262006619324        70706.047180039692        90568.122843367921        3.8583154939523421E-009   766.73909789932702        3.1105582956948970E-014   2.2136012353567020E-016
   17.631674568101211        67358.588699086395        91916.274269656307        3.6247420457431485E-009   753.63510851474905        2.9075073774207364E-014   2.0518128646867937E-016
   17.924140794388968        64168.096318928823        93280.016255080118        3.4051350273439446E-009   740.73258018334184        2.7176093005039553E-014   1.9017228660887975E-016
   18.221749545648752        61126.945618084937        94659.854421083161        3.1986521383931362E-009   728.02799061346070        2.5400013311512603E-014   1.7624710401367043E-016
   18.524591244502773        58227.896387811517        96056.334991556723        3.0045022423001037E-009   715.51780536401236        2.3738779686827869E-014   1.6332630341332931E-016
   18.832757903502433        55464.071794510106        97470.049769593446        2.8219422327465102E-009   703.19848106250549        2.2184870689075725E-014   1.5133648692218969E-016
   19.146343153084562        52828.939247576920        98901.639858562019        2.6502742665119047E-009   691.06650537507437        2.0731276662430863E-014   1.4020980787620789E-016
   19.465442270019185        50316.289050434760        100351.80969272538        2.4888416821740324E-009   679.11810180935856        1.9371398302205921E-014   1.2988346586643474E-016
   19.790152206357536        47920.228273997142        101821.31353768655        2.3370287541224338E-009   667.34966418053978        1.8099156795331692E-014   1.2029941342455685E-016
   20.120571618889016        45635.107807063956        103311.05305917027        2.1942490881422527E-009   655.75592541524964        1.6908465933270451E-014   1.1140354219313187E-016
   20.456800899116178        43455.607298266106        104822.02452221776        2.0599693986751674E-009   644.33592519690626        1.5794578167812807E-014   1.0314652245823756E-016
   20.798942203756695        41376.675731739153        106355.14857044142        1.9336800685550416E-009   633.08439394526124        1.4752268296879757E-014   9.5483260440277759E-017
   21.147099485781713        39393.473985194760        107911.60291416860        1.8148865911221613E-009   621.99725955673830        1.3776871389443384E-014   8.8368809850160653E-017
   21.501378525999915        37501.397679530353        109492.68384360106        1.7031429144638280E-009   611.07026096975926        1.2864021006509458E-014   8.1764642002743721E-017
   21.861886965196980        35696.058663228534        111099.85790683399        1.5980229390073408E-009   600.29902331090011        1.2009649553955422E-014   7.5633808232347367E-017
   22.228734336840127        33973.272140107641        112734.79430229170        1.4991254929430081E-009   589.67881824354367        1.1209945495922910E-014   6.9942216694920130E-017
   22.602032100357718        32329.042253130861        114399.40758866696        1.4060726704924740E-009   579.20460612114573        1.0461346146317254E-014   6.4658202298330140E-017
   22.981893675004070        30759.550707805643        116095.91042112853        1.3185081739281312E-009   568.87087759572387        9.7605183811957102E-015   5.9752360473800821E-017
   23.368434474319631        29261.140024339307        117826.88630334369        1.2360957559316516E-009   558.67160264491986        9.1043415203419598E-015   5.5197356094781692E-017
   23.761771941197185        27830.298754502433        119595.39545102364        1.1585175127288638E-009   548.60001060185027        8.4898904996551079E-015   5.0967760571270464E-017
   24.162025583564564        26463.647391336093        121405.07861957868        1.0854724468255868E-009   538.64841832343689        7.9144217930676909E-015   4.7039895769867658E-017
   24.569317010694807        25157.918840602564        123260.35355909399        1.0166747571583499E-009   528.80794630042624        7.3753574195737442E-015   4.3391678842407820E-017
   24.983769970154764        23909.932620244024        125166.62481631892        9.5185179891778423E-010   519.06807867584837        6.8702681239096994E-015   4.0002459250546121E-017
   25.405510385403407        22716.579618576488        127130.69272593062        8.9074275122107018E-010   509.41623062717787        6.3968609204587047E-015   3.6852908318808676E-017
   25.834666394051183        21574.751904396409        129161.03042209806        8.3309440580760884E-010   499.83670985473447        5.9529513561546143E-015   3.3924745339934796E-017
   26.271368386792165        20481.397428460103        131269.05766481475        7.7866291491754119E-010   490.31012285503294        5.5364787017265166E-015   3.1200847814215386E-017
   26.715749047020708        19433.206827816688        133468.31331273992        7.2719805280853278E-010   480.80988559710687        5.1453962256873710E-015   2.8664388992244996E-017
   27.167943391144714        18427.104589668361        135781.52809056788        6.7847167801253022E-010   471.30777813977500        4.7778159895372265E-015   2.6300342229597606E-017
   27.628088809607746        17458.685907130730        138226.61914687743        6.3218212197372565E-010   461.74500430705240        4.4315563333675766E-015   2.4090912605896752E-017
   28.096325108632431        16527.703958261627        140847.39839980460        5.8826290503791828E-010   452.11760000449698        4.1059051774040439E-015   2.2029304141850560E-017
   28.570700234027193        15630.041581429507        143605.24066426072        5.4637321716422729E-010   442.30160045550588        3.7991112438257609E-015   2.0099074980686959E-017
   29.047133489351463        14779.938521622529        146711.76412383304        5.0728415368123818E-010   432.57876743760278        3.5149334186984606E-015   1.8328672833309595E-017
   29.523566744675733        14779.938521622529        146711.76412383304        5.0728415368123818E-010   432.69010809872179        3.4393583690487488E-015   1.8270599040249154E-017
   30.000000000000000        14779.938521622529        146711.76412383304        5.0728415368123818E-010   432.80554502794160        3.3627791460502314E-015   1.8210570508239989E-017
