1.000000e+00  5.445875e+12
1.000194e+00  5.402603e+12
1.000389e+00  5.323923e+12
1.000583e+00  5.246381e+12
1.000778e+00  5.169651e+12
1.000972e+00  5.094605e+12
1.001167e+00  5.020990e+12
1.001361e+00  4.948865e+12
1.001555e+00  4.878171e+12
1.001750e+00  4.808865e+12
1.001944e+00  4.740914e+12
1.002139e+00  4.674273e+12
1.002333e+00  4.608923e+12
1.002528e+00  4.544814e+12
1.002722e+00  4.481933e+12
1.002916e+00  4.420233e+12
1.003111e+00  4.359691e+12
1.003305e+00  4.300275e+12
1.003500e+00  4.241955e+12
1.003694e+00  4.184702e+12
1.003889e+00  4.128492e+12
1.004083e+00  4.073315e+12
1.004278e+00  4.019111e+12
1.004472e+00  3.965893e+12
1.004666e+00  3.913616e+12
1.004861e+00  3.862256e+12
1.005055e+00  3.811807e+12
1.005250e+00  3.762234e+12
1.005444e+00  3.713521e+12
1.005639e+00  3.665645e+12
1.005833e+00  3.618596e+12
1.006027e+00  3.572345e+12
1.006222e+00  3.526877e+12
1.006416e+00  3.482176e+12
1.006611e+00  3.438222e+12
1.006805e+00  3.395002e+12
1.007000e+00  3.352496e+12
1.007194e+00  3.310690e+12
1.007388e+00  3.269570e+12
1.007583e+00  3.229118e+12
1.007777e+00  3.189322e+12
1.007972e+00  3.150168e+12
1.008166e+00  3.111640e+12
1.008361e+00  3.073726e+12
1.008555e+00  3.036413e+12
1.008749e+00  2.999689e+12
1.008944e+00  2.963542e+12
1.009138e+00  2.927958e+12
1.009333e+00  2.892923e+12
1.009527e+00  2.858409e+12
1.009723e+00  2.824330e+12
1.009919e+00  2.790558e+12
1.010117e+00  2.757006e+12
1.010317e+00  2.723655e+12
1.010519e+00  2.690508e+12
1.010723e+00  2.657563e+12
1.010929e+00  2.624826e+12
1.011137e+00  2.592295e+12
1.011347e+00  2.559973e+12
1.011559e+00  2.527859e+12
1.011773e+00  2.495956e+12
1.011989e+00  2.464263e+12
1.012207e+00  2.432784e+12
1.012427e+00  2.401516e+12
1.012650e+00  2.370463e+12
1.012874e+00  2.339622e+12
1.013101e+00  2.309000e+12
1.013329e+00  2.278590e+12
1.013560e+00  2.248402e+12
1.013793e+00  2.218428e+12
1.014029e+00  2.188672e+12
1.014267e+00  2.159137e+12
1.014507e+00  2.129820e+12
1.014749e+00  2.100724e+12
1.014993e+00  2.071847e+12
1.015240e+00  2.043191e+12
1.015490e+00  2.014759e+12
1.015742e+00  1.986547e+12
1.015996e+00  1.958555e+12
1.016252e+00  1.930794e+12
1.016511e+00  1.903249e+12
1.016773e+00  1.875930e+12
1.017037e+00  1.848833e+12
1.017304e+00  1.821961e+12
1.017573e+00  1.795314e+12
1.017845e+00  1.768889e+12
1.018119e+00  1.742693e+12
1.018396e+00  1.716714e+12
1.018676e+00  1.690966e+12
1.018958e+00  1.665442e+12
1.019243e+00  1.640140e+12
1.019531e+00  1.615066e+12
1.019821e+00  1.590212e+12
1.020115e+00  1.565584e+12
1.020411e+00  1.541182e+12
1.020710e+00  1.517003e+12
1.021012e+00  1.493049e+12
1.021317e+00  1.469318e+12
1.021624e+00  1.445811e+12
1.021935e+00  1.422527e+12
1.022249e+00  1.399467e+12
1.022566e+00  1.376628e+12
1.022885e+00  1.354013e+12
1.023208e+00  1.331618e+12
1.023534e+00  1.309446e+12
1.023863e+00  1.287495e+12
1.024195e+00  1.265765e+12
1.024531e+00  1.244254e+12
1.024869e+00  1.222965e+12
1.025211e+00  1.201893e+12
1.025556e+00  1.181042e+12
1.025905e+00  1.160408e+12
1.026257e+00  1.139992e+12
1.026612e+00  1.119794e+12
1.026971e+00  1.099812e+12
1.027333e+00  1.080046e+12
1.027698e+00  1.060495e+12
1.028067e+00  1.041160e+12
1.028440e+00  1.022040e+12
1.028816e+00  1.003133e+12
1.029196e+00  9.844391e+11
1.029579e+00  9.659587e+11
1.029967e+00  9.476891e+11
1.030357e+00  9.296321e+11
1.030752e+00  9.117851e+11
1.031151e+00  8.941491e+11
1.031553e+00  8.767219e+11
1.031959e+00  8.595047e+11
1.032369e+00  8.424954e+11
1.032783e+00  8.256941e+11
1.033201e+00  8.091007e+11
1.033623e+00  7.927134e+11
1.034049e+00  7.765335e+11
1.034479e+00  7.605579e+11
1.034913e+00  7.447885e+11
1.035352e+00  7.292238e+11
1.035794e+00  7.138635e+11
1.036241e+00  6.987064e+11
1.036692e+00  6.837532e+11
1.037148e+00  6.690027e+11
1.037608e+00  6.544543e+11
1.038072e+00  6.401080e+11
1.038541e+00  6.259631e+11
1.039014e+00  6.120192e+11
1.039492e+00  5.982759e+11
1.039974e+00  5.847327e+11
1.040461e+00  5.713892e+11
1.040953e+00  5.582449e+11
1.041450e+00  5.452995e+11
1.041951e+00  5.325527e+11
1.042457e+00  5.200036e+11
1.042968e+00  5.076519e+11
1.043484e+00  4.954976e+11
1.044005e+00  4.835394e+11
1.044530e+00  4.717775e+11
1.045061e+00  4.602111e+11
1.045597e+00  4.488393e+11
1.046138e+00  4.376621e+11
1.046685e+00  4.266791e+11
1.047236e+00  4.158886e+11
1.047793e+00  4.052909e+11
1.048355e+00  3.948848e+11
1.048923e+00  3.846698e+11
1.049496e+00  3.746448e+11
1.050075e+00  3.648093e+11
1.050659e+00  3.551622e+11
1.051249e+00  3.457027e+11
1.051844e+00  3.364294e+11
1.052445e+00  3.273415e+11
1.053052e+00  3.184380e+11
1.053665e+00  3.097176e+11
1.054283e+00  3.011792e+11
1.054908e+00  2.928211e+11
1.055539e+00  2.846422e+11
1.056175e+00  2.766408e+11
1.056818e+00  2.688159e+11
1.057467e+00  2.611654e+11
1.058122e+00  2.536877e+11
1.058784e+00  2.463814e+11
1.059452e+00  2.392445e+11
1.060126e+00  2.322752e+11
1.060807e+00  2.254714e+11
1.061494e+00  2.188318e+11
1.062188e+00  2.123535e+11
1.062888e+00  2.060348e+11
1.063596e+00  1.998735e+11
1.064310e+00  1.938676e+11
1.065031e+00  1.880147e+11
1.065759e+00  1.823124e+11
1.066494e+00  1.767586e+11
1.067236e+00  1.713509e+11
1.067985e+00  1.660866e+11
1.068741e+00  1.609635e+11
1.069505e+00  1.559790e+11
1.070275e+00  1.511308e+11
1.071054e+00  1.464159e+11
1.071840e+00  1.418325e+11
1.072633e+00  1.373773e+11
1.073434e+00  1.330482e+11
1.074243e+00  1.288423e+11
1.075059e+00  1.247572e+11
1.075883e+00  1.207903e+11
1.076715e+00  1.169390e+11
1.077556e+00  1.132006e+11
1.078404e+00  1.095726e+11
1.079260e+00  1.060526e+11
1.080125e+00  1.026377e+11
1.080998e+00  9.932569e+10
1.081879e+00  9.611397e+10
1.082769e+00  9.299997e+10
1.083668e+00  8.998128e+10
1.084575e+00  8.705540e+10
1.085490e+00  8.422001e+10
1.086415e+00  8.147272e+10
1.087348e+00  7.881104e+10
1.088291e+00  7.623288e+10
1.089242e+00  7.373582e+10
1.090203e+00  7.131764e+10
1.091173e+00  6.897625e+10
1.092152e+00  6.670932e+10
1.093140e+00  6.451481e+10
1.094138e+00  6.239066e+10
1.095146e+00  6.033483e+10
1.096164e+00  5.834532e+10
1.097191e+00  5.642013e+10
1.098228e+00  5.455743e+10
1.099275e+00  5.275531e+10
1.100332e+00  5.101195e+10
1.101399e+00  4.932556e+10
1.102476e+00  4.769443e+10
1.103564e+00  4.611681e+10
1.104662e+00  4.459110e+10
1.105771e+00  4.311566e+10
1.106891e+00  4.168894e+10
1.108021e+00  4.030941e+10
1.109162e+00  3.897558e+10
1.110314e+00  3.768599e+10
1.111477e+00  3.643923e+10
1.112652e+00  3.523396e+10
1.113837e+00  3.406885e+10
1.115034e+00  3.294259e+10
1.116243e+00  3.185392e+10
1.117463e+00  3.080164e+10
1.118695e+00  2.978458e+10
1.119938e+00  2.880155e+10
1.121194e+00  2.785147e+10
1.122462e+00  2.693324e+10
1.123742e+00  2.604584e+10
1.125034e+00  2.518822e+10
1.126338e+00  2.435941e+10
1.127655e+00  2.355847e+10
1.128985e+00  2.278445e+10
1.130328e+00  2.203649e+10
1.131683e+00  2.131369e+10
1.133052e+00  2.061523e+10
1.134434e+00  1.994029e+10
1.135829e+00  1.928808e+10
1.137237e+00  1.865785e+10
1.138659e+00  1.804885e+10
1.140094e+00  1.746038e+10
1.141544e+00  1.689175e+10
1.143007e+00  1.634228e+10
1.144484e+00  1.581133e+10
1.145976e+00  1.529827e+10
1.147482e+00  1.480251e+10
1.149002e+00  1.432345e+10
1.150537e+00  1.386053e+10
1.152087e+00  1.341321e+10
1.153652e+00  1.298096e+10
1.155231e+00  1.256328e+10
1.156826e+00  1.215965e+10
1.158436e+00  1.176961e+10
1.160062e+00  1.139270e+10
1.161703e+00  1.102847e+10
1.163360e+00  1.067650e+10
1.165033e+00  1.033635e+10
1.166723e+00  1.000764e+10
1.168428e+00  9.689979e+09
1.170150e+00  9.382981e+09
1.171888e+00  9.086287e+09
1.173643e+00  8.799544e+09
1.175415e+00  8.522417e+09
1.177203e+00  8.254570e+09
1.179009e+00  7.995692e+09
1.180833e+00  7.745476e+09
1.182674e+00  7.503624e+09
1.184532e+00  7.269852e+09
1.186409e+00  7.043881e+09
1.188303e+00  6.825445e+09
1.190216e+00  6.614285e+09
1.192147e+00  6.410153e+09
1.194097e+00  6.212806e+09
1.196065e+00  6.022010e+09
1.198053e+00  5.837542e+09
1.200059e+00  5.659184e+09
1.202085e+00  5.486725e+09
1.204130e+00  5.319960e+09
1.206195e+00  5.158694e+09
1.208280e+00  5.002738e+09
1.210384e+00  4.851906e+09
1.212509e+00  4.706023e+09
1.214655e+00  4.564919e+09
1.216821e+00  4.428427e+09
1.219008e+00  4.296389e+09
1.221215e+00  4.168651e+09
1.223444e+00  4.045063e+09
1.225695e+00  3.925483e+09
1.227967e+00  3.809772e+09
1.230261e+00  3.697797e+09
1.232577e+00  3.589427e+09
1.234915e+00  3.484540e+09
1.237276e+00  3.383014e+09
1.239660e+00  3.284734e+09
1.242066e+00  3.189587e+09
1.244495e+00  3.097465e+09
1.246948e+00  3.008265e+09
1.249425e+00  2.921885e+09
1.251925e+00  2.838228e+09
1.254449e+00  2.757202e+09
1.256997e+00  2.678717e+09
1.259570e+00  2.602684e+09
1.262168e+00  2.529022e+09
1.264791e+00  2.457647e+09
1.267439e+00  2.388483e+09
1.270112e+00  2.321455e+09
1.272811e+00  2.256490e+09
1.275536e+00  2.193517e+09
1.278287e+00  2.132471e+09
1.281065e+00  2.073285e+09
1.283869e+00  2.015898e+09
1.286700e+00  1.960248e+09
1.289559e+00  1.906277e+09
1.292445e+00  1.853930e+09
1.295359e+00  1.803153e+09
1.298300e+00  1.753892e+09
1.301270e+00  1.706099e+09
1.304269e+00  1.659724e+09
1.307296e+00  1.614721e+09
1.310352e+00  1.571045e+09
1.313438e+00  1.528653e+09
1.316554e+00  1.487502e+09
1.319699e+00  1.447554e+09
1.322875e+00  1.408768e+09
1.326081e+00  1.371107e+09
1.329318e+00  1.334536e+09
1.332586e+00  1.299020e+09
1.335886e+00  1.264524e+09
1.339217e+00  1.231018e+09
1.342580e+00  1.198469e+09
1.345976e+00  1.166848e+09
1.349404e+00  1.136125e+09
1.352865e+00  1.106274e+09
1.356359e+00  1.077267e+09
1.359887e+00  1.049078e+09
1.363449e+00  1.021683e+09
1.367045e+00  9.950574e+08
1.370676e+00  9.691780e+08
1.374342e+00  9.440226e+08
1.378043e+00  9.195696e+08
1.381779e+00  8.957984e+08
1.385551e+00  8.726885e+08
1.389360e+00  8.502210e+08
1.393205e+00  8.283771e+08
1.397087e+00  8.071386e+08
1.401007e+00  7.864880e+08
1.404964e+00  7.664085e+08
1.408959e+00  7.468837e+08
1.412993e+00  7.278977e+08
1.417065e+00  7.094353e+08
1.421176e+00  6.914815e+08
1.425327e+00  6.740220e+08
1.429518e+00  6.570428e+08
1.433749e+00  6.405303e+08
1.438021e+00  6.244712e+08
1.442334e+00  6.088527e+08
1.446688e+00  5.936623e+08
1.451085e+00  5.788879e+08
1.455523e+00  5.645173e+08
1.460004e+00  5.505393e+08
1.464528e+00  5.369425e+08
1.469096e+00  5.237158e+08
1.473708e+00  5.108485e+08
1.478364e+00  4.983301e+08
1.483064e+00  4.861504e+08
1.487810e+00  4.742994e+08
1.492601e+00  4.627673e+08
1.497439e+00  4.515446e+08
1.502323e+00  4.406221e+08
1.507254e+00  4.299907e+08
1.512232e+00  4.196416e+08
1.517258e+00  4.095661e+08
1.522333e+00  3.997558e+08
1.527456e+00  3.902025e+08
1.532629e+00  3.808982e+08
1.537851e+00  3.718351e+08
1.543123e+00  3.630057e+08
1.548446e+00  3.544027e+08
1.553821e+00  3.460187e+08
1.559246e+00  3.378468e+08
1.564724e+00  3.298802e+08
1.570255e+00  3.221125e+08
1.575839e+00  3.145370e+08
1.581477e+00  3.071477e+08
1.587168e+00  2.999386e+08
1.592915e+00  2.929038e+08
1.598716e+00  2.860376e+08
1.604574e+00  2.793346e+08
1.610487e+00  2.727895e+08
1.616458e+00  2.663972e+08
1.622486e+00  2.601527e+08
1.628572e+00  2.540513e+08
1.634716e+00  2.480882e+08
1.640920e+00  2.422591e+08
1.647183e+00  2.365597e+08
1.653506e+00  2.309858e+08
1.659890e+00  2.255335e+08
1.666335e+00  2.201988e+08
1.672843e+00  2.149781e+08
1.679413e+00  2.098679e+08
1.686046e+00  2.048647e+08
1.692742e+00  1.999653e+08
1.699503e+00  1.951665e+08
1.706330e+00  1.904654e+08
1.713221e+00  1.858590e+08
1.720179e+00  1.813447e+08
1.727204e+00  1.769198e+08
1.734297e+00  1.725818e+08
1.741457e+00  1.683283e+08
1.748686e+00  1.641570e+08
1.755985e+00  1.600659e+08
1.763354e+00  1.560527e+08
1.770794e+00  1.521157e+08
1.778306e+00  1.482529e+08
1.785889e+00  1.444626e+08
1.793545e+00  1.407432e+08
1.801275e+00  1.370932e+08
1.809080e+00  1.335109e+08
1.816959e+00  1.299953e+08
1.824914e+00  1.265448e+08
1.832946e+00  1.231584e+08
1.841054e+00  1.198349e+08
1.849241e+00  1.165733e+08
1.857506e+00  1.133725e+08
1.865851e+00  1.102318e+08
1.874276e+00  1.071502e+08
1.882782e+00  1.041270e+08
1.891370e+00  1.011614e+08
1.900040e+00  9.825283e+07
1.908794e+00  9.540059e+07
1.917631e+00  9.260414e+07
1.926554e+00  8.986293e+07
1.935562e+00  8.717649e+07
1.944657e+00  8.454433e+07
1.953840e+00  8.196599e+07
1.963111e+00  7.944111e+07
1.972470e+00  7.696929e+07
1.981920e+00  7.455016e+07
1.991461e+00  7.218336e+07
2.001093e+00  6.986857e+07
2.010818e+00  6.760541e+07
2.020636e+00  6.539355e+07
2.030549e+00  6.323266e+07
2.040557e+00  6.112237e+07
2.050661e+00  5.906236e+07
2.060862e+00  5.705227e+07
2.071162e+00  5.509171e+07
2.081560e+00  5.318030e+07
2.092058e+00  5.131763e+07
2.102657e+00  4.950330e+07
2.113358e+00  4.773687e+07
2.124162e+00  4.601778e+07
2.135070e+00  4.434566e+07
2.146083e+00  4.271997e+07
2.157201e+00  4.114017e+07
2.168426e+00  3.960566e+07
2.179759e+00  3.811603e+07
2.191202e+00  3.667059e+07
2.202754e+00  3.526866e+07
2.214417e+00  3.390959e+07
2.226192e+00  3.259277e+07
2.238080e+00  3.131744e+07
2.250083e+00  3.008291e+07
2.262201e+00  2.888846e+07
2.274436e+00  2.773333e+07
2.286788e+00  2.661676e+07
2.299258e+00  2.553794e+07
2.311849e+00  2.449612e+07
2.324561e+00  2.349046e+07
2.337395e+00  2.252014e+07
2.350352e+00  2.158433e+07
2.363434e+00  2.068221e+07
2.376641e+00  1.981293e+07
2.389976e+00  1.897566e+07
2.403438e+00  1.816953e+07
2.417030e+00  1.739374e+07
2.430753e+00  1.664736e+07
2.444607e+00  1.592977e+07
2.458595e+00  1.523957e+07
2.472717e+00  1.457535e+07
2.486941e+00  1.393609e+07
2.501198e+00  1.332905e+07
2.515456e+00  1.274404e+07
2.529713e+00  1.218033e+07
