# lambda[A]  T_theo  T_instr  T_rot+instr  (Ly-alpha 1215.67)
1.214099999999999909e+03 9.994970459813404817e-01 9.994954372367610418e-01 9.994954019934096934e-01
1.214114499999999907e+03 9.994900866398769290e-01 9.994899697224364221e-01 9.994899589301257103e-01
1.214129000000000133e+03 9.994829608332880255e-01 9.994829167950980420e-01 9.994829150934935180e-01
1.214143500000000131e+03 9.994756631240848677e-01 9.994756181843872378e-01 9.994756169124248135e-01
1.214157999999999902e+03 9.994681878440576650e-01 9.994681414086986626e-01 9.994681400937106552e-01
1.214172499999999900e+03 9.994605290814452259e-01 9.994604810847750320e-01 9.994604797211575908e-01
1.214187000000000126e+03 9.994526806672224817e-01 9.994526310404151515e-01 9.994526296258516851e-01
1.214201499999999896e+03 9.994446361604364393e-01 9.994445848306934277e-01 9.994445833627350062e-01
1.214215999999999894e+03 9.994363888325134004e-01 9.994363357227815658e-01 9.994363341988318217e-01
1.214230500000000120e+03 9.994279316504498523e-01 9.994278766791188096e-01 9.994278750964241675e-01
1.214245000000000118e+03 9.994192572588090906e-01 9.994192003393785884e-01 9.994191986950172746e-01
1.214259499999999889e+03 9.994103579604038945e-01 9.994102990011286547e-01 9.994102972919970407e-01
1.214273999999999887e+03 9.994012256955727702e-01 9.994011645990723558e-01 9.994011628218734122e-01
1.214288500000000113e+03 9.993918520199210898e-01 9.993917886827603514e-01 9.993917868339876609e-01
1.214302999999999884e+03 9.993822280804003366e-01 9.993821623926315567e-01 9.993821604685545479e-01
1.214317499999999882e+03 9.993723445895793533e-01 9.993722764342437559e-01 9.993722744308901618e-01
1.214332000000000107e+03 9.993621917979491620e-01 9.993621210505383434e-01 9.993621189636749946e-01
1.214346500000000106e+03 9.993517594640970447e-01 9.993516859919617801e-01 9.993516838170747318e-01
1.214360999999999876e+03 9.993410368225453810e-01 9.993409604842555805e-01 9.993409582165290184e-01
1.214375500000000102e+03 9.993300125490648389e-01 9.993299331937088859e-01 9.993299308280000348e-01
1.214390000000000100e+03 9.993186747232187805e-01 9.993185921896416968e-01 9.993185897204542867e-01
1.214404500000000098e+03 9.993070107878969655e-01 9.993069249038669666e-01 9.993069223253224775e-01
1.214418999999999869e+03 9.992950075055579973e-01 9.992949180868571091e-01 9.992949153926641293e-01
1.214433500000000095e+03 9.992826509108804212e-01 9.992825577603104970e-01 9.992825549437297505e-01
1.214448000000000093e+03 9.992699262594860743e-01 9.992698291657811094e-01 9.992698262195874870e-01
1.214462499999999864e+03 9.992568179723668731e-01 9.992567167090035118e-01 9.992567136254449922e-01
1.214477000000000089e+03 9.992433095756151351e-01 9.992432038995099353e-01 9.992432006702628433e-01
1.214491500000000087e+03 9.992293836350069069e-01 9.992292732850878156e-01 9.992292699012055301e-01
1.214506000000000085e+03 9.992150216849411404e-01 9.992149063805844111e-01 9.992149028324429638e-01
1.214520499999999856e+03 9.992002041512069166e-01 9.992000835905181511e-01 9.992000798677564966e-01
1.214535000000000082e+03 9.991849102669578819e-01 9.991847841248873152e-01 9.991847802163402736e-01
1.214549500000000080e+03 9.991691179812480783e-01 9.991689859075189029e-01 9.991689818011437740e-01
1.214563999999999851e+03 9.991528038593787686e-01 9.991526654762119541e-01 9.991526611590070273e-01
1.214578500000000076e+03 9.991359429742597831e-01 9.991357978738651946e-01 9.991357933317811524e-01
1.214593000000000075e+03 9.991185087878658999e-01 9.991183565296858360e-01 9.991183517475251685e-01
1.214607500000000073e+03 9.991004730217991625e-01 9.991003131294652340e-01 9.991003080907724376e-01
1.214621999999999844e+03 9.990818055158356970e-01 9.990816374738132888e-01 9.990816321607534078e-01
1.214636500000000069e+03 9.990624740732190201e-01 9.990622973231023662e-01 9.990622917163246575e-01
1.214651000000000067e+03 9.990424442913173886e-01 9.990422582277290742e-01 9.990422523062163496e-01
1.214665499999999838e+03 9.990216793760912095e-01 9.990214833421480201e-01 9.990214770830470048e-01
1.214680000000000064e+03 9.990001399386470027e-01 9.989999332209288374e-01 9.989999265993635413e-01
1.214694500000000062e+03 9.989777837719248099e-01 9.989775655948915922e-01 9.989775585837524785e-01
1.214709000000000060e+03 9.989545656053352429e-01 9.989543351251179981e-01 9.989543276948272821e-01
1.214723499999999831e+03 9.989304368348747021e-01 9.989301931323577577e-01 9.989301852506037305e-01
1.214738000000000056e+03 9.989053452259242238e-01 9.989050872990267171e-01 9.989050789304689815e-01
1.214752500000000055e+03 9.988792345855652677e-01 9.988789613406061640e-01 9.988789524465395697e-01
1.214766999999999825e+03 9.988520444007947807e-01 9.988517546428156146e-01 9.988517451807938929e-01
1.214781500000000051e+03 9.988237094385288284e-01 9.988234018604184028e-01 9.988233917838278408e-01
1.214796000000000049e+03 9.987941593026641307e-01 9.987938324729080941e-01 9.987938217304833666e-01
1.214810500000000047e+03 9.987633179427644059e-01 9.987629702916058783e-01 9.987629588268812642e-01
1.214825000000000273e+03 9.987311031081066437e-01 9.987307329118693122e-01 9.987307206625537503e-01
1.214839500000000044e+03 9.986974257398306687e-01 9.986970311031045933e-01 9.986970180003679198e-01
1.214854000000000042e+03 9.986621892927546318e-01 9.986617681280898218e-01 9.986617540957453132e-01
1.214868500000000040e+03 9.986252889770230734e-01 9.986248389817135029e-01 9.986248239352827349e-01
1.214883000000000038e+03 9.985866109081050768e-01 9.985861295375526581e-01 9.985861133831857028e-01
1.214897500000000036e+03 9.985460311516402010e-01 9.985455155887005274e-01 9.985454982219350573e-01
1.214912000000000035e+03 9.985034146472826500e-01 9.985028617668755269e-01 9.985028430711971881e-01
1.214926500000000260e+03 9.984586139928497417e-01 9.984580203209639793e-01 9.984580001661380599e-01
1.214941000000000031e+03 9.984114680666551500e-01 9.984108297327222159e-01 9.984108079728521989e-01
1.214955500000000029e+03 9.983618004618615149e-01 9.983611131432547081e-01 9.983610896145169722e-01
1.214970000000000027e+03 9.983094177017796111e-01 9.983086765589517242e-01 9.983086510769419997e-01
1.214984500000000025e+03 9.982541071991710702e-01 9.982533067996406384e-01 9.982532791562619412e-01
1.214999000000000024e+03 9.981956349155598485e-01 9.981947691445851589e-01 9.981947391043762829e-01
1.215013500000000022e+03 9.981337426680175762e-01 9.981328046233557405e-01 9.981327719191541714e-01
1.215028000000000247e+03 9.980681450206406735e-01 9.980671268882223002e-01 9.980670912160201080e-01
1.215042500000000018e+03 9.979985256854249087e-01 9.979974185920691410e-01 9.979973796048885459e-01
1.215057000000000016e+03 9.979245333419669572e-01 9.979233271804032190e-01 9.979232844809753367e-01
1.215071500000000015e+03 9.978457767667610057e-01 9.978444599870347487e-01 9.978444131190106203e-01
1.215086000000000013e+03 9.977618191395196678e-01 9.977603784993820391e-01 9.977603269367363303e-01
1.215100500000000011e+03 9.976721713648021295e-01 9.976705916296195742e-01 9.976705347637970789e-01
1.215115000000000009e+03 9.975762842099692440e-01 9.975745477898620983e-01 9.975744849140978365e-01
1.215129500000000235e+03 9.974735390121404199e-01 9.974716255199218562e-01 9.974715558099631618e-01
1.215144000000000005e+03 9.973632366422895412e-01 9.973611223495008060e-01 9.973610448396839079e-01
1.215158500000000004e+03 9.972445843255818287e-01 9.972422414836462634e-01 9.972421550368212317e-01
1.215173000000000002e+03 9.971166797881756416e-01 9.971140757630883034e-01 9.971139790321025265e-01
1.215187500000000000e+03 9.969784920001423245e-01 9.969755881308911549e-01 9.969754795076655185e-01
1.215201999999999998e+03 9.968288374394116413e-01 9.968255874128950644e-01 9.968254649525317701e-01
1.215216499999999996e+03 9.966663500994528135e-01 9.966626960743657504e-01 9.966625572182699067e-01
1.215231000000000222e+03 9.964894402867622292e-01 9.964852641906680741e-01 9.964851020749715405e-01
1.215245499999999993e+03 9.962961584986138597e-01 9.962903908312550350e-01 9.962901477522040361e-01
1.215259999999999991e+03 9.960818747756610136e-01 9.960618703500989657e-01 9.960610541632720638e-01
1.215274499999999989e+03 9.958037728686949253e-01 9.956763709083441549e-01 9.956717720742955802e-01
1.215289000000000215e+03 9.950835950609986380e-01 9.944953608017429447e-01 9.944685712248889642e-01
1.215303499999999985e+03 9.921757551196698222e-01 9.903956665791172620e-01 9.902977875989205092e-01
1.215317999999999984e+03 9.822459999443470258e-01 9.796027373172616626e-01 9.795354560684509382e-01
1.215332500000000209e+03 9.598833184992556777e-01 9.662814122674485695e-01 9.665205460773715895e-01
1.215346999999999980e+03 9.651266583329204396e-01 9.686853667265186152e-01 9.688401789250413731e-01
1.215361499999999978e+03 9.851237714612974816e-01 9.820764247213428222e-01 9.819743517138761479e-01
1.215376000000000204e+03 9.914635369469352311e-01 9.900752797872580668e-01 9.899966716360323327e-01
1.215390500000000202e+03 9.925066745703405857e-01 9.921053112079728509e-01 9.920877042338193119e-01
1.215404999999999973e+03 9.920833542325337984e-01 9.919939242936267609e-01 9.919902948265244547e-01
1.215419499999999971e+03 9.913511439003925840e-01 9.913135479471587574e-01 9.913118367242997886e-01
1.215434000000000196e+03 9.904786921598784932e-01 9.904396407609163955e-01 9.904378411375437397e-01
1.215448499999999967e+03 9.894530931943290586e-01 9.894045531920533376e-01 9.894022766383502310e-01
1.215462999999999965e+03 9.882363368938190673e-01 9.881744457113591507e-01 9.881714721662265832e-01
1.215477500000000191e+03 9.867759166271696802e-01 9.866954936273701904e-01 9.866915226216780299e-01
1.215492000000000189e+03 9.849991222468400531e-01 9.848918562539263899e-01 9.848863924396945579e-01
1.215506499999999960e+03 9.828015392414074514e-01 9.826482670356099236e-01 9.826402855646835244e-01
1.215520999999999958e+03 9.800110549946245975e-01 9.797375836471430288e-01 9.797246132314637590e-01
1.215535500000000184e+03 9.761715266404825675e-01 9.756106659732105557e-01 9.755879776443658891e-01
1.215549999999999955e+03 9.701113325257670894e-01 9.692596696092118380e-01 9.692172890074349789e-01
1.215564499999999953e+03 9.607773430862454056e-01 9.591045982254479130e-01 9.590050011268727026e-01
1.215579000000000178e+03 9.450751810800592789e-01 9.410410400835546030e-01 9.406436362845893573e-01
1.215593500000000176e+03 9.146200179437614652e-01 8.996725388757140784e-01 8.972212444487209781e-01
1.215607999999999947e+03 8.358635876227955563e-01 7.589763690005917329e-01 7.531051344068228071e-01
1.215622499999999945e+03 4.271542114082574337e-01 4.239683576719996405e-01 4.229791971529270889e-01
1.215637000000000171e+03 3.486772984384960524e-05 9.841981570259220047e-02 1.053369719412131922e-01
1.215651499999999942e+03 1.270980259703441215e-35 4.705907434591599312e-03 7.558261588907010109e-03
1.215665999999999940e+03 1.548667015306436715e-92 3.649785237827260552e-05 2.005538662954003124e-04
1.215680500000000166e+03 9.695726172556281140e-71 4.060313187484344420e-04 8.521566426501909477e-04
1.215695000000000164e+03 1.045740341761601931e-16 1.438024302172378338e-02 1.878668010193161944e-02
1.215709499999999935e+03 3.240480509982431728e-02 1.730463555468583492e-01 1.804110416778501313e-01
1.215723999999999933e+03 6.951157739516062861e-01 5.905654352611809932e-01 5.847732103285603333e-01
1.215738500000000158e+03 8.815330951223512290e-01 8.443420248641609893e-01 8.393308511266732719e-01
1.215753000000000156e+03 9.306398698761783050e-01 9.228070172959883521e-01 9.217338403717865170e-01
1.215767499999999927e+03 9.530078253900196028e-01 9.503362748817746342e-01 9.501377767223656567e-01
1.215782000000000153e+03 9.653474116391793647e-01 9.641388644319544010e-01 9.640728364162310937e-01
1.215796500000000151e+03 9.730728896082627699e-01 9.723614315908525318e-01 9.723296392107459996e-01
1.215810999999999922e+03 9.780198245749287533e-01 9.775967205115262404e-01 9.775790165694265843e-01
1.215825500000000147e+03 9.813057531786451015e-01 9.811011065637635920e-01 9.810907273562654574e-01
1.215840000000000146e+03 9.838096363548012313e-01 9.836803458778240472e-01 9.836736459556850720e-01
1.215854500000000144e+03 9.858091523465559725e-01 9.857149074559095059e-01 9.857101716389844448e-01
1.215868999999999915e+03 9.874383036146263670e-01 9.873667170208422217e-01 9.873632240255717507e-01
1.215883500000000140e+03 9.887857243783373384e-01 9.887301720709056330e-01 9.887275308571096266e-01
1.215898000000000138e+03 9.899143842837553331e-01 9.898705340609867953e-01 9.898684972727480602e-01
1.215912499999999909e+03 9.908702883908879766e-01 9.908351639563727220e-01 9.908335666077789927e-01
1.215927000000000135e+03 9.916877638623332603e-01 9.916592654478630919e-01 9.916579941856866753e-01
1.215941500000000133e+03 9.923928912518784617e-01 9.923695049804471813e-01 9.923684800415356611e-01
1.215956000000000131e+03 9.930058011671596407e-01 9.929864147514407824e-01 9.929855788311447995e-01
1.215970499999999902e+03 9.935422499947335062e-01 9.935260324651891128e-01 9.935253436324543719e-01
1.215985000000000127e+03 9.940147245765005302e-01 9.940010458670730520e-01 9.940004729356201052e-01
1.215999500000000126e+03 9.944332316342523459e-01 9.944216076466225740e-01 9.944211270802428837e-01
1.216013999999999896e+03 9.948058716522695244e-01 9.947959259869060267e-01 9.947955197873528110e-01
1.216028500000000122e+03 9.951392625056562080e-01 9.951306993261131995e-01 9.951303535646139897e-01
1.216043000000000120e+03 9.954388564814861118e-01 9.954314409623808979e-01 9.954311447413685121e-01
1.216057500000000118e+03 9.957091804455389106e-01 9.957027244819929290e-01 9.957024691897701230e-01
1.216071999999999889e+03 9.959540198103071784e-01 9.959483714400404475e-01 9.959481502083026294e-01
1.216086500000000115e+03 9.961765608882794387e-01 9.961715963734447676e-01 9.961714036774513836e-01
1.216101000000000113e+03 9.963795020838577265e-01 9.963751199238006784e-01 9.963749512842784428e-01
1.216115499999999884e+03 9.965651415162863902e-01 9.965612578782496733e-01 9.965611096367744670e-01
1.216130000000000109e+03 9.967354466509822375e-01 9.967319918524304434e-01 9.967318610005009294e-01
1.216144500000000107e+03 9.968921100770038457e-01 9.968890258547984384e-01 9.968889099025616263e-01
1.216159000000000106e+03 9.970365945274316521e-01 9.970338319004227179e-01 9.970337287749784227e-01
1.216173499999999876e+03 9.971701694786322401e-01 9.971676870612997678e-01 9.971675950272662625e-01
1.216188000000000102e+03 9.972939411043092450e-01 9.972917037657690331e-01 9.972916213627575077e-01
1.216202500000000100e+03 9.974088769443717473e-01 9.974068547338766910e-01 9.974067807269076935e-01
1.216217000000000098e+03 9.975158263382521984e-01 9.975139936179175937e-01 9.975139269578272572e-01
1.216231500000000096e+03 9.976155374389867880e-01 9.976138721789592489e-01 9.976138119705758589e-01
1.216246000000000095e+03 9.977086714480927210e-01 9.977071546500682064e-01 9.977071001264699035e-01
1.216260500000000093e+03 9.977958145770149390e-01 9.977944298000015477e-01 9.977943803015787427e-01
1.216274999999999864e+03 9.978774881381317075e-01 9.978762211062948140e-01 9.978761760636220002e-01
1.216289500000000089e+03 9.979541570888885715e-01 9.979529953657735319e-01 9.979529542855299917e-01
1.216304000000000087e+03 9.980262372907564572e-01 9.980251700075671861e-01 9.980251324609086261e-01
1.216318500000000085e+03 9.980941016961897283e-01 9.980931193243463007e-01 9.980930849372551261e-01
1.216333000000000084e+03 9.981580856381877531e-01 9.981571797983505023e-01 9.981571482436010223e-01
1.216347500000000082e+03 9.982184913663147974e-01 9.982176546675757267e-01 9.982176256580110874e-01
1.216362000000000080e+03 9.982755919481687279e-01 9.982748178522912186e-01 9.982747911351834702e-01
1.216376500000000306e+03 9.983296346351151485e-01 9.983289173416393103e-01 9.983288926939373198e-01
1.216391000000000076e+03 9.983808437746154452e-01 9.983801781233822004e-01 9.983801553476959745e-01
1.216405500000000075e+03 9.984294233378665506e-01 9.984288047261220544e-01 9.984287836473181299e-01
1.216420000000000073e+03 9.984755591202881808e-01 9.984749834320086892e-01 9.984749638943148931e-01
1.216434500000000071e+03 9.985194206630767511e-01 9.985188842085535033e-01 9.985188660730871524e-01
1.216449000000000069e+03 9.985611629363059238e-01 9.985606624003686704e-01 9.985606455430232620e-01
1.216463500000000067e+03 9.986009278176732895e-01 9.986004602151749010e-01 9.986004445248056749e-01
1.216478000000000293e+03 9.986388453955359346e-01 9.986384080329834267e-01 9.986383934098448378e-01
1.216492500000000064e+03 9.986750351204956022e-01 9.986746255628653479e-01 9.986746119172636993e-01
1.216507000000000062e+03 9.987096068259925241e-01 9.987092228679423922e-01 9.987092101190682136e-01
1.216521500000000060e+03 9.987426616352536035e-01 9.987423012760732188e-01 9.987422893509880772e-01
1.216536000000000058e+03 9.987742927693563644e-01 9.987739541910917174e-01 9.987739430238461447e-01
1.216550500000000056e+03 9.988045862689282073e-01 9.988042678172287525e-01 9.988042573480930830e-01
1.216565000000000055e+03 9.988336216402332601e-01 9.988333218075182707e-01 9.988333119823084028e-01
1.216579500000000280e+03 9.988614724347952833e-01 9.988611898454229365e-01 9.988611806149101380e-01
1.216594000000000051e+03 9.988882067704621948e-01 9.988879401676193925e-01 9.988879314870109383e-01
1.216608500000000049e+03 9.989138878007098876e-01 9.989136360347931065e-01 9.989136278632742005e-01
1.216623000000000047e+03 9.989385741380607531e-01 9.989383361563490826e-01 9.989383284566791810e-01
1.216637500000000273e+03 9.989623202367282628e-01 9.989620950741844307e-01 9.989620878123384173e-01
1.216652000000000044e+03 9.989851767389320569e-01 9.989849635099857794e-01 9.989849566548377746e-01
1.216666500000000042e+03 9.990071907887693170e-01 9.990069886799656240e-01 9.990069822030049895e-01
1.216681000000000267e+03 9.990284063170504769e-01 9.990282145804557645e-01 9.990282084555369702e-01
1.216695500000000038e+03 9.990488643000950963e-01 9.990486822473747530e-01 9.990486764504937778e-01
1.216710000000000036e+03 9.990686029951401093e-01 9.990684299922266698e-01 9.990684245013199405e-01
1.216724500000000035e+03 9.990876581546890289e-01 9.990874936169791276e-01 9.990874884117437738e-01
1.216739000000000260e+03 9.991060632218906612e-01 9.991059066099069463e-01 9.991059016716414831e-01
1.216753500000000031e+03 9.991238495087858551e-01 9.991237003242589010e-01 9.991236956357176791e-01
1.216768000000000029e+03 9.991410463590795210e-01 9.991409041414004433e-01 9.991408996866649739e-01
1.216782500000000255e+03 9.991576812969004129e-01 9.991575456199079941e-01 9.991575413842690434e-01
1.216797000000000025e+03 9.991737801628723936e-01 9.991736506319405242e-01 9.991736466017936413e-01
1.216811500000000024e+03 9.991893672386813474e-01 9.991892434880754736e-01 9.991892396508254004e-01
1.216826000000000249e+03 9.992044653611992233e-01 9.992043470516718262e-01 9.992043433956468990e-01
1.216840500000000247e+03 9.992190960271123412e-01 9.992189828437220145e-01 9.992189793580962265e-01
1.216855000000000018e+03 9.992332794889345893e-01 9.992331711390574078e-01 9.992331678137807982e-01
1.216869500000000016e+03 9.992470348431665705e-01 9.992469310546870931e-01 9.992469278804203547e-01
1.216884000000000242e+03 9.992603801113072448e-01 9.992602806309693886e-01 9.992602775990268027e-01
1.216898500000000013e+03 9.992733323143547786e-01 9.992732369062603537e-01 9.992732340085572762e-01
1.216913000000000011e+03 9.992859075413730308e-01 9.992858159856086164e-01 9.992858132146128503e-01
1.216927500000000236e+03 9.992981210126361535e-01 9.992980331040214326e-01 9.992980304527107061e-01
1.216942000000000235e+03 9.993099871378305910e-01 9.993099026847749311e-01 9.993099001465908238e-01
1.216956500000000005e+03 9.993215195697374709e-01 9.993214383923820776e-01 9.993214359557628379e-01
1.216971000000000004e+03 9.993327312537864104e-01 9.993326523762305902e-01 9.993326492867361521e-01
1.216985500000000229e+03 9.993436344738281241e-01 9.993434458187729907e-01 9.993434282943397529e-01
1.217000000000000000e+03 9.993542408944535715e-01 9.993517886010294671e-01 9.993517321965638134e-01
