# lambda[A]  T_theo  T_instr  T_rot+instr  (He I 10830)
1.082820000000000073e+04 9.999999547552179679e-01 9.999999526547265205e-01 9.999999525804471601e-01
1.082822017770844650e+04 9.999999533266367147e-01 9.999999517232617263e-01 9.999999516626614238e-01
1.082824035541689045e+04 9.999999518140080257e-01 9.999999505680905454e-01 9.999999505204013595e-01
1.082826053312533622e+04 9.999999502095251458e-01 9.999999491924668193e-01 9.999999491558093645e-01
1.082828071083378018e+04 9.999999485043532532e-01 9.999999476054570735e-01 9.999999475772181068e-01
1.082830088854222231e+04 9.999999466884224031e-01 9.999999458143211672e-01 9.999999457915896839e-01
1.082832106625066808e+04 9.999999447501359828e-01 9.999999438152916698e-01 9.999999437951579973e-01
1.082834124395911203e+04 9.999999426758882093e-01 9.999999415818484616e-01 9.999999415614082565e-01
1.082836142166755599e+04 9.999999404491768384e-01 9.999999390465568183e-01 9.999999390225068341e-01
1.082838159937600176e+04 9.999999380487940570e-01 9.999999360682175764e-01 9.999999360359180800e-01
1.082840177708444571e+04 9.999999354449480293e-01 9.999999323694702680e-01 9.999999323212005464e-01
1.082842195479288966e+04 9.999999325907847902e-01 9.999999274192222787e-01 9.999999273411156464e-01
1.082844213250133544e+04 9.999999294039164655e-01 9.999999202162501710e-01 9.999999200828941781e-01
1.082846231020977939e+04 9.999999257268183950e-01 9.999999089003074326e-01 9.999999086652401337e-01
1.082848248791822152e+04 9.999999212438513974e-01 9.999998900683774172e-01 9.999998896473435428e-01
1.082850266562666729e+04 9.999999153119070172e-01 9.999998575961399627e-01 9.999998568375946251e-01
1.082852284333511125e+04 9.999999066244642520e-01 9.999998006428765240e-01 9.999997992758916654e-01
1.082854302104355520e+04 9.999998925644606462e-01 9.999997003279641472e-01 9.999996978697666128e-01
1.082856319875200097e+04 9.999998679944342994e-01 9.999995242712033106e-01 9.999995198621265402e-01
1.082858337646044492e+04 9.999998230613676986e-01 9.999992177287785333e-01 9.999992098368288840e-01
1.082860355416889070e+04 9.999997393301971460e-01 9.999986893429539947e-01 9.999986752367889808e-01
1.082862373187733465e+04 9.999995831671897317e-01 9.999977884330624178e-01 9.999977632537616623e-01
1.082864390958577860e+04 9.999992947226005180e-01 9.999962691419829186e-01 9.999962243070040779e-01
1.082866408729422074e+04 9.999987700350900788e-01 9.999937345046112647e-01 9.999936550620469600e-01
1.082868426500266651e+04 9.999978325596827755e-01 9.999895506870669637e-01 9.999894111460895241e-01
1.082870444271111046e+04 9.999961885209888157e-01 9.999827187661172179e-01 9.999824769540825997e-01
1.082872462041955623e+04 9.999933573078453319e-01 9.999716898288237843e-01 9.999712786281557131e-01
1.082874479812800018e+04 9.999885624286969366e-01 9.999541114970190714e-01 9.999534291079410497e-01
1.082876497583644414e+04 9.999805581321369319e-01 9.999265042862746089e-01 9.999254051279580224e-01
1.082878515354488991e+04 9.999673485055952105e-01 9.998838894047185066e-01 9.998821798931029070e-01
1.082880533125333386e+04 9.999457274020462361e-01 9.998194294664823900e-01 9.998168752433543860e-01
1.082882550896177781e+04 9.999105338597010784e-01 9.997241991473395650e-01 9.997205517991152313e-01
1.082884568667022177e+04 9.998535047850205526e-01 9.995872635914774262e-01 9.995823138086330495e-01
1.082886586437866572e+04 9.997616798982889019e-01 9.993962848994990544e-01 9.993899436236348688e-01
1.082888604208710967e+04 9.996155806152429157e-01 9.991388659711175624e-01 9.991312645758236854e-01
1.082890621979555544e+04 9.993879384289219292e-01 9.988047389343728266e-01 9.987963254417495662e-01
1.082892639750399940e+04 9.990445189460879227e-01 9.983886921184613739e-01 9.983802876058326392e-01
1.082894657521244335e+04 9.985491489281067556e-01 9.978938256039259214e-01 9.978866005577692322e-01
1.082896675292088912e+04 9.978746319618397864e-01 9.973344080869491757e-01 9.973297494593614809e-01
1.082898693062933307e+04 9.970192111001239255e-01 9.967374036999381293e-01 9.967366721326299528e-01
1.082900710833777885e+04 9.960247391966529085e-01 9.961417825911373924e-01 9.961459997362939189e-01
1.082902728604622098e+04 9.949881183838016341e-01 9.955951043406933154e-01 9.956046480703777402e-01
1.082904746375466493e+04 9.940534456253726781e-01 9.951475325209634404e-01 9.951619352482905523e-01
1.082906764146311070e+04 9.933780999530485989e-01 9.948442271229989142e-01 9.948621566903261826e-01
1.082908781917155466e+04 9.930867592244129183e-01 9.947176997045964475e-01 9.947371534384489289e-01
1.082910799687999861e+04 9.932354100784580586e-01 9.947819421607427826e-01 9.948006180354485029e-01
1.082912817458844438e+04 9.937953170894630039e-01 9.950298178889175338e-01 9.950455673422123892e-01
1.082914835229688833e+04 9.946612973061783602e-01 9.954343984352130859e-01 9.954456371404524218e-01
1.082916853000533229e+04 9.956818004129198707e-01 9.959538940845699129e-01 9.959598615846931846e-01
1.082918870771377806e+04 9.967035319828432272e-01 9.965389105552500126e-01 9.965397210429050023e-01
1.082920888542222019e+04 9.976119031106820412e-01 9.971402651675976836e-01 9.971367589245616614e-01
1.082922906313066414e+04 9.983475391010759870e-01 9.977156475661905777e-01 9.977091096334860243e-01
1.082924924083910992e+04 9.988997406276115543e-01 9.982339375957508532e-01 9.982257776810312677e-01
1.082926941854755387e+04 9.992893453980837837e-01 9.986767637150810728e-01 9.986682439336250772e-01
1.082928959625599782e+04 9.995510788118797674e-01 9.990376192330782112e-01 9.990296832312868247e-01
1.082930977396444359e+04 9.997206302435929226e-01 9.993193365286637819e-01 9.993125520306461729e-01
1.082932995167288755e+04 9.998278105559856854e-01 9.995308689638748856e-01 9.995254620932024769e-01
1.082935012938133150e+04 9.998945846765729950e-01 9.996841943781660245e-01 9.996801371838140993e-01
1.082937030708977727e+04 9.999358616390646715e-01 9.997918584739288184e-01 9.997889710535990959e-01
1.082939048479821940e+04 9.999612554443068069e-01 9.998653567179899282e-01 9.998633962605203429e-01
1.082941066250666336e+04 9.999767994945554239e-01 9.999143054161977462e-01 9.999130288133093458e-01
1.082943084021510913e+04 9.999862441335275465e-01 9.999462146875517377e-01 9.999454133514120713e-01
1.082945101792355308e+04 9.999919216607601191e-01 9.999666388217164359e-01 9.999661514269222451e-01
1.082947119563199885e+04 9.999952869607702244e-01 9.999795086774802000e-01 9.999792198810446564e-01
1.082949137334044281e+04 9.999972478249800067e-01 9.999875088032096349e-01 9.999873411669359946e-01
1.082951155104888676e+04 9.999983677860747600e-01 9.999924209686429366e-01 9.999923251063349561e-01
1.082953172875733253e+04 9.999989928941438455e-01 9.999954012902776412e-01 9.999953469895738190e-01
1.082955190646577648e+04 9.999993323166491699e-01 9.999971865248455938e-01 9.999971558920167647e-01
1.082957208417421862e+04 9.999995100055835140e-01 9.999982390818460409e-01 9.999982217574676646e-01
1.082959226188266439e+04 9.999995977171197703e-01 9.999988446958002486e-01 9.999988347483502737e-01
1.082961243959110834e+04 9.999996358192868584e-01 9.999991759535465929e-01 9.999991699608642426e-01
1.082963261729955229e+04 9.999996460629474448e-01 9.999993320763478355e-01 9.999993279685728265e-01
1.082965279500799807e+04 9.999996390384218170e-01 9.999993622071333688e-01 9.999993585527703344e-01
1.082967297271644202e+04 9.999996180092260989e-01 9.999992766389780297e-01 9.999992721496782089e-01
1.082969315042488597e+04 9.999995800006199476e-01 9.999990480427605188e-01 9.999990411297499104e-01
1.082971332813333174e+04 9.999995142857925901e-01 9.999986026216989288e-01 9.999985908504738230e-01
1.082973350584177570e+04 9.999993976309464738e-01 9.999977989187963656e-01 9.999977781727066306e-01
1.082975368355021783e+04 9.999991846938205420e-01 9.999963893289456340e-01 9.999963523940694765e-01
1.082977386125866360e+04 9.999987906530164450e-01 9.999939557321043671e-01 9.999938898345008820e-01
1.082979403896710755e+04 9.999980612705723360e-01 9.999898054854392537e-01 9.999896880249915521e-01
1.082981421667555151e+04 9.999967228782109530e-01 9.999828066863042375e-01 9.999825980148161486e-01
1.082983439438399728e+04 9.999943008029895664e-01 9.999711317730508586e-01 9.999707634124122002e-01
1.082985457209244123e+04 9.999899887644195795e-01 9.999518666059139527e-01 9.999512229691269738e-01
1.082987474980088700e+04 9.999824423364543913e-01 9.999204304150622891e-01 9.999193222383764290e-01
1.082989492750933096e+04 9.999694538051232540e-01 9.998697458212914002e-01 9.998678747103283415e-01
1.082991510521777491e+04 9.999474382714206300e-01 9.997891072968275727e-01 9.997860237184266197e-01
1.082993528292621886e+04 9.999106128578385544e-01 9.996627350872531181e-01 9.996577972968104797e-01
1.082995546063466281e+04 9.998496721032457124e-01 9.994680855325617230e-01 9.994604340787227592e-01
1.082997563834310677e+04 9.997496523132742841e-01 9.991741283437082233e-01 9.991626983337947854e-01
1.082999581605155254e+04 9.995865740345089012e-01 9.987399906849756537e-01 9.987235885860302753e-01
1.083001599375999649e+04 9.993224827141274913e-01 9.981145722034779899e-01 9.980920409742723987e-01
1.083003617146844044e+04 9.988989305972020283e-01 9.972378848121928874e-01 9.972083664049763430e-01
1.083005634917688621e+04 9.982300815895593926e-01 9.960448701781596803e-01 9.960081468765826784e-01
1.083007652688533017e+04 9.971985687759304939e-01 9.944722040029063681e-01 9.944290644268789503e-01
1.083009670459377412e+04 9.956593407802982743e-01 9.924680668146516060e-01 9.924206098008861998e-01
1.083011688230221807e+04 9.934573223158118527e-01 9.900040987203100329e-01 9.899558729355435460e-01
1.083013706001066203e+04 9.904619163988210850e-01 9.870879237859149224e-01 9.870438139074173556e-01
1.083015723771910598e+04 9.866150044511563522e-01 9.837739675861570943e-01 9.837397806794062616e-01
1.083017741542755175e+04 9.819802219480571193e-01 9.801700327059038598e-01 9.801518010500331890e-01
1.083019759313599570e+04 9.767697987206108712e-01 9.764373793312816074e-01 9.764404615707854562e-01
1.083021777084443966e+04 9.713237128585370250e-01 9.727828734732730798e-01 9.728109892477621035e-01
1.083023794855288543e+04 9.660533970795948111e-01 9.694429775214163936e-01 9.694973432448322770e-01
1.083025812626132938e+04 9.614007998741075367e-01 9.666607659645337636e-01 9.667395082254195415e-01
1.083027830396977515e+04 9.578232711844558711e-01 9.646585436789627543e-01 9.647565482449356189e-01
1.083029848167821729e+04 9.557543845450244824e-01 9.636098148083894754e-01 9.637191163239005043e-01
1.083031865938666124e+04 9.555087396591210869e-01 9.636150604718832779e-01 9.637257854523738621e-01
1.083033883709510701e+04 9.571915864391871143e-01 9.646857710792314800e-01 9.647875225425454060e-01
1.083035901480355096e+04 9.606739080133155362e-01 9.667402312150904509e-01 9.668236754040229197e-01
1.083037919251199492e+04 9.656003952013914038e-01 9.696126470810867426e-01 9.696709750702255937e-01
1.083039937022044069e+04 9.714162043099084931e-01 9.730746242889665165e-01 9.731045561514205522e-01
1.083041954792888464e+04 9.774537800679017341e-01 9.768653531835831405e-01 9.768674484917424516e-01
1.083043972563732859e+04 9.830911017070769198e-01 9.807249088436884588e-01 9.807031245818222942e-01
1.083045990334577436e+04 9.878994085900454358e-01 9.844244715524307354e-01 9.843851104682779241e-01
1.083048008105421832e+04 9.916945268707353378e-01 9.877882612416840624e-01 9.877386086983519498e-01
1.083050025876266045e+04 9.944975312388656397e-01 9.907042515058454013e-01 9.906512524207418124e-01
1.083052043647110622e+04 9.964555938264748614e-01 9.931235375256474152e-01 9.930728047647721102e-01
1.083054061417955018e+04 9.977637182372198765e-01 9.950506913856208557e-01 9.950059971556277638e-01
1.083056079188799413e+04 9.986090825213466138e-01 9.965288779923119344e-01 9.964921213907622644e-01
1.083058096959643990e+04 9.991432668197693934e-01 9.976237002842512913e-01 9.975952246582606708e-01
1.083060114730488385e+04 9.994762441335764969e-01 9.984089208488855505e-01 9.983880040060857386e-01
1.083062132501332962e+04 9.996821626507274017e-01 9.989558663060824628e-01 9.989412216705064740e-01
1.083064150272177358e+04 9.998087892152596190e-01 9.993269820554752103e-01 9.993171637413277297e-01
1.083066168043021753e+04 9.998861742329350211e-01 9.995730247939685897e-01 9.995666932481923617e-01
1.083068185813865966e+04 9.999330657940694866e-01 9.997328844383237545e-01 9.997289392055546120e-01
1.083070203584710544e+04 9.999611572713711372e-01 9.998349530790324735e-01 9.998325663451937961e-01
1.083072221355554939e+04 9.999777494653890875e-01 9.998991491431474810e-01 9.998977401763353701e-01
1.083074239126399516e+04 9.999873908639236308e-01 9.999389970492185142e-01 9.999381811532439546e-01
1.083076256897243911e+04 9.999928948232085224e-01 9.999634397769545657e-01 9.999629739295184949e-01
1.083078274668088306e+04 9.999959801560713846e-01 9.999782669036183513e-01 9.999780034122828232e-01
1.083080292438932884e+04 9.999976797071800094e-01 9.999871637369153188e-01 9.999870155332062360e-01
1.083082310209777279e+04 9.999986019707631790e-01 9.999924440785654678e-01 9.999923609685998915e-01
1.083084327980621674e+04 9.999990976293574585e-01 9.999955435600111908e-01 9.999954970321255354e-01
1.083086345751466069e+04 9.999993640901420067e-01 9.999973431713170546e-01 9.999973171618874446e-01
1.083088363522310465e+04 9.999995098049072606e-01 9.999983775444566403e-01 9.999983630320546935e-01
1.083090381293154860e+04 9.999995929083028701e-01 9.999989672792298778e-01 9.999989591990616766e-01
1.083092399063999437e+04 9.999996438211272709e-01 9.999993021427009410e-01 9.999992976503736530e-01
1.083094416834843832e+04 9.999996781070417118e-01 9.999994928800649552e-01 9.999994903795077494e-01
1.083096434605688228e+04 9.999997035766984288e-01 9.999996031468008084e-01 9.999996017452221775e-01
1.083098452376532805e+04 9.999997240996998382e-01 9.999996689550150197e-01 9.999996681559157885e-01
1.083100470147377200e+04 9.999997415909194221e-01 9.999997103522612063e-01 9.999997098817962060e-01
1.083102487918221777e+04 9.999997570160640281e-01 9.999997383252552385e-01 9.999997380338753183e-01
1.083104505689065991e+04 9.999997708867580659e-01 9.999997588102004231e-01 9.999997586170824571e-01
1.083106523459910386e+04 9.999997834980587363e-01 9.999997749791147417e-01 9.999997748409870102e-01
1.083108541230754963e+04 9.999997950399206470e-01 9.999997885179833235e-01 9.999997884118146940e-01
1.083110559001599358e+04 9.999998056487162668e-01 9.999998003270774705e-01 9.999998002406014219e-01
1.083112576772443754e+04 9.999998154310035803e-01 9.999998108970292732e-01 9.999998108236307637e-01
1.083114594543288331e+04 9.999998244747215770e-01 9.999998205068509893e-01 9.999998204428551807e-01
1.083116612314132726e+04 9.999998328547631266e-01 9.999998293262951643e-01 9.999998292695531088e-01
1.083118630084977121e+04 9.999998406360349756e-01 9.999998374679365254e-01 9.999998374170986359e-01
1.083120647855821699e+04 9.999998478753533426e-01 9.999998450133722461e-01 9.999998449675154832e-01
1.083122665626665912e+04 9.999998546227673035e-01 9.999998520263527757e-01 9.999998519847970169e-01
1.083124683397510307e+04 9.999998609225642099e-01 9.999998585594407352e-01 9.999998585216490765e-01
1.083126701168354884e+04 9.999998668140769320e-01 9.999998646574862482e-01 9.999998646230210397e-01
1.083128718939199280e+04 9.999998723323491046e-01 9.999998703595586180e-01 9.999998703280484902e-01
1.083130736710043675e+04 9.999998775086941238e-01 9.999998757001097305e-01 9.999998756712374925e-01
1.083132754480888252e+04 9.999998823711677698e-01 9.999998807097514320e-01 9.999998806832405274e-01
1.083134772251732647e+04 9.999998869449719940e-01 9.999998854158195227e-01 9.999998853914290331e-01
1.083136790022577043e+04 9.999998912528011985e-01 9.999998898428192895e-01 9.999998898203383835e-01
1.083138807793421620e+04 9.999998953151373327e-01 9.999998940127822200e-01 9.999998939920256014e-01
1.083140825564265833e+04 9.999998991505077983e-01 9.999998979455712034e-01 9.999998979263734489e-01
1.083142843335110229e+04 9.999999027757067172e-01 9.999999016591344381e-01 9.999999016413502195e-01
1.083144861105954806e+04 9.999999062059879984e-01 9.999999051697293639e-01 9.999999051532293404e-01
1.083146878876799201e+04 9.999999094552324275e-01 9.999999084921106229e-01 9.999999084767797752e-01
1.083148896647643778e+04 9.999999125360966579e-01 9.999999116397004784e-01 9.999999116254361109e-01
1.083150914418488173e+04 9.999999154601392215e-01 9.999999146247264825e-01 9.999999146114354476e-01
1.083152932189332569e+04 9.999999182379359919e-01 9.999999174583529271e-01 9.999999174459538454e-01
1.083154949960177146e+04 9.999999208791769956e-01 9.999999201507900892e-01 9.999999201392076875e-01
1.083156967731021541e+04 9.999999233927581166e-01 9.999999227113907097e-01 9.999999227005578195e-01
1.083158985501865754e+04 9.999999257868551483e-01 9.999999251487371454e-01 9.999999251385945920e-01
1.083161003272710332e+04 9.999999280689951808e-01 9.999999274707170871e-01 9.999999274612101363e-01
1.083163021043554727e+04 9.999999302461172190e-01 9.999999296845887287e-01 9.999999296756669764e-01
1.083165038814399122e+04 9.999999323246266947e-01 9.999999317970450496e-01 9.999999317886634209e-01
1.083167056585243699e+04 9.999999343104443161e-01 9.999999338142591121e-01 9.999999338063783050e-01
1.083169074356088095e+04 9.999999362090499222e-01 9.999999357419405710e-01 9.999999357345228379e-01
1.083171092126932490e+04 9.999999380255212289e-01 9.999999375853710903e-01 9.999999375783825695e-01
1.083173109897777067e+04 9.999999397645702448e-01 9.999999393494461986e-01 9.999999393428556926e-01
1.083175127668621462e+04 9.999999414305720258e-01 9.999999410387057086e-01 9.999999410324855731e-01
1.083177145439465676e+04 9.999999430275954282e-01 9.999999426573683570e-01 9.999999426514927237e-01
1.083179163210310253e+04 9.999999445594280889e-01 9.999999442093551183e-01 9.999999442038000064e-01
1.083181180981154648e+04 9.999999460295997400e-01 9.999999456983178492e-01 9.999999456930614983e-01
1.083183198751999043e+04 9.999999474414021927e-01 9.999999471276578289e-01 9.999999471226811432e-01
1.083185216522843621e+04 9.999999487979103208e-01 9.999999485005501842e-01 9.999999484958334017e-01
1.083187234293688016e+04 9.999999501019972703e-01 9.999999498199568793e-01 9.999999498154835686e-01
1.083189252064532593e+04 9.999999513563488929e-01 9.999999510886488086e-01 9.999999510844033157e-01
1.083191269835376988e+04 9.999999525634841735e-01 9.999999523092173437e-01 9.999999523051853467e-01
1.083193287606221384e+04 9.999999537257604487e-01 9.999999534840888771e-01 9.999999534802570533e-01
1.083195305377065779e+04 9.999999548453899489e-01 9.999999546155385888e-01 9.999999546118939486e-01
1.083197323147910174e+04 9.999999559244497904e-01 9.999999557056992172e-01 9.999999557022315466e-01
1.083199340918754569e+04 9.999999569648903019e-01 9.999999567565747149e-01 9.999999567532726896e-01
1.083201358689599147e+04 9.999999579685470152e-01 9.999999577700472431e-01 9.999999577669010931e-01
1.083203376460443542e+04 9.999999589371456610e-01 9.999999587478870522e-01 9.999999587448871186e-01
1.083205394231287937e+04 9.999999598723116057e-01 9.999999596917583666e-01 9.999999596888969888e-01
1.083207412002132514e+04 9.999999607755769571e-01 9.999999606032317079e-01 9.999999606005004482e-01
1.083209429772976910e+04 9.999999616483871145e-01 9.999999614837848938e-01 9.999999614811760917e-01
1.083211447543821305e+04 9.999999624921049879e-01 9.999999623348098110e-01 9.999999623323163611e-01
1.083213465314665700e+04 9.999999633080181027e-01 9.999999631576165227e-01 9.999999631552295432e-01
1.083215483085510095e+04 9.999999640973433745e-01 9.999999639534241647e-01 9.999999639511316651e-01
1.083217500856354491e+04 9.999999648612311054e-01 9.999999647233394073e-01 9.999999647211196274e-01
1.083219518627199068e+04 9.999999656007704241e-01 9.999999654682912853e-01 9.999999654660990389e-01
1.083221536398043463e+04 9.999999663169919506e-01 9.999999661888929747e-01 9.999999661866366685e-01
1.083223554168888040e+04 9.999999670108720151e-01 9.999999668851836665e-01 9.999999668826867749e-01
1.083225571939732436e+04 9.999999676833366546e-01 9.999999675562156742e-01 9.999999675531667798e-01
1.083227589710576831e+04 9.999999683352630564e-01 9.999999681995181966e-01 9.999999681954188091e-01
1.083229607481421408e+04 9.999999689674857750e-01 9.999999688105584150e-01 9.999999688046935509e-01
1.083231625252265621e+04 9.999999695807949562e-01 9.999999693824694891e-01 9.999999693739302087e-01
1.083233643023110017e+04 9.999999701759422210e-01 9.999999699063729652e-01 9.999999698941525184e-01
1.083235660793954594e+04 9.999999707536428861e-01 9.999999703725221956e-01 9.999999703556819997e-01
1.083237678564798989e+04 9.999999713145757418e-01 9.999999707722019293e-01 9.999999707500675239e-01
1.083239696335643384e+04 9.999999718593883813e-01 9.999999710999061264e-01 9.999999710722264901e-01
