# lambda[A]  T_theo  T_instr  T_rot+instr  (Ly-alpha 1215.67)
1.214099999999999909e+03 9.997312863107765679e-01 9.997305046030020570e-01 9.997304911706398345e-01
1.214114499999999907e+03 9.997279047986622480e-01 9.997278474148556526e-01 9.997278433038920831e-01
1.214129000000000133e+03 9.997244400436863243e-01 9.997244179693143273e-01 9.997244173238194476e-01
1.214143500000000131e+03 9.997208890888227284e-01 9.997208664944331469e-01 9.997208660125261881e-01
1.214157999999999902e+03 9.997172488565739812e-01 9.997172254516667467e-01 9.997172249531757204e-01
1.214172499999999900e+03 9.997135161433380324e-01 9.997134918942247594e-01 9.997134913770423514e-01
1.214187000000000126e+03 9.997096876134319299e-01 9.997096624850774216e-01 9.997096619483558655e-01
1.214201499999999896e+03 9.997057597927447858e-01 9.997057337484053230e-01 9.997057331912521105e-01
1.214215999999999894e+03 9.997017290619890639e-01 9.997017020631034923e-01 9.997017014845764882e-01
1.214230500000000120e+03 9.996975916495189907e-01 9.996975636555900380e-01 9.996975630546942604e-01
1.214245000000000118e+03 9.996933436236831172e-01 9.996933145921488295e-01 9.996933139678336744e-01
1.214259499999999889e+03 9.996889808846677328e-01 9.996889507707662492e-01 9.996889501219199392e-01
1.214273999999999887e+03 9.996844991558021531e-01 9.996844679124174959e-01 9.996844672378640828e-01
1.214288500000000113e+03 9.996798939742616019e-01 9.996798615517662467e-01 9.996798608502605044e-01
1.214302999999999884e+03 9.996751606811447033e-01 9.996751270272223877e-01 9.996751262974442609e-01
1.214317499999999882e+03 9.996702944108494249e-01 9.996702594703071876e-01 9.996702587108573512e-01
1.214332000000000107e+03 9.996652900797101671e-01 9.996652537942732897e-01 9.996652530036659323e-01
1.214346500000000106e+03 9.996601423738199488e-01 9.996601046819099112e-01 9.996601038585679611e-01
1.214360999999999876e+03 9.996548457359827333e-01 9.996548065724779608e-01 9.996548057147245370e-01
1.214375500000000102e+03 9.996493943517120728e-01 9.996493536476870334e-01 9.996493527537381185e-01
1.214390000000000100e+03 9.996437821342063490e-01 9.996437398166496680e-01 9.996437388846057814e-01
1.214404500000000098e+03 9.996380027082055753e-01 9.996379586997142797e-01 9.996379577275520401e-01
1.214418999999999869e+03 9.996320493926419415e-01 9.996320036110875051e-01 9.996320025966498601e-01
1.214433500000000095e+03 9.996259151819741895e-01 9.996258675401429317e-01 9.996258664811268346e-01
1.214448000000000093e+03 9.996195927260944636e-01 9.996195431312918656e-01 9.996195420252376174e-01
1.214462499999999864e+03 9.996130743086801829e-01 9.996130226623031190e-01 9.996130215065811564e-01
1.214477000000000089e+03 9.996063518238513801e-01 9.996062980209200477e-01 9.996062968127168435e-01
1.214491500000000087e+03 9.995994167509788531e-01 9.995993606796255149e-01 9.995993594159282569e-01
1.214506000000000085e+03 9.995922601274764840e-01 9.995922016683853606e-01 9.995922003459637439e-01
1.214520499999999856e+03 9.995848725193768880e-01 9.995848115451709814e-01 9.995848101605597780e-01
1.214535000000000082e+03 9.995772439894889949e-01 9.995771803640560726e-01 9.995771789135337038e-01
1.214549500000000080e+03 9.995693640628914300e-01 9.995692976406431729e-01 9.995692961202086169e-01
1.214563999999999851e+03 9.995612216894994573e-01 9.995611523145544464e-01 9.995611507199023693e-01
1.214578500000000076e+03 9.995528052034066135e-01 9.995527327086869418e-01 9.995527310351792760e-01
1.214593000000000075e+03 9.995441022786574203e-01 9.995440264848912681e-01 9.995440247275263479e-01
1.214607500000000073e+03 9.995350998810809129e-01 9.995350205956935463e-01 9.995350187490715799e-01
1.214621999999999844e+03 9.995257842157451167e-01 9.995257012316296485e-01 9.995256992899143045e-01
1.214636500000000069e+03 9.995161406695549644e-01 9.995160537637007847e-01 9.995160517205770034e-01
1.214651000000000067e+03 9.995061537484364322e-01 9.995060626803998760e-01 9.995060605290254641e-01
1.214665499999999838e+03 9.994958070084793977e-01 9.994957115186752228e-01 9.994957092516278951e-01
1.214680000000000064e+03 9.994850829803350045e-01 9.994849827881211457e-01 9.994849803973379077e-01
1.214694500000000062e+03 9.994739630860477453e-01 9.994738578875761448e-01 9.994738553642873446e-01
1.214709000000000060e+03 9.994624275474018882e-01 9.994623170132024281e-01 9.994623143478559291e-01
1.214723499999999831e+03 9.994504552847288670e-01 9.994503390569884349e-01 9.994503362391649048e-01
1.214738000000000056e+03 9.994380238049659360e-01 9.994379014944563266e-01 9.994378985127729820e-01
1.214752500000000055e+03 9.994251090775874147e-01 9.994249802601941068e-01 9.994249771021976869e-01
1.214766999999999825e+03 9.994116853968306735e-01 9.994115496096230844e-01 9.994115462616672829e-01
1.214781500000000051e+03 9.993977252284019785e-01 9.993975819651756964e-01 9.993975784122814954e-01
1.214796000000000049e+03 9.993831990385845243e-01 9.993830477447995797e-01 9.993830439704978197e-01
1.214810500000000047e+03 9.993680751033545695e-01 9.993679151703741548e-01 9.993679111565264561e-01
1.214825000000000273e+03 9.993523192947578737e-01 9.993521500532900337e-01 9.993521457798846264e-01
1.214839500000000044e+03 9.993358948413860743e-01 9.993357155539954739e-01 9.993357109989122744e-01
1.214854000000000042e+03 9.993187620592893783e-01 9.993185719118448107e-01 9.993185670505876361e-01
1.214868500000000040e+03 9.993008780491229315e-01 9.993006761410120342e-01 9.993006709464030690e-01
1.214883000000000038e+03 9.992821963546607567e-01 9.992819816875790906e-01 9.992819761294033931e-01
1.214897500000000036e+03 9.992626665770446559e-01 9.992624380421331054e-01 9.992624320867340426e-01
1.214912000000000035e+03 9.992422339382550645e-01 9.992419903013265436e-01 9.992419839111347235e-01
1.214926500000000260e+03 9.992208387862567820e-01 9.992205786707994974e-01 9.992205718037894258e-01
1.214941000000000031e+03 9.991984160330429354e-01 9.991981379006442676e-01 9.991981305097049626e-01
1.214955500000000029e+03 9.991748945153996475e-01 9.991745966431612169e-01 9.991745886753620187e-01
1.214970000000000027e+03 9.991501962665116920e-01 9.991498767209541221e-01 9.991498681166903761e-01
1.214984500000000025e+03 9.991242356845534411e-01 9.991238922914135179e-01 9.991238829834071522e-01
1.214999000000000024e+03 9.990969185820610665e-01 9.990965488912580961e-01 9.990965388033857808e-01
1.215013500000000022e+03 9.990681410970155829e-01 9.990677423419314085e-01 9.990677313878455479e-01
1.215028000000000247e+03 9.990377884432010136e-01 9.990373574932100986e-01 9.990373455747119102e-01
1.215042500000000018e+03 9.990057334732145300e-01 9.990052667781683660e-01 9.990052537832777579e-01
1.215057000000000016e+03 9.989718350223836252e-01 9.989713285474298710e-01 9.989713143480869473e-01
1.215071500000000015e+03 9.989359359954746997e-01 9.989353851441564736e-01 9.989353695934747313e-01
1.215086000000000013e+03 9.988978611499880200e-01 9.988972606729819015e-01 9.988972436019414314e-01
1.215100500000000011e+03 9.988574145194304421e-01 9.988567584054627302e-01 9.988567396189087511e-01
1.215115000000000009e+03 9.988143764063482921e-01 9.988136577506588898e-01 9.988136370224219851e-01
1.215129500000000235e+03 9.987684998567006867e-01 9.987677107006783794e-01 9.987676877675719656e-01
1.215144000000000005e+03 9.987195065021258200e-01 9.987186376350488670e-01 9.987186121894022772e-01
1.215158500000000004e+03 9.986670816211333790e-01 9.986661223304954538e-01 9.986660940107278117e-01
1.215173000000000002e+03 9.986108682174551499e-01 9.986098059661790982e-01 9.986097743446489261e-01
1.215187500000000000e+03 9.985504598295489309e-01 9.985492798212450838e-01 9.985492443879457891e-01
1.215201999999999998e+03 9.984853916369399451e-01 9.984840761667488351e-01 9.984840363021409981e-01
1.215216499999999996e+03 9.984151291099646608e-01 9.984136554762708116e-01 9.984136102904600518e-01
1.215231000000000222e+03 9.983390514093209989e-01 9.983373584122123834e-01 9.983373043014565074e-01
1.215245499999999993e+03 9.982563684812343352e-01 9.982537698502722545e-01 9.982536716824271794e-01
1.215259999999999991e+03 9.981645391030123937e-01 9.981532851057032252e-01 9.981528610369547749e-01
1.215274499999999989e+03 9.980369469220987666e-01 9.979646346170799598e-01 9.979623191835095275e-01
1.215289000000000215e+03 9.976545983301591258e-01 9.973516469638313842e-01 9.973412716667113820e-01
1.215303499999999985e+03 9.961013515414858244e-01 9.954461703284347429e-01 9.954193410208390658e-01
1.215317999999999984e+03 9.918544893246684646e-01 9.914675302188872275e-01 9.914565095200665867e-01
1.215332500000000209e+03 9.857077038445235528e-01 9.874402255268494022e-01 9.875011339131978261e-01
1.215346999999999980e+03 9.869303185019122626e-01 9.880759342851559435e-01 9.881188259398638873e-01
1.215361499999999978e+03 9.929050283013015621e-01 9.922524899699411982e-01 9.922304415214652229e-01
1.215376000000000204e+03 9.959361191642989164e-01 9.953565735009537452e-01 9.953333327633179239e-01
1.215390500000000202e+03 9.966347176828850296e-01 9.964191485067735998e-01 9.964117591477514857e-01
1.215404999999999973e+03 9.965201055056185364e-01 9.964704359213342189e-01 9.964687010261448208e-01
1.215419499999999971e+03 9.962328341154325084e-01 9.962162059867820663e-01 9.962155612238337010e-01
1.215434000000000196e+03 9.958849583946411954e-01 9.958694870813302735e-01 9.958688984925336829e-01
1.215448499999999967e+03 9.954766513861023070e-01 9.954574936887066183e-01 9.954567589001849237e-01
1.215462999999999965e+03 9.949929338084875230e-01 9.949683202701096185e-01 9.949673563103607066e-01
1.215477500000000191e+03 9.944123520440417696e-01 9.943799822438950109e-01 9.943786827450327159e-01
1.215492000000000189e+03 9.937045675174764892e-01 9.936600959258027332e-01 9.936582466097809707e-01
1.215506499999999960e+03 9.928235979056674321e-01 9.927495211162222777e-01 9.927463441261892285e-01
1.215520999999999958e+03 9.916687016828635848e-01 9.914502052365924412e-01 9.914425917740284921e-01
1.215535500000000184e+03 9.897253447830488549e-01 9.889766530624037877e-01 9.889584327426580446e-01
1.215549999999999955e+03 9.847744286834112515e-01 9.837191875134849717e-01 9.836805299794153523e-01
1.215564499999999953e+03 9.757328905500337601e-01 9.738799159627571367e-01 9.737663958689484200e-01
1.215579000000000178e+03 9.597749045747601127e-01 9.545184429785122937e-01 9.539317566192434539e-01
1.215593500000000176e+03 9.252246369515598756e-01 9.030841695081079923e-01 8.999831142412770824e-01
1.215607999999999947e+03 8.125893226721349061e-01 7.309757380124093373e-01 7.251374719905481214e-01
1.215622499999999945e+03 3.440988159797887525e-01 3.730254866736194552e-01 3.738250470194694475e-01
1.215637000000000171e+03 1.628664840516981039e-03 8.170496889255825235e-02 8.810803352539717248e-02
1.215651499999999942e+03 1.938503129618271393e-12 4.136293405636851453e-03 6.514371237312672688e-03
1.215665999999999940e+03 5.886362930131990274e-26 4.855630063027674301e-05 2.022984361235024989e-04
1.215680500000000166e+03 7.781730129028432405e-21 5.774951772445274583e-04 1.107815877883571018e-03
1.215695000000000164e+03 2.062144640305273174e-07 1.691317468431827870e-02 2.099532796879733515e-02
1.215709499999999935e+03 4.879202791805285072e-02 1.650468705917771950e-01 1.716919283008978836e-01
1.215723999999999933e+03 6.129126685374173267e-01 5.480301307344869199e-01 5.439455659385622477e-01
1.215738500000000158e+03 8.812682836510161710e-01 8.301588551360913337e-01 8.249492392820322317e-01
1.215753000000000156e+03 9.440480152631350874e-01 9.326630345977410252e-01 9.310754664628720922e-01
1.215767499999999927e+03 9.679777016845055870e-01 9.647724467730005582e-01 9.644995780510303707e-01
1.215782000000000153e+03 9.801829060889590828e-01 9.788704994335097886e-01 9.788041581884673326e-01
1.215796500000000151e+03 9.874675661255677417e-01 9.864681917963715740e-01 9.864403550247918817e-01
1.215810999999999922e+03 9.907492357931311222e-01 9.902803457332861603e-01 9.902676394936464899e-01
1.215825500000000147e+03 9.922141444564311907e-01 9.920875108754718674e-01 9.920824397547978180e-01
1.215840000000000146e+03 9.932289033557767377e-01 9.931722400650375704e-01 9.931698213118871355e-01
1.215854500000000144e+03 9.940275357260391909e-01 9.939891426152662746e-01 9.939875731532810121e-01
1.215868999999999915e+03 9.946757417926618272e-01 9.946470992030836955e-01 9.946459618603430419e-01
1.215883500000000140e+03 9.952112933339446466e-01 9.951892844718254194e-01 9.951884304790026281e-01
1.215898000000000138e+03 9.956602030165235817e-01 9.956429495871634838e-01 9.956422940203670802e-01
1.215912499999999909e+03 9.960411543998173300e-01 9.960274006814138215e-01 9.960268881947671460e-01
1.215927000000000135e+03 9.963679093293648092e-01 9.963567858521598097e-01 9.963563788744016492e-01
1.215941500000000133e+03 9.966508172964113621e-01 9.966417064775815460e-01 9.966413788097560067e-01
1.215956000000000131e+03 9.968978018104073247e-01 9.968902553338728767e-01 9.968899882895673192e-01
1.215970499999999902e+03 9.971150240331447812e-01 9.971087102429799787e-01 9.971084902286915241e-01
1.215985000000000127e+03 9.973073405942627367e-01 9.973020100616989403e-01 9.973018270154992981e-01
1.215999500000000126e+03 9.974786265352701964e-01 9.974740889600036686e-01 9.974739353184667312e-01
1.216013999999999896e+03 9.976320076916614932e-01 9.976281160486708544e-01 9.976279860478420858e-01
1.216028500000000122e+03 9.977700308684608332e-01 9.977666702928997822e-01 9.977665594856169884e-01
1.216043000000000120e+03 9.978947903682696685e-01 9.978918702087037351e-01 9.978917751251301649e-01
1.216057500000000118e+03 9.980080232924180006e-01 9.980054713308526004e-01 9.980053892357577672e-01
1.216071999999999889e+03 9.981111821163193287e-01 9.981089403030709573e-01 9.981088690197075231e-01
1.216086500000000115e+03 9.982054904869106515e-01 9.982035117562522153e-01 9.982034495368750093e-01
1.216101000000000113e+03 9.982919864887953576e-01 9.982902323592994787e-01 9.982901777888706363e-01
1.216115499999999884e+03 9.983715564642822171e-01 9.983699952168350045e-01 9.983699471406669579e-01
1.216130000000000109e+03 9.984449616596964283e-01 9.984435669451660056e-01 9.984435244140382748e-01
1.216144500000000107e+03 9.985128593887127035e-01 9.985116091575156894e-01 9.985115713856910213e-01
1.216159000000000106e+03 9.985758199797677426e-01 9.985746956537844277e-01 9.985746619866230356e-01
1.216173499999999876e+03 9.986343404616264685e-01 9.986333262893115625e-01 9.986332961780945983e-01
1.216188000000000102e+03 9.986888557084022677e-01 9.986879382588293996e-01 9.986879112410349535e-01
1.216202500000000100e+03 9.987397475910820832e-01 9.987389153537737929e-01 9.987388910375030182e-01
1.216217000000000098e+03 9.987873525521151485e-01 9.987865956177841564e-01 9.987865736693800622e-01
1.216231500000000096e+03 9.988319679217131375e-01 9.988312777252653651e-01 9.988312578593877555e-01
1.216246000000000095e+03 9.988738572210607014e-01 9.988732263328317096e-01 9.988732083044542520e-01
1.216260500000000093e+03 9.989132546424431824e-01 9.989126765971240163e-01 9.989126601950292228e-01
1.216274999999999864e+03 9.989503688547560767e-01 9.989498380100281238e-01 9.989498230514911592e-01
1.216289500000000089e+03 9.989853862514658234e-01 9.989848976702908612e-01 9.989848839967052641e-01
1.216304000000000087e+03 9.990184737342427956e-01 9.990180230861755994e-01 9.990180105594350657e-01
1.216318500000000085e+03 9.990497811072514001e-01 9.990493645851963311e-01 9.990493530846848991e-01
1.216333000000000084e+03 9.990794431429852462e-01 9.990790573926170426e-01 9.990790468126947710e-01
1.216347500000000082e+03 9.991075813695892149e-01 9.991072234292400767e-01 9.991072136771314005e-01
1.216362000000000080e+03 9.991343056209468498e-01 9.991339728702174350e-01 9.991339638642312559e-01
1.216376500000000306e+03 9.991597153839454348e-01 9.991594054996297825e-01 9.991593971676542285e-01
1.216391000000000076e+03 9.991839009717772280e-01 9.991836118899639629e-01 9.991836041681882996e-01
1.216405500000000075e+03 9.992069445476449152e-01 9.992066744310469373e-01 9.992066672628707735e-01
1.216420000000000073e+03 9.992289210195044458e-01 9.992286682292470523e-01 9.992286615643515280e-01
1.216434500000000071e+03 9.992498988234405077e-01 9.992496618946503650e-01 9.992496556881999004e-01
1.216449000000000069e+03 9.992699406106764215e-01 9.992697182313339255e-01 9.992697124432914357e-01
1.216463500000000067e+03 9.992891038510950397e-01 9.992888948436756680e-01 9.992888894382128129e-01
1.216478000000000293e+03 9.993074413642871745e-01 9.993072446698144651e-01 9.993072396148027225e-01
1.216492500000000064e+03 9.993250017876402769e-01 9.993248164518060417e-01 9.993248117183753942e-01
1.216507000000000062e+03 9.993418299896298373e-01 9.993416551507031675e-01 9.993416507128604076e-01
1.216521500000000060e+03 9.993579674353758602e-01 9.993578023136532318e-01 9.993577981479503380e-01
1.216536000000000058e+03 9.993734525105483213e-01 9.993732963991390772e-01 9.993732924843830023e-01
1.216550500000000056e+03 9.993883208088887304e-01 9.993881730656538620e-01 9.993881693826551782e-01
1.216565000000000055e+03 9.994026053879083715e-01 9.994024654283998332e-01 9.994024619597514647e-01
1.216579500000000280e+03 9.994163369967048460e-01 9.994162042879711771e-01 9.994162010178561095e-01
1.216594000000000051e+03 9.994295442793248441e-01 9.994294183344715199e-01 9.994294152484924920e-01
1.216608500000000049e+03 9.994422539566469865e-01 9.994421343300485816e-01 9.994421314150783164e-01
1.216623000000000047e+03 9.994544909893593454e-01 9.994543772724425734e-01 9.994543745164938819e-01
1.216637500000000273e+03 9.994662787242885038e-01 9.994661705418093067e-01 9.994661679339177374e-01
1.216652000000000044e+03 9.994776390260262655e-01 9.994775360327811109e-01 9.994775335629035862e-01
1.216666500000000042e+03 9.994885923955721951e-01 9.994884942734820754e-01 9.994884919324046324e-01
1.216681000000000267e+03 9.994991580774605922e-01 9.994990645329899781e-01 9.994990623122486095e-01
1.216695500000000038e+03 9.995093541566952844e-01 9.995092649185544076e-01 9.995092628103622312e-01
1.216710000000000036e+03 9.995191976466122341e-01 9.995191124637139435e-01 9.995191104608982524e-01
1.216724500000000035e+03 9.995287045686708227e-01 9.995286232083070432e-01 9.995286213042523515e-01
1.216739000000000260e+03 9.995378900250504461e-01 9.995378122712643698e-01 9.995378104598608981e-01
1.216753500000000031e+03 9.995467682648121466e-01 9.995466939169400655e-01 9.995466921925383330e-01
1.216768000000000029e+03 9.995553527443034048e-01 9.995552816156660914e-01 9.995552799730372806e-01
1.216782500000000255e+03 9.995636561823988409e-01 9.995635880991264877e-01 9.995635865334241421e-01
1.216797000000000025e+03 9.995716906110946320e-01 9.995716254110672550e-01 9.995716239177948603e-01
1.216811500000000024e+03 9.995794674219220521e-01 9.995794049538142545e-01 9.995794035287959289e-01
1.216826000000000249e+03 9.995869974085875853e-01 9.995869375310039162e-01 9.995869361703580980e-01
1.216840500000000247e+03 9.995942908061977716e-01 9.995942333868896856e-01 9.995942320870025988e-01
1.216855000000000018e+03 9.996013573273903052e-01 9.996013022425453975e-01 9.996013010000517340e-01
1.216869500000000016e+03 9.996082061956609310e-01 9.996081533292557886e-01 9.996081521410176141e-01
1.216884000000000242e+03 9.996148461761301673e-01 9.996147954193410623e-01 9.996147942824287203e-01
1.216898500000000013e+03 9.996212856039846661e-01 9.996212368546498750e-01 9.996212357663281090e-01
1.216913000000000011e+03 9.996275324107966043e-01 9.996274855729239128e-01 9.996274845306341028e-01
1.216927500000000236e+03 9.996335941488938559e-01 9.996335491322108080e-01 9.996335481335596462e-01
1.216942000000000235e+03 9.996394780139561398e-01 9.996394347334963681e-01 9.996394337762406490e-01
1.216956500000000005e+03 9.996451908659791386e-01 9.996451492413030993e-01 9.996451483212701605e-01
1.216971000000000004e+03 9.996507392487365973e-01 9.996506988055700038e-01 9.996506976359089691e-01
1.216985500000000229e+03 9.996561294078715187e-01 9.996560348635592508e-01 9.996560282005393372e-01
1.217000000000000000e+03 9.996613673077151541e-01 9.996601561982912942e-01 9.996601347411370186e-01
