# lambda[A]  T_theo  T_instr  T_rot+instr  (Ly-alpha 1215.67)
1.214099999999999909e+03 9.997369685229172687e-01 9.997362066701142025e-01 9.997361936149086192e-01
1.214114499999999907e+03 9.997336728907881831e-01 9.997336170079587081e-01 9.997336130128544607e-01
1.214129000000000133e+03 9.997302963107980167e-01 9.997302748390265448e-01 9.997302742122193830e-01
1.214143500000000131e+03 9.997268358861413073e-01 9.997268139034476420e-01 9.997268134356009917e-01
1.214157999999999902e+03 9.997232886011752084e-01 9.997232658240539083e-01 9.997232653400409674e-01
1.214172499999999900e+03 9.997196513158987941e-01 9.997196277111393137e-01 9.997196272089081681e-01
1.214187000000000126e+03 9.997159207600928577e-01 9.997158962931639303e-01 9.997158957718863537e-01
1.214201499999999896e+03 9.997120935271012199e-01 9.997120681617996940e-01 9.997120676206041612e-01
1.214215999999999894e+03 9.997081660672265668e-01 9.997081397655700474e-01 9.997081392035370717e-01
1.214230500000000120e+03 9.997041346807006290e-01 9.997041074028142349e-01 9.997041068189723712e-01
1.214245000000000118e+03 9.996999955102076063e-01 9.996999672141979598e-01 9.996999666075211399e-01
1.214259499999999889e+03 9.996957445329089920e-01 9.996957151747314363e-01 9.996957145441359716e-01
1.214273999999999887e+03 9.996913775519449263e-01 9.996913470852563099e-01 9.996913464295944518e-01
1.214288500000000113e+03 9.996868901873537938e-01 9.996868585633570392e-01 9.996868578814140927e-01
1.214302999999999884e+03 9.996822778663769782e-01 9.996822450336482202e-01 9.996822443241371037e-01
1.214317499999999882e+03 9.996775358130826072e-01 9.996775017173891165e-01 9.996775009789456989e-01
1.214332000000000107e+03 9.996726590372683185e-01 9.996726236213675509e-01 9.996726228525438795e-01
1.214346500000000106e+03 9.996676423225693275e-01 9.996676055259920979e-01 9.996676047252502917e-01
1.214360999999999876e+03 9.996624802137115129e-01 9.996624419725275157e-01 9.996624411382333264e-01
1.214375500000000102e+03 9.996571670028393530e-01 9.996571272494026994e-01 9.996571263798188500e-01
1.214390000000000100e+03 9.996516967148371124e-01 9.996516553775104397e-01 9.996516544707858554e-01
1.214404500000000098e+03 9.996460630915581236e-01 9.996460200944123908e-01 9.996460191485767588e-01
1.214418999999999869e+03 9.996402595748722364e-01 9.996402148373609853e-01 9.996402138503130974e-01
1.214433500000000095e+03 9.996342792884262973e-01 9.996342327250326010e-01 9.996342316945301398e-01
1.214448000000000093e+03 9.996281150180041930e-01 9.996280665378542984e-01 9.996280654615014027e-01
1.214462499999999864e+03 9.996217591903674426e-01 9.996217086968106624e-01 9.996217075720477130e-01
1.214477000000000089e+03 9.996152038504335646e-01 9.996151512405864192e-01 9.996151500646747179e-01
1.214491500000000087e+03 9.996084406366534392e-01 9.996083858008971701e-01 9.996083845709036186e-01
1.214506000000000085e+03 9.996014607544049246e-01 9.996014035758395977e-01 9.996014022886198225e-01
1.214520499999999856e+03 9.995942549472293104e-01 9.995941953010747394e-01 9.995941939532563270e-01
1.214535000000000082e+03 9.995868134657036608e-01 9.995867512186423776e-01 9.995867498066031143e-01
1.214549500000000080e+03 9.995791260337133499e-01 9.995790610431655177e-01 9.995790595630124065e-01
1.214563999999999851e+03 9.995711818118659941e-01 9.995711139251960420e-01 9.995711123727396563e-01
1.214578500000000076e+03 9.995629693577698927e-01 9.995628984114053317e-01 9.995628967821333921e-01
1.214593000000000075e+03 9.995544765828318079e-01 9.995544024012935624e-01 9.995544006903402945e-01
1.214607500000000073e+03 9.995456907052245876e-01 9.995456131000489686e-01 9.995456113021612410e-01
1.214621999999999844e+03 9.995365981985977477e-01 9.995365169671412975e-01 9.995365150766433171e-01
1.214636500000000069e+03 9.995271847360702733e-01 9.995270996601789415e-01 9.995270976709287325e-01
1.214651000000000067e+03 9.995174351289656256e-01 9.995173459734916221e-01 9.995173438788358400e-01
1.214665499999999838e+03 9.995073332596886573e-01 9.995072397708325562e-01 9.995072375635543072e-01
1.214680000000000064e+03 9.994968620080576516e-01 9.994967639115117652e-01 9.994967615837728747e-01
1.214694500000000062e+03 9.994860031703037828e-01 9.994859001691691613e-01 9.994858977124454480e-01
1.214709000000000060e+03 9.994747373698451565e-01 9.994746291422904605e-01 9.994746265472985725e-01
1.214723499999999831e+03 9.994630439588156889e-01 9.994629301554406320e-01 9.994629274120556683e-01
1.214738000000000056e+03 9.994509009091845364e-01 9.994507811500410455e-01 9.994507782472039636e-01
1.214752500000000055e+03 9.994382846921113783e-01 9.994381585633430598e-01 9.994381554889557595e-01
1.214766999999999825e+03 9.994251701440325375e-01 9.994250371940593958e-01 9.994250339348668133e-01
1.214781500000000051e+03 9.994115303176830389e-01 9.994113900528835970e-01 9.994113865943388131e-01
1.214796000000000049e+03 9.993973363160694179e-01 9.993971881958630954e-01 9.993971845219739025e-01
1.214810500000000047e+03 9.993825571070263925e-01 9.993824005382858644e-01 9.993823966314416829e-01
1.214825000000000273e+03 9.993671593157101851e-01 9.993669936463854819e-01 9.993669894871580750e-01
1.214839500000000044e+03 9.993511069919203127e-01 9.993509315037600871e-01 9.993509270706772973e-01
1.214854000000000042e+03 9.993343613486821431e-01 9.993341752489132146e-01 9.993341705181991719e-01
1.214868500000000040e+03 9.993168804679782857e-01 9.993166828797737100e-01 9.993166778250506255e-01
1.214883000000000038e+03 9.992986189688515264e-01 9.992984089204036691e-01 9.992984035123481101e-01
1.214897500000000036e+03 9.992795276323621634e-01 9.992793040443301855e-01 9.992792982502788357e-01
1.214912000000000035e+03 9.992595529769936480e-01 9.992593146480733823e-01 9.992593084315657403e-01
1.214926500000000260e+03 9.992386367770866862e-01 9.992383823673892662e-01 9.992383756876397349e-01
1.214941000000000031e+03 9.992167155156572722e-01 9.992164435275422418e-01 9.992164363388275072e-01
1.214955500000000029e+03 9.991937197615509136e-01 9.991934285174931540e-01 9.991934207684379787e-01
1.214970000000000027e+03 9.991695734592216382e-01 9.991692610762072935e-01 9.991692527089526266e-01
1.214984500000000025e+03 9.991441931174376290e-01 9.991438574773007231e-01 9.991438484265311448e-01
1.214999000000000024e+03 9.991174868808969656e-01 9.991171255958805064e-01 9.991171157876829190e-01
1.215013500000000022e+03 9.990893534659042174e-01 9.990889638386001304e-01 9.990889531891199438e-01
1.215028000000000247e+03 9.990596809379296284e-01 9.990592599145535768e-01 9.990592483284084224e-01
1.215042500000000018e+03 9.990283453047499318e-01 9.990278894204740467e-01 9.990278767888743916e-01
1.215057000000000016e+03 9.989952088938492958e-01 9.989947142086162968e-01 9.989947004071264569e-01
1.215071500000000015e+03 9.989601184765345421e-01 9.989595804993500749e-01 9.989595653852099133e-01
1.215086000000000013e+03 9.989229030933324260e-01 9.989223166924706687e-01 9.989223001013777248e-01
1.215100500000000011e+03 9.988833715251498324e-01 9.988827308209305977e-01 9.988827125631413173e-01
1.215115000000000009e+03 9.988413093415131616e-01 9.988406075771699699e-01 9.988405874327528355e-01
1.215129500000000235e+03 9.987964754396144729e-01 9.987957048241040692e-01 9.987956825370989389e-01
1.215144000000000005e+03 9.987485979637394928e-01 9.987477494777372566e-01 9.987477247488957266e-01
1.215158500000000004e+03 9.986973694603537011e-01 9.986964326123334290e-01 9.986964050899610479e-01
1.215173000000000002e+03 9.986424410729877188e-01 9.986414035843239612e-01 9.986413728524730082e-01
1.215187500000000000e+03 9.985834154992688783e-01 9.985822628804231771e-01 9.985822284430425633e-01
1.215201999999999998e+03 9.985198382878109902e-01 9.985185532030840250e-01 9.985185144572629179e-01
1.215216499999999996e+03 9.984511867380708727e-01 9.984497468832014277e-01 9.984497029548690117e-01
1.215231000000000222e+03 9.983768535403435562e-01 9.983751971232929234e-01 9.983751443825951144e-01
1.215245499999999993e+03 9.982960614067049043e-01 9.982934919804082874e-01 9.982933951533883299e-01
1.215259999999999991e+03 9.982062432937239826e-01 9.981950056743527089e-01 9.981945847240590863e-01
1.215274499999999989e+03 9.980806271320505907e-01 9.980089906812761313e-01 9.980067040640665521e-01
1.215289000000000215e+03 9.977022199886818044e-01 9.974046209334235247e-01 9.973944779026477914e-01
1.215303499999999985e+03 9.961726297496201754e-01 9.955352568428045279e-01 9.955093881262481181e-01
1.215317999999999984e+03 9.920192051399286948e-01 9.916613762966574042e-01 9.916510740629926879e-01
1.215332500000000209e+03 9.861022932403767927e-01 9.877689966186039561e-01 9.878275486934017247e-01
1.215346999999999980e+03 9.872703065824910418e-01 9.883797648917561629e-01 9.884211425276181462e-01
1.215361499999999978e+03 9.930402913064038106e-01 9.924206734828523446e-01 9.923996818280172993e-01
1.215376000000000204e+03 9.960139927334203946e-01 9.954482308954452074e-01 9.954257486906549213e-01
1.215390500000000202e+03 9.967073918469965266e-01 9.964950173631460517e-01 9.964877700379649594e-01
1.215404999999999973e+03 9.965988309841167236e-01 9.965495306079240612e-01 9.965478176175660563e-01
1.215419499999999971e+03 9.963186142055446837e-01 9.963022126648822807e-01 9.963015801341869038e-01
1.215434000000000196e+03 9.959786604738511961e-01 9.959635162190786373e-01 9.959629430727469090e-01
1.215448499999999967e+03 9.955795710641629492e-01 9.955608310217635148e-01 9.955601162956154715e-01
1.215462999999999965e+03 9.951067176037068363e-01 9.950826333625021336e-01 9.950816955587639123e-01
1.215477500000000191e+03 9.945390850630477786e-01 9.945073908919470629e-01 9.945061257870989602e-01
1.215492000000000189e+03 9.938469192966781218e-01 9.938032470945635799e-01 9.938014400307199070e-01
1.215506499999999960e+03 9.929848456062824180e-01 9.929108379087782099e-01 9.929076841401210940e-01
1.215520999999999958e+03 9.918502222010345815e-01 9.916248831314912193e-01 9.916171683796981551e-01
1.215535500000000184e+03 9.899018934563155181e-01 9.891310364445345948e-01 9.891124940874705951e-01
1.215549999999999955e+03 9.848526972963163040e-01 9.837880820097635315e-01 9.837487332944733209e-01
1.215564499999999953e+03 9.756825667412042380e-01 9.737967225105914615e-01 9.736800069234468058e-01
1.215579000000000178e+03 9.594767768315530798e-01 9.540939058652314619e-01 9.534895857054788149e-01
1.215593500000000176e+03 9.242393633679248932e-01 9.016010616611052075e-01 8.984586821920590438e-01
1.215607999999999947e+03 8.087652778976461843e-01 7.272916444574819561e-01 7.214782864124781314e-01
1.215622499999999945e+03 3.377187146277716989e-01 3.686521834078068660e-01 3.695752023359506477e-01
1.215637000000000171e+03 1.679942075285400550e-03 8.035888996898790659e-02 8.671556871870764183e-02
1.215651499999999942e+03 3.849517949600107012e-12 4.077508230123312420e-03 6.418367338311903141e-03
1.215665999999999940e+03 4.602421442872912141e-25 4.855031373827405631e-05 2.002374442367538558e-04
1.215680500000000166e+03 3.525682462962628072e-20 5.683539001218477832e-04 1.091500300244726239e-03
1.215695000000000164e+03 2.697250786311737540e-07 1.667195235893755012e-02 2.071481419735648685e-02
1.215709499999999935e+03 4.799770866193602686e-02 1.631322337386906796e-01 1.697620655488807917e-01
1.215723999999999933e+03 6.059881745049737756e-01 5.435430723085309390e-01 5.395783414530777033e-01
1.215738500000000158e+03 8.791840865375063485e-01 8.274114939813922431e-01 8.221915448160899142e-01
1.215753000000000156e+03 9.434625313549296344e-01 9.317898585044109838e-01 9.301654848558955635e-01
1.215767499999999927e+03 9.678120191261804228e-01 9.645381230514432636e-01 9.642565846769580729e-01
1.215782000000000153e+03 9.801951909005183206e-01 9.788654199070780937e-01 9.787975376266569993e-01
1.215796500000000151e+03 9.875974401829060723e-01 9.865825174275513199e-01 9.865542162241806023e-01
1.215810999999999922e+03 9.909356495284801225e-01 9.904498838027986363e-01 9.904369583113050712e-01
1.215825500000000147e+03 9.923872818980753463e-01 9.922582507232987625e-01 9.922531479347364014e-01
1.215840000000000146e+03 9.933815831148150588e-01 9.933255686046809085e-01 9.933231887286235740e-01
1.215854500000000144e+03 9.941627875410943282e-01 9.941251574189746698e-01 9.941236274878066936e-01
1.215868999999999915e+03 9.947966133690887558e-01 9.947685785658837432e-01 9.947674717813341783e-01
1.215883500000000140e+03 9.953201806464757606e-01 9.952986486811415956e-01 9.952978179749542020e-01
1.215898000000000138e+03 9.957589846753009954e-01 9.957421102286183601e-01 9.957414726787301440e-01
1.215912499999999909e+03 9.961313237398476961e-01 9.961178752537096504e-01 9.961173769320003091e-01
1.215927000000000135e+03 9.964506694560820721e-01 9.964397948045953246e-01 9.964393991240432236e-01
1.215941500000000133e+03 9.967271492511016184e-01 9.967182434616906894e-01 9.967179249189915824e-01
1.215956000000000131e+03 9.969685141485594704e-01 9.969611382177107073e-01 9.969608786276784596e-01
1.215970499999999902e+03 9.971807894518048832e-01 9.971746187183748722e-01 9.971744048551782758e-01
1.215985000000000127e+03 9.973687234548076486e-01 9.973635138373538878e-01 9.973633359132880738e-01
1.215999500000000126e+03 9.975361039135577368e-01 9.975316692688497300e-01 9.975315199281630241e-01
1.216013999999999896e+03 9.976859857504420948e-01 9.976821823315307203e-01 9.976820559697174851e-01
1.216028500000000122e+03 9.978208577735494522e-01 9.978175733279577297e-01 9.978174656217474459e-01
1.216043000000000120e+03 9.979427665853758400e-01 9.979399125575103557e-01 9.979398201343211428e-01
1.216057500000000118e+03 9.980534098500916107e-01 9.980509157092596340e-01 9.980508359108675176e-01
1.216071999999999889e+03 9.981542072591468306e-01 9.981520163159629533e-01 9.981519470270461269e-01
1.216086500000000115e+03 9.982463550395878071e-01 9.982444213256622678e-01 9.982443608477979957e-01
1.216101000000000113e+03 9.983308681832465670e-01 9.983291541032581762e-01 9.983291010612556082e-01
1.216115499999999884e+03 9.984086134337250007e-01 9.984070879857893654e-01 9.984070412573483599e-01
1.216130000000000109e+03 9.984803352667205312e-01 9.984789726847784763e-01 9.984789313471681416e-01
1.216144500000000107e+03 9.985466765243656839e-01 9.985454552359848135e-01 9.985454185252724546e-01
1.216159000000000106e+03 9.986081949450620332e-01 9.986070967660423126e-01 9.986070640456574665e-01
1.216173499999999876e+03 9.986653765209845268e-01 9.986643860284322161e-01 9.986643567647351949e-01
1.216188000000000102e+03 9.987186463858847008e-01 9.987177504262787497e-01 9.987177241694166208e-01
1.216202500000000100e+03 9.987683777646768624e-01 9.987675650644979308e-01 9.987675414332909396e-01
1.216217000000000098e+03 9.988148993886527549e-01 9.988141602433582289e-01 9.988141389132766390e-01
1.216231500000000096e+03 9.988585016848373632e-01 9.988578277080870649e-01 9.988578084016126457e-01
1.216246000000000095e+03 9.988994419767681654e-01 9.988988258963570344e-01 9.988988083752028402e-01
1.216260500000000093e+03 9.989379488806755525e-01 9.989373843710009915e-01 9.989373684297871980e-01
1.216274999999999864e+03 9.989742260409872898e-01 9.989737075843787562e-01 9.989736930454604646e-01
1.216289500000000089e+03 9.990084553188991467e-01 9.990079780899846496e-01 9.990079647991938483e-01
1.216304000000000087e+03 9.990407995247813089e-01 9.990403592934286037e-01 9.990403471165505422e-01
1.216318500000000085e+03 9.990714047676657605e-01 9.990709978170499994e-01 9.990709866368913117e-01
1.216333000000000084e+03 9.991004024814368334e-01 9.991000255385392714e-01 9.991000152524782685e-01
1.216347500000000082e+03 9.991279111767616961e-01 9.991275613531724886e-01 9.991275518711014714e-01
1.216362000000000080e+03 9.991540379593911725e-01 9.991537127007080743e-01 9.991537039432999423e-01
1.216376500000000306e+03 9.991788798487517553e-01 9.991785768912051502e-01 9.991785687884455758e-01
1.216391000000000076e+03 9.992025249253340125e-01 9.992022422585105090e-01 9.992022347484526001e-01
1.216405500000000075e+03 9.992250533309411376e-01 9.992247891656809156e-01 9.992247821933855079e-01
1.216420000000000073e+03 9.992465381422198645e-01 9.992462908829181645e-01 9.992462843995456589e-01
1.216434500000000071e+03 9.992670461348466260e-01 9.992668143555131222e-01 9.992668083175494376e-01
1.216449000000000069e+03 9.992866384532097523e-01 9.992864208767504586e-01 9.992864152453404536e-01
1.216463500000000067e+03 9.993053711983013176e-01 9.993051666785539577e-01 9.993051614189268905e-01
1.216478000000000293e+03 9.993232959446883834e-01 9.993231034508330834e-01 9.993230985318084514e-01
1.216492500000000064e+03 9.993404601959415823e-01 9.993402787989503766e-01 9.993402741925088151e-01
1.216507000000000062e+03 9.993569077865640526e-01 9.993567366474044311e-01 9.993567323283175652e-01
1.216521500000000060e+03 9.993726792373508472e-01 9.993725175967075325e-01 9.993725135422157901e-01
1.216536000000000058e+03 9.993878120701709111e-01 9.993876592394729252e-01 9.993876554290028746e-01
1.216550500000000056e+03 9.994023410873169588e-01 9.994021964408996705e-01 9.994021928558215473e-01
1.216565000000000055e+03 9.994162986199162102e-01 9.994161615881541616e-01 9.994161582115668185e-01
1.216579500000000280e+03 9.994297147492252620e-01 9.994295848125198667e-01 9.994295816290628132e-01
1.216594000000000051e+03 9.994426175041853933e-01 9.994424941876819402e-01 9.994424911833721392e-01
1.216608500000000049e+03 9.994550330381216652e-01 9.994549159070654776e-01 9.994549130691516847e-01
1.216623000000000047e+03 9.994669857871029128e-01 9.994668744427495088e-01 9.994668717595863727e-01
1.216637500000000273e+03 9.994784986121562076e-01 9.994783926881630753e-01 9.994783901490980060e-01
1.216652000000000044e+03 9.994895929272323842e-01 9.994894920864692001e-01 9.994894896817410057e-01
1.216666500000000042e+03 9.995002888145746445e-01 9.995001927463014191e-01 9.995001904669551518e-01
1.216681000000000267e+03 9.995106051289477378e-01 9.995105135463089319e-01 9.995105113841169509e-01
1.216695500000000038e+03 9.995205595919707253e-01 9.995204722297716948e-01 9.995204701771641664e-01
1.216710000000000036e+03 9.995301688776686566e-01 9.995300854903947929e-01 9.995300835403974071e-01
1.216724500000000035e+03 9.995394486902018372e-01 9.995393690502489825e-01 9.995393671964283300e-01
1.216739000000000260e+03 9.995484138346086844e-01 9.995483377307057271e-01 9.995483359671196721e-01
1.216753500000000031e+03 9.995570782813185673e-01 9.995570055171115742e-01 9.995570038382652900e-01
1.216768000000000029e+03 9.995654552250717861e-01 9.995653856178533525e-01 9.995653840186597971e-01
1.216782500000000255e+03 9.995735571388240093e-01 9.995734905183919494e-01 9.995734889941362278e-01
1.216797000000000025e+03 9.995813958231407614e-01 9.995813320307669336e-01 9.995813305770738788e-01
1.216811500000000024e+03 9.995889824515216127e-01 9.995889213390234396e-01 9.995889199518305235e-01
1.216826000000000249e+03 9.995963276120564123e-01 9.995962690409536666e-01 9.995962677164830223e-01
1.216840500000000247e+03 9.996034413457512979e-01 9.996033851865039344e-01 9.996033839212389305e-01
1.216855000000000018e+03 9.996103331818434468e-01 9.996102793131573794e-01 9.996102781038220808e-01
1.216869500000000016e+03 9.996170121703746858e-01 9.996169604785706264e-01 9.996169593221114757e-01
1.216884000000000242e+03 9.996234869122753164e-01 9.996234372907117915e-01 9.996234361842767369e-01
1.216898500000000013e+03 9.996297655871625443e-01 9.996297179357128693e-01 9.996297168766382635e-01
1.216913000000000011e+03 9.996358559790782250e-01 9.996358102036465576e-01 9.996358091894419484e-01
1.216927500000000236e+03 9.996417655003114744e-01 9.996417215123931665e-01 9.996417205407278628e-01
1.216942000000000235e+03 9.996475012134889981e-01 9.996474589297666968e-01 9.996474579984556685e-01
1.216956500000000005e+03 9.996530698520661451e-01 9.996530291936472912e-01 9.996530282986313409e-01
1.216971000000000004e+03 9.996584778393492465e-01 9.996584383435450638e-01 9.996584372060518531e-01
1.216985500000000229e+03 9.996637313061740304e-01 9.996636390971924691e-01 9.996636326212534618e-01
1.217000000000000000e+03 9.996688361073401419e-01 9.996676557699938348e-01 9.996676349169031361e-01
