# lambda[A]  T_theo  T_instr  T_rot+instr  (Ly-alpha 1215.67)
1.214099999999999909e+03 9.996864629716978312e-01 9.996854857884723833e-01 9.996854700478478017e-01
1.214114499999999907e+03 9.996822359670555214e-01 9.996821637528988669e-01 9.996821589334644598e-01
1.214129000000000133e+03 9.996779029182539800e-01 9.996778747885270988e-01 9.996778740291736298e-01
1.214143500000000131e+03 9.996734599985002134e-01 9.996734311826193098e-01 9.996734306147022631e-01
1.214157999999999902e+03 9.996689032187262569e-01 9.996688733505364466e-01 9.996688727629352567e-01
1.214172499999999900e+03 9.996642284197149175e-01 9.996641974537133768e-01 9.996641968439367032e-01
1.214187000000000126e+03 9.996594312637470114e-01 9.996593991525112299e-01 9.996593985195412202e-01
1.214201499999999896e+03 9.996545072257339015e-01 9.996544739194573870e-01 9.996544732622225649e-01
1.214215999999999894e+03 9.996494515837972550e-01 9.996494170301351012e-01 9.996494163475040384e-01
1.214230500000000120e+03 9.996442594092413980e-01 9.996442235531486364e-01 9.996442228439270661e-01
1.214245000000000118e+03 9.996389255558870701e-01 9.996388883394404790e-01 9.996388876023665215e-01
1.214259499999999889e+03 9.996334446486989656e-01 9.996334060109060005e-01 9.996334052446450569e-01
1.214273999999999887e+03 9.996278110716588783e-01 9.996277709482496165e-01 9.996277701513899272e-01
1.214288500000000113e+03 9.996220189548207236e-01 9.996219772780248203e-01 9.996219764490715809e-01
1.214302999999999884e+03 9.996160621604791574e-01 9.996160188587823736e-01 9.996160179961517400e-01
1.214317499999999882e+03 9.996099342683791855e-01 9.996098892662614865e-01 9.996098883682739134e-01
1.214332000000000107e+03 9.996036285598906002e-01 9.996035817775398291e-01 9.996035808424136304e-01
1.214346500000000106e+03 9.995971380010525431e-01 9.995970893540577773e-01 9.995970883799005779e-01
1.214360999999999876e+03 9.995904552244044838e-01 9.995904046234198592e-01 9.995904036082207123e-01
1.214375500000000102e+03 9.995835725094911473e-01 9.995835198598741478e-01 9.995835188014952077e-01
1.214390000000000100e+03 9.995764817619368081e-01 9.995764269633525823e-01 9.995764258595171148e-01
1.214404500000000098e+03 9.995691744909579457e-01 9.995691174369528698e-01 9.995691162852367029e-01
1.214418999999999869e+03 9.995616417851910240e-01 9.995615823627262975e-01 9.995615811605448320e-01
1.214433500000000095e+03 9.995538742866768578e-01 9.995538123756232407e-01 9.995538111202191267e-01
1.214448000000000093e+03 9.995458621628513507e-01 9.995457976354378271e-01 9.995457963238667531e-01
1.214462499999999864e+03 9.995375950763552009e-01 9.995375277965689031e-01 9.995375264256844972e-01
1.214477000000000089e+03 9.995290621524768326e-01 9.995289919754093422e-01 9.995289905418458520e-01
1.214491500000000087e+03 9.995202519440101740e-01 9.995201787151417605e-01 9.995201772152962905e-01
1.214506000000000085e+03 9.995111523932861397e-01 9.995110759477056073e-01 9.995110743777172457e-01
1.214520499999999856e+03 9.995017507911236887e-01 9.995016709526729493e-01 9.995016693084008974e-01
1.214535000000000082e+03 9.994920337323999204e-01 9.994919503127377425e-01 9.994919485897379996e-01
1.214549500000000080e+03 9.994819870679249041e-01 9.994818998654974029e-01 9.994818980589934565e-01
1.214563999999999851e+03 9.994715958522462085e-01 9.994715046511573053e-01 9.994715027560125975e-01
1.214578500000000076e+03 9.994608442869965526e-01 9.994607488557627484e-01 9.994607468664470362e-01
1.214593000000000075e+03 9.994497156593205034e-01 9.994496157494972000e-01 9.994496136600505842e-01
1.214607500000000073e+03 9.994381922748767355e-01 9.994380876195417818e-01 9.994380854235334066e-01
1.214621999999999844e+03 9.994262553848499708e-01 9.994261456969238955e-01 9.994261433874090939e-01
1.214636500000000069e+03 9.994138851063288920e-01 9.994137700767119492e-01 9.994137676461809505e-01
1.214651000000000067e+03 9.994010603353294941e-01 9.994009396308319859e-01 9.994009370711551821e-01
1.214665499999999838e+03 9.993877586516406453e-01 9.993876319126798746e-01 9.993876292150469798e-01
1.214680000000000064e+03 9.993739562145774746e-01 9.993738230526083566e-01 9.993738202074590182e-01
1.214694500000000062e+03 9.993596276485868790e-01 9.993594876432317919e-01 9.993594846401773202e-01
1.214709000000000060e+03 9.993447459175166525e-01 9.993445986133508985e-01 9.993445954410891119e-01
1.214723499999999831e+03 9.993292821861939901e-01 9.993291270891438982e-01 9.993291237353616463e-01
1.214738000000000056e+03 9.993132056677790365e-01 9.993130422410730906e-01 9.993130386923363417e-01
1.214752500000000055e+03 9.992964834551277820e-01 9.992963111147393773e-01 9.992963073563710941e-01
1.214766999999999825e+03 9.992790803341640160e-01 9.992788984436755673e-01 9.992788944596147083e-01
1.214781500000000051e+03 9.992609585769653968e-01 9.992607664417664237e-01 9.992607622144117352e-01
1.214796000000000049e+03 9.992420777119453978e-01 9.992418745726686646e-01 9.992418700826997124e-01
1.214810500000000047e+03 9.992223942681119908e-01 9.992221792931956781e-01 9.992221745193693438e-01
1.214825000000000273e+03 9.992018614899625950e-01 9.992016337672079418e-01 9.992016286861284957e-01
1.214839500000000044e+03 9.991804290190431370e-01 9.991801875460165627e-01 9.991801821318712085e-01
1.214854000000000042e+03 9.991580425376100916e-01 9.991577862107131613e-01 9.991577804349728309e-01
1.214868500000000040e+03 9.991346433691391526e-01 9.991343709711436594e-01 9.991343648022165125e-01
1.214883000000000038e+03 9.991101680296183840e-01 9.991098782154265168e-01 9.991098716182646999e-01
1.214897500000000036e+03 9.990845477226210081e-01 9.990842390029743836e-01 9.990842319386189496e-01
1.214912000000000035e+03 9.990577077700585340e-01 9.990573784928716838e-01 9.990573709179301209e-01
1.214926500000000260e+03 9.990295669692405012e-01 9.990292152981765650e-01 9.990292071642175031e-01
1.214941000000000031e+03 9.990000368653513263e-01 9.989996607551964170e-01 9.989996520080511866e-01
1.214955500000000029e+03 9.989690209267090282e-01 9.989686180950174688e-01 9.989686086739673065e-01
1.214970000000000027e+03 9.989364136080889356e-01 9.989359815024814182e-01 9.989359713393142215e-01
1.214984500000000025e+03 9.989020992849484415e-01 9.989016350453249204e-01 9.989016240632332400e-01
1.214999000000000024e+03 9.988659510384931828e-01 9.988654514532787632e-01 9.988654395655718332e-01
1.215013500000000022e+03 9.988278292680229375e-01 9.988272907233999298e-01 9.988272778319909895e-01
1.215028000000000247e+03 9.987875801028949230e-01 9.987869985237348702e-01 9.987869845173594774e-01
1.215042500000000018e+03 9.987450335813452540e-01 9.987444043622847323e-01 9.987443891143970021e-01
1.215057000000000016e+03 9.987000015572915501e-01 9.986993194820307229e-01 9.986993028483039936e-01
1.215071500000000015e+03 9.986522752886559662e-01 9.986515344350560541e-01 9.986515162504059351e-01
1.215086000000000013e+03 9.986016226512186567e-01 9.986008162791490950e-01 9.986007963541616572e-01
1.215100500000000011e+03 9.985477849099768655e-01 9.985469053279344420e-01 9.985468834445648811e-01
1.215115000000000009e+03 9.984904729643653276e-01 9.984895113696324875e-01 9.984894872759801920e-01
1.215129500000000235e+03 9.984293629630961453e-01 9.984283092483009492e-01 9.984282826522132837e-01
1.215144000000000005e+03 9.983640911563669285e-01 9.983629336723939263e-01 9.983629042335535608e-01
1.215158500000000004e+03 9.982942478137852849e-01 9.982929730741685326e-01 9.982929403941637192e-01
1.215173000000000002e+03 9.982193699782930807e-01 9.982179622814717490e-01 9.982179258910797159e-01
1.215187500000000000e+03 9.981389327345261409e-01 9.981373736627709992e-01 9.981373330051529491e-01
1.215201999999999998e+03 9.980523385111839119e-01 9.980506062241786269e-01 9.980505606314175049e-01
1.215216499999999996e+03 9.979589036245489764e-01 9.979569717486828084e-01 9.979569204030358520e-01
1.215231000000000222e+03 9.978578405488595093e-01 9.978556754070689871e-01 9.978556171061265800e-01
1.215245499999999993e+03 9.977482321202806315e-01 9.977457432118791436e-01 9.977456705333394016e-01
1.215259999999999991e+03 9.976289476306565707e-01 9.976244895984367478e-01 9.976242893387212707e-01
1.215274499999999989e+03 9.974958174758522533e-01 9.974618405620110373e-01 9.974604453116526770e-01
1.215289000000000215e+03 9.972649561707964683e-01 9.969938620055290857e-01 9.969856508646878224e-01
1.215303499999999985e+03 9.960363948596900885e-01 9.951369745202789385e-01 9.951025849697300307e-01
1.215317999999999984e+03 9.912480179906193456e-01 9.899452682625783373e-01 9.899178431904023245e-01
1.215332500000000209e+03 9.803178433684730519e-01 9.835506516002956445e-01 9.836417935546221125e-01
1.215346999999999980e+03 9.833976977564187205e-01 9.848748530527230427e-01 9.849226572098990218e-01
1.215361499999999978e+03 9.924986898767370613e-01 9.911383757890213086e-01 9.911011015315989159e-01
1.215376000000000204e+03 9.955497263367140137e-01 9.948332972075752956e-01 9.948078505774942126e-01
1.215390500000000202e+03 9.958108903140284740e-01 9.956497718493736437e-01 9.956443189815575856e-01
1.215404999999999973e+03 9.955130555791946723e-01 9.954877978521317061e-01 9.954867241532568967e-01
1.215419499999999971e+03 9.951361438422222649e-01 9.951213943865957479e-01 9.951208722730873202e-01
1.215434000000000196e+03 9.947025778680693708e-01 9.946853363688047400e-01 9.946847495449957499e-01
1.215448499999999967e+03 9.942010948732749043e-01 9.941798369683493286e-01 9.941790950344561173e-01
1.215462999999999965e+03 9.936158453533264767e-01 9.935892162725252774e-01 9.935882578037422697e-01
1.215477500000000191e+03 9.929257086260155907e-01 9.928917687346693333e-01 9.928905049349742162e-01
1.215492000000000189e+03 9.921019642768348357e-01 9.920578066611910328e-01 9.920560996025070688e-01
1.215506499999999960e+03 9.911045213404510168e-01 9.910455936776547681e-01 9.910432181263411078e-01
1.215520999999999958e+03 9.898755576308910786e-01 9.897939702440324838e-01 9.897905051660874642e-01
1.215535500000000184e+03 9.883275542623533028e-01 9.882009701780288813e-01 9.881952429817623118e-01
1.215549999999999955e+03 9.863002648795052840e-01 9.860051295468380550e-01 9.859932043408458080e-01
1.215564499999999953e+03 9.831694869948147675e-01 9.823662462930575767e-01 9.823380974627980988e-01
1.215579000000000178e+03 9.768956698279155360e-01 9.753555849328648941e-01 9.752799811710101130e-01
1.215593500000000176e+03 9.647836694596025886e-01 9.609526640330422476e-01 9.606221444220187644e-01
1.215607999999999947e+03 9.387064141313725685e-01 9.244288686322742477e-01 9.223290848712693002e-01
1.215622499999999945e+03 8.654643005026362301e-01 7.958907171318541085e-01 7.900623616024257112e-01
1.215637000000000171e+03 4.993338158004592131e-01 4.708521556185676360e-01 4.683485664923910385e-01
1.215651499999999942e+03 3.289392679490809625e-05 1.138288978922205180e-01 1.212600005116777901e-01
1.215665999999999940e+03 1.728150835576785786e-28 6.074657607144449967e-03 9.956473531997633852e-03
1.215680500000000166e+03 5.660686966968317553e-17 1.827204688598747795e-02 2.319139824615033124e-02
1.215695000000000164e+03 4.848623564323184532e-02 1.917798272412920280e-01 1.990193227863382153e-01
1.215709499999999935e+03 7.402585043916621865e-01 6.250294698826169837e-01 6.185775538109477001e-01
1.215723999999999933e+03 9.081991179066817299e-01 8.737142914605811050e-01 8.687641194468700423e-01
1.215738500000000158e+03 9.527913982135441939e-01 9.452100150359101782e-01 9.442902975145581745e-01
1.215753000000000156e+03 9.710427580333195197e-01 9.685813540287400158e-01 9.684217407738713312e-01
1.215767499999999927e+03 9.801460130292182216e-01 9.789833170210504587e-01 9.789357475375187745e-01
1.215782000000000153e+03 9.847599305772840594e-01 9.842125748821249909e-01 9.841933112693473928e-01
1.215796500000000151e+03 9.872540770206150729e-01 9.870632956408178504e-01 9.870548307763418183e-01
1.215810999999999922e+03 9.890433448668801697e-01 9.889415680521368435e-01 9.889370763512992379e-01
1.215825500000000147e+03 9.904393672848587071e-01 9.903689714537450284e-01 9.903660539795706708e-01
1.215840000000000146e+03 9.915592489565968615e-01 9.915074472946341366e-01 9.915053973422260913e-01
1.215854500000000144e+03 9.924754810422576901e-01 9.924362058609523807e-01 9.924347121450249887e-01
1.215868999999999915e+03 9.932371643415450757e-01 9.932066943453676799e-01 9.932055762995218862e-01
1.215883500000000140e+03 9.938788675747214363e-01 9.938547775729693612e-01 9.938539218928185148e-01
1.215898000000000138e+03 9.944256648709135504e-01 9.944063135307974477e-01 9.944056461792151191e-01
1.215912499999999909e+03 9.948961946623046115e-01 9.948804365765187008e-01 9.948799075882185372e-01
1.215927000000000135e+03 9.953045990062734383e-01 9.952916140389400645e-01 9.952911887579625194e-01
1.215941500000000133e+03 9.956617975556626421e-01 9.956509854549832061e-01 9.956506392696776730e-01
1.215956000000000131e+03 9.959763498101243950e-01 9.959672628630910074e-01 9.959669779313956584e-01
1.215970499999999902e+03 9.962550538561170121e-01 9.962473525974532285e-01 9.962471157485963680e-01
1.215985000000000127e+03 9.965033715925163404e-01 9.964967949379077705e-01 9.964965962924828835e-01
1.215999500000000126e+03 9.967257368368916959e-01 9.967200814800322162e-01 9.967199135212542194e-01
1.216013999999999896e+03 9.969257825735049483e-01 9.969208884686679983e-01 9.969207454040900362e-01
1.216028500000000122e+03 9.971065111849031215e-01 9.971022511135311239e-01 9.971021284279684149e-01
1.216043000000000120e+03 9.972704236798833888e-01 9.972666956175468833e-01 9.972665897544806812e-01
1.216057500000000118e+03 9.974196189057032980e-01 9.974163403515124982e-01 9.974162484825097597e-01
1.216071999999999889e+03 9.975558704503035834e-01 9.975529741608636369e-01 9.975528940163760350e-01
1.216086500000000115e+03 9.976806867535937817e-01 9.976781175012854330e-01 9.976780472449694459e-01
1.216101000000000113e+03 9.977953584554277722e-01 9.977930705454406413e-01 9.977930086797872633e-01
1.216115499999999884e+03 9.979009959653181161e-01 9.978989513213479823e-01 9.978988966161362884e-01
1.216130000000000109e+03 9.979985594920331993e-01 9.979967261717194171e-01 9.979966776092948910e-01
1.216144500000000107e+03 9.980888832249481535e-01 9.980872342619530047e-01 9.980871909950240761e-01
1.216159000000000106e+03 9.981726949533891169e-01 9.981712074487166797e-01 9.981711687675499656e-01
1.216173499999999876e+03 9.982506321055104603e-01 9.982492865097071233e-01 9.982492518164360895e-01
1.216188000000000102e+03 9.983232549585078219e-01 9.983220345005262564e-01 9.983220032888752149e-01
1.216202500000000100e+03 9.983910575978254265e-01 9.983899478270713557e-01 9.983899196662370246e-01
1.216217000000000098e+03 9.984544770711913930e-01 9.984534654873605808e-01 9.984534400091070738e-01
1.216231500000000096e+03 9.985139010833087303e-01 9.985129768347580370e-01 9.985129537230102992e-01
1.216246000000000095e+03 9.985696745012068165e-01 9.985688281372098185e-01 9.985688071196077154e-01
1.216260500000000093e+03 9.986221048825756341e-01 9.986213281482978488e-01 9.986213089892955752e-01
1.216274999999999864e+03 9.986714671954308731e-01 9.986707528610759832e-01 9.986707353562703782e-01
1.216289500000000089e+03 9.987180078637949432e-01 9.987173495813106427e-01 9.987173335527528284e-01
1.216304000000000087e+03 9.987619482480408761e-01 9.987613404302749798e-01 9.987613257225748109e-01
1.216318500000000085e+03 9.988034876484160884e-01 9.988029253666864671e-01 9.988029118437605769e-01
1.216333000000000084e+03 9.988428059043673590e-01 9.988422848012781241e-01 9.988422723436197748e-01
1.216347500000000082e+03 9.988800656497929253e-01 9.988795818647439040e-01 9.988795703671268233e-01
1.216362000000000080e+03 9.989154142743063014e-01 9.989149643796474409e-01 9.989149537491807118e-01
1.216376500000000306e+03 9.989489856324991202e-01 9.989485665786566049e-01 9.989485567331370941e-01
1.216391000000000076e+03 9.989809015366061251e-01 9.989805106048020855e-01 9.989805014713105669e-01
1.216405500000000075e+03 9.990112730625403392e-01 9.990109078239691742e-01 9.990108993376716207e-01
1.216420000000000073e+03 9.990402016947766972e-01 9.990398599752872144e-01 9.990398520784079528e-01
1.216434500000000071e+03 9.990677803318139816e-01 9.990674601812991051e-01 9.990674528222399653e-01
1.216449000000000069e+03 9.990940941707946443e-01 9.990937938366193372e-01 9.990937869691999262e-01
1.216463500000000067e+03 9.991192214872248734e-01 9.991189393911173999e-01 9.991189329739206260e-01
1.216478000000000293e+03 9.991432343234606384e-01 9.991429690413899944e-01 9.991429630371958526e-01
1.216492500000000064e+03 9.991661990977538377e-01 9.991659493423785676e-01 9.991659437176720893e-01
1.216507000000000062e+03 9.991881771440009885e-01 9.991879417493348958e-01 9.991879364738794900e-01
1.216521500000000060e+03 9.992092251909544531e-01 9.992090030989543292e-01 9.992089981454204128e-01
1.216536000000000058e+03 9.992293957884752498e-01 9.992291860372857215e-01 9.992291813809253131e-01
1.216550500000000056e+03 9.992487376873757654e-01 9.992485394010165445e-01 9.992485350193807125e-01
1.216565000000000055e+03 9.992672961785439290e-01 9.992671085578427315e-01 9.992671044305319050e-01
1.216579500000000280e+03 9.992851133962655785e-01 9.992849357108778419e-01 9.992849318193245400e-01
1.216594000000000051e+03 9.993022285900373669e-01 9.993020601714084350e-01 9.993020564986854204e-01
1.216608500000000049e+03 9.993186783685911179e-01 9.993185186037408796e-01 9.993185151343906281e-01
1.216623000000000047e+03 9.993344969193767025e-01 9.993343452454009901e-01 9.993343419652884752e-01
1.216637500000000273e+03 9.993497162063311734e-01 9.993495721055286607e-01 9.993495690017069055e-01
1.216652000000000044e+03 9.993643661484049590e-01 9.993642291439520653e-01 9.993642262045471236e-01
1.216666500000000042e+03 9.993784747810112723e-01 9.993783444331150179e-01 9.993783416472211689e-01
1.216681000000000267e+03 9.993920684022811196e-01 9.993919443047514228e-01 9.993919416623384677e-01
1.216695500000000038e+03 9.994051717057836903e-01 9.994050534829764798e-01 9.994050509748075850e-01
1.216710000000000036e+03 9.994178079011754035e-01 9.994176952052572505e-01 9.994176928228163392e-01
1.216724500000000035e+03 9.994299988240459287e-01 9.994298913325447842e-01 9.994298890679684799e-01
1.216739000000000260e+03 9.994417650360912786e-01 9.994416624496974544e-01 9.994416602957194584e-01
1.216753500000000031e+03 9.994531259166044013e-01 9.994530279571964826e-01 9.994530259070922851e-01
1.216768000000000029e+03 9.994640997461663456e-01 9.994640061550280619e-01 9.994640042025690896e-01
1.216782500000000255e+03 9.994747037832980574e-01 9.994746143195135657e-01 9.994746124589236613e-01
1.216797000000000025e+03 9.994849543347743559e-01 9.994848687737756254e-01 9.994848669996924118e-01
1.216811500000000024e+03 9.994948668201978359e-01 9.994947849524483674e-01 9.994947832598888304e-01
1.216826000000000249e+03 9.995044558313770366e-01 9.995043774611790388e-01 9.995043758455083305e-01
1.216840500000000247e+03 9.995137351869929354e-01 9.995136601314025260e-01 9.995136585883049873e-01
1.216855000000000018e+03 9.995227179829790920e-01 9.995226460708195315e-01 9.995226445962738238e-01
1.216869500000000016e+03 9.995314166390055766e-01 9.995313477099663224e-01 9.995313463002210019e-01
1.216884000000000242e+03 9.995398429414044106e-01 9.995397768452202181e-01 9.995397754967717541e-01
1.216898500000000013e+03 9.995480080828511582e-01 9.995479446785510147e-01 9.995479433881265807e-01
1.216913000000000011e+03 9.995559226990808899e-01 9.995558618542997875e-01 9.995558606188382766e-01
1.216927500000000236e+03 9.995635969028862089e-01 9.995635384932356482e-01 9.995635373098717968e-01
1.216942000000000235e+03 9.995710403156292667e-01 9.995709842241192744e-01 9.995709830901655657e-01
1.216956500000000005e+03 9.995782620964667187e-01 9.995782082124701207e-01 9.995782071229774024e-01
1.216971000000000004e+03 9.995852709694845739e-01 9.995852186864853106e-01 9.995852173043964228e-01
1.216985500000000229e+03 9.995920752488990368e-01 9.995919548658441789e-01 9.995919470304470700e-01
1.217000000000000000e+03 9.995986828624928711e-01 9.995971549963702518e-01 9.995971297803759592e-01
