# lambda[A]  T_theo  T_instr  T_rot+instr  (Ly-alpha 1215.67)
1.214099999999999909e+03 9.997242886350490298e-01 9.997234828948700081e-01 9.997234690118295131e-01
1.214114499999999907e+03 9.997208031701849684e-01 9.997207439890096747e-01 9.997207397397819273e-01
1.214129000000000133e+03 9.997172317646659812e-01 9.997172089829140518e-01 9.997172083153527122e-01
1.214143500000000131e+03 9.997135713954741210e-01 9.997135480845246169e-01 9.997135475861087528e-01
1.214157999999999902e+03 9.997098189174492555e-01 9.997097947784140404e-01 9.997097942629384892e-01
1.214172499999999900e+03 9.997059710575403324e-01 9.997059460562363054e-01 9.997059455215295820e-01
1.214187000000000126e+03 9.997020244086932683e-01 9.997019985095625394e-01 9.997019979547543400e-01
1.214201499999999896e+03 9.996979754233625837e-01 9.996979485890991057e-01 9.996979480132732743e-01
1.214215999999999894e+03 9.996938204066039280e-01 9.996937925980403650e-01 9.996937920002296751e-01
1.214230500000000120e+03 9.996895555087212948e-01 9.996895266847078965e-01 9.996895260638904990e-01
1.214245000000000118e+03 9.996851767174338432e-01 9.996851468347054404e-01 9.996851461898015323e-01
1.214259499999999889e+03 9.996806798495193602e-01 9.996806488625541443e-01 9.996806481924213061e-01
1.214273999999999887e+03 9.996760605418986145e-01 9.996760284027635945e-01 9.996760277061930156e-01
1.214288500000000113e+03 9.996713142421093101e-01 9.996712809002952227e-01 9.996712801760064826e-01
1.214302999999999884e+03 9.996664361981287827e-01 9.996664016003703468e-01 9.996664008470069751e-01
1.214317499999999882e+03 9.996614214474855986e-01 9.996613855375677815e-01 9.996613847536898190e-01
1.214332000000000107e+03 9.996562648056050993e-01 9.996562275241532847e-01 9.996562267082323983e-01
1.214346500000000106e+03 9.996509608533280522e-01 9.996509221375811105e-01 9.996509212879943762e-01
1.214360999999999876e+03 9.996455039235321305e-01 9.996454637070978366e-01 9.996454628221190797e-01
1.214375500000000102e+03 9.996398880867845005e-01 9.996398462993716372e-01 9.996398453771648818e-01
1.214390000000000100e+03 9.996341071359421404e-01 9.996340637030737275e-01 9.996340627416844260e-01
1.214404500000000098e+03 9.996281545696139581e-01 9.996281094123131705e-01 9.996281084096579894e-01
1.214418999999999869e+03 9.996220235743831228e-01 9.996219766088344505e-01 9.996219755626919445e-01
1.214433500000000095e+03 9.996157070056929106e-01 9.996156581428708998e-01 9.996156570508692996e-01
1.214448000000000093e+03 9.996091973672646125e-01 9.996091465125322983e-01 9.996091453721377418e-01
1.214462499999999864e+03 9.996024867889283794e-01 9.996024338415979704e-01 9.996024326501020685e-01
1.214477000000000089e+03 9.995955670027217854e-01 9.995955118555751584e-01 9.995955106100797849e-01
1.214491500000000087e+03 9.995884293170910206e-01 9.995883718558564723e-01 9.995883705532568886e-01
1.214506000000000085e+03 9.995810645890280677e-01 9.995810046918045533e-01 9.995810033287728658e-01
1.214520499999999856e+03 9.995734631939314774e-01 9.995734007305604463e-01 9.995733993035257337e-01
1.214535000000000082e+03 9.995656149929875722e-01 9.995655498243594117e-01 9.995655483294858534e-01
1.214549500000000080e+03 9.995575092978109533e-01 9.995574412751013771e-01 9.995574397082649387e-01
1.214563999999999851e+03 9.995491348320705294e-01 9.995490637959005831e-01 9.995490621526630370e-01
1.214578500000000076e+03 9.995404796897976452e-01 9.995404054693017848e-01 9.995404037448814005e-01
1.214593000000000075e+03 9.995315312900124871e-01 9.995314537018070711e-01 9.995314518910464185e-01
1.214607500000000073e+03 9.995222763272781918e-01 9.995221951743186173e-01 9.995221932716497060e-01
1.214621999999999844e+03 9.995127007177414535e-01 9.995126157880476203e-01 9.995126137874510430e-01
1.214636500000000069e+03 9.995027895401380480e-01 9.995027006053771590e-01 9.995026985003379050e-01
1.214651000000000067e+03 9.994925269712024996e-01 9.994924337851047724e-01 9.994924315685627114e-01
1.214665499999999838e+03 9.994818962148219743e-01 9.994817985114099468e-01 9.994817961757059832e-01
1.214680000000000064e+03 9.994708794241971006e-01 9.994707769158006627e-01 9.994707744526132309e-01
1.214694500000000062e+03 9.994594576161643928e-01 9.994593499911937906e-01 9.994593473914697990e-01
1.214709000000000060e+03 9.994476105767238217e-01 9.994474974971636616e-01 9.994474947510398888e-01
1.214723499999999831e+03 9.994353167566701890e-01 9.994351978552581395e-01 9.994351949519745260e-01
1.214738000000000056e+03 9.994225531560860798e-01 9.994224280331301946e-01 9.994224249609292565e-01
1.214752500000000055e+03 9.994092951962663118e-01 9.994091634160479076e-01 9.994091601620632703e-01
1.214766999999999825e+03 9.993955165774365268e-01 9.993953776641387732e-01 9.993953742142691610e-01
1.214781500000000051e+03 9.993811891203991937e-01 9.993810425534955799e-01 9.993810388922593768e-01
1.214796000000000049e+03 9.993662825899660707e-01 9.993661277989810410e-01 9.993661239093544202e-01
1.214810500000000047e+03 9.993507644977089877e-01 9.993506008562677012e-01 9.993505967194982187e-01
1.214825000000000273e+03 9.993345998812113162e-01 9.993344267002645109e-01 9.993344222956590528e-01
1.214839500000000044e+03 9.993177510565709465e-01 9.993175675766724497e-01 9.993175628813554257e-01
1.214854000000000042e+03 9.993001773404117660e-01 9.992999827229059884e-01 9.992999777115432192e-01
1.214868500000000040e+03 9.992818347371039689e-01 9.992816280540580687e-01 9.992816226985374861e-01
1.214883000000000038e+03 9.992626755862291654e-01 9.992624558089092668e-01 9.992624500779778707e-01
1.214897500000000036e+03 9.992426481645527714e-01 9.992424141502254109e-01 9.992424080090677174e-01
1.214912000000000035e+03 9.992216962358855259e-01 9.992214467126776523e-01 9.992214401224325249e-01
1.214926500000000260e+03 9.991997585411727112e-01 9.991994920906802635e-01 9.991994850078783630e-01
1.214941000000000031e+03 9.991767682199216294e-01 9.991764832572063160e-01 9.991764756331217301e-01
1.214955500000000029e+03 9.991526521526623572e-01 9.991523469032094207e-01 9.991523386831034914e-01
1.214970000000000027e+03 9.991273302124427103e-01 9.991270026855737507e-01 9.991269938078146673e-01
1.214984500000000025e+03 9.991007144113668303e-01 9.991003623695046132e-01 9.991003527645383464e-01
1.214999000000000024e+03 9.990727079258098220e-01 9.990723288488693177e-01 9.990723184380141397e-01
1.215013500000000022e+03 9.990432039810748233e-01 9.990427950251077327e-01 9.990427837191336868e-01
1.215028000000000247e+03 9.990120845728154286e-01 9.990116425218306118e-01 9.990116302192861841e-01
1.215042500000000018e+03 9.989792189983116577e-01 9.989787402079419731e-01 9.989787267931682369e-01
1.215057000000000016e+03 9.989444621654284262e-01 9.989439424967798686e-01 9.989439278375457087e-01
1.215071500000000015e+03 9.989076526405498146e-01 9.989070873821125351e-01 9.989070713267848012e-01
1.215086000000000013e+03 9.988686103884157896e-01 9.988679941632915282e-01 9.988679765374318675e-01
1.215100500000000011e+03 9.988271341459940000e-01 9.988264608008452505e-01 9.988264414030865179e-01
1.215115000000000009e+03 9.987829983583750293e-01 9.987822608292611370e-01 9.987822394262761971e-01
1.215129500000000235e+03 9.987359495856681368e-01 9.987351397341285297e-01 9.987351160544367668e-01
1.215144000000000005e+03 9.986857022638225834e-01 9.986848106737704622e-01 9.986847844000297236e-01
1.215158500000000004e+03 9.986319336653044498e-01 9.986309493867094877e-01 9.986309201459808715e-01
1.215173000000000002e+03 9.985742778508115425e-01 9.985731880677866101e-01 9.985731554189761772e-01
1.215187500000000000e+03 9.985123183162433191e-01 9.985111078997037648e-01 9.985110713167296703e-01
1.215201999999999998e+03 9.984455788868500381e-01 9.984442297302348335e-01 9.984441885744854694e-01
1.215216499999999996e+03 9.983735120875401048e-01 9.983720010855847704e-01 9.983719544515522459e-01
1.215231000000000222e+03 9.982954823168199709e-01 9.982937496786784548e-01 9.982936940326588848e-01
1.215245499999999993e+03 9.982106872663913943e-01 9.982080685251825125e-01 9.982079692400948057e-01
1.215259999999999991e+03 9.981166476450956671e-01 9.981054759401050136e-01 9.981050504873444362e-01
1.215274499999999989e+03 9.979872421204799560e-01 9.979145591676678029e-01 9.979122151598055490e-01
1.215289000000000215e+03 9.976024790573494450e-01 9.972937654644494776e-01 9.972831173118839043e-01
1.215303499999999985e+03 9.960259516053725504e-01 9.953493850813748267e-01 9.953214204724785130e-01
1.215317999999999984e+03 9.916717353168860161e-01 9.912503780039367829e-01 9.912385168522931389e-01
1.215332500000000209e+03 9.852568016578913124e-01 9.870659036732478686e-01 9.871295638505297454e-01
1.215346999999999980e+03 9.865422314482491517e-01 9.877304821125458822e-01 9.877751677721940959e-01
1.215361499999999978e+03 9.927570817516723212e-01 9.920652679808416030e-01 9.920419753505018701e-01
1.215376000000000204e+03 9.958525990447086862e-01 9.952567542309029847e-01 9.952326129698348955e-01
1.215390500000000202e+03 9.965538547552750259e-01 9.963351312929290549e-01 9.963275781484334237e-01
1.215404999999999973e+03 9.964312430327515457e-01 9.963814393171213091e-01 9.963796832213802634e-01
1.215419499999999971e+03 9.961359573247242638e-01 9.961191343795313680e-01 9.961184768633803976e-01
1.215434000000000196e+03 9.957792958623133961e-01 9.957634696194432866e-01 9.957628633713627719e-01
1.215448499999999967e+03 9.953607899155999528e-01 9.953411723706317993e-01 9.953404143576464191e-01
1.215462999999999965e+03 9.948650599106390047e-01 9.948398633183306305e-01 9.948388690388760836e-01
1.215477500000000191e+03 9.942701686767390079e-01 9.942370560393122281e-01 9.942357167187383382e-01
1.215492000000000189e+03 9.935451366943545137e-01 9.934998115068043312e-01 9.934979142957977016e-01
1.215506499999999960e+03 9.926433745162778211e-01 9.925695684051003553e-01 9.925663738785990287e-01
1.215520999999999958e+03 9.914671854025038922e-01 9.912587381565798328e-01 9.912512708768211889e-01
1.215535500000000184e+03 9.895403402488360811e-01 9.888197465456751711e-01 9.888018816011169276e-01
1.215549999999999955e+03 9.847265556846829249e-01 9.836700299424498972e-01 9.836319325232587563e-01
1.215564499999999953e+03 9.758061218008403648e-01 9.739798837424921141e-01 9.738693796570663253e-01
1.215579000000000178e+03 9.600649156989101707e-01 9.549328523080340414e-01 9.543645584796757175e-01
1.215593500000000176e+03 9.261516896252652842e-01 9.045642994739647724e-01 9.015070477408524408e-01
1.215607999999999947e+03 8.165467229580846142e-01 7.347838175356936619e-01 7.289190794000776075e-01
1.215622499999999945e+03 3.507757573077437407e-01 3.775827007996735429e-01 3.782536442449547232e-01
1.215637000000000171e+03 1.531366171562644450e-03 8.308873869905068765e-02 8.954105533735622069e-02
1.215651499999999942e+03 8.154490496812556452e-13 4.188691524316933215e-03 6.605125821484847046e-03
1.215665999999999940e+03 5.894907661135585052e-27 4.805946787461743504e-05 2.034824523018836646e-04
1.215680500000000166e+03 1.343660782996380973e-21 5.829404669258974681e-04 1.118225516217723117e-03
1.215695000000000164e+03 1.423220013941174944e-07 1.708799467792300464e-02 2.120991020823014689e-02
1.215709499999999935e+03 4.924226218038647851e-02 1.668744828577702066e-01 1.735453329579471626e-01
1.215723999999999933e+03 6.203445684586357256e-01 5.527234603334512109e-01 5.485079945619960595e-01
1.215738500000000158e+03 8.833253436666463898e-01 8.329855283286601297e-01 8.277860251941328018e-01
1.215753000000000156e+03 9.445957830568399993e-01 9.335170019745433478e-01 9.319689226606361343e-01
1.215767499999999927e+03 9.681519711739651202e-01 9.650097523213617690e-01 9.647456380777590379e-01
1.215782000000000153e+03 9.802000250171030160e-01 9.788964151646193379e-01 9.788314288861797996e-01
1.215796500000000151e+03 9.873528424351375454e-01 9.863648310613259973e-01 9.863374060120903009e-01
1.215810999999999922e+03 9.905458831998589231e-01 9.901004436018306931e-01 9.900880090469788009e-01
1.215825500000000147e+03 9.920210888581283415e-01 9.918982709447933255e-01 9.918932585062051333e-01
1.215840000000000146e+03 9.930580858695392532e-01 9.930008290521586956e-01 9.929983692983479493e-01
1.215854500000000144e+03 9.938759431969699243e-01 9.938367175625939520e-01 9.938351026089591311e-01
1.215868999999999915e+03 9.945400345884607418e-01 9.945107227980831688e-01 9.945095500356574414e-01
1.215883500000000140e+03 9.950888325612369245e-01 9.950662983028480957e-01 9.950654173208305364e-01
1.215898000000000138e+03 9.955489189830190044e-01 9.955312479724260921e-01 9.955305715362684493e-01
1.215912499999999909e+03 9.959394016792771920e-01 9.959253115679417290e-01 9.959247826822129612e-01
1.215927000000000135e+03 9.962743619938727591e-01 9.962629641946024739e-01 9.962625441432902962e-01
1.215941500000000133e+03 9.965643937783933426e-01 9.965550568187218072e-01 9.965547185944886310e-01
1.215956000000000131e+03 9.968176102941526118e-01 9.968098756150711726e-01 9.968095999496014992e-01
1.215970499999999902e+03 9.970403221693211471e-01 9.970338504348077446e-01 9.970336233081609212e-01
1.215985000000000127e+03 9.972375052823289066e-01 9.972320412006739909e-01 9.972318522331504731e-01
1.215999500000000126e+03 9.974131308452245381e-01 9.974084795597456532e-01 9.974083209474290390e-01
1.216013999999999896e+03 9.975704029200763712e-01 9.975664138086266508e-01 9.975662796029871604e-01
1.216028500000000122e+03 9.977119323655708749e-01 9.977084876892056142e-01 9.977083732996583354e-01
1.216043000000000120e+03 9.978398662092965443e-01 9.978368730025669597e-01 9.978367748466500098e-01
1.216057500000000118e+03 9.979559851538953863e-01 9.979533693288595853e-01 9.979532845821179610e-01
1.216071999999999889e+03 9.980617779020125591e-01 9.980594798966457848e-01 9.980594063111203340e-01
1.216086500000000115e+03 9.981584983635516384e-01 9.981564698897892329e-01 9.981564056605357615e-01
1.216101000000000113e+03 9.982472100655720437e-01 9.982454116547490042e-01 9.982453553205182795e-01
1.216115499999999884e+03 9.983288208997040947e-01 9.983272200350258307e-01 9.983271704035832084e-01
1.216130000000000109e+03 9.984041105161806096e-01 9.984026802024237313e-01 9.984026362938672738e-01
1.216144500000000107e+03 9.984737520850398562e-01 9.984724697466743626e-01 9.984724307500405516e-01
1.216159000000000106e+03 9.985383297172830686e-01 9.985371763447028481e-01 9.985371415844778165e-01
1.216173499999999876e+03 9.985983525228194768e-01 9.985973120068259989e-01 9.985972809169003650e-01
1.216188000000000102e+03 9.986542660464728938e-01 9.986533246560510557e-01 9.986532967593131360e-01
1.216202500000000100e+03 9.987064616463325883e-01 9.987056076158656870e-01 9.987055825080914939e-01
1.216217000000000098e+03 9.987552842454410218e-01 9.987545074458261674e-01 9.987544847828734307e-01
1.216231500000000096e+03 9.988010387872560125e-01 9.988003304616525080e-01 9.988003099492034353e-01
1.216246000000000095e+03 9.988439956494570282e-01 9.988433481991102481e-01 9.988433295844043602e-01
1.216260500000000093e+03 9.988843952133543702e-01 9.988838020224992675e-01 9.988837850876192137e-01
1.216274999999999864e+03 9.989224517428512140e-01 9.989219070343610118e-01 9.989218915907485119e-01
1.216289500000000089e+03 9.989583566941077075e-01 9.989578554095431828e-01 9.989578412934918550e-01
1.216304000000000087e+03 9.989922815520601018e-01 9.989918192512802220e-01 9.989918063202064547e-01
1.216318500000000085e+03 9.990243802708985710e-01 9.990239530474920304e-01 9.990239411768372380e-01
1.216333000000000084e+03 9.990547913808732750e-01 9.990543957905125838e-01 9.990543848711548325e-01
1.216347500000000082e+03 9.990836398123876805e-01 9.990832728118343997e-01 9.990832627479154793e-01
1.216362000000000080e+03 9.991110384793832067e-01 9.991106973743412167e-01 9.991106880814355495e-01
1.216376500000000306e+03 9.991370896569125026e-01 9.991367720572882360e-01 9.991367634608535608e-01
1.216391000000000076e+03 9.991618861821255360e-01 9.991615899635237774e-01 9.991615819975864232e-01
1.216405500000000075e+03 9.991855125032732543e-01 9.991852357737797119e-01 9.991852283798108303e-01
1.216420000000000073e+03 9.992080455975833608e-01 9.992077866690403098e-01 9.992077797950000839e-01
1.216434500000000071e+03 9.992295557757502333e-01 9.992293131388735317e-01 9.992293067383880567e-01
1.216449000000000069e+03 9.992501073881885354e-01 9.992498796909764502e-01 9.992498737226325201e-01
1.216463500000000067e+03 9.992697594460541177e-01 9.992695454750218920e-01 9.992695399017588187e-01
1.216478000000000293e+03 9.992885661681764065e-01 9.992883648320263212e-01 9.992883596206100227e-01
1.216492500000000064e+03 9.993065774635225829e-01 9.993063877789131189e-01 9.993063828994820375e-01
1.216507000000000062e+03 9.993238393574789269e-01 9.993236604366101394e-01 9.993236558622787813e-01
1.216521500000000060e+03 9.993403943691123725e-01 9.993402254088773473e-01 9.993402211153953330e-01
1.216536000000000058e+03 9.993562818456070973e-01 9.993561221181059828e-01 9.993561180835578428e-01
1.216550500000000056e+03 9.993715382592434082e-01 9.993713871034743956e-01 9.993713833080186681e-01
1.216565000000000055e+03 9.993861974715716467e-01 9.993860542861443541e-01 9.993860507117867664e-01
1.216579500000000280e+03 9.994002909688173286e-01 9.994001552055556958e-01 9.994001518359458824e-01
1.216594000000000051e+03 9.994138480720239359e-01 9.994137192303409467e-01 9.994137160506003648e-01
1.216608500000000049e+03 9.994268961249899164e-01 9.994267737469360036e-01 9.994267707435002812e-01
1.216623000000000047e+03 9.994394606626482158e-01 9.994393443285426448e-01 9.994393414890285765e-01
1.216637500000000273e+03 9.994515655622034922e-01 9.994514548867818871e-01 9.994514521998646428e-01
1.216652000000000044e+03 9.994632331790491708e-01 9.994631278080510217e-01 9.994631252633593421e-01
1.216666500000000042e+03 9.994744844692157182e-01 9.994743840763661291e-01 9.994743816643874013e-01
1.216681000000000267e+03 9.994853390998984510e-01 9.994852433842288386e-01 9.994852410962257183e-01
1.216695500000000038e+03 9.994958155494041430e-01 9.994957242328723623e-01 9.994957220608089443e-01
1.216710000000000036e+03 9.995059311977027017e-01 9.995058440230740748e-01 9.995058419595485022e-01
1.216724500000000035e+03 9.995157024086074316e-01 9.995156191375658139e-01 9.995156171757527686e-01
1.216739000000000260e+03 9.995251446044989274e-01 9.995250650159595018e-01 9.995250631495569138e-01
1.216753500000000031e+03 9.995342723343858538e-01 9.995341962229864485e-01 9.995341944461682004e-01
1.216768000000000029e+03 9.995430993360054917e-01 9.995430265107514423e-01 9.995430248181246258e-01
1.216782500000000255e+03 9.995516385925745650e-01 9.995515688756247963e-01 9.995515672621926306e-01
1.216797000000000025e+03 9.995599023847472342e-01 9.995598356103194693e-01 9.995598340714461072e-01
1.216811500000000024e+03 9.995679023382442185e-01 9.995678383516289900e-01 9.995678368830104299e-01
1.216826000000000249e+03 9.995756494675945847e-01 9.995755881242637253e-01 9.995755867218985014e-01
1.216840500000000247e+03 9.995831542163519101e-01 9.995830953811527531e-01 9.995830940413175103e-01
1.216855000000000018e+03 9.995904264941294359e-01 9.995903700405528447e-01 9.995903687597790244e-01
1.216869500000000016e+03 9.995974757107430886e-01 9.995974215202584334e-01 9.995974202953129550e-01
1.216884000000000242e+03 9.996043108077309336e-01 9.996042587691820192e-01 9.996042575970470745e-01
1.216898500000000013e+03 9.996109402874826522e-01 9.996108902965349374e-01 9.996108891743924474e-01
1.216913000000000011e+03 9.996173722401884287e-01 9.996173241988255409e-01 9.996173231240405022e-01
1.216927500000000236e+03 9.996236143687984299e-01 9.996235681848607557e-01 9.996235671549676960e-01
1.216942000000000235e+03 9.996296740121588531e-01 9.996296295989209879e-01 9.996296286116089780e-01
1.216956500000000005e+03 9.996355581664804202e-01 9.996355154418502531e-01 9.996355144928162906e-01
1.216971000000000004e+03 9.996412735052736531e-01 9.996412319813346992e-01 9.996412307741522341e-01
1.216985500000000229e+03 9.996468263978759428e-01 9.996467291136006406e-01 9.996467222293680122e-01
1.217000000000000000e+03 9.996522229266836534e-01 9.996509751446228664e-01 9.996509529718904385e-01
