# lambda[A]  T_theo  T_instr  T_rot+instr  (Ly-alpha 1215.67)
1.214021880477336026e+03 9.990639452697810396e-01 9.990610313048130520e-01 9.990609559231212744e-01
1.214038361672562814e+03 9.990482690780957409e-01 9.990481260477155345e-01 9.990481071867951535e-01
1.214054842867789148e+03 9.990321621603861502e-01 9.990320755106112394e-01 9.990320723760819366e-01
1.214071324063015936e+03 9.990156082283055961e-01 9.990155183710799358e-01 9.990155154706875651e-01
1.214087805258242497e+03 9.989985901903208898e-01 9.989984968588260239e-01 9.989984938408860149e-01
1.214104286453469285e+03 9.989810901024217538e-01 9.989809931213455840e-01 9.989809899791036729e-01
1.214120767648695846e+03 9.989630891152385672e-01 9.989629882982896669e-01 9.989629850251907639e-01
1.214137248843922407e+03 9.989445674172707790e-01 9.989444625663510546e-01 9.989444591554167419e-01
1.214153730039149195e+03 9.989255041739090180e-01 9.989253950782260860e-01 9.989253915220230873e-01
1.214170211234375756e+03 9.989058774618769787e-01 9.989057638969870423e-01 9.989057601875919179e-01
1.214186692429602317e+03 9.988856641987301499e-01 9.988855459254943892e-01 9.988855420544550112e-01
1.214203173624829105e+03 9.988648400669606353e-01 9.988647168304147783e-01 9.988647127887096966e-01
1.214219654820055666e+03 9.988433794322694181e-01 9.988432509603922815e-01 9.988432467383844271e-01
1.214236136015282455e+03 9.988212552554767143e-01 9.988211212578536058e-01 9.988211168452417743e-01
1.214252617210508788e+03 9.987984389975280708e-01 9.987982991638928443e-01 9.987982945496567400e-01
1.214269098405735576e+03 9.987749005169737071e-01 9.987747545156242523e-01 9.987747496879667564e-01
1.214285579600962365e+03 9.987506079592640695e-01 9.987504554353324737e-01 9.987504503816148071e-01
1.214302060796188698e+03 9.987255276371136414e-01 9.987253682106821406e-01 9.987253629173530323e-01
1.214318541991415486e+03 9.986996239011313170e-01 9.986994571651743868e-01 9.986994516176925796e-01
1.214335023186642275e+03 9.986728589998259409e-01 9.986726845179633161e-01 9.986726787007134121e-01
1.214351504381868835e+03 9.986451929280090178e-01 9.986450102320484357e-01 9.986450041282468604e-01
1.214367985577095396e+03 9.986165832625053529e-01 9.986163918497575898e-01 9.986163854413502294e-01
1.214384466772321957e+03 9.985869849839980050e-01 9.985867843143333422e-01 9.985867775818831893e-01
1.214400947967548746e+03 9.985563502836735106e-01 9.985561397762979796e-01 9.985561326988607878e-01
1.214417429162775534e+03 9.985246283532199785e-01 9.985244073831403000e-01 9.985243999381269164e-01
1.214433910358001867e+03 9.984917651565672347e-01 9.984915330507072584e-01 9.984915252137336328e-01
1.214450391553228656e+03 9.984577031815754511e-01 9.984574592145105676e-01 9.984574509592284430e-01
1.214466872748455444e+03 9.984223811696915085e-01 9.984221245589524063e-01 9.984221158568652443e-01
1.214483353943682005e+03 9.983857338213586452e-01 9.983854637222606687e-01 9.983854545425177029e-01
1.214499835138908566e+03 9.983476914747212438e-01 9.983474069746608448e-01 9.983473972838283750e-01
1.214516316334135126e+03 9.983081797548782887e-01 9.983078798670329546e-01 9.983078696288415488e-01
1.214532797529361915e+03 9.982671191906032915e-01 9.982668028469660060e-01 9.982667920220281710e-01
1.214549278724588703e+03 9.982244247950983196e-01 9.982240908387629563e-01 9.982240793842558357e-01
1.214565759919815036e+03 9.981800056069022320e-01 9.981796527835020694e-01 9.981796406528177235e-01
1.214582241115041825e+03 9.981337641865983823e-01 9.981333911347999299e-01 9.981333782771508734e-01
1.214598722310268386e+03 9.980855960644322566e-01 9.980852013053460592e-01 9.980851876653245025e-01
1.214615203505494947e+03 9.980353891332482963e-01 9.980349710586272627e-01 9.980349565757067332e-01
1.214631684700721735e+03 9.979830229804852459e-01 9.979825798395327574e-01 9.979825644475123214e-01
1.214648165895948296e+03 9.979283681520570992e-01 9.979278980366609320e-01 9.979278816630379190e-01
1.214664647091175084e+03 9.978712853399921423e-01 9.978707861681558322e-01 9.978707687334127385e-01
1.214681128286401417e+03 9.978116244845115501e-01 9.978110939817240732e-01 9.978110753985264259e-01
1.214697609481628206e+03 9.977492237799172603e-01 9.977486594581604917e-01 9.977486396304464655e-01
1.214714090676854994e+03 9.976839085720898836e-01 9.976833077061243449e-01 9.976832865280685914e-01
1.214730571872081555e+03 9.976154901335411163e-01 9.976148497340611154e-01 9.976148270888937075e-01
1.214747053067308116e+03 9.975437642998574717e-01 9.975430810830268058e-01 9.975430568416877586e-01
1.214763534262534904e+03 9.974685099488548312e-01 9.974677803016588351e-01 9.974677543212552289e-01
1.214780015457761465e+03 9.973894873008435358e-01 9.973887072415866806e-01 9.973886793636252968e-01
1.214796496652988253e+03 9.973064360149344054e-01 9.973056011481028493e-01 9.973055711964561310e-01
1.214812977848214587e+03 9.972190730523111668e-01 9.972181785168794388e-01 9.972181462954415876e-01
1.214829459043441375e+03 9.971270902726048213e-01 9.971261306827073900e-01 9.971260959726840900e-01
1.214845940238668163e+03 9.970301517239690270e-01 9.970291211006501175e-01 9.970290836574200455e-01
1.214862421433894497e+03 9.969278905807912317e-01 9.969267822733387518e-01 9.969267418228043853e-01
1.214878902629121285e+03 9.968199056752721221e-01 9.968187122703491276e-01 9.968186685046868112e-01
1.214895383824348073e+03 9.967057575598777808e-01 9.967044707763335065e-01 9.967044233490266469e-01
1.214911865019574634e+03 9.965849640267432363e-01 9.965835745935991419e-01 9.965835231136180861e-01
1.214928346214801195e+03 9.964569949971767704e-01 9.964554925117846684e-01 9.964554365367418454e-01
1.214944827410027756e+03 9.963212666789046379e-01 9.963196394416766744e-01 9.963195784697559398e-01
1.214961308605254544e+03 9.961771348701391471e-01 9.961753696915022216e-01 9.961753031519072765e-01
1.214977789800481332e+03 9.960238872670920118e-01 9.960219692414059578e-01 9.960218964830114263e-01
1.214994270995707666e+03 9.958607346044267006e-01 9.958586468444079465e-01 9.958585671222256464e-01
1.215010752190934454e+03 9.956868004248065063e-01 9.956845237485167921e-01 9.956844362074916965e-01
1.215027233386161015e+03 9.955011092327449296e-01 9.954986217932519921e-01 9.954985254487656032e-01
1.215043714581387803e+03 9.953025727369055886e-01 9.952998495822047431e-01 9.952997432965069446e-01
1.215060195776614364e+03 9.950899738210011725e-01 9.950869863684165262e-01 9.950868688219817182e-01
1.215076676971840925e+03 9.948619478020337414e-01 9.948586632068382452e-01 9.948585328633500202e-01
1.215093158167067713e+03 9.946169604301661193e-01 9.946133408218912342e-01 9.946131958851464061e-01
1.215109639362294502e+03 9.943532819477239881e-01 9.943492834989291485e-01 9.943491218594064929e-01
1.215126120557520835e+03 9.940689563433433573e-01 9.940645281225810592e-01 9.940643472905891231e-01
1.215142601752747623e+03 9.937617646886933720e-01 9.937568472292196420e-01 9.937566442503247277e-01
1.215159082947974184e+03 9.934291810931578093e-01 9.934237045745704098e-01 9.934234759209867871e-01
1.215175564143200745e+03 9.930683192839045992e-01 9.930622011591795362e-01 9.930619425871891615e-01
1.215192045338427533e+03 9.926758669611494001e-01 9.926690087218864589e-01 9.926687150778144009e-01
1.215208526533654094e+03 9.922480035134341181e-01 9.922402859337927650e-01 9.922399508723043215e-01
1.215225007728880882e+03 9.917802933427212198e-01 9.917715684784836894e-01 9.917711839974898691e-01
1.215241488924107216e+03 9.912675384393053735e-01 9.912576121739170576e-01 9.912571672730378092e-01
1.215257970119334004e+03 9.907035457996513639e-01 9.906920134612897666e-01 9.906914533947622781e-01
1.215274451314560793e+03 9.900805579198881379e-01 9.900565544143767882e-01 9.900539521343713067e-01
1.215290932509787353e+03 9.893652467793538907e-01 9.889618696734769898e-01 9.889172613005183798e-01
1.215307413705013914e+03 9.869974866681031633e-01 9.822644040054150372e-01 9.819787662158669939e-01
1.215323894900240703e+03 9.601341642630532025e-01 9.522418069446315636e-01 9.520425875356350875e-01
1.215340376095467263e+03 8.879885532728363229e-01 9.168164529379361216e-01 9.179642467165625153e-01
1.215356857290694052e+03 9.735472944120581174e-01 9.601998764701171751e-01 9.598472376407133355e-01
1.215373338485920385e+03 9.841889523047501198e-01 9.817309202564560300e-01 9.814794868812257711e-01
1.215389819681147173e+03 9.831815532601120289e-01 9.830307810966263382e-01 9.830103283154902893e-01
1.215406300876373962e+03 9.816155008537273963e-01 9.815663394325778723e-01 9.815631378747612379e-01
1.215422782071600295e+03 9.798032835605879898e-01 9.797454204509515874e-01 9.797420467023386648e-01
1.215439263266827083e+03 9.776926516667129308e-01 9.776204303811041330e-01 9.776160868637916446e-01
1.215455744462053644e+03 9.752095470542468947e-01 9.751176138689393591e-01 9.751118911993458260e-01
1.215472225657280433e+03 9.722524261824448955e-01 9.721328461150494649e-01 9.721251273929518710e-01
1.215488706852506994e+03 9.686789381299456547e-01 9.685194784817392488e-01 9.685087784081605200e-01
1.215505188047733554e+03 9.642838661177660642e-01 9.640649450466719506e-01 9.640496184565685578e-01
1.215521669242960343e+03 9.587614591216517823e-01 9.584502869988730245e-01 9.584274360112207125e-01
1.215538150438187131e+03 9.516378609750257844e-01 9.511762963575220997e-01 9.511404603674712410e-01
1.215554631633413464e+03 9.421417558701863371e-01 9.414186639508337340e-01 9.413585872047175451e-01
1.215571112828640253e+03 9.289351210312213336e-01 9.277134891712408571e-01 9.276020314426541846e-01
1.215587594023866814e+03 9.094853741752446652e-01 9.070775287519377006e-01 9.068063572080703461e-01
1.215604075219093602e+03 8.779988140692621679e-01 8.701163485165972489e-01 8.687966821358504843e-01
1.215620556414320163e+03 8.092266175633506808e-01 7.651475372518218299e-01 7.604458448409876503e-01
1.215637037609546724e+03 5.083152410436146962e-01 4.708633611968587318e-01 4.670857845045066070e-01
1.215653518804773512e+03 2.658814404000128260e-18 9.362464021143968029e-02 1.014211371461499339e-01
1.215670000000000300e+03 2.410273780682376457e-276 3.936500526850660216e-03 9.035976392015749106e-03
1.215686481195226634e+03 2.018802139388419544e-19 9.208210807739318493e-02 9.981652796210813139e-02
1.215702962390453422e+03 4.996790213263546110e-01 4.651098044073748161e-01 4.615147270100339871e-01
1.215719443585679983e+03 8.077847826524259256e-01 7.625978302311166024e-01 7.578544980946623211e-01
1.215735924780906544e+03 8.774697823741121061e-01 8.694338656898972229e-01 8.680779132213590765e-01
1.215752405976133105e+03 9.091772365924227772e-01 9.067442480091879586e-01 9.064690028802232513e-01
1.215768887171359893e+03 9.287282306320505665e-01 9.274979818020490097e-01 9.273855477462653596e-01
1.215785368366586681e+03 9.419927298491312939e-01 9.412653715998045012e-01 9.412048704581921221e-01
1.215801849561813015e+03 9.515249070830892331e-01 9.510609732027412999e-01 9.510249170887727921e-01
1.215818330757039803e+03 9.586724369684019864e-01 9.583598505610296803e-01 9.583368744736745493e-01
1.215834811952266591e+03 9.642115153312027509e-01 9.639917049060622301e-01 9.639763023887902849e-01
1.215851293147493152e+03 9.686186874374631550e-01 9.684586483912492882e-01 9.684478999530555798e-01
1.215867774342719713e+03 9.722012947708751351e-01 9.720813315424255974e-01 9.720735810463223547e-01
1.215884255537946274e+03 9.751655620445808248e-01 9.750733826362768530e-01 9.750676390663806092e-01
1.215900736733173062e+03 9.776545434915723254e-01 9.775821921888058208e-01 9.775778361652569526e-01
1.215917217928399850e+03 9.797703774079706829e-01 9.797125432704270054e-01 9.797091733491752885e-01
1.215933699123626184e+03 9.815878724352303797e-01 9.815409117703187691e-01 9.815382595515685926e-01
1.215950180318852972e+03 9.831630783075534508e-01 9.831244285506275382e-01 9.831223096779699855e-01
1.215966661514079760e+03 9.845388466458580012e-01 9.845066641926046858e-01 9.845049489952091282e-01
1.215983142709306094e+03 9.857485306379172307e-01 9.857214612147439103e-01 9.857200565445916052e-01
1.215999623904532882e+03 9.868185040667999397e-01 9.867955337426719264e-01 9.867943714172803249e-01
1.216016105099759443e+03 9.877699139703932651e-01 9.877502704116783994e-01 9.877492996738254094e-01
1.216032586294986231e+03 9.886199251788435616e-01 9.886030108722736465e-01 9.886021933586558452e-01
1.216049067490212792e+03 9.893826211142343618e-01 9.893679673248417794e-01 9.893672736396126322e-01
1.216065548685439353e+03 9.900696675131177571e-01 9.900569019388597569e-01 9.900563092762031392e-01
1.216082029880666141e+03 9.906908095502430234e-01 9.906796331880448614e-01 9.906791236541554468e-01
1.216098511075892930e+03 9.912542497764081917e-01 9.912444200948689055e-01 9.912439795048416658e-01
1.216114992271119263e+03 9.917669393412424927e-01 9.917582578487538214e-01 9.917578748514541687e-01
1.216131473466346051e+03 9.922348051376711497e-01 9.922271080668603194e-01 9.922267734998917454e-01
1.216147954661572612e+03 9.926629289215606056e-01 9.926560801591340910e-01 9.926557865675964543e-01
1.216164435856799400e+03 9.930556899763445244e-01 9.930495756347585967e-01 9.930493169081695548e-01
1.216180917052025734e+03 9.934168797842213294e-01 9.934114039898158666e-01 9.934111750853363842e-01
1.216197398247252522e+03 9.937497949744400483e-01 9.937448765675632734e-01 9.937446732969834606e-01
1.216213879442479310e+03 9.940573132504860743e-01 9.940528831767025952e-01 9.940527020410258041e-01
1.216230360637705644e+03 9.943419558595523178e-01 9.943379550895660168e-01 9.943377931494735700e-01
1.216246841832932432e+03 9.946059393307850049e-01 9.946023171885940428e-01 9.946021719622132329e-01
1.216263323028159220e+03 9.948512185877187441e-01 9.948479313966880344e-01 9.948478007783059240e-01
1.216279804223385781e+03 9.950795230746741771e-01 9.950765330531944342e-01 9.950764152481769154e-01
1.216296285418612342e+03 9.952923871845551496e-01 9.952896615392535784e-01 9.952895550115952172e-01
1.216312766613838903e+03 9.954911760071686322e-01 9.954886861836634848e-01 9.954885896134543222e-01
1.216329247809065691e+03 9.956771072108400178e-01 9.956748282711027631e-01 9.956747405198358436e-01
1.216345729004292480e+03 9.958512697105662559e-01 9.958491798127390160e-01 9.958490998948577033e-01
1.216362210199518813e+03 9.960146396513493983e-01 9.960127196130856841e-01 9.960126466725278682e-01
1.216378691394745601e+03 9.961680941377026866e-01 9.961663270680037874e-01 9.961662603587724263e-01
1.216395172589972390e+03 9.963124230628047640e-01 9.963107940504158933e-01 9.963107329204082818e-01
1.216411653785198951e+03 9.964483393291911906e-01 9.964468351779348643e-01 9.964467790554303317e-01
1.216428134980425511e+03 9.965764877032198266e-01 9.965750967064987975e-01 9.965750450888217760e-01
1.216444616175652072e+03 9.966974525054935752e-01 9.966961642536208421e-01 9.966961166975900621e-01
1.216461097370878861e+03 9.968117643066546352e-01 9.968105695218199003e-01 9.968105256356757371e-01
1.216477578566105649e+03 9.969199057712133660e-01 9.969187961657747232e-01 9.969187556023357821e-01
1.216494059761331982e+03 9.970223167698150091e-01 9.970212849243644815e-01 9.970212473752013693e-01
1.216510540956558771e+03 9.971193988620103976e-01 9.971184381202143898e-01 9.971184033106784694e-01
1.216527022151785332e+03 9.972115192361253877e-01 9.972106236138672530e-01 9.972105912988366017e-01
1.216543503347011892e+03 9.972990141800646136e-01 9.972981782867581524e-01 9.972981482469837067e-01
1.216559984542238681e+03 9.973821921458755346e-01 9.973814111161971585e-01 9.973813831551593401e-01
1.216576465737465242e+03 9.974613364618573064e-01 9.974606058963856325e-01 9.974605798375814070e-01
1.216592946932692030e+03 9.975367077381993575e-01 9.975360236516880308e-01 9.975359993362825639e-01
1.216609428127918363e+03 9.976085460055571508e-01 9.976079047817663081e-01 9.976078820665552627e-01
1.216625909323145152e+03 9.976770726204235995e-01 9.976764709725814972e-01 9.976764497282205602e-01
1.216642390518371940e+03 9.977424919663635539e-01 9.977419269024918602e-01 9.977419070119528666e-01
1.216658871713598501e+03 9.978049929762161652e-01 9.978044617686325779e-01 9.978044431258522584e-01
1.216675352908825062e+03 9.978647504968336523e-01 9.978642506552847236e-01 9.978642331639840934e-01
1.216691834104051850e+03 9.979219265151045848e-01 9.979214557630253779e-01 9.979214393356715673e-01
1.216708315299278411e+03 9.979766712613924451e-01 9.979762275148940098e-01 9.979762120717867724e-01
1.216724796494505199e+03 9.980291242044833089e-01 9.980287055537045982e-01 9.980286910221717323e-01
1.216741277689731533e+03 9.980794149502421053e-01 9.980790196427653527e-01 9.980790059564519368e-01
1.216757758884958321e+03 9.981276640546388190e-01 9.981272904807076962e-01 9.981272775789443719e-01
1.216774240080185109e+03 9.981739837604436394e-01 9.981736304397614834e-01 9.981736182670072344e-01
1.216790721275411443e+03 9.982184786657585240e-01 9.982181442356752310e-01 9.982181327410207805e-01
1.216807202470638231e+03 9.982612463315473361e-01 9.982609295364612834e-01 9.982609186731843387e-01
1.216823683665865019e+03 9.983023778344402022e-01 9.983020775162839699e-01 9.983020672414575358e-01
1.216840164861091580e+03 9.983419582704098350e-01 9.983416733600826154e-01 9.983416636342203887e-01
1.216856646056318141e+03 9.983800672142055799e-01 9.983797967238539073e-01 9.983797875105958619e-01
1.216873127251544702e+03 9.984167791389273461e-01 9.984165221549716751e-01 9.984165134207995118e-01
1.216889608446771490e+03 9.984521637995883436e-01 9.984519194764216454e-01 9.984519111904055499e-01
1.216906089641998278e+03 9.984862865841409585e-01 9.984860541384205090e-01 9.984860462719900021e-01
1.216922570837224612e+03 9.985192088350208772e-01 9.985189875404935078e-01 9.985189800672314986e-01
1.216939052032451400e+03 9.985509881439722513e-01 9.985507773267759957e-01 9.985507702222335968e-01
1.216955533227677961e+03 9.985816786226113795e-01 9.985814776570075546e-01 9.985814708985357724e-01
1.216972014422904749e+03 9.986113311509466905e-01 9.986111394554341159e-01 9.986111330220318605e-01
1.216988495618131310e+03 9.986399936058336646e-01 9.986398106396110474e-01 9.986398045117883537e-01
1.217004976813357871e+03 9.986677110711640326e-01 9.986675363309034381e-01 9.986675304905572315e-01
1.217021458008584659e+03 9.986945260313898620e-01 9.986943590482939559e-01 9.986943534785939214e-01
1.217037939203811447e+03 9.987204785498517978e-01 9.987203188869655524e-01 9.987203135722516611e-01
1.217054420399037781e+03 9.987456064332222994e-01 9.987454536829744045e-01 9.987454486086645433e-01
1.217070901594264569e+03 9.987699453832561414e-01 9.987697991652103591e-01 9.987697943177143989e-01
1.217087382789491130e+03 9.987935291369250956e-01 9.987933890957225724e-01 9.987933844623650970e-01
1.217103863984717691e+03 9.988163895959277783e-01 9.988162553993995552e-01 9.988162509683485846e-01
1.217120345179944479e+03 9.988385569464520719e-01 9.988384282838901340e-01 9.988384240440940642e-01
1.217136826375171040e+03 9.988600597700091344e-01 9.988599363505786810e-01 9.988599322917051104e-01
1.217153307570397828e+03 9.988809251460663008e-01 9.988808066973487998e-01 9.988808028097321268e-01
1.217169788765624162e+03 9.989011787471560044e-01 9.989010650138101521e-01 9.989010612884012819e-01
1.217186269960850950e+03 9.989208449270727819e-01 9.989207356696028217e-01 9.989207320979239801e-01
1.217202751156077738e+03 9.989399468027047035e-01 9.989398417963276655e-01 9.989398383704315432e-01
1.217219232351304299e+03 9.989585063300211454e-01 9.989584053636249017e-01 9.989584020760551297e-01
1.217235713546530860e+03 9.989765443746718709e-01 9.989764472498545711e-01 9.989764440936111933e-01
1.217252194741757648e+03 9.989940807776287457e-01 9.989939873078116372e-01 9.989939842763188027e-01
1.217268675936984209e+03 9.990111344162478924e-01 9.990110444258466504e-01 9.990110415123270027e-01
1.217285157132210998e+03 9.990277232611223246e-01 9.990276364828407640e-01 9.990276333337336778e-01
1.217301638327437331e+03 9.990438644290366987e-01 9.990437211460747591e-01 9.990437021859047695e-01
1.217318119522664119e+03 9.990595742323322703e-01 9.990566540205940704e-01 9.990565782358474811e-01
