# lambda[A]  T_theo  T_instr  T_rot+instr  (He I 10830)
1.082820000000000073e+04 9.999999548227127555e-01 9.999999527262994903e-01 9.999999526251730497e-01
1.082821978890395440e+04 9.999999534249858213e-01 9.999999518174644830e-01 9.999999517346672695e-01
1.082823957780790806e+04 9.999999519468034670e-01 9.999999506949289740e-01 9.999999506294913187e-01
1.082825936671185809e+04 9.999999503808799650e-01 9.999999493627684810e-01 9.999999493123100658e-01
1.082827915561581176e+04 9.999999487190103231e-01 9.999999478321632829e-01 9.999999477934019554e-01
1.082829894451976361e+04 9.999999469519196271e-01 9.999999461162781822e-01 9.999999460856460187e-01
1.082831873342371728e+04 9.999999450690856273e-01 9.999999442255301796e-01 9.999999441997123872e-01
1.082833852232766912e+04 9.999999430585169158e-01 9.999999421643624986e-01 9.999999421405931788e-01
1.082835831123162097e+04 9.999999409064915801e-01 9.999999399296836122e-01 9.999999399057747373e-01
1.082837810013557282e+04 9.999999385972316857e-01 9.999999375102802679e-01 9.999999374843669964e-01
1.082839788903952649e+04 9.999999361125043729e-01 9.999999348857692150e-01 9.999999348556805057e-01
1.082841767794348016e+04 9.999999334311234778e-01 9.999999320225074761e-01 9.999999319843950740e-01
1.082843746684743201e+04 9.999999305283274742e-01 9.999999288611299830e-01 9.999999288062867420e-01
1.082845725575138385e+04 9.999999273749871076e-01 9.999999252831168750e-01 9.999999251904689856e-01
1.082847704465533570e+04 9.999999239365792159e-01 9.999999210267214167e-01 9.999999208454470878e-01
1.082849683355928937e+04 9.999999201718032804e-01 9.999999154844592120e-01 9.999999150951668359e-01
1.082851662246324122e+04 9.999999160304788859e-01 9.999999072340511885e-01 9.999999063657206699e-01
1.082853641136719489e+04 9.999999114495622399e-01 9.999998929941542603e-01 9.999998910542927666e-01
1.082855620027114492e+04 9.999999063429838575e-01 9.999998653918921176e-01 9.999998611352921563e-01
1.082857598917509858e+04 9.999999005700649368e-01 9.999998083848237185e-01 9.999997992985931727e-01
1.082859577807905225e+04 9.999998938311742691e-01 9.999996882658892527e-01 9.999996694854310642e-01
1.082861556698300410e+04 9.999998853296991896e-01 9.999994367518121319e-01 9.999993992529594422e-01
1.082863535588695595e+04 9.999998727333854198e-01 9.999989206107618989e-01 9.999988483714734588e-01
1.082865514479090780e+04 9.999998491860794259e-01 9.999978896756168689e-01 9.999977555130782347e-01
1.082867493369486147e+04 9.999997953001075190e-01 9.999958923049796500e-01 9.999956522416396654e-01
1.082869472259881331e+04 9.999996592203398427e-01 9.999921453578091146e-01 9.999917317397352123e-01
1.082871451150276698e+04 9.999993105816080696e-01 9.999853462865697651e-01 9.999846605435752656e-01
1.082873430040671701e+04 9.999984419906117195e-01 9.999734205893330286e-01 9.999723274974198217e-01
1.082875408931067068e+04 9.999963740351149877e-01 9.999532115793124953e-01 9.999515380345821436e-01
1.082877387821462435e+04 9.999916992504311875e-01 9.999201435931683868e-01 9.999176859041972731e-01
1.082879366711857620e+04 9.999816855206021815e-01 9.998679243181365361e-01 9.998644683271870059e-01
1.082881345602252986e+04 9.999613683626448202e-01 9.997883921992121170e-01 9.997837494846416595e-01
1.082883324492647989e+04 9.999223251001303492e-01 9.996716498529018002e-01 9.996657102888878432e-01
1.082885303383043356e+04 9.998512816493348998e-01 9.995066368121617861e-01 9.994994327743050855e-01
1.082887282273438541e+04 9.997289826836430748e-01 9.992822647869221697e-01 9.992740360203147265e-01
1.082889261163833908e+04 9.995301259248269288e-01 9.989891506113404152e-01 9.989803929274837513e-01
1.082891240054229274e+04 9.992254591394700292e-01 9.986218352573934531e-01 9.986133132331033169e-01
1.082893218944624277e+04 9.987870452129000709e-01 9.981811936958281395e-01 9.981738998279724440e-01
1.082895197835019644e+04 9.981968652905784944e-01 9.976765667564821971e-01 9.976716183894850376e-01
1.082897176725414829e+04 9.974572944247704909e-01 9.971270453164859937e-01 9.971255253009039254e-01
1.082899155615810196e+04 9.966001280004075369e-01 9.965613684328782362e-01 9.965641326010847845e-01
1.082901134506205381e+04 9.956899243913165387e-01 9.960160912764985941e-01 9.960235802991259657e-01
1.082903113396600565e+04 9.948184944875602120e-01 9.955320180470778046e-01 9.955441176955093230e-01
1.082905092286995750e+04 9.940903543034657064e-01 9.951493077320509029e-01 9.951652964623568520e-01
1.082907071177391117e+04 9.936024355145095521e-01 9.949020364692242602e-01 9.949206424363764567e-01
1.082909050067786484e+04 9.934238342197273530e-01 9.948132237944807832e-01 9.948327886660747188e-01
1.082911028958181669e+04 9.935810113545043842e-01 9.948913195345351346e-01 9.949100404763886463e-01
1.082913007848576854e+04 9.940506251654475101e-01 9.951288867145671180e-01 9.951450881623075118e-01
1.082914986738972038e+04 9.947659490052938036e-01 9.955037617204526290e-01 9.955161408977737381e-01
1.082916965629367405e+04 9.956312780753002745e-01 9.959824437921466211e-01 9.959902406867502389e-01
1.082918944519762590e+04 9.965419451170717258e-01 9.965250029537718879e-01 9.965280645872641729e-01
1.082920923410157957e+04 9.974048007589384479e-01 9.970905191721646244e-01 9.970892538151678863e-01
1.082922902300552960e+04 9.981532615256397678e-01 9.976420385634265919e-01 9.976372805886579709e-01
1.082924881190948327e+04 9.987534354117307833e-01 9.981502427941640887e-01 9.981430663290048466e-01
1.082926860081343693e+04 9.992012789131741179e-01 9.985953972012416857e-01 9.985869226427216416e-01
1.082928838971738878e+04 9.995138109038446128e-01 9.989675570103679902e-01 9.989587886731604582e-01
1.082930817862134245e+04 9.997186146716187105e-01 9.992653577535441922e-01 9.992570768092262634e-01
1.082932796752529248e+04 9.998450502666199613e-01 9.994939206923809660e-01 9.994866404360263079e-01
1.082934775642924615e+04 9.999187657775290283e-01 9.996624453598415005e-01 9.996564209154006342e-01
1.082936754533319800e+04 9.999594214960054739e-01 9.997819674321369865e-01 9.997772427223603486e-01
1.082938733423715166e+04 9.999806504792291273e-01 9.998635892565883587e-01 9.998600613791746028e-01
1.082940712314110169e+04 9.999911473827539643e-01 9.999173057772650086e-01 9.999147896480805597e-01
1.082942691204505536e+04 9.999960609321095761e-01 9.999513985128792859e-01 9.999496803799370337e-01
1.082944670094900721e+04 9.999982372192399716e-01 9.999722782595652504e-01 9.999711529967217905e-01
1.082946648985296088e+04 9.999991487833933546e-01 9.999846236740085326e-01 9.999839158654250104e-01
1.082948627875691454e+04 9.999995095009388546e-01 9.999916731353161170e-01 9.999912450718393409e-01
1.082950606766086457e+04 9.999996437239175862e-01 9.999955613587311332e-01 9.999953122355512702e-01
1.082952585656481824e+04 9.999996895603117109e-01 9.999976325702224500e-01 9.999974929394392920e-01
1.082954564546877009e+04 9.999997021224692473e-01 9.999986971758491050e-01 9.999986217363067142e-01
1.082956543437272376e+04 9.999997020292253902e-01 9.999992237292679720e-01 9.999991843845910111e-01
1.082958522327667561e+04 9.999996965126524140e-01 9.999994723317229273e-01 9.999994524581466981e-01
1.082960501218062745e+04 9.999996879366617186e-01 9.999995816534040793e-01 9.999995718296349478e-01
1.082962480108457930e+04 9.999996769888066517e-01 9.999996225166968289e-01 9.999996175747118965e-01
1.082964458998853297e+04 9.999996637910529840e-01 9.999996290131120125e-01 9.999996260965655637e-01
1.082966437889248664e+04 9.999996482573032530e-01 9.999996151919725573e-01 9.999996124649406237e-01
1.082968416779643849e+04 9.999996301952803757e-01 9.999995823802205752e-01 9.999995780318106098e-01
1.082970395670039034e+04 9.999996093194630786e-01 9.999995194327804260e-01 9.999995106118850785e-01
1.082972374560434218e+04 9.999995852077727676e-01 9.999993954832108178e-01 9.999993767316843751e-01
1.082974353450829585e+04 9.999995571396358418e-01 9.999991415822990781e-01 9.999991021914305112e-01
1.082976332341224770e+04 9.999995235626216727e-01 9.999986133161388180e-01 9.999985328089638914e-01
1.082978311231620137e+04 9.999994804077626531e-01 9.999975203699597026e-01 9.999973610424889303e-01
1.082980290122015140e+04 9.999994160614583683e-01 9.999953004991833927e-01 9.999949957221460073e-01
1.082982269012410507e+04 9.999992973216815795e-01 9.999909044964004901e-01 9.999903414457038675e-01
1.082984247902805873e+04 9.999990328483220337e-01 9.999824467020062002e-01 9.999814425945739993e-01
1.082986226793201058e+04 9.999983847013471649e-01 9.999666655852448294e-01 9.999649376483240593e-01
1.082988205683596425e+04 9.999967694158881093e-01 9.999381368239267376e-01 9.999352683948488085e-01
1.082990184573991428e+04 9.999928426505683143e-01 9.998881959036687306e-01 9.998836043354378811e-01
1.082992163464386795e+04 9.999836945768970642e-01 9.998035690319757585e-01 9.997964851708605050e-01
1.082994142354781980e+04 9.999634063509983406e-01 9.996647892068074581e-01 9.996542622329722683e-01
1.082996121245177346e+04 9.999206615865119385e-01 9.994445910020008927e-01 9.994295348679277380e-01
1.082998100135572713e+04 9.998351343984480666e-01 9.991066223082730735e-01 9.990859189350906888e-01
1.083000079025967716e+04 9.996725925446939831e-01 9.986049549005356907e-01 9.985776229068860088e-01
1.083002057916363083e+04 9.993791905884482629e-01 9.978849708384831541e-01 9.978503960760393143e-01
1.083004036806758268e+04 9.988763583386859324e-01 9.968861905513690669e-01 9.968443971361095057e-01
1.083006015697153634e+04 9.980588620227898167e-01 9.955474400164929794e-01 9.954993611635296613e-01
1.083007994587548819e+04 9.967994619960077740e-01 9.938144069740301179e-01 9.937620989307301977e-01
1.083009973477944004e+04 9.949631671524765686e-01 9.916491367107724830e-01 9.915958722021654959e-01
1.083011952368339189e+04 9.924316322499142640e-01 9.890404494863450635e-01 9.889906338748541970e-01
1.083013931258734556e+04 9.891341520284161470e-01 9.860137509576486492e-01 9.859726263908132893e-01
1.083015910149129923e+04 9.850779883323199648e-01 9.826383950277427504e-01 9.826115330086870880e-01
1.083017889039525107e+04 9.803699170498768600e-01 9.790307624164981126e-01 9.790233877052313405e-01
1.083019867929920292e+04 9.752235208437802783e-01 9.753515968067444364e-01 9.753678271302979041e-01
1.083021846820315477e+04 9.699505861785159277e-01 9.717968749739398504e-01 9.718389926422132952e-01
1.083023825710710844e+04 9.649371022202564152e-01 9.685824807297951367e-01 9.686503657386782429e-01
1.083025804601106029e+04 9.606060247244119221e-01 9.659240446128922741e-01 9.660148885176466083e-01
1.083027783491501214e+04 9.573646181575330427e-01 9.640143053782275206e-01 9.641226896034797988e-01
1.083029762381896398e+04 9.555469872720997460e-01 9.630010455425007665e-01 9.631194106279146183e-01
1.083031741272291765e+04 9.553646921465136499e-01 9.629688846833417415e-01 9.630883475264669924e-01
1.083033720162687132e+04 9.568692647984822219e-01 9.639278827025571372e-01 9.640392906751368285e-01
1.083035699053082317e+04 9.599400714950200308e-01 9.658110106633716052e-01 9.659060695724187573e-01
1.083037677943477502e+04 9.642899631343599953e-01 9.684812028292462127e-01 9.685534930408241650e-01
1.083039656833872687e+04 9.695057767107961855e-01 9.717471330660222284e-01 9.717928421855543952e-01
1.083041635724268053e+04 9.751057820072440707e-01 9.753853627907715929e-01 9.754036136281759584e-01
1.083043614614663238e+04 9.806101525293249299e-01 9.791654065840048604e-01 9.791581364653552111e-01
1.083045593505058605e+04 9.856142934779222875e-01 9.828738166355718286e-01 9.828452516730540323e-01
1.083047572395453608e+04 9.898449287432843358e-01 9.863337208399131084e-01 9.862895658630635998e-01
1.083049551285848975e+04 9.931828388258400198e-01 9.894172934459330992e-01 9.893638059306243404e-01
1.083051530176244341e+04 9.956478993127720889e-01 9.920501357522377717e-01 9.919932589227236086e-01
1.083053509066639526e+04 9.973567829560801012e-01 9.942081211825580800e-01 9.941528178731849907e-01
1.083055487957034893e+04 9.984719694400530088e-01 9.959085319336430375e-01 9.958583988883656923e-01
1.083057466847429896e+04 9.991587907167801541e-01 9.971980137149840662e-01 9.971551852431519425e-01
1.083059445737825263e+04 9.995588350509085895e-01 9.981399194669016151e-01 9.981052095500062560e-01
1.083061424628220448e+04 9.997795197802005207e-01 9.988031123828280400e-01 9.987763089352218460e-01
1.083063403518615814e+04 9.998949118348050558e-01 9.992534905572328929e-01 9.992337083558979760e-01
1.083065382409010999e+04 9.999521149700364431e-01 9.995486475282974181e-01 9.995346621078310401e-01
1.083067361299406184e+04 9.999789995942371945e-01 9.997354044309842980e-01 9.997259175617666527e-01
1.083069340189801369e+04 9.999909833820496141e-01 9.998495450574815813e-01 9.998433623632955181e-01
1.083071319080196736e+04 9.999960598191279804e-01 9.999169551620217256e-01 9.999130801033805360e-01
1.083073297970592103e+04 9.999981165209935741e-01 9.999554420205039040e-01 9.999531044150139492e-01
1.083075276860987287e+04 9.999989272968882181e-01 9.999766943487231607e-01 9.999753362348369201e-01
1.083077255751382472e+04 9.999992514007148836e-01 9.999880517151482628e-01 9.999872913743743652e-01
1.083079234641777657e+04 9.999993938531194226e-01 9.999939313844803390e-01 9.999935209868123787e-01
1.083081213532173024e+04 9.999994699052958680e-01 9.999968853126376400e-01 9.999966716317987281e-01
1.083083192422568209e+04 9.999995207731111613e-01 9.999983304318417199e-01 9.999982230274481187e-01
1.083085171312963575e+04 9.999995606463910613e-01 9.999990235785343184e-01 9.999989713950085957e-01
1.083087150203358578e+04 9.999995944354559407e-01 9.999993539731085734e-01 9.999993294055029569e-01
1.083089129093753945e+04 9.999996240123925073e-01 9.999995144970769134e-01 9.999995032341070234e-01
1.083091107984149312e+04 9.999996502663484055e-01 9.999995973513852165e-01 9.999995922721737207e-01
1.083093086874544497e+04 9.999996737452760964e-01 9.999996451190430458e-01 9.999996428198213438e-01
1.083095065764939864e+04 9.999996948522009710e-01 9.999996768593332197e-01 9.999996757753105703e-01
1.083097044655334867e+04 9.999997139088085962e-01 9.999997008898025008e-01 9.999997003278946472e-01
1.083099023545730233e+04 9.999997311804518230e-01 9.999997207944614219e-01 9.999997204579488264e-01
1.083101002436125418e+04 9.999997468892974917e-01 9.999997381369475358e-01 9.999997379022489419e-01
1.083102981326520785e+04 9.999997612230310251e-01 9.999997536393788744e-01 9.999997534557401035e-01
1.083104960216915788e+04 9.999997743413086004e-01 9.999997676764382781e-01 9.999997675227313421e-01
1.083106939107311155e+04 9.999997863807628118e-01 9.999997804761362463e-01 9.999997803429996335e-01
1.083108917997706521e+04 9.999997974589630578e-01 9.999997921997342276e-01 9.999997920824521547e-01
1.083110896888101706e+04 9.999998076775831191e-01 9.999998029735968075e-01 9.999998028693487528e-01
1.083112875778497073e+04 9.999998171249592227e-01 9.999998129024473270e-01 9.999998128092640881e-01
1.083114854668892076e+04 9.999998258781738203e-01 9.999998220755159650e-01 9.999998219918754261e-01
1.083116833559287443e+04 9.999998340047587808e-01 9.999998305698932777e-01 9.999998304945570959e-01
1.083118812449682628e+04 9.999998415641057070e-01 9.999998384527275519e-01 9.999998383846574468e-01
1.083120791340077994e+04 9.999998486086297822e-01 9.999998457828203069e-01 9.999998457211385361e-01
1.083122770230473361e+04 9.999998551847446571e-01 9.999998526118980546e-01 9.999998525558552176e-01
1.083124749120868364e+04 9.999998613336807951e-01 9.999998589856353703e-01 9.999998589345860944e-01
1.083126728011263731e+04 9.999998670921720345e-01 9.999998649445063226e-01 9.999998648978962734e-01
1.083128706901658916e+04 9.999998724930382332e-01 9.999998705244982355e-01 9.999998704818450213e-01
1.083130685792054283e+04 9.999998775656823158e-01 9.999998757576996633e-01 9.999998757185845077e-01
1.083132664682449467e+04 9.999998823365119360e-01 9.999998806728154221e-01 9.999998806368720627e-01
1.083134643572844652e+04 9.999998868293021870e-01 9.999998852955853668e-01 9.999998852624933932e-01
1.083136622463239837e+04 9.999998910655079065e-01 9.999998896491552047e-01 9.999998896186328423e-01
1.083138601353635204e+04 9.999998950645326845e-01 9.999998937543880251e-01 9.999998937261856957e-01
1.083140580244030571e+04 9.999998988439616765e-01 9.999998976301324172e-01 9.999998976040312959e-01
1.083142559134425755e+04 9.999999024197648856e-01 9.999999012934559506e-01 9.999999012692611933e-01
1.083144538024820940e+04 9.999999058064712454e-01 9.999999047598460145e-01 9.999999047373833161e-01
1.083146516915216125e+04 9.999999090173278260e-01 9.999999080433831233e-01 9.999999080224990511e-01
1.083148495805611492e+04 9.999999120644292860e-01 9.999999111568969035e-01 9.999999111374527905e-01
1.083150474696006677e+04 9.999999149588387759e-01 9.999999141120945456e-01 9.999999140939670461e-01
1.083152453586402044e+04 9.999999177106952963e-01 9.999999169196809312e-01 9.999999169027594670e-01
1.083154432476797047e+04 9.999999203293002958e-01 9.999999195894613280e-01 9.999999195736452018e-01
1.083156411367192413e+04 9.999999228232044901e-01 9.999999221304285424e-01 9.999999221156281592e-01
1.083158390257587780e+04 9.999999252002782502e-01 9.999999245508462975e-01 9.999999245369807221e-01
1.083160369147982965e+04 9.999999274677748851e-01 9.999999268583191769e-01 9.999999268453146906e-01
1.083162348038378332e+04 9.999999296323902609e-01 9.999999290598530211e-01 9.999999290476433433e-01
1.083164326928773335e+04 9.999999317003116506e-01 9.999999311619154341e-01 9.999999311504395028e-01
1.083166305819168701e+04 9.999999336772660286e-01 9.999999331704806371e-01 9.999999331596850505e-01
1.083168284709563886e+04 9.999999355685580404e-01 9.999999350910793172e-01 9.999999350809126719e-01
1.083170263599959253e+04 9.999999373791101931e-01 9.999999369288317119e-01 9.999999369192484888e-01
1.083172242490354620e+04 9.999999391134929416e-01 9.999999386884891317e-01 9.999999386794479195e-01
1.083174221380749623e+04 9.999999407759559977e-01 9.999999403744647131e-01 9.999999403659267649e-01
1.083176200271144990e+04 9.999999423704541979e-01 9.999999419908595089e-01 9.999999419827904079e-01
1.083178179161540174e+04 9.999999439006740376e-01 9.999999435414912430e-01 9.999999435338590148e-01
1.083180158051935541e+04 9.999999453700522123e-01 9.999999450299172921e-01 9.999999450226926268e-01
1.083182136942330544e+04 9.999999467817979326e-01 9.999999464594555576e-01 9.999999464526110327e-01
1.083184115832725911e+04 9.999999481389099110e-01 9.999999478332033398e-01 9.999999478267145303e-01
1.083186094723121096e+04 9.999999494441946801e-01 9.999999491540544350e-01 9.999999491478974711e-01
1.083188073613516463e+04 9.999999507002770294e-01 9.999999504247126803e-01 9.999999504188639143e-01
1.083190052503911647e+04 9.999999519096194334e-01 9.999999516477000583e-01 9.999999516421351764e-01
1.083192031394306832e+04 9.999999530745292686e-01 9.999999528253492587e-01 9.999999528200361754e-01
1.083194010284702199e+04 9.999999541971738015e-01 9.999999539597715925e-01 9.999999539546556848e-01
1.083195989175097384e+04 9.999999552795877378e-01 9.999999550527582937e-01 9.999999550477359778e-01
1.083197968065492751e+04 9.999999563236851019e-01 9.999999561055761266e-01 9.999999561004477844e-01
1.083199946955887935e+04 9.999999573312668977e-01 9.999999571186000136e-01 9.999999571129962739e-01
1.083201925846283120e+04 9.999999583040284357e-01 9.999999580907483754e-01 9.999999580840357449e-01
1.083203904736678305e+04 9.999999592435667717e-01 9.999999590187711451e-01 9.999999590099624136e-01
1.083205883627073672e+04 9.999999601513891445e-01 9.999999598965862990e-01 9.999999598842953530e-01
1.083207862517468857e+04 9.999999610289164176e-01 9.999999607150079628e-01 9.999999606975028543e-01
1.083209841407864224e+04 9.999999618774926269e-01 9.999999614622793187e-01 9.999999614376673396e-01
1.083211820298259227e+04 9.999999626983843148e-01 9.999999621256696614e-01 9.999999620922030985e-01
1.083213799188654593e+04 9.999999634927921877e-01 9.999999626940004882e-01 9.999999626504295636e-01
1.083215778079049960e+04 9.999999642618505602e-01 9.999999631604734596e-01 9.999999631063327676e-01
