# lambda[A]  T_theo  T_instr  T_rot+instr  (Ly-alpha 1215.67)
1.214099999999999909e+03 9.997139080303034664e-01 9.997130478200267900e-01 9.997130345447218236e-01
1.214114499999999907e+03 9.997101868727101825e-01 9.997101240245405140e-01 9.997101199673464889e-01
1.214129000000000133e+03 9.997063753479881187e-01 9.997063513713863037e-01 9.997063507414525318e-01
1.214143500000000131e+03 9.997024702104742033e-01 9.997024456627505717e-01 9.997024451948666179e-01
1.214157999999999902e+03 9.996984680776463961e-01 9.996984426378938693e-01 9.996984421538951393e-01
1.214172499999999900e+03 9.996943654237330223e-01 9.996943390536996432e-01 9.996943385515105751e-01
1.214187000000000126e+03 9.996901585729529582e-01 9.996901312328617673e-01 9.996901307116548008e-01
1.214201499999999896e+03 9.996858436923619085e-01 9.996858153405158154e-01 9.996858147994196475e-01
1.214215999999999894e+03 9.996814167842671406e-01 9.996813873769331282e-01 9.996813868150292715e-01
1.214230500000000120e+03 9.996768736781819209e-01 9.996768431694637025e-01 9.996768425857838203e-01
1.214245000000000118e+03 9.996722100222791285e-01 9.996721783639795911e-01 9.996721777575025003e-01
1.214259499999999889e+03 9.996674212743034138e-01 9.996673884157761814e-01 9.996673877854221901e-01
1.214273999999999887e+03 9.996625026918922741e-01 9.996624685798796150e-01 9.996624679245081913e-01
1.214288500000000113e+03 9.996574493222624147e-01 9.996574139007214921e-01 9.996574132191268225e-01
1.214302999999999884e+03 9.996522559912041084e-01 9.996522192011145780e-01 9.996522184920202392e-01
1.214317499999999882e+03 9.996469172913194923e-01 9.996468790704782226e-01 9.996468783325321850e-01
1.214332000000000107e+03 9.996414275694475160e-01 9.996413878522418806e-01 9.996413870840116234e-01
1.214346500000000106e+03 9.996357809131972694e-01 9.996357396303616749e-01 9.996357388303270808e-01
1.214360999999999876e+03 9.996299711365134177e-01 9.996299282148612964e-01 9.996299273814084341e-01
1.214375500000000102e+03 9.996239917641882577e-01 9.996239471263224097e-01 9.996239462577370949e-01
1.214390000000000100e+03 9.996178360152266906e-01 9.996177895792217605e-01 9.996177886736810070e-01
1.214404500000000098e+03 9.996114967849594191e-01 9.996114484640170605e-01 9.996114475195791993e-01
1.214418999999999869e+03 9.996049666257890154e-01 9.996049163278607486e-01 9.996049153424590994e-01
1.214433500000000095e+03 9.995982377264532870e-01 9.995981853538286055e-01 9.995981843252585985e-01
1.214448000000000093e+03 9.995913018896559477e-01 9.995912473385136776e-01 9.995912462644229723e-01
1.214462499999999864e+03 9.995841505079280376e-01 9.995840936678435096e-01 9.995840925457183390e-01
1.214477000000000089e+03 9.995767745375401248e-01 9.995767152909479369e-01 9.995767141181017834e-01
1.214491500000000087e+03 9.995691644702957568e-01 9.995691026918995803e-01 9.995691014654563000e-01
1.214506000000000085e+03 9.995613103029916680e-01 9.995612458591184302e-01 9.995612445759964881e-01
1.214520499999999856e+03 9.995532015043272489e-01 9.995531342522174789e-01 9.995531329091132955e-01
1.214535000000000082e+03 9.995448269790105922e-01 9.995447567660381560e-01 9.995447553594041246e-01
1.214549500000000080e+03 9.995361750287835578e-01 9.995361016915961239e-01 9.995361002176208487e-01
1.214563999999999851e+03 9.995272333100528872e-01 9.995271566736269042e-01 9.995271551282094435e-01
1.214578500000000076e+03 9.995179887877843061e-01 9.995179086643772859e-01 9.995179070431022827e-01
1.214593000000000075e+03 9.995084276852660432e-01 9.995083438732615955e-01 9.995083421713681915e-01
1.214607500000000073e+03 9.994985354293032254e-01 9.994984477119281951e-01 9.994984459242781671e-01
1.214621999999999844e+03 9.994882965903525429e-01 9.994882047342545928e-01 9.994882028552953823e-01
1.214636500000000069e+03 9.994776948170334130e-01 9.994775985706974009e-01 9.994775965944215912e-01
1.214651000000000067e+03 9.994667127643903637e-01 9.994666118563738655e-01 9.994666097762741064e-01
1.214665499999999838e+03 9.994553320151821074e-01 9.994552261521442160e-01 9.994552239611629307e-01
1.214680000000000064e+03 9.994435329933906154e-01 9.994434218578854834e-01 9.994434195483571370e-01
1.214694500000000062e+03 9.994312948690147191e-01 9.994311781170178710e-01 9.994311756806064651e-01
1.214709000000000060e+03 9.994185954530965255e-01 9.994184727112237487e-01 9.994184701388509895e-01
1.214723499999999831e+03 9.994054110817657266e-01 9.994052819441441304e-01 9.994052792259093820e-01
1.214738000000000056e+03 9.993917164879274617e-01 9.993915805126627472e-01 9.993915776377514382e-01
1.214752500000000055e+03 9.993774846590001149e-01 9.993773413641847680e-01 9.993773383207670280e-01
1.214766999999999825e+03 9.993626866788938301e-01 9.993625355380880704e-01 9.993625323132018234e-01
1.214781500000000051e+03 9.993472915521428579e-01 9.993471319892468507e-01 9.993471285686675865e-01
1.214796000000000049e+03 9.993312660077933174e-01 9.993310973912213901e-01 9.993310937593112842e-01
1.214810500000000047e+03 9.993145742802870268e-01 9.993143959163361956e-01 9.993143920558748006e-01
1.214825000000000273e+03 9.992971778641616121e-01 9.992969889894522950e-01 9.992969848814420297e-01
1.214839500000000044e+03 9.992790352389068209e-01 9.992788350117496332e-01 9.992788306351946259e-01
1.214854000000000042e+03 9.992601015597334380e-01 9.992598890502559783e-01 9.992598843819072707e-01
1.214868500000000040e+03 9.992403283093629351e-01 9.992401024882027194e-01 9.992400975022677212e-01
1.214883000000000038e+03 9.992196629051771639e-01 9.992194226305090021e-01 9.992194172983157596e-01
1.214897500000000036e+03 9.991980482551491294e-01 9.991977922577793825e-01 9.991977865473913312e-01
1.214912000000000035e+03 9.991754222549319442e-01 9.991751491211499081e-01 9.991751429969190079e-01
1.214926500000000260e+03 9.991517172172460493e-01 9.991514253690561009e-01 9.991514187911075817e-01
1.214941000000000031e+03 9.991268592232293022e-01 9.991265468955297102e-01 9.991265398191639946e-01
1.214955500000000029e+03 9.991007673836987957e-01 9.991004325978908307e-01 9.991004249728874242e-01
1.214970000000000027e+03 9.990733529962361192e-01 9.990729935296409625e-01 9.990729852994466587e-01
1.214984500000000025e+03 9.990445185815496343e-01 9.990441319318993374e-01 9.990441230326795319e-01
1.214999000000000024e+03 9.990141567796754218e-01 9.990137401237785264e-01 9.990137304833048848e-01
1.215013500000000022e+03 9.989821490830346207e-01 9.989816992285434072e-01 9.989816887648829136e-01
1.215028000000000247e+03 9.989483643791260414e-01 9.989478777080702532e-01 9.989478663280405568e-01
1.215042500000000018e+03 9.989126572703782569e-01 9.989121296728260546e-01 9.989121172701604934e-01
1.215057000000000016e+03 9.988748661322162103e-01 9.988742929280119975e-01 9.988742793811762333e-01
1.215071500000000015e+03 9.988348108623263943e-01 9.988341867082959347e-01 9.988341718778757095e-01
1.215086000000000013e+03 9.987922902638241007e-01 9.987916090431036009e-01 9.987915927686585871e-01
1.215100500000000011e+03 9.987470789918617697e-01 9.987463336809717651e-01 9.987463157772267230e-01
1.215115000000000009e+03 9.986989239759940240e-01 9.986981064838225119e-01 9.986980867360197855e-01
1.215129500000000235e+03 9.986475402076757657e-01 9.986466411783784247e-01 9.986466193365535204e-01
1.215144000000000005e+03 9.985926057508851539e-01 9.985916143193562799e-01 9.985915900912063492e-01
1.215158500000000004e+03 9.985337557894323757e-01 9.985326592723851036e-01 9.985326323142369453e-01
1.215173000000000002e+03 9.984705754583772519e-01 9.984693589526284496e-01 9.984693288575900993e-01
1.215187500000000000e+03 9.984025910994669406e-01 9.984012369027812639e-01 9.984012031810188814e-01
1.215201999999999998e+03 9.983292593375467927e-01 9.983277451732651686e-01 9.983277071528172675e-01
1.215216499999999996e+03 9.982499511934137537e-01 9.982482302302084776e-01 9.982481859683290937e-01
1.215231000000000222e+03 9.981638863330711819e-01 9.981616395476143877e-01 9.981615755683097557e-01
1.215245499999999993e+03 9.980693542683775066e-01 9.980638149654837976e-01 9.980636374254407972e-01
1.215259999999999991e+03 9.979557679427288885e-01 9.979293683501432310e-01 9.979285854426510616e-01
1.215274499999999989e+03 9.977502755998581829e-01 9.976312675761013216e-01 9.976280006453884797e-01
1.215289000000000215e+03 9.971035872914804088e-01 9.967353971142023372e-01 9.967249492072017825e-01
1.215303499999999985e+03 9.950105379802864913e-01 9.943734376313624335e-01 9.943547468331427330e-01
1.215317999999999984e+03 9.902526949237960840e-01 9.901591745387280374e-01 9.901576322507792405e-01
1.215332500000000209e+03 9.849181635820863923e-01 9.864036063744026084e-01 9.864446098959188669e-01
1.215346999999999980e+03 9.858283800770394345e-01 9.869305042843684594e-01 9.869619698694435117e-01
1.215361499999999978e+03 9.913049093350325691e-01 9.908938290817506100e-01 9.908834701932950351e-01
1.215376000000000204e+03 9.949000548272532995e-01 9.942943172244533834e-01 9.942764904922434255e-01
1.215390500000000202e+03 9.960122527150785388e-01 9.957281634339330001e-01 9.957200150418504814e-01
1.215404999999999973e+03 9.960282256530099687e-01 9.959414468723664093e-01 9.959389510693708036e-01
1.215419499999999971e+03 9.957263864549993349e-01 9.956981613715700785e-01 9.956972961068325523e-01
1.215434000000000196e+03 9.953215458829407503e-01 9.953014894763173581e-01 9.953008822091810037e-01
1.215448499999999967e+03 9.948392923048134939e-01 9.948158239252721247e-01 9.948151188404489309e-01
1.215462999999999965e+03 9.942648744222132295e-01 9.942343748952576776e-01 9.942334389800102645e-01
1.215477500000000191e+03 9.935709867869988443e-01 9.935266001793433555e-01 9.935251753877049063e-01
1.215492000000000189e+03 9.927074391185207736e-01 9.926123647547221429e-01 9.926093893935366008e-01
1.215506499999999960e+03 9.914989765379008668e-01 9.911854258399407369e-01 9.911782893165974606e-01
1.215520999999999958e+03 9.890775061529967216e-01 9.884277440222163369e-01 9.884149782794467987e-01
1.215535500000000184e+03 9.839708101088234793e-01 9.835541277401597116e-01 9.835334312772252563e-01
1.215549999999999955e+03 9.774085992887774355e-01 9.762288576458538758e-01 9.761769081305450291e-01
1.215564499999999953e+03 9.662850059987616591e-01 9.636856052577150722e-01 9.635284451596963784e-01
1.215579000000000178e+03 9.453120508637499197e-01 9.387334333504843142e-01 9.381832365018025754e-01
1.215593500000000176e+03 8.998861921049182699e-01 8.815269345363048181e-01 8.801409951902943174e-01
1.215607999999999947e+03 7.802160710647328967e-01 7.609192268764525258e-01 7.598415191485143882e-01
1.215622499999999945e+03 5.734679961171135210e-01 6.072159342013234706e-01 6.086709442696327521e-01
1.215637000000000171e+03 5.142731722513128600e-01 5.293721759105419755e-01 5.308122006250859393e-01
1.215651499999999942e+03 5.134307182649109347e-01 5.142699570833185740e-01 5.146258879347840320e-01
1.215665999999999940e+03 5.133893778242589745e-01 5.134168119576995037e-01 5.134414607825041887e-01
1.215680500000000166e+03 5.134042089144185139e-01 5.135146863864700206e-01 5.135959461630685841e-01
1.215695000000000164e+03 5.134550167725570047e-01 5.167982611058073994e-01 5.175739449591694186e-01
1.215709499999999935e+03 5.218065282735382393e-01 5.522833150186625684e-01 5.541167161849234191e-01
1.215723999999999933e+03 6.594225733264972300e-01 6.711165524093420931e-01 6.714324636967428095e-01
1.215738500000000158e+03 8.467610362498149135e-01 8.214988731599954797e-01 8.199968303380782420e-01
1.215753000000000156e+03 9.244768725455636549e-01 9.124701863077273600e-01 9.114503842521570753e-01
1.215767499999999927e+03 9.561607438216158661e-01 9.518916790713142229e-01 9.515723556250088588e-01
1.215782000000000153e+03 9.719281800056035481e-01 9.700684280213652810e-01 9.699736001367625926e-01
1.215796500000000151e+03 9.805457237457312347e-01 9.798157836551847355e-01 9.797819631641176974e-01
1.215810999999999922e+03 9.864416001721161287e-01 9.859369708454468473e-01 9.859208687751069844e-01
1.215825500000000147e+03 9.903916892182638154e-01 9.898424063898979552e-01 9.898321063489052829e-01
1.215840000000000146e+03 9.920890485133663228e-01 9.919043502604337759e-01 9.918993435078797827e-01
1.215854500000000144e+03 9.931058067203345496e-01 9.930420624301931065e-01 9.930399917368514240e-01
1.215868999999999915e+03 9.938865309273404725e-01 9.938497546948839023e-01 9.938485993077185165e-01
1.215883500000000140e+03 9.945245404854763382e-01 9.944975607815949026e-01 9.944967432981044464e-01
1.215898000000000138e+03 9.950565407826041930e-01 9.950355774071405479e-01 9.950349550592321179e-01
1.215912499999999909e+03 9.955059929988042677e-01 9.954893543332670180e-01 9.954888681789890725e-01
1.215927000000000135e+03 9.958898871924258822e-01 9.958764811754764468e-01 9.958760950374243581e-01
1.215941500000000133e+03 9.962209410058590064e-01 9.962100003761487077e-01 9.962096893890459715e-01
1.215956000000000131e+03 9.965088593936491934e-01 9.964998294212562557e-01 9.964995758883544719e-01
1.215970499999999902e+03 9.967611669358011905e-01 9.967536384971307228e-01 9.967534295509158371e-01
1.215985000000000127e+03 9.969837791233794322e-01 9.969774453333650754e-01 9.969772714493121413e-01
1.215999500000000126e+03 9.971814038463839847e-01 9.971760310809486549e-01 9.971758850976474298e-01
1.216013999999999896e+03 9.973578292860126870e-01 9.973532373680094043e-01 9.973531138253582951e-01
1.216028500000000122e+03 9.975161340666756082e-01 9.975121824319158614e-01 9.975120771147566456e-01
1.216043000000000120e+03 9.976588430907015193e-01 9.976554209415536834e-01 9.976553305590162291e-01
1.216057500000000118e+03 9.977880446870428521e-01 9.977850638611042156e-01 9.977849858174636655e-01
1.216071999999999889e+03 9.979054797250350717e-01 9.979028694509254338e-01 9.979028016793467515e-01
1.216086500000000115e+03 9.980126101015751594e-01 9.980103130923986265e-01 9.980102539326674016e-01
1.216101000000000113e+03 9.981106718566118419e-01 9.981086413686620640e-01 9.981085894761894117e-01
1.216115499999999884e+03 9.982007167111743851e-01 9.981989143097508288e-01 9.981988685871260314e-01
1.216130000000000109e+03 9.982836448089352777e-01 9.982820386584768668e-01 9.982819982034942807e-01
1.216144500000000107e+03 9.983602307242678275e-01 9.983587942709145624e-01 9.983587583367639073e-01
1.216159000000000106e+03 9.984311442813293969e-01 9.984298552312239616e-01 9.984298231957515757e-01
1.216173499999999876e+03 9.984969673484077601e-01 9.984958068701433875e-01 9.984957782119305847e-01
1.216188000000000102e+03 9.985582074900796190e-01 9.985571595877976714e-01 9.985571338674036346e-01
1.216202500000000100e+03 9.986153091491641876e-01 9.986143601661807701e-01 9.986143370113313988e-01
1.216217000000000098e+03 9.986686628725355286e-01 9.986678010952949602e-01 9.986677801890955219e-01
1.216231500000000096e+03 9.987186129759242359e-01 9.987178283154954928e-01 9.987178093869868434e-01
1.216246000000000095e+03 9.987654639531575729e-01 9.987647476870419316e-01 9.987647305035814993e-01
1.216260500000000093e+03 9.988094858674272380e-01 9.988088304286119046e-01 9.988088147896847513e-01
1.216274999999999864e+03 9.988509189107330766e-01 9.988503177140506395e-01 9.988503034462108410e-01
1.216289500000000089e+03 9.988899772785120312e-01 9.988894245766941626e-01 9.988894115294045806e-01
1.216304000000000087e+03 9.989268524764735036e-01 9.989263432400535825e-01 9.989263312822457275e-01
1.216318500000000085e+03 9.989617161536618051e-01 9.989612459701818770e-01 9.989612349873943087e-01
1.216333000000000084e+03 9.989947225378492668e-01 9.989942875268362776e-01 9.989942774188250718e-01
1.216347500000000082e+03 9.990260105354399345e-01 9.990256072763507023e-01 9.990255979550830556e-01
1.216362000000000080e+03 9.990557055470327130e-01 9.990553310179458579e-01 9.990553224059105508e-01
1.216376500000000306e+03 9.990839210410357163e-01 9.990835725663104183e-01 9.990835645950861821e-01
1.216391000000000076e+03 9.991107599207001977e-01 9.991104351261469452e-01 9.991104277351899876e-01
1.216405500000000075e+03 9.991363157142211238e-01 9.991360124886117244e-01 9.991360056242203358e-01
1.216420000000000073e+03 9.991606736129077238e-01 9.991603900748454725e-01 9.991603836892769541e-01
1.216434500000000071e+03 9.991839113785832005e-01 9.991836458479270711e-01 9.991836398986403411e-01
1.216449000000000069e+03 9.992061001381798979e-01 9.992058511113535157e-01 9.992058455603607392e-01
1.216463500000000067e+03 9.992273050808695434e-01 9.992270712094817320e-01 9.992270660227867696e-01
1.216478000000000293e+03 9.992475860707912272e-01 9.992473661431007237e-01 9.992473612902156299e-01
1.216492500000000064e+03 9.992669981866050266e-01 9.992667911114200274e-01 9.992667865649479397e-01
1.216507000000000062e+03 9.992855921974890254e-01 9.992853969901629441e-01 9.992853927254352620e-01
1.216521500000000060e+03 9.993034149838437852e-01 9.993032307540756776e-01 9.993032267488370923e-01
1.216536000000000058e+03 9.993205099098344535e-01 9.993203358510230894e-01 9.993203320851560267e-01
1.216550500000000056e+03 9.993369171538990514e-01 9.993367525338429092e-01 9.993367489891307187e-01
1.216565000000000055e+03 9.993526740025467925e-01 9.993525181553039038e-01 9.993525148152195836e-01
1.216579500000000280e+03 9.993678151120061193e-01 9.993676674307586660e-01 9.993676642802821197e-01
1.216594000000000051e+03 9.993823727417097125e-01 9.993822326725015914e-01 9.993822296979590902e-01
1.216608500000000049e+03 9.993963769630480609e-01 9.993962439992767344e-01 9.993962411881998076e-01
1.216623000000000047e+03 9.994098558463769821e-01 9.994097295239423584e-01 9.994097268649424493e-01
1.216637500000000273e+03 9.994228356288694659e-01 9.994227155218946557e-01 9.994227130045542085e-01
1.216652000000000044e+03 9.994353408654694793e-01 9.994352265825156012e-01 9.994352241972899176e-01
1.216666500000000042e+03 9.994473945649022806e-01 9.994472857456203618e-01 9.994472834837524466e-01
1.216681000000000267e+03 9.994590183124616445e-01 9.994589146246176670e-01 9.994589124780611789e-01
1.216695500000000038e+03 9.994702323810520372e-01 9.994701335178868273e-01 9.994701314792383551e-01
1.216710000000000036e+03 9.994810558318032445e-01 9.994809615096783562e-01 9.994809595721165785e-01
1.216724500000000035e+03 9.994915066053881025e-01 9.994914165616842761e-01 9.994914147189173370e-01
1.216739000000000260e+03 9.995016016050457530e-01 9.995015155962857500e-01 9.995015138425011880e-01
1.216753500000000031e+03 9.995113567721867209e-01 9.995112745723517822e-01 9.995112729021744524e-01
1.216768000000000029e+03 9.995207871553525303e-01 9.995207085543708070e-01 9.995207069628241348e-01
1.216782500000000255e+03 9.995299069732047625e-01 9.995298317755919593e-01 9.995298302580623018e-01
1.216797000000000025e+03 9.995387296721438553e-01 9.995386576957769886e-01 9.995386562479829928e-01
1.216811500000000024e+03 9.995472679790899928e-01 9.995471990541014984e-01 9.995471976720655682e-01
1.216826000000000249e+03 9.995555339498896075e-01 9.995554679176654744e-01 9.995554665976881248e-01
1.216840500000000247e+03 9.995635390137697085e-01 9.995634757260419834e-01 9.995634744646796355e-01
1.216855000000000018e+03 9.995712940142073011e-01 9.995712333322307463e-01 9.995712321262736344e-01
1.216869500000000016e+03 9.995788092465459629e-01 9.995787510403498777e-01 9.995787498868037302e-01
1.216884000000000242e+03 9.995860944926570069e-01 9.995860386403634390e-01 9.995860375364322703e-01
1.216898500000000013e+03 9.995931590529075761e-01 9.995931054401102633e-01 9.995931043831800533e-01
1.216913000000000011e+03 9.996000117756778103e-01 9.995999602948764107e-01 9.995999592825018931e-01
1.216927500000000236e+03 9.996066610846399136e-01 9.996066116347221975e-01 9.996066106646127603e-01
1.216942000000000235e+03 9.996131150039931912e-01 9.996130674897615309e-01 9.996130665597687814e-01
1.216956500000000005e+03 9.996193811818309127e-01 9.996193355131306468e-01 9.996193346192070450e-01
1.216971000000000004e+03 9.996254669117997649e-01 9.996254225665264226e-01 9.996254214269266747e-01
1.216985500000000229e+03 9.996313791531896698e-01 9.996312754877265672e-01 9.996312689512802940e-01
1.217000000000000000e+03 9.996371245495955238e-01 9.996357960984396662e-01 9.996357750285742583e-01
