# EXHALE lower-atmosphere profile (docs/phase_e_flux_closure_design.md section 2)
# solution_id 4a8747711ba6db73de3709dc66993aa068cd5ac3e948606550599847028aed14
# source_code photochem
# source_version photochem 0.8.4, photochem_to_lower_profile.py
# mechanism zahnle_HHeNOC_rxns.yaml sha256 908cc51ef08cfce6
# stellar_flux lhs1140_sed_gj1132_at_b.txt sha256 37a95348aeb58b91 dilution 1.000000E+00
# p_match_bar 9.99999999999999955E-07
# p_top_bar 1.09297576397662759E-08
# p_deep_bar 1.67309812445471593E+01
# trial_flux_H 4.62447271507548168E+06
# trial_flux_He 6.21115929536282122E+07
# measured_flux_H 4.62481939787148777E+06
# measured_flux_He 6.21162564132780731E+07
# iteration 2
# reached_steady_state T
# notes F_H and F_He columns are the STATED trial fluxes; the header measured_flux_* are what the solution carries across its own top. measured elemental escape at the model top (r_top = 1.143259e+09 cm): H 4.624819e+06 g/s, He 6.211626e+07 g/s; imposed H 4.624473e+06, He 6.211159e+07; atomic-H share of the hydrogen nuclei at the top 2.509e-55 imposed, 2.333e-04 converged. climate solved: deep boundary 20 bar at 397.9 K, background He, tropopause 2.889 bar at 185.5 K, cold-trap f_H2O 5.130e-08 (deep 4.217e-05). cold trap at the match: O/H gas 1.0609e-06 vs all-carrier 1.0609e-06; C/H gas 2.7780e-04 vs all-carrier 2.7780e-04; N/H gas 8.1909e-05 vs all-carrier 8.1909e-05; chemistry q_H2O at the tropopause (2.889 bar) 1.0958e-07, at the match 6.9658e-08.
# units p[bar] r[R_J] T[K] n_tot[cm^-3] rho[g/cm^3] Kzz[cm^2/s] q_*[-] X_*[El/H nuclei] F_*[g/s]
# columns: p r T n_tot rho Kzz q_H2 q_H X_He X_C X_N X_O F_H F_He q_H2O q_CO q_CO2 q_CH4 q_NH3 q_HCN q_N2 q_OH q_C2H2
  1.67309812445471593E+01   1.56599674960705953E-01   3.70883201248935620E+02   3.26738993436736946E+20   2.13475500001827478E-03   1.00000000000000000E+09   3.46940470910879761E-02   3.49070057335782151E-30   1.38749998756114490E+01   2.77587997518558081E-04   8.18494876046510142E-05   6.06177994565677380E-04   4.62447271507548168E+06   6.21115929536282122E+07   4.21698387083239038E-05   1.17295976751880676E-25   5.78874313498980022E-25   1.93108974388118932E-05   5.69398728939023822E-06   8.81249688405655687E-33   8.16136691422947090E-12   2.24955197917655071E-41   1.17072281828194855E-49
  1.57040344404972476E+01   1.56637368231537621E-01   3.62235045644984666E+02   3.14005670635396923E+20   2.05156160994443386E-03   1.00000000000000000E+09   3.46940470911339532E-02   5.69604135945744855E-31   1.38749998756496158E+01   2.77587997518539378E-04   8.18493730895452287E-05   6.06177994567341197E-04   4.62447271507548168E+06   6.21115929536282122E+07   4.21698387084956617E-05   1.17295976752036154E-25   2.60784686992855115E-24   1.93108974388374702E-05   5.69398728939778444E-06   8.81249688406822432E-33   4.17814451587557139E-12   2.15576676730889538E-42   5.37889399275372819E-51
  1.39218395726436839E+01   1.56706641669767860E-01   3.45793275176144277E+02   2.91606230636877611E+20   1.90521434536596447E-03   1.00000000000000000E+09   3.46940477362567903E-02   4.11103749294796940E-14   1.38750072864079641E+01   2.77588145778343064E-04   8.18494168052724880E-05   6.05911263248402996E-04   4.62447271507548168E+06   6.21115929536282122E+07   4.21512613444072732E-05   1.24192429141325782E-17   3.94511190304353434E-22   1.93108976856849312E-05   5.69398696548993325E-06   1.32954636097973048E-15   4.30884378902276783E-12   6.03057066831782322E-26   3.41147159340229625E-15
  1.22692281243209198E+01   1.56775915091150159E-01   3.28548891360121502E+02   2.70479249499639316E+20   1.76718056642304077E-03   1.00000000000000000E+09   3.46940492878384174E-02   8.58067977949309486E-14   1.38750251187867590E+01   2.77588502536467734E-04   8.18495219986432122E-05   6.05269433303245248E-04   4.62447271507548168E+06   6.21115929536282122E+07   4.21065591040126395E-05   2.57941211344542518E-17   8.16832845406974696E-22   1.93108984283831823E-05   5.69398675699185002E-06   2.76229269607873778E-15   4.44967215198143885E-12   4.02472433847130066E-26   7.09036540180579424E-15
  1.07420861311302929E+01   1.56845188492184512E-01   3.11944099613496121E+02   2.49418447808242713E+20   1.62957882931001456E-03   1.00000000000000000E+09   3.46940531403394023E-02   1.36172497403252657E-13   1.38750694058018613E+01   2.77589388554841962E-04   8.18497832492602449E-05   6.03675438770610796E-04   4.62447271507548168E+06   6.21115929536282122E+07   4.19955408831600789E-05   4.02343280218295473E-17   1.27359064244284216E-21   1.93109004419491930E-05   5.69398688835425703E-06   4.31187339655797166E-15   4.60192846095450701E-12   1.97131877300584595E-26   1.10780707293272125E-14
  9.33805161627247315E+00   1.56914461862246113E-01   2.95332679169129790E+02   2.29013709976833982E+20   1.49626266916761471E-03   1.00000000000000000E+09   3.46940630370658892E-02   1.95501601909991477E-13   1.38751831877700926E+01   2.77591664912733426E-04   8.18504544542612074E-05   5.99580157571095551E-04   4.62447271507548168E+06   6.21115929536282122E+07   4.17103166723598287E-05   5.58905888887117973E-17   1.77009956450556983E-21   1.93109058084425687E-05   5.69398796809904654E-06   5.99631900386744557E-15   4.76732374417949563E-12   9.40499372751928703E-27   1.54294322495549814E-14
  8.05159961240925881E+00   1.56983735155265092E-01   2.78024764353702324E+02   2.09756489624957878E+20   1.37044176697650338E-03   1.00000000000000000E+09   3.46940893459295116E-02   2.67847337603086670E-13   1.38754856809056832E+01   2.77597716690559200E-04   8.18522388765344130E-05   5.88692718332596240E-04   4.62447271507548168E+06   6.21115929536282122E+07   4.09520607216146094E-05   7.29225085274693783E-17   2.31164171181068130E-21   1.93109202972109691E-05   5.69399169201533634E-06   7.83354631199629331E-15   4.94754109203113299E-12   7.35157177776505394E-27   2.01999636449413824E-14
  6.87974494208024012E+00   1.57053008270571698E-01   2.61817365687063841E+02   1.90322706985451848E+20   1.24346202281769964E-03   1.00000000000000000E+09   3.46941621230766467E-02   3.57246111676238823E-13   1.38763225368574350E+01   2.77614459113359067E-04   8.18571755337564204E-05   5.58572306477524909E-04   4.62447271507548168E+06   6.21115929536282122E+07   3.88544902100885161E-05   9.15651630819225223E-17   2.90593455337925293E-21   1.93109606351182762E-05   5.69400298443991403E-06   9.84973412968818149E-15   5.14506017408221927E-12   1.13868594338297066E-26   2.54664548148178420E-14
  5.81855702891889148E+00   1.57122280877349946E-01   2.44569490249381630E+02   1.72317638489508708E+20   1.12580278265561498E-03   1.00000000000000000E+09   3.46943705310044162E-02   4.67793843939225912E-13   1.38787195522311926E+01   2.77662414619262560E-04   8.18713156554837148E-05   4.72298093907122377E-04   4.62447271507548168E+06   6.21115929536282122E+07   3.28477481860529132E-05   1.12083779024856912E-16   3.56181595255402676E-21   1.93110764474853070E-05   5.69403646897855236E-06   1.20748641292149296E-14   5.36272372193624107E-12   2.09698745213741930E-26   3.13151104210335396E-14
  4.86389377607231488E+00   1.57191552078348645E-01   2.28357386571936814E+02   1.54271511607723065E+20   1.00784022337132868E-03   1.00000000000000000E+09   3.46949649823854803E-02   6.05688660377169046E-13   1.38855610805442513E+01   2.77799288571923370E-04   8.19116741987043064E-05   2.26055425227270648E-04   4.62447271507548168E+06   6.21115929536282122E+07   1.57143981353098552E-05   1.34834105150697715E-16   4.29077731468717959E-21   1.93114071116712774E-05   5.69413323062245813E-06   1.45479210729162631E-14   5.60425981544330338E-12   2.34817966075578594E-26   3.78537761984999710E-14
  4.01162448625214818E+00   1.57260823854793591E-01   2.11192343512380319E+02   1.37581113936759767E+20   8.98763617841822206E-04   1.00000000000000000E+09   3.46953955444390602E-02   7.80508604763825411E-13   1.38905204723883564E+01   2.77898507857502093E-04   8.19409299171454755E-05   4.75552669650201328E-05   4.62447271507548168E+06   6.21115929536282122E+07   3.30469775305400099E-06   1.60254759329700818E-16   5.10693256670145107E-21   1.93116465277693454E-05   5.69420299893766771E-06   1.73167880369482978E-14   5.87415300975013346E-12   1.31296595727249022E-26   4.52120950672849432E-14
  3.25948739920938024E+00   1.57330096838451172E-01   1.96274252962865461E+02   1.20282567751480984E+20   7.85751354656127822E-04   1.00000000000000000E+09   3.46954896149402614E-02   1.00749291156390968E-12   1.38916044583874800E+01   2.77920194446290851E-04   8.19473244071241088E-05   8.54006376131041463E-06   4.62447271507548168E+06   6.21115929536282122E+07   5.93419097443563132E-07   1.89020997765778215E-16   6.03211843981110441E-21   1.93116986178846510E-05   5.69421742271630308E-06   2.04555482166486810E-14   6.17946735199672131E-12   6.40680033779503889E-27   5.35860643879072645E-14
  2.61214606955170803E+00   1.57399370086205970E-01   1.85509839118818888E+02   1.01987566024649163E+20   6.66237268450100011E-04   1.00000000000000000E+09   3.46955064032868077E-02   1.31145403529820247E-12   1.38917979155475741E+01   2.77924064809567033E-04   8.19484656192011362E-05   1.57708450728966211E-06   4.62447271507548168E+06   6.21115929536282122E+07   1.09584596715892502E-07   2.22434917428019597E-16   7.10843955027773619E-21   1.93117076469561140E-05   5.69421899722896892E-06   2.41070449578530674E-14   6.53396794520997994E-12   3.06012090105395253E-27   6.33530480415596504E-14
  2.08038175070590015E+00   1.57468643377605133E-01   1.85509839118818888E+02   8.12255767890522112E+19   5.30608794551406561E-04   1.00000000000000000E+09   3.46955076483451696E-02   1.73768605039819051E-12   1.38918122428382063E+01   2.77924351436947771E-04   8.19485501337686404E-05   1.06140812791530429E-06   4.62447271507548168E+06   6.21115929536282122E+07   7.37524594657015285E-08   2.63199155865505863E-16   8.42336432093494363E-21   1.93117079530867400E-05   5.69421775889158168E-06   2.85680213838007741E-14   6.96624342091843718E-12   3.20389150813161221E-27   7.53034104946001838E-14
  1.65720245379313491E+00   1.57537916660408311E-01   1.85509839118818888E+02   6.47031368737521828E+19   4.22675403701747014E-04   1.00000000000000000E+09   3.46955076506271221E-02   2.34203711725793999E-12   1.38918122427144599E+01   2.77924351422794433E-04   8.19485501294059735E-05   1.06140812785646133E-06   4.62447271507548168E+06   6.21115929536282122E+07   7.37524581205164744E-08   3.14363049522031926E-16   1.00760125163877683E-20   1.93117074664230962E-05   5.69421594579737328E-06   3.41747484932998901E-14   7.50853242979422443E-12   4.68454043711025958E-27   9.03442594227519789E-14
  1.32036784917933581E+00   1.57607189930556640E-01   1.85509839118818888E+02   5.15519039171158671E+19   3.36764534959572114E-04   1.00000000000000000E+09   3.46955076534488302E-02   3.18927986901281447E-12   1.38918122425592898E+01   2.77924351405030540E-04   8.19485501239302104E-05   1.06140812778260196E-06   4.62447271507548168E+06   6.21115929536282122E+07   7.37524564301791528E-08   3.78565485059975350E-16   1.21527036922344808E-20   1.93117068526786352E-05   5.69421366710901671E-06   4.12200715224308463E-14   8.18866276540618553E-12   7.04054420629787944E-27   1.09269756258408887E-13
  1.05220664510621775E+00   1.57676463187980259E-01   1.85509839118818888E+02   4.10819272092856893E+19   2.68369062257801960E-04   1.00000000000000000E+09   3.46955076569348125E-02   4.36695951331435358E-12   1.38918122423647628E+01   2.77924351382739072E-04   8.19485501170588216E-05   1.06140812768991200E-06   4.62447271507548168E+06   6.21115929536282122E+07   7.37524543065593058E-08   4.59109342264552531E-16   1.47617119577145905E-20   1.93117060786610664E-05   5.69421080395313225E-06   5.00713180428897340E-14   9.04141858718521946E-12   1.09185892980577931E-26   1.33077539851186086E-13
  8.38675105046816749E-01   1.57745736432856387E-01   1.85509839118818888E+02   3.27448888277029110E+19   2.13907080445093455E-04   1.00000000000000000E+09   3.46955076612374264E-02   5.99223292699867907E-12   1.38918122421209294E+01   2.77924351354772023E-04   8.19485501084377880E-05   1.06140812757361649E-06   4.62447271507548168E+06   6.21115929536282122E+07   7.37524516391336130E-08   5.60127068718214455E-16   1.80388228995422155E-20   1.93117051024274528E-05   5.69420720741257793E-06   6.11891502331035041E-14   1.01102559444311134E-11   1.74115035778331883E-26   1.63020724337354679E-13
  6.68610143978404681E-01   1.57815009664976580E-01   1.85509839118818888E+02   2.61049418325409219E+19   1.70531404823057045E-04   1.00000000000000000E+09   3.46955076665431753E-02   8.22056224013935758E-12   1.38918122418153640E+01   2.77924351319690927E-04   8.19485500976238200E-05   1.06140812742773370E-06   4.62447271507548168E+06   6.21115929536282122E+07   7.37524482893235400E-08   6.86786978704411250E-16   2.21542896991355726E-20   1.93117038709560359E-05   5.69420269088968599E-06   7.51511639929563105E-14   1.14494321388404692E-11   2.81203674118982475E-26   2.00673193270190557E-13
  5.33136669959254683E-01   1.57884282884877658E-01   1.85509839118818888E+02   2.08155707528876933E+19   1.35978411499028840E-04   1.00000000000000000E+09   3.46955076730808137E-02   1.12566252763946923E-11   1.38918122414325307E+01   2.77924351275696062E-04   8.19485500840617926E-05   1.06140812724477374E-06   4.62447271507548168E+06   6.21115929536282122E+07   7.37524440834089955E-08   8.45550295765700984E-16   2.73215393888046799E-20   1.93117023171833343E-05   5.69419702052198261E-06   9.26814255197406712E-14   1.31266465962700331E-11   4.57606509150408765E-26   2.48011561667879542E-13
  4.25197222692699439E-01   1.57953556091898095E-01   1.85509839118818888E+02   1.66012269866330010E+19   1.08448070022174720E-04   1.00000000000000000E+09   3.46955076811315336E-02   1.53679131748197836E-11   1.38918122409529676E+01   2.77924351220533048E-04   8.19485500670568675E-05   1.06140812701535973E-06   4.62447271507548168E+06   6.21115929536282122E+07   7.37524388036608220E-08   1.04449133973111508E-15   3.38080673937049959E-20   1.93117003562337838E-05   5.69418990321794153E-06   1.14687431790719288E-13   1.52263127058326471E-11   7.46426978532866109E-26   3.07518034258427071E-13
  3.39178597654450464E-01   1.58022829285573735E-01   1.85509839118818888E+02   1.32427508651412419E+19   8.65087125338390118E-05   1.00000000000000000E+09   3.46955076910415716E-02   2.09016787050857487E-11   1.38918122403523530E+01   2.77924351151380411E-04   8.19485500457390811E-05   1.06140812672775626E-06   4.62447271507548168E+06   6.21115929536282122E+07   7.37524321772464779E-08   1.29369626875323352E-15   4.19490676496204362E-20   1.93116978806194556E-05   5.69418097172458687E-06   1.42306351670837502E-13   1.78536068028022905E-11   1.21586916325586395E-25   3.82309456450709138E-13
  2.70615398467053458E-01   1.58092102466414336E-01   1.85509839118818888E+02   1.05657972730376131E+19   6.90214237420354402E-05   1.00000000000000000E+09   3.46955077032380793E-02   2.83061485655048787E-11   1.38918122396002985E+01   2.77924351064708260E-04   8.19485500190202196E-05   1.06140812636727894E-06   4.62447271507548168E+06   6.21115929536282122E+07   7.37524238623528584E-08   1.60575952711937498E-15   5.21644817814752135E-20   1.93116947541248513E-05   5.69416976594377762E-06   1.76962866413260915E-13   2.11394727257788545E-11   1.97276451582698225E-25   4.76299188569905955E-13
  2.15954620469882619E-01   1.58161375635663654E-01   1.85509839118818888E+02   8.43164414510710886E+18   5.50799971203030253E-05   1.00000000000000000E+09   3.46955077182490509E-02   3.81572072235481493E-11   1.38918122386588117E+01   2.77924350956099825E-04   8.19485499855385251E-05   1.06140812591555140E-06   4.62447271507548168E+06   6.21115929536282122E+07   7.37524134308317548E-08   1.99640178789114794E-15   6.49803207449528889E-20   1.93116908040119569E-05   5.69415570949882173E-06   2.20441504776134824E-13   2.52467990916385099E-11   3.18326653743090204E-25   5.94400098885416563E-13
  1.72368663244327425E-01   1.58230648790639583E-01   1.85509839118818888E+02   6.72989180357295821E+18   4.39632430845231652E-05   1.00000000000000000E+09   3.46955077367279083E-02   5.11921377867372506E-11   1.38918122374804192E+01   2.77924350820030284E-04   8.19485499435904856E-05   1.06140812534958961E-06   4.62447271507548168E+06   6.21115929536282122E+07   7.37524003465004457E-08   2.48523892722673023E-15   8.10553242815600294E-20   1.93116858110787220E-05   5.69413808028328880E-06   2.74977087025789977E-13   3.03780325997786624E-11   5.10581230908238056E-25   7.42779047635283841E-13
  1.37606779776613647E-01   1.58299921934608984E-01   1.85509839118818888E+02   5.37266299978211430E+18   3.50971005714224800E-05   1.00000000000000000E+09   3.46955077594843786E-02   6.83524966282494089E-11   1.38918122360058014E+01   2.77924350649590233E-04   8.19485498910458063E-05   1.06140812464064802E-06   4.62447271507548168E+06   6.21115929536282122E+07   7.37523839380156386E-08   3.09673868690473359E-15   1.01214287860068155E-19   1.93116794969747209E-05   5.69411597337403160E-06   3.43367788827643427E-13   3.67845453092971463E-11   8.14515358813716072E-25   9.29175822487246734E-13
  1.09877037758103799E-01   1.58369195064979817E-01   1.85509839118818888E+02   4.28999425934501837E+18   2.80245308466985703E-05   1.00000000000000000E+09   3.46955077875225129E-02   9.08387104867015032E-11   1.38918122341608594E+01   2.77924350436140749E-04   8.19485498252408196E-05   1.06140812375278512E-06   4.62447271507548168E+06   6.21115929536282122E+07   7.37523633649697722E-08   3.86141049724284798E-15   1.26489716351536570E-19   1.93116715080123342E-05   5.69408825435763615E-06   4.29116454127245044E-13   4.47781378595235199E-11   1.29445756807621438E-24   1.16330270880807427E-12
  8.77525071646458460E-02   1.58438468181814451E-01   1.85509839118818888E+02   3.42617310823614976E+18   2.23815903121289800E-05   1.00000000000000000E+09   3.46955078220877941E-02   1.20179361130907411E-10   1.38918122318530664E+01   2.77924350168881553E-04   8.19485497428455609E-05   1.06140812264106751E-06   4.62447271507548168E+06   6.21115929536282122E+07   7.37523375755245191E-08   4.81728484652246365E-15   1.58173874538017721E-19   1.93116613945034506E-05   5.69405350096508364E-06   5.36607179967664933E-13   5.47451347986962480E-11   2.05395731618898400E-24   1.45734488657235705E-12
  7.00966870587238361E-02   1.58507741287603560E-01   1.85509839118818888E+02   2.73682646726477466E+18   1.78784103451591723E-05   1.00000000000000000E+09   3.46955078647253196E-02   1.58318539100858771E-10   1.38918122289668737E+01   2.77924349834314109E-04   8.19485496396977375E-05   1.06140812124933096E-06   4.62447271507548168E+06   6.21115929536282122E+07   7.37523052534809809E-08   6.01175209762501388E-15   1.97883816630015840E-19   1.93116485843894716E-05   5.69400993076059265E-06   6.71325933434738187E-13   6.71636130823950623E-11   3.25960098831578654E-24   1.82658682352067187E-12
  5.60042142068747917E-02   1.58577014380303777E-01   1.85509839118818888E+02   2.18660570350971034E+18   1.42840748200452442E-05   1.00000000000000000E+09   3.46955079173514869E-02   2.07725716713886697E-10   1.38918122253580645E+01   2.77924349415570565E-04   8.19485495105962825E-05   1.06140811950739458E-06   4.62447271507548168E+06   6.21115929536282122E+07   7.37522647521636978E-08   7.50384739081872355E-15   2.47642615076879891E-19   1.93116323496053891E-05   5.69395531188379441E-06   8.40136125744947104E-13   8.26244003893105794E-11   5.17549681637688041E-24   2.29019600647015524E-12
  4.47537125407509104E-02   1.58646287460077334E-01   1.85509839118818888E+02   1.74734570390289229E+18   1.14145941945235111E-05   1.00000000000000000E+09   3.46955079823423954E-02   2.71534674685231497E-10   1.38918122208465906E+01   2.77924348891576143E-04   8.19485493490426236E-05   1.06140811732756926E-06   4.62447271507548168E+06   6.21115929536282122E+07   7.37522140118517574E-08   9.36708899181978132E-15   3.09980803960663530E-19   1.93116117632162622E-05   5.69388685215511543E-06   1.05162276559693705E-12   1.01856584857371467E-10   8.21264679658579686E-24   2.87220299925482895E-12
  3.57702899934707400E-02   1.58715560527072225E-01   1.85509839118818888E+02   1.39660061699996314E+18   9.12334019399811649E-06   1.00000000000000000E+09   3.46955080626422038E-02   3.53720766098842639E-10   1.38918122152077963E+01   2.77924348236006360E-04   8.19485491469190138E-05   1.06140811460032032E-06   4.62447271507548168E+06   6.21115929536282122E+07   7.37521504566814787E-08   1.16930030633825621E-14   3.88063042549590086E-19   1.93115856448724023E-05   5.69380105959218376E-06   1.31652217350954067E-12   1.25758388477162665E-10   1.30076325419570092E-23   3.60272628704304149E-12
  2.85957028707345996E-02   1.58784833581298301E-01   1.85509839118818888E+02   1.11647896285172262E+18   7.29343612785111627E-06   1.00000000000000000E+09   3.46955081618961075E-02   4.59328648029164321E-10   1.38918122081614115E+01   2.77924347415984792E-04   8.19485488940872549E-05   1.06140811118885066E-06   4.62447271507548168E+06   6.21115929536282122E+07   7.37520708659428123E-08   1.45954994778480079E-14   4.85846237875096087E-19   1.93115524915383339E-05   5.69369356512567053E-06   1.64825842286860394E-12   1.55434365436549951E-10   2.13929192122954554E-23   4.51950210199505087E-12
  2.28646154294428576E-02   1.58854106622626751E-01   1.85509839118818888E+02   8.92716721671967232E+17   5.83170181019202322E-06   1.00000000000000000E+09   3.46955082846130830E-02   5.94765304381097652E-10   1.38918121993578296E+01   2.77924346390460671E-04   8.19485485778878093E-05   1.06140810692234231E-06   4.62447271507548168E+06   6.21115929536282122E+07   7.37519712134408528E-08   1.82163023344953162E-14   6.08276900810397426E-19   1.93115103897471949E-05   5.69355889628652496E-06   2.06361288306142798E-12   1.92239981810318622E-10   1.01815490877786039E-22   5.66979397658698689E-12
  1.82857057227290946E-02   1.58923379650789842E-01   1.85509839118818888E+02   7.13939638155147904E+17   4.66383453816256496E-06   1.00000000000000000E+09   3.46955084363644028E-02   7.68175461635022537E-10   1.38918121883610528E+01   2.77924345108187610E-04   8.19485481825158959E-05   1.06140810158754734E-06   4.62447271507548168E+06   6.21115929536282122E+07   7.37518464670350361E-08   2.27316870221879662E-14   7.61537421747790166E-19   1.93114569048084506E-05   5.69339018910608100E-06   2.58355972551969621E-12   2.37834694316239035E-10   2.63307207232467440E-21   7.11277483789676130E-12
  1.46266254476623385E-02   1.58992652667783146E-01   1.85509839118818888E+02   5.71075999902748544E+17   3.73057304738481180E-06   1.00000000000000000E+09   3.46955086240258240E-02   9.89917665316031663E-10   1.38918121746274110E+01   2.77924343505201040E-04   8.19485476882438329E-05   1.06140809491829155E-06   4.62447271507548168E+06   6.21115929536282122E+07   7.37516903384995498E-08   2.83608351188767753E-14   9.53353329547228538E-19   1.93113889414397565E-05   5.69317882510130909E-06   3.23430832550171899E-12   2.94244643150714358E-10   5.13375198845971024E-20   8.92249692661542986E-12
  1.17020253017078614E-02   1.59061925671565546E-01   1.85509839118818888E+02   4.56889104323658752E+17   2.98464333636513499E-06   1.00000000000000000E+09   3.46955088560717412E-02   1.27315921043192908E-09   1.38918121574791762E+01   2.77924341501680264E-04   8.19485470704516792E-05   1.06140808658241310E-06   4.62447271507548168E+06   6.21115929536282122E+07   7.37514949711717287E-08   3.53761918087385348E-14   1.19337652840324567E-18   1.93113025691836583E-05   5.69291398110053175E-06   4.04860353703216349E-12   3.63935963119787296E-10   6.08148086211469576E-19   1.11915927696038517E-11
  9.36401915399897797E-03   1.59131198661221468E-01   1.85509839118818888E+02   3.65604945625589696E+17   2.38832651932472260E-06   1.00000000000000000E+09   3.46955091429320128E-02   1.63460655649545969E-09   1.38918121360716214E+01   2.77924338998036813E-04   8.19485462984200164E-05   1.06140807616547422E-06   4.62447271507548168E+06   6.21115929536282122E+07   7.37512505487167610E-08   4.41163009704870246E-14   1.49366291517146106E-18   1.93111928046646647E-05   5.69258208189654630E-06   5.06734731473326555E-12   4.49899436588288967E-10   4.72594419763617577E-18   1.40358846869210160E-11
  7.49458883743158409E-03   1.59200471640508601E-01   1.85509839118818888E+02   2.92615670614595264E+17   1.91152164130092442E-06   1.00000000000000000E+09   3.46955094974236225E-02   2.09537865604880025E-09   1.38918121093521414E+01   2.77924335870041554E-04   8.19485453338253335E-05   1.06140806315049175E-06   4.62447271507548168E+06   6.21115929536282122E+07   7.37509448021853636E-08   5.50017037284235657E-14   1.86926587421577100E-18   1.93110533411609207E-05   5.69216615503742832E-06   6.34162069840953059E-12   5.55746678353116348E-10   2.60047590480824855E-17   1.76001195494305819E-11
  5.99953344120948869E-03   1.59269744604754293E-01   1.85509839118818888E+02   2.34243337340416320E+17   1.53020242360399546E-06   1.00000000000000000E+09   3.46955099352722271E-02   2.68200721532969230E-09   1.38918120760092574E+01   2.77924331962759179E-04   8.19485441288660376E-05   1.06140804689268451E-06   4.62447271507548168E+06   6.21115929536282122E+07   7.37505623864431211E-08   6.85546193900005035E-14   2.33896791153200458E-18   1.93108762139695445E-05   5.69164510986673822E-06   7.93520449995623347E-12   6.85817158562572143E-10   1.08163163726515402E-16   2.20650830526041791E-11
  4.80364808141163849E-03   1.59339017558547763E-01   1.85509839118818888E+02   1.87551676980386720E+17   1.22518759203380278E-06   1.00000000000000000E+09   3.46955104757400087E-02   3.42752951096124936E-09   1.38918120344093605E+01   2.77924327082994889E-04   8.19485426239287225E-05   1.06140802658803570E-06   4.62447271507548168E+06   6.21115929536282122E+07   7.37500840950132298E-08   8.54232866791807951E-14   2.92616926926746603E-18   1.93106513874352356E-05   5.69099298140301666E-06   9.92772104919163232E-12   8.45294041624811634E-10   3.59169731633224364E-16   2.76563733709810032E-11
  3.84688157254749761E-03   1.59408290498438188E-01   1.85509839118818888E+02   1.50196075534369248E+17   9.81160877289147916E-07   1.00000000000000000E+09   3.46955111423745133E-02   4.37266540847462392E-09   1.38918119825179165E+01   2.77924320989892412E-04   8.19485407446812866E-05   1.06140800123416419E-06   4.62447271507548168E+06   6.21115929536282122E+07   7.37494858834176378E-08   1.06412037570376629E-13   3.65994624678423955E-18   1.93103662460138223E-05   5.69017815722984962E-06   1.24185491971932293E-11   1.04032496397275921E-09   9.95828796135044696E-16   3.46551256452008357E-11
  3.08127364542237162E-03   1.59477563424940405E-01   1.85509839118818888E+02   1.20303991807953088E+17   7.85889841447094228E-07   1.00000000000000000E+09   3.46955119638876416E-02   5.56713854026375892E-09   1.38918119178016877E+01   2.77924313383234162E-04   8.19485383984541515E-05   1.06140796958162906E-06   4.62447271507548168E+06   6.21115929536282122E+07   7.37487376672529634E-08   1.32518423215224996E-13   4.57628815297591497E-18   1.93100049669857458E-05   5.68916254561146426E-06   1.55317018458659440E-11   1.27814139015945486E-09   2.39054167503845784E-15   4.34109922720385838E-11
  2.46851307709615962E-03   1.59546836339836295E-01   1.85509839118818888E+02   9.63796180342474720E+16   6.29603070288880791E-07   1.00000000000000000E+09   3.46955129751661123E-02   7.07124591896896195E-09   1.38918118371069568E+01   2.77924303888878882E-04   8.19485354697332871E-05   1.06140793007332477E-06   4.62447271507548168E+06   6.21115929536282122E+07   7.37478018460929383E-08   1.64979029179913108E-13   5.71952405427735436E-18   1.93095477459292623E-05   5.68790061021384754E-06   1.94219013031012114E-11   1.56716693501159084E-09   5.11605968543589595E-15   5.43577260330837407E-11
  1.97799047680859673E-03   1.59616109242070398E-01   1.85509839118818888E+02   7.72278536415326400E+16   5.04493529396502187E-07   1.00000000000000000E+09   3.46955142184069767E-02   8.95773008909876194E-09   1.38918117365084477E+01   2.77924292040648043E-04   8.19485318145500753E-05   1.06140788076910010E-06   4.62447271507548168E+06   6.21115929536282122E+07   7.37466314804774045E-08   2.05326014626301480E-13   7.14395685304177932E-18   1.93089698372485202E-05   5.68633825942878254E-06   2.42821448792974914E-11   1.91710091612106834E-09   9.99326049775152880E-15   6.80318028194811796E-11
  1.58524522161284666E-03   1.59685382131344450E-01   1.85509839118818888E+02   6.18936680414071280E+16   4.04322449539991921E-07   1.00000000000000000E+09   3.46955157443608539E-02   1.13138563600562392E-08   1.38918116111214136E+01   2.77924277257789458E-04   8.19485272534962702E-05   1.06140781925197600E-06   4.62447271507548168E+06   6.21115929536282122E+07   7.37451680269196900E-08   2.55456890141272489E-13   8.91572659220858575E-18   1.93082403604066156E-05   5.68441174276948261E-06   3.03531239256440668E-11   2.33895854962686163E-09   1.81511214545359079E-14   8.50946568442196023E-11
  1.27072651800716236E-03   1.59754655007749935E-01   1.85509839118818888E+02   4.96137280243173520E+16   3.24103331022386085E-07   1.00000000000000000E+09   3.46955176136480165E-02   1.42434245953343294E-08   1.38918114548684422E+01   2.77924258816950813E-04   8.19485215630307153E-05   1.06140774251153594E-06   4.62447271507548168E+06   6.21115929536282122E+07   7.37433385215842236E-08   3.17720626594136671E-13   1.11149238057036745E-17   1.93073208070707175E-05   5.68204689634673786E-06   3.79349470541188840E-11   2.84504431558107931E-09   3.11005388741098017E-14   1.06359265634839514E-10
  1.01880486174081813E-03   1.59823927871242000E-01   1.85509839118818888E+02   3.97778015993023360E+16   2.59849812973279178E-07   1.00000000000000000E+09   3.46955198980831853E-02   1.78683395441975131E-08   1.38918112601895665E+01   2.77924235817322461E-04   8.19485144646569873E-05   1.06140764679890211E-06   4.62447271507548168E+06   6.21115929536282122E+07   7.37410520896695962E-08   3.95023906572066437E-13   1.38379718104838724E-17   1.93061631631069212E-05   5.67915921177923064E-06   4.74017261440412385E-11   3.44883158251748447E-09   5.08113420362360274E-14   1.32821998774981603E-10
  8.16983135490806584E-04   1.59893200721639206E-01   1.85509839118818888E+02   3.18979564133613440E+16   2.08374460994238656E-07   1.00000000000000000E+09   3.46955226819138443E-02   2.23293027164453033E-08   1.38918110176825458E+01   2.77924207137294869E-04   8.19485056114564660E-05   1.06140752744645540E-06   4.62447271507548168E+06   6.21115929536282122E+07   7.37381956311399597E-08   4.90962252501031318E-13   1.72003028112721491E-17   1.93047075314598935E-05   5.67565530408653140E-06   5.92197157158483451E-11   4.16472195336245886E-09   7.97780716071013215E-14   1.65700834580628533E-10
  6.55266905080510590E-04   1.59962473560516794E-01   1.85509839118818888E+02   2.55839738537803800E+16   1.67128158960784976E-07   1.00000000000000000E+09   3.46955260628578205E-02   2.77851671087274989E-08   1.38918107156561899E+01   2.77924171380572850E-04   8.19484945713309872E-05   1.06140737864372873E-06   4.62447271507548168E+06   6.21115929536282122E+07   7.37346284916490431E-08   6.09981942805358330E-13   2.13393704015962477E-17   1.93028791109143535E-05   5.67143642252085984E-06   7.39698554855258659E-11   5.00766523222814538E-09   1.21069038267432876E-13   2.06481265490857733E-10
  5.25661691077624455E-04   1.60031746386512574E-01   1.85509839118818888E+02   2.05237207253913560E+16   1.34071886348148456E-07   1.00000000000000000E+09   3.46955301528461407E-02   3.44108034362206804E-08   1.38918103395759136E+01   2.77924126809179399E-04   8.19484808061548544E-05   1.06140719315887401E-06   4.62447271507548168E+06   6.21115929536282122E+07   7.37301758811964052E-08   7.57580093888420822E-13   2.64180657607358413E-17   1.93005843556548289E-05   5.66640438774077987E-06   9.23757534421813318E-11   5.99263934410533673E-09   1.78367511390534769E-13   2.56971466142474208E-10
  4.21771534484720301E-04   1.60101019198721939E-01   1.85509839118818888E+02   1.64674758130812480E+16   1.07574330976846199E-07   1.00000000000000000E+09   3.46955350784673849E-02   4.23942750525241365E-08   1.38918098713757860E+01   2.77924071260172978E-04   8.19484636458451551E-05   1.06140696199252299E-06   4.62447271507548168E+06   6.21115929536282122E+07   7.37246207657044879E-08   9.40552077865615016E-13   3.26286274096719754E-17   1.92977061108714083E-05   5.66046943636596391E-06   1.15338361148685679E-10   7.13402206147021905E-09   2.56023954693385346E-13   3.19368592763203278E-10
  3.38478385022206575E-04   1.60170291999023384E-01   1.85509839118818888E+02   1.32154120486429280E+16   8.63301158488304303E-08   1.00000000000000000E+09   3.46955409813445026E-02   5.19353647929262545E-08   1.38918092886047670E+01   2.77924002042116236E-04   8.19484422561180209E-05   1.06140667394768024E-06   4.62447271507548168E+06   6.21115929536282122E+07   7.37176939358485838E-08   1.16729761420062671E-12   4.01971475120899782E-17   1.92940974889103553E-05   5.65355823791891850E-06   1.43978835955214222E-10   8.44493128666592309E-09   3.59137914245912639E-13   3.96338421870638806E-10
  2.71685990253093472E-04   1.60239564786238992E-01   1.85509839118818888E+02   1.06075970221928880E+16   6.92944771535603316E-08   1.00000000000000000E+09   3.46955480190757962E-02   6.32481433817837965E-08   1.38918085633678849E+01   2.77923915806373351E-04   8.19484155984040479E-05   1.06140631509535606E-06   4.62447271507548168E+06   6.21115929536282122E+07   7.37090619519718704E-08   1.44819948185912616E-12   4.93887804097874520E-17   1.92895742195071530E-05   5.64561968370161701E-06   1.79691377206132519E-10   9.93665491990136575E-09   4.93676371470391751E-13   4.91110918361985452E-10
  2.18115269839434659E-04   1.60308837560857204E-01   1.85509839118818888E+02   8.51600365807688800E+15   5.56310737408795726E-08   1.00000000000000000E+09   3.46955563677885659E-02   7.65697789902990333E-08   1.38918076610128036E+01   2.77923808387105752E-04   8.19483823800260078E-05   1.06140586811068203E-06   4.62447271507548168E+06   6.21115929536282122E+07   7.36983126579853937E-08   1.79609192196260246E-12   6.05137578838770197E-17   1.92839051777988467E-05   5.63662647576378397E-06   2.24208210819582889E-10   1.16183067464641350E-08   6.66625632540688280E-13   6.07594733531636713E-10
  1.75140793601531692E-04   1.60378110321774459E-01   1.85509839118818888E+02   6.83812573089036400E+15   4.46702802658769905E-08   1.00000000000000000E+09   3.46955662274061813E-02   9.21764071088575890E-08   1.38918065385012319E+01   2.77923674602332507E-04   8.19483409922802517E-05   1.06140531144817594E-06   4.62447271507548168E+06   6.21115929536282122E+07   7.36849378962340843E-08   2.22683944021399242E-12   7.39343150971060657E-17   1.92768008037869125E-05   5.62657186353560238E-06   2.79679394475376365E-10   1.34968006466393209E-08   8.86231355404918204E-13   7.50514030117951911E-10
  1.40660081634500698E-04   1.60447383071538358E-01   1.85509839118818888E+02   5.49187487252316800E+15   3.58758517170723962E-08   1.00000000000000000E+09   3.46955778301921702E-02   1.10405077175095967E-07   1.38918051423898632E+01   2.77923508006537514E-04   8.19482894334910177E-05   1.06140461831722034E-06   4.62447271507548168E+06   6.21115929536282122E+07   7.36683128444356152E-08   2.76005028013815788E-12   9.00725874099254754E-17   1.92678994490777761E-05   5.61546240363078962E-06   3.48770586781684429E-10   1.55771305256259641E-08   1.16266188462809686E-12   9.25571223328262520E-10
  1.12989118413819289E-04   1.60516655807638103E-01   1.85509839118818888E+02   4.41150106750115100E+15   2.88182739164476692E-08   1.00000000000000000E+09   3.46955914521082306E-02   1.31678360946897634E-07   1.38918034063276270E+01   2.77923300582954484E-04   8.19482252133845037E-05   1.06140375540932960E-06   4.62447271507548168E+06   6.21115929536282122E+07   7.36476711669059726E-08   3.41994931156707819E-12   1.09419250683486047E-16   1.92567531186347974E-05   5.60330871847055800E-06   4.34781961470030505E-10   1.78628185352952633E-08   1.50998252207551429E-12   1.13963841647320854E-09
  9.07788072459154213E-05   1.60585928530536409E-01   1.85509839118818888E+02   3.54433073462105150E+15   2.31534549294943854E-08   1.00000000000000000E+09   3.46956074252542448E-02   1.56524639152982244E-07   1.38918012479540796E+01   2.77923042360732613E-04   8.19481452342395606E-05   1.06140268131698027E-06   4.62447271507548168E+06   6.21115929536282122E+07   7.36220757924136322E-08   4.23642355029742138E-12   1.32541753871420568E-16   1.92428172414406477E-05   5.59011672261055104E-06   5.41790310901434944E-10   2.03563059556543630E-08   1.95057147171056148E-12   1.40097657278712125E-09
  7.29481555630491436E-05   1.60655201240559542E-01   1.85509839118818888E+02   2.84815804084786850E+15   1.86056837369015443E-08   1.00000000000000000E+09   3.46956261487493395E-02   1.85584137699040697E-07   1.38917985650561935E+01   2.77922720938535920E-04   8.19480456431613785E-05   1.06140134456911479E-06   4.62447271507548168E+06   6.21115929536282122E+07   7.35903878008497200E-08   5.24621362440124381E-12   1.60089216647966889E-16   1.92254522104872973E-05   5.57588168691853535E-06   6.74813040799551711E-10   2.30590557688759955E-08   2.52200116900091565E-12   1.71947280213401320E-09
  5.86308303312752056E-05   1.60724473937897544E-01   1.85509839118818888E+02   2.28915823245563900E+15   1.49539990011477519E-08   1.00000000000000000E+09   3.46956480959366223E-02   2.19592727350829945E-07   1.38917952308074497E+01   2.77922320891669952E-04   8.19479216484638394E-05   1.06139968119010227E-06   4.62447271507548168E+06   6.21115929536282122E+07   7.35512404998799134E-08   6.49414111138013384E-12   1.92789048055012282E-16   1.92039433831699821E-05   5.56058663348773075E-06   8.39986311577332527E-10   2.59712319979393038E-08   3.28396340067524395E-12   2.10687349866481144E-09
  4.71323999561168048E-05   1.60793746622603873E-01   1.85509839118818888E+02   1.84021820542738225E+15   1.20212834621133643E-08   1.00000000000000000E+09   3.46956738180742921E-02   2.59343567915987054E-07   1.38917910878706596E+01   2.77921823034328066E-04   8.19477672914618735E-05   1.06139761166613342E-06   4.62447271507548168E+06   6.21115929536282122E+07   7.35030301561667459E-08   8.03414285721041946E-12   2.31429561521512292E-16   1.91775396703027185E-05   5.54420499024232501E-06   1.04474023423827912E-09   2.90909832616989256E-08   4.32088352433928431E-12   2.57697940709650959E-09
  3.78961193513228017E-05   1.60863019294597009E-01   1.85509839118818888E+02   1.47960063163095325E+15   9.66553729652724274E-09   1.00000000000000000E+09   3.46957039473880929E-02   3.05635747935184626E-07   1.38917859410953781E+01   2.77921203501867848E-04   8.19475751629095210E-05   1.06139503717477404E-06   4.62447271507548168E+06   6.21115929536282122E+07   7.34439361150143408E-08   9.92977663770203462E-12   2.76824661626665876E-16   1.91455030913442801E-05   5.52670597800466825E-06   1.29794377684127068E-09   3.24135061576135909E-08   5.73651652020504310E-12   3.14576353616040146E-09
  3.04755460167347171E-05   1.60932291953659795E-01   1.85509839118818888E+02   1.18987479212920775E+15   7.77289375040977657E-09   1.00000000000000000E+09   3.46957392037699694E-02   3.59222824797502838E-07   1.38917795484761495E+01   2.77920432609812416E-04   8.19473360507530274E-05   1.06139183489830442E-06   4.62447271507548168E+06   6.21115929536282122E+07   7.33719792421561384E-08   1.22538341843287043E-11   3.29761129216168381E-16   1.91071582727708542E-05   5.50806067887921651E-06   1.60998379394316686E-09   3.59301310303434501E-08   7.64020704065865472E-12   3.83137614227946226E-09
  2.45126191486749482E-05   1.61001564599440899E-01   1.85509839118818888E+02   9.57060706904345500E+14   6.25202813741323288E-09   1.00000000000000000E+09   3.46957804090369526E-02   4.20771365383663577E-07   1.38917716099598216E+01   2.77919473436182409E-04   8.19470385026928078E-05   1.06138785219818845E-06   4.62447271507548168E+06   6.21115929536282122E+07   7.32851189770373395E-08   1.50867844601571024E-11   3.90934703464428916E-16   1.90619330618029745E-05   5.48824720392717206E-06   1.99273849623849566E-09   3.96276495082551715E-08   1.01286936682341693E-11   4.65401075343817122E-09
  1.97201085884906003E-05   1.61070837231453573E-01   1.85509839118818888E+02   7.69943878761380125E+14   5.02968138009533824E-09   1.00000000000000000E+09   3.46958285113813172E-02   4.90833774984455719E-07   1.38917617535928439E+01   2.77918280061346826E-04   8.19466682831126363E-05   1.06138289937461094E-06   4.62447271507548168E+06   6.21115929536282122E+07   7.31813786143250247E-08   1.85139563446709054E-11   4.60885849249449472E-16   1.90093863005469575E-05   5.46725426206691692E-06   2.45940684735409419E-09   4.34880264334499735E-08   1.32698966017326573E-11   5.63561802586193731E-09
  1.58675598358009904E-05   1.61140109851156177E-01   1.85509839118818888E+02   6.19526536156361875E+14   4.04707523514991989E-09   1.00000000000000000E+09   3.46958846215443817E-02   5.69834888149172518E-07   1.38917495183797559E+01   2.77916795384292622E-04   8.19462076990632208E-05   1.06137674066931360E-06   4.62447271507548168E+06   6.21115929536282122E+07   7.30589799715689019E-08   2.26216074733171236E-11   5.39947854246638446E-16   1.89492229608848293E-05   5.44508314830816926E-06   3.02416307521752718E-09   4.74885514045352942E-08   1.70947089849185202E-11   6.79946803361812523E-09
  1.27700365998733206E-05   1.61209382457913580E-01   1.85509839118818888E+02   4.98588101962567312E+14   3.25704104088071268E-09   1.00000000000000000E+09   3.46959500618645444E-02   6.58069646209644151E-07   1.38917343330760694E+01   2.77914948415362612E-04   8.19456347639710295E-05   1.06136908308873950E-06   4.62447271507548168E+06   6.21115929536282122E+07   7.29164657144673629E-08   2.74922603448463397E-11   6.28217834738243306E-16   1.88812988284985004E-05   5.42174849550980664E-06   3.70162147391093146E-09   5.16024120740886353E-08   2.15997734772130581E-11   8.16957602639614419E-09
  1.02791023552075948E-05   1.61278655050461961E-01   1.85509839118818888E+02   4.01333081004071000E+14   2.62171953079511464E-09   1.00000000000000000E+09   3.46960264296358664E-02   7.55709208355153789E-07   1.38917154899565070E+01   2.77912650922273389E-04   8.19449221603133339E-05   1.06135956252446117E-06   4.62447271507548168E+06   6.21115929536282122E+07   7.27527910202917720E-08   3.31998642707103115E-11   7.25555916713321524E-16   1.88056171258837274E-05   5.39727815175786073E-06   4.50612164747081903E-09   5.57996186462602388E-08   2.67602014122694664E-11   9.77002164270184857E-09
  8.27559421916632033E-06   1.61347927631086296E-01   1.85509839118818888E+02   3.23108926280404062E+14   2.11071778538262758E-09   1.00000000000000000E+09   3.46961156768757564E-02   8.62813789699456794E-07   1.38916921123744643E+01   2.77909793277387259E-04   8.19440359533304415E-05   1.06134772652398794E-06   4.62447271507548168E+06   6.21115929536282122E+07   7.25673740221025677E-08   3.98054132317222064E-11   8.31611153230316488E-16   1.87223189049003150E-05   5.37171243331721835E-06   5.45087576017979043E-09   6.00481739976446052E-08   3.25480967633841781E-11   1.16242055896108776E-08
  6.66383185411393205E-06   1.61417200197727206E-01   1.85509839118818888E+02   2.60179933703034219E+14   1.69963219202602390E-09   1.00000000000000000E+09   3.46962202093940852E-02   9.79351428362345538E-07   1.38916631146512355E+01   2.77906239318375953E-04   8.19429339965269793E-05   1.06133301291196544E-06   4.62447271507548168E+06   6.21115929536282122E+07   7.23601033835335643E-08   4.73535864561173730E-11   9.45866972241328839E-16   1.86316685072366094E-05   5.34510289369371245E-06   6.54705057146404672E-09   6.43153639295741081E-08   3.89517589377761069E-11   1.37540979308781974E-08
  5.36697554045691183E-06   1.61486472750234922E-01   1.85509839118818888E+02   2.09546004591911750E+14   1.36886450503936684E-09   1.00000000000000000E+09   3.46963430089086422E-02   1.10522236548229817E-06   1.38916271524917114E+01   2.77901819989780118E-04   8.19415639557545934E-05   1.06131472327251723E-06   4.62447271507548168E+06   6.21115929536282122E+07   7.21313086133681667E-08   5.58707907895187437E-11   1.06769587447243618E-15   1.85340351866252495E-05   5.31751069507616505E-06   7.80287893139593784E-09   6.85690375087702458E-08   4.59915247634639064E-11   1.61795351093074353E-08
  4.32330468196878727E-06   1.61555745291106723E-01   1.85509839118818888E+02   1.68797345154835469E+14   1.10267266522399912E-09   1.00000000000000000E+09   3.46964877829044130E-02   1.24028880966357468E-06   1.38915825617017692E+01   2.77896325477392891E-04   8.19398608614601361E-05   1.06129199006963592E-06   4.62447271507548168E+06   6.21115929536282122E+07   7.18817029398552371E-08   6.53647237212965184E-11   1.19641319540961550E-15   1.84298720559138421E-05   5.28900466512889044E-06   9.22289998795172609E-09   7.27787591900784735E-08   5.37304175571248703E-11   1.89176167925361885E-08
  3.48323367333336678E-06   1.61625017817843025E-01   1.85509839118818888E+02   1.35997955236605406E+14   8.88409686268693412E-10   1.00000000000000000E+09   3.46966591480925290E-02   1.38440975563680059E-06   1.38915272824637750E+01   2.77889495478484761E-04   8.19377440774921511E-05   1.06126373589420968E-06   4.62447271507548168E+06   6.21115929536282122E+07   7.16123097400998970E-08   7.58253171445363600E-11   1.33132224301185979E-15   1.83196936781130978E-05   5.25965914364032423E-06   1.08074114836160742E-08   7.69167409184184187E-08   6.22799484273552761E-11   2.19822391319407552E-08
  2.80691858284143791E-06   1.61694290330707507E-01   1.85509839118818888E+02   1.09592184614118875E+14   7.15913230646337401E-10   1.00000000000000000E+09   3.46968628548083927E-02   1.53748043590639446E-06   1.38914587657871529E+01   2.77881007165741204E-04   8.19351135487926362E-05   1.06122862297101269E-06   4.62447271507548168E+06   6.21115929536282122E+07   7.13243825235395834E-08   8.72267293612942008E-11   1.47174663222866825E-15   1.82040537025936827E-05   5.22955174571706469E-06   1.25521848007151703E-08   8.09584985993270517E-08   7.18028138057414373E-11   2.53837809633980459E-08
  2.26233731763071225E-06   1.61763562829808916E-01   1.85509839118818888E+02   8.83297757508206562E+13   5.77015948911187113E-10   1.00000000000000000E+09   3.46971060615792401E-02   1.69947602744967874E-06   1.38913738579646289E+01   2.77870460298186225E-04   8.19318451582767360E-05   1.06118499062225801E-06   4.62447271507548168E+06   6.21115929536282122E+07   7.10193263656780599E-08   9.95299591248327472E-11   1.61704887279642821E-15   1.80835238826170692E-05   5.19876117792784517E-06   1.44484530037170984E-08   8.48832159710317735E-08   8.25146851999514529E-11   2.91289380454061697E-08
  1.82374931167553678E-06   1.61832835315094209E-01   1.85509839118818888E+02   7.12057244826428125E+13   4.65152617620135802E-10   1.00000000000000000E+09   3.46973976714726462E-02   1.87049947907128739E-06   1.38912686578961573E+01   2.77857358804236437E-04   8.19277849839120364E-05   1.06113077784804794E-06   4.62447271507548168E+06   6.21115929536282122E+07   7.06986262973945349E-08   1.12685656769374789E-10   1.76663649007500853E-15   1.79586755908433597E-05   5.16736523577175211E-06   1.64831450812266275E-08   8.86738331040897813E-08   9.46870479859847559E-11   3.32206818162058360E-08
  1.47045947951283251E-06   1.61902107786337734E-01   1.85509839118818888E+02   5.74120203312840000E+13   3.75044881310618726E-10   1.00000000000000000E+09   3.46977487447818062E-02   2.05083380945566482E-06   1.38911383409522990E+01   2.77841088005543579E-04   8.19227421988733299E-05   1.06106342752718409E-06   4.62447271507548168E+06   6.21115929536282122E+07   7.03637858982451233E-08   1.26636775164222411E-10   1.91995802277152208E-15   1.78300645947945303E-05   5.13543908220538441E-06   1.86393146085832694E-08   9.23169018297227738E-08   1.08652528523345884E-10   3.76583065539900047E-08
  1.18582614735316851E-06   1.61971380243130986E-01   1.85509839118818888E+02   4.62989125710309375E+13   3.02448221777307929E-10   1.00000000000000000E+09   3.46981730061978119E-02   2.24099991945146098E-06   1.38909769415854303E+01   2.77820886459251564E-04   8.19164802987765330E-05   1.06097976793887235E-06   4.62447271507548168E+06   6.21115929536282122E+07   7.00162773901040368E-08   1.41320801314610339E-10   2.07649137856259415E-15   1.76982194264594503E-05   5.10305386160145155E-06   2.08967016232359494E-08   9.58022645330678418E-08   1.24813658749410447E-10   4.24375235368271309E-08
  9.99999999999999955E-07   1.62026307954044574E-01   1.85509839118818888E+02   3.91982107212781328E+13   2.56062712930790368E-10   1.00000000000000000E+09   3.46985809355602748E-02   2.40023611850020075E-06   1.38908184707852946E+01   2.77801003680844196E-04   8.19103160912265237E-05   1.06089738196352434E-06   4.62447271507548168E+06   6.21115929536282122E+07   6.97317969442803564E-08   1.53492649865523228E-10   2.20275265291367754E-15   1.75915029965180448E-05   5.07706327061923701E-06   2.27487072914910793E-08   9.84350479917401017E-08   1.39753871610247147E-10   4.64917689290901929E-08
  9.56464655560037513E-07   1.62040652684868058E-01   1.85509839118818888E+02   3.73438160086941797E+13   2.43948834026201108E-10   1.00000000000000000E+09   3.46986874689803326E-02   2.44182169297101568E-06   1.38907770850997547E+01   2.77795811163269156E-04   8.19087062681231299E-05   1.06087586632742121E-06   4.62447271507548168E+06   6.21115929536282122E+07   6.96575030159150455E-08   1.56671407694366766E-10   2.23572661020902720E-15   1.75636333031248375E-05   5.07027565785726307E-06   2.32323706802034734E-08   9.91226166051596752E-08   1.43655605878244734E-10   4.75505616200116093E-08
  7.71607920074813428E-07   1.62109925111388248E-01   1.85509839118818888E+02   3.01263450046182305E+13   1.96800535165203491E-10   1.00000000000000000E+09   3.46993132039538424E-02   2.65450070023774368E-06   1.38905296567858123E+01   2.77764694585104282E-04   8.18990572105393757E-05   1.06074684804363254E-06   4.62447271507548168E+06   6.21115929536282122E+07   6.92887665353465055E-08   1.72619442581170967E-10   2.39714456688578511E-15   1.74267593416206036E-05   5.03716477760192051E-06   2.56213804725793188E-08   1.02273008722733649E-07   1.65762865492157108E-10   5.29862377198583501E-08
  6.22592922866688694E-07   1.62179197523789453E-01   1.85509839118818888E+02   2.43082642151948672E+13   1.58793791940029089E-10   1.00000000000000000E+09   3.47000762877051269E-02   2.88070308507236571E-06   1.38902233939215112E+01   2.77726091629224502E-04   8.18870838610451804E-05   1.06058667335945738E-06   4.62447271507548168E+06   6.21115929536282122E+07   6.89112532533023759E-08   1.89093234834316941E-10   2.56019237568333445E-15   1.72880087446250644E-05   5.00377533055035239E-06   2.80374549926165438E-08   1.05250335893918991E-07   1.91839056210293279E-10   5.87299657030666177E-08
  5.02448254747257517E-07   1.62248469918625710E-01   1.85509839118818888E+02   1.96173847826970820E+13   1.28150522035528540E-10   1.00000000000000000E+09   3.47010089725617379E-02   3.12266117268074762E-06   1.38898443828302991E+01   2.77678214238774894E-04   8.18722302697980531E-05   1.06038786232232024E-06   4.62447271507548168E+06   6.21115929536282122E+07   6.85260169373987427E-08   2.06018224010831606E-10   2.72425651067383833E-15   1.71477516008221989E-05   4.97015507231946519E-06   3.04536381686212175E-08   1.08052848420382557E-07   2.22727621853886920E-10   6.47636777717406283E-08
  4.05562763233274042E-07   1.62317742297032913E-01   1.85509839118818888E+02   1.58346271575430039E+13   1.03439581509387958E-10   1.00000000000000000E+09   3.47021511314879599E-02   3.38329146430781159E-06   1.38893754391392452E+01   2.77618850821442689E-04   8.18538087914378389E-05   1.06014115594454309E-06   4.62447271507548168E+06   6.21115929536282122E+07   6.81339720682077756E-08   2.23315949595824029E-10   2.88863438577348222E-15   1.70063198364670943E-05   4.93634545717498230E-06   3.28429206567966920E-08   1.10679707431690955E-07   2.59429423353445318E-10   7.10656390968992026E-08
  3.27419307749639488E-07   1.62387014657115941E-01   1.85509839118818888E+02   1.27836259450039395E+13   8.35088580868219282E-11   1.00000000000000000E+09   3.47035520444939904E-02   3.66632864488301627E-06   1.38887953444374119E+01   2.77545267081743467E-04   8.18309693277714182E-05   1.05983509955827534E-06   4.62447271507548168E+06   6.21115929536282122E+07   6.77358899920596913E-08   2.40902452514016763E-10   3.05250592895402597E-15   1.68640117285424230E-05   4.90238182578640264E-06   3.51788289393403132E-08   1.13130595758832236E-07   3.03111021767554218E-10   7.76101433596040334E-08
  2.64380789656265503E-07   1.62456286998519106E-01   1.85509839118818888E+02   1.03223757488204688E+13   6.74306973379800159E-11   1.00000000000000000E+09   3.47052726091773844E-02   3.97647342559945836E-06   1.38880779065150115E+01   2.77454084118037138E-04   8.18026615493426778E-05   1.05945553125203119E-06   4.62447271507548168E+06   6.21115929536282122E+07   6.73323976974001247E-08   2.58686165516826935E-10   3.21490733856851850E-15   1.67210973558392493E-05   4.86829364469345895E-06   3.74359652291727220E-08   1.15405384594935544E-07   3.55095279781689830E-10   8.43670816487649076E-08
  2.13518161619846980E-07   1.62525559317808266E-01   1.85509839118818888E+02   8.33651603924394922E+12   5.44580358398537449E-11   1.00000000000000000E+09   3.47073880766261625E-02   4.31955150660454707E-06   1.38871908030501086E+01   2.77341128787832300E-04   8.17675885588180608E-05   1.05898495488412367E-06   4.62447271507548168E+06   6.21115929536282122E+07   6.69239781204564203E-08   2.76565400547144861E-10   3.37470998847005710E-15   1.65778244747695103E-05   4.83410473017463789E-06   3.95904849694417560E-08   1.17503848168998540E-07   4.16824383629275342E-10   9.13013778127858923E-08
  1.72472154774558757E-07   1.62594831616244773E-01   1.85509839118818888E+02   6.73393248468015039E+12   4.39891341835296118E-11   1.00000000000000000E+09   3.47099914375713012E-02   4.70267846226319759E-06   1.38860941597513605E+01   2.77201250347818571E-04   8.17241501522340087E-05   1.05840177318804266E-06   4.62447271507548168E+06   6.21115929536282122E+07   6.65109710923988867E-08   2.94425580102347308E-10   3.53060796995923834E-15   1.64344244999567506E-05   4.79983342190273064E-06   4.16204992291532512E-08   1.19425412632098719E-07   4.89785344029350045E-10   9.83722796405525151E-08
  1.39342092998696573E-07   1.62664103889448824E-01   1.85509839118818888E+02   5.44041586164293848E+12   3.55392186500383481E-11   1.00000000000000000E+09   3.47131976160742900E-02   5.13441569943709082E-06   1.38847388032805039E+01   2.77028096230062890E-04   8.16703734810168472E-05   1.05767935190685571E-06   4.62447271507548168E+06   6.21115929536282122E+07   6.60935742326218885E-08   3.12136401331592775E-10   3.68111774267547517E-15   1.62911184296345043E-05   4.76549270350181434E-06   4.35063927362841026E-08   1.21168921448626894E-07   5.75390270345554886E-10   1.05532488615659166E-07
  1.12596471585949916E-07   1.62733376134561569E-01   1.85509839118818888E+02   4.39617072485742285E+12   2.87176739756686344E-11   1.00000000000000000E+09   3.47171486723743747E-02   5.62488179607407701E-06   1.38830641164522994E+01   2.76813838528455378E-04   8.16038285198947380E-05   1.05678488071588851E-06   4.62447271507548168E+06   6.21115929536282122E+07   6.56718432236030598E-08   3.29549159034057767E-10   3.82459257614227732E-15   1.61481226121599798E-05   4.73109028752783571E-06   4.52310540515990242E-08   1.22732397844006949E-07   6.74808660053690635E-10   1.12727103526570993E-07
  9.10010267484749964E-08   1.62802648348411599E-01   1.85509839118818888E+02   3.55300698226793408E+12   2.32096972190304883E-11   1.00000000000000000E+09   3.47220202738823536E-02   6.18575174156660690E-06   1.38809954079090563E+01   2.76548841364544871E-04   8.15215253113703655E-05   1.05567799098963042E-06   4.62447271507548168E+06   6.21115929536282122E+07   6.52456909397636670E-08   3.46494477845442877E-10   3.95925281389394609E-15   1.60056542307022701E-05   4.69662869449212886E-06   4.67800211855927301E-08   1.24112785711254660E-07   7.88756323334347905E-10   1.19892347154051961E-07
  7.35608641153291233E-08   1.62871920526913905E-01   1.85509839118818888E+02   2.87208038372827490E+12   1.87615374271408078E-11   1.00000000000000000E+09   3.47280297573467414E-02   6.83004880312829409E-06   1.38784406903710416E+01   2.76221257835947088E-04   8.14197895050813750E-05   1.05430908445933658E-06   4.62447271507548168E+06   6.21115929536282122E+07   6.48148848725300066E-08   3.62780704499232819E-10   4.08323062565173299E-15   1.58639363773786745E-05   4.66210536321103559E-06   4.81415520172996600E-08   1.25305653983279529E-07   9.17254115767574743E-10   1.26954043674167959E-07
  5.94738898208887738E-08   1.62941192664903090E-01   1.85509839118818888E+02   2.32207430340661279E+12   1.51686180687115974E-11   1.00000000000000000E+09   3.47354461741604809E-02   7.57161639370994672E-06   1.38752867403900506E+01   2.75816543830872984E-04   8.12941122761654813E-05   1.05261732096240331E-06   4.62447271507548168E+06   6.21115929536282122E+07   6.43790423211944871E-08   3.78193176937507571E-10   4.19462522357602970E-15   1.57232027036280307E-05   4.62751283186246569E-06   4.93066313183517126E-08   1.26304853938817796E-07   1.05937715858729182E-09   1.33825820508285392E-07
  4.80933298670841841E-08   1.63010464755935336E-01   1.85509839118818888E+02   1.87773636104747168E+12   1.22659774652292622E-11   1.00000000000000000E+09   3.47446028332900822E-02   8.42405994010208050E-06   1.38713942880893963E+01   2.75316874806131565E-04   8.11389703536581646E-05   1.05052820867992921E-06   4.62447271507548168E+06   6.21115929536282122E+07   6.39376231312145973E-08   3.92494507400763892E-10   4.29156209961730413E-15   1.55837020014449332E-05   4.59283903333763741E-06   5.02689224386180718E-08   1.27102121043801567E-07   1.21301893209584448E-09   1.40407021730077356E-07
  3.88975585943574538E-08   1.63079736792061503E-01   1.85509839118818888E+02   1.51870041709440503E+12   9.92057343835745507E-12   1.00000000000000000E+09   3.47559131222344997E-02   9.39860228243135970E-06   1.38665921575605040E+01   2.74700450980667750E-04   8.09476117215416491E-05   1.04795073798608917E-06   4.62447271507548168E+06   6.21115929536282122E+07   6.34899205526141241E-08   4.05425892954110388E-10   4.37224832052102636E-15   1.54457037568512214E-05   4.55806777268343024E-06   5.10246655580382736E-08   1.27686614349388147E-07   1.37469225819820176E-09   1.46580337027002495E-07
  3.14658064703091839E-08   1.63149008763574715E-01   1.85509839118818888E+02   1.22853811749518066E+12   8.02508750090105804E-12   1.00000000000000000E+09   3.47698907555414397E-02   1.04997840515444962E-05   1.38606701476657079E+01   2.73940676783158293E-04   8.07118027363298754E-05   1.04477400269393647E-06   4.62447271507548168E+06   6.21115929536282122E+07   6.30350517416287311E-08   4.16709320894396866E-10   4.43501567215597108E-15   1.53095064292425039E-05   4.52317948848927787E-06   5.15725272822175933E-08   1.28044395603069203E-07   1.53938046243523864E-09   1.52209176127731734E-07
  2.54585979639741146E-08   1.63218280660411247E-01   1.85509839118818888E+02   9.93995118041545410E+11   6.49293547344490026E-12   1.00000000000000000E+09   3.47871757955662275E-02   1.17178033432391934E-05   1.38533704102177193E+01   2.73005202576342304E-04   8.04215331927329071E-05   1.04086326379459747E-06   4.62447271507548168E+06   6.21115929536282122E+07   6.25719494810424115E-08   4.26050365720866619E-10   4.47834442208130784E-15   1.51754502495877926E-05   4.48815238450414441E-06   5.19134217436716094E-08   1.28157869071557294E-07   1.70043947218026290E-09   1.57134873715697497E-07
  2.06019956130944213E-08   1.63287552469117025E-01   1.85509839118818888E+02   8.04375916156401978E+11   5.25424888039950941E-12   1.00000000000000000E+09   3.48085676091463014E-02   1.30169184376100244E-05   1.38443770507491344E+01   2.71854821825783346E-04   8.00646776507633548E-05   1.03605543629079873E-06   4.62447271507548168E+06   6.21115929536282122E+07   6.20993552433686955E-08   4.33140972082806759E-10   4.50086240544711442E-15   1.50439353897514627E-05   4.45296391917307388E-06   5.20503348829182327E-08   1.28005216747876256E-07   1.84953920339436145E-09   1.61173894744231150E-07
  1.66749074102949334E-08   1.63356824171496884E-01   1.85509839118818888E+02   6.51048285655107178E+11   4.25263765042592107E-12   1.00000000000000000E+09   3.48350656207482359E-02   1.43202391437167279E-05   1.38333036509370437E+01   2.70442226688797423E-04   7.96266146769326980E-05   1.03015402735154334E-06   4.62447271507548168E+06   6.21115929536282122E+07   6.16158120346270182E-08   4.37660934825548120E-10   4.50131688471118472E-15   1.49154452898707065E-05   4.41759253885829477E-06   5.19881771339766328E-08   1.27559860839758238E-07   1.97662323891712308E-09   1.64115267086295690E-07
  1.34988600733357658E-08   1.63426095752635864E-01   1.85509839118818888E+02   5.27043988479212952E+11   3.44258174521685866E-12   1.00000000000000000E+09   3.48679187856004019E-02   1.54914594085373195E-05   1.38196783976234574E+01   2.68710641869951850E-04   7.90898113368145603E-05   1.02292363471465054E-06   4.62447271507548168E+06   6.21115929536282122E+07   6.11196558874563240E-08   4.39275254513397164E-10   4.47852000247692863E-15   1.47905751363428416E-05   4.38201957567496000E-06   5.17336828089909868E-08   1.26789987726592027E-07   2.06986090067805194E-09   1.65718403767877171E-07
  1.09297576397662759E-08   1.63495367185817919E-01   1.85509839118818888E+02   4.26737000626607178E+11   2.78732915264284843E-12   1.00000000000000000E+09   3.49086853261588170E-02   1.63132624125252263E-05   1.38029265107448111E+01   2.66592383777925304E-04   7.84333893665336570E-05   1.01408424264435995E-06   4.62447271507548168E+06   6.21115929536282122E+07   6.06090092565379205E-08   4.37621103361363215E-10   4.43127214915402273E-15   1.46700680386135431E-05   4.34623151381315190E-06   5.12954043442414823E-08   1.25658221315520812E-07   2.11556559527690645E-09   1.65711222090383238E-07
