# lambda[A]  T_theo  T_instr  T_rot+instr  (H-alpha 6562.8)
6.561000000000000909e+03 9.999999996774636690e-01 9.999999996740662755e-01 9.999999996740049912e-01
6.561018000000000029e+03 9.999999996709028061e-01 9.999999996697083171e-01 9.999999996696740112e-01
6.561036000000000968e+03 9.999999996641395494e-01 9.999999996637397581e-01 9.999999996637255473e-01
6.561054000000000997e+03 9.999999996571655725e-01 9.999999996569395311e-01 9.999999996569338689e-01
6.561072000000000116e+03 9.999999996499721044e-01 9.999999996497623833e-01 9.999999996497588306e-01
6.561090000000001055e+03 9.999999996425497084e-01 9.999999996423329929e-01 9.999999996423296622e-01
6.561108000000000175e+03 9.999999996348886144e-01 9.999999996346626840e-01 9.999999996346591313e-01
6.561126000000000204e+03 9.999999996269782754e-01 9.999999996267424640e-01 9.999999996267388003e-01
6.561144000000001142e+03 9.999999996188081441e-01 9.999999996185615636e-01 9.999999996185577888e-01
6.561162000000000262e+03 9.999999996103665634e-01 9.999999996101091027e-01 9.999999996101047728e-01
6.561180000000000291e+03 9.999999996016412096e-01 9.999999996013718695e-01 9.999999996013676506e-01
6.561198000000001230e+03 9.999999995926189822e-01 9.999999995923375407e-01 9.999999995923332108e-01
6.561216000000000349e+03 9.999999995832868915e-01 9.999999995829924604e-01 9.999999995829879085e-01
6.561234000000000378e+03 9.999999995736302827e-01 9.999999995733216407e-01 9.999999995733167557e-01
6.561252000000001317e+03 9.999999995636335015e-01 9.999999995633106487e-01 9.999999995633054306e-01
6.561270000000000437e+03 9.999999995532815600e-01 9.999999995529428309e-01 9.999999995529373908e-01
6.561288000000000466e+03 9.999999995425558064e-01 9.999999995422008681e-01 9.999999995421953169e-01
6.561306000000001404e+03 9.999999995314390322e-01 9.999999995310664413e-01 9.999999995310607792e-01
6.561324000000000524e+03 9.999999995199123637e-01 9.999999995195210101e-01 9.999999995195146818e-01
6.561342000000000553e+03 9.999999995079538184e-01 9.999999995075428139e-01 9.999999995075365966e-01
6.561360000000000582e+03 9.999999994955431903e-01 9.999999994951110915e-01 9.999999994951045412e-01
6.561378000000000611e+03 9.999999994826560545e-01 9.999999994822019733e-01 9.999999994821949789e-01
6.561396000000000640e+03 9.999999994692688743e-01 9.999999994687907012e-01 9.999999994687833738e-01
6.561414000000000669e+03 9.999999994553547822e-01 9.999999994548510740e-01 9.999999994548430804e-01
6.561432000000000698e+03 9.999999994408858006e-01 9.999999994403550030e-01 9.999999994403465653e-01
6.561450000000000728e+03 9.999999994258318425e-01 9.999999994252720681e-01 9.999999994252631863e-01
6.561468000000000757e+03 9.999999994101611556e-01 9.999999994095704059e-01 9.999999994095609690e-01
6.561486000000000786e+03 9.999999993938395448e-01 9.999999993932153775e-01 9.999999993932056075e-01
6.561503999999999905e+03 9.999999993768302620e-01 9.999999993761705674e-01 9.999999993761602424e-01
6.561522000000000844e+03 9.999999993590942271e-01 9.999999993583962299e-01 9.999999993583851277e-01
6.561540000000000873e+03 9.999999993405893628e-01 9.999999993398503983e-01 9.999999993398385190e-01
6.561557999999999993e+03 9.999999993212704830e-01 9.999999993204874427e-01 9.999999993204747861e-01
6.561576000000000931e+03 9.999999993010890709e-01 9.999999993002584020e-01 9.999999993002451903e-01
6.561594000000000960e+03 9.999999992799926130e-01 9.999999992791110959e-01 9.999999992790969960e-01
6.561612000000000080e+03 9.999999992579252650e-01 9.999999992569889029e-01 9.999999992569743590e-01
6.561630000000001019e+03 9.999999992348265199e-01 9.999999992338306498e-01 9.999999992338152177e-01
6.561648000000001048e+03 9.999999992106310964e-01 9.999999992095710555e-01 9.999999992095541801e-01
6.561666000000000167e+03 9.999999991852680514e-01 9.999999991841381775e-01 9.999999991841205249e-01
6.561684000000001106e+03 9.999999991586607795e-01 9.999999991574557434e-01 9.999999991574367586e-01
6.561702000000001135e+03 9.999999991307264580e-01 9.999999991294398205e-01 9.999999991294198365e-01
6.561720000000000255e+03 9.999999991013758249e-01 9.999999991000002586e-01 9.999999990999784982e-01
6.561738000000001193e+03 9.999999990705106256e-01 9.999999990690384699e-01 9.999999990690152663e-01
6.561756000000000313e+03 9.999999990380243897e-01 9.999999990364473179e-01 9.999999990364225599e-01
6.561774000000000342e+03 9.999999990038023201e-01 9.999999990021102292e-01 9.999999990020838059e-01
6.561792000000001281e+03 9.999999989677178514e-01 9.999999989659000832e-01 9.999999989658715505e-01
6.561810000000000400e+03 9.999999989296326497e-01 9.999999989276779910e-01 9.999999989276469048e-01
6.561828000000000429e+03 9.999999988893959468e-01 9.999999988872904089e-01 9.999999988872573242e-01
6.561846000000001368e+03 9.999999988468423195e-01 9.999999988445714694e-01 9.999999988445357202e-01
6.561864000000000487e+03 9.999999988017898023e-01 9.999999987993367645e-01 9.999999987992983508e-01
6.561882000000000517e+03 9.999999987540385549e-01 9.999999987513847888e-01 9.999999987513431554e-01
6.561900000000001455e+03 9.999999987033679760e-01 9.999999987004922763e-01 9.999999987004472013e-01
6.561918000000000575e+03 9.999999986495344828e-01 9.999999986464130908e-01 9.999999986463639079e-01
6.561936000000000604e+03 9.999999985922681800e-01 9.999999985888743392e-01 9.999999985888206044e-01
6.561953999999999724e+03 9.999999985312694184e-01 9.999999985275723757e-01 9.999999985275140890e-01
6.561972000000000662e+03 9.999999984662063524e-01 9.999999984621708027e-01 9.999999984621068538e-01
6.561990000000000691e+03 9.999999983967069461e-01 9.999999983922929214e-01 9.999999983922228664e-01
6.562007999999999811e+03 9.999999983223565314e-01 9.999999983175160700e-01 9.999999983174393536e-01
6.562026000000000749e+03 9.999999982426882594e-01 9.999999982373645180e-01 9.999999982372801410e-01
6.562044000000000779e+03 9.999999981571739971e-01 9.999999981512978087e-01 9.999999981512044389e-01
6.562061999999999898e+03 9.999999980652124476e-01 9.999999980586927739e-01 9.999999980585890791e-01
6.562080000000000837e+03 9.999999979661065019e-01 9.999999979588194421e-01 9.999999979587032017e-01
6.562097999999999956e+03 9.999999978590322636e-01 9.999999978507947418e-01 9.999999978506618481e-01
6.562115999999999985e+03 9.999999977429817610e-01 9.999999977335031209e-01 9.999999977333479118e-01
6.562134000000000924e+03 9.999999976166596971e-01 9.999999976054553263e-01 9.999999976052678097e-01
6.562152000000000044e+03 9.999999974782969314e-01 9.999999974645307210e-01 9.999999974642934664e-01
6.562170000000000073e+03 9.999999973253120844e-01 9.999999973075130999e-01 9.999999973071949100e-01
6.562188000000001011e+03 9.999999971536901455e-01 9.999999971292622414e-01 9.999999971288086043e-01
6.562206000000000131e+03 9.999999969568791336e-01 9.999999969212646223e-01 9.999999969205793926e-01
6.562224000000000160e+03 9.999999967238420995e-01 9.999999966691379694e-01 9.999999966680557240e-01
6.562242000000001099e+03 9.999999964357054738e-01 9.999999963484227372e-01 9.999999963466619235e-01
6.562260000000000218e+03 9.999999960601111404e-01 9.999999959176458786e-01 9.999999959147367612e-01
6.562278000000000247e+03 9.999999955419127673e-01 9.999999953071413428e-01 9.999999953023163135e-01
6.562296000000001186e+03 9.999999947882222129e-01 9.999999944014478226e-01 9.999999943934749780e-01
6.562314000000000306e+03 9.999999936449607274e-01 9.999999930122671632e-01 9.999999929992110514e-01
6.562332000000000335e+03 9.999999918610101846e-01 9.999999908379262337e-01 9.999999908168055729e-01
6.562350000000000364e+03 9.999999890348292286e-01 9.999999874041378689e-01 9.999999873704547015e-01
6.562368000000000393e+03 9.999999845370406426e-01 9.999999819796485667e-01 9.999999819267491041e-01
6.562386000000000422e+03 9.999999774012309217e-01 9.999999734592797118e-01 9.999999733775104538e-01
6.562404000000000451e+03 9.999999661741837409e-01 9.999999602061185877e-01 9.999999600817276457e-01
6.562422000000000480e+03 9.999999487163486744e-01 9.999999398444298082e-01 9.999999396581519262e-01
6.562440000000000509e+03 9.999999219438243658e-01 9.999999089954632048e-01 9.999999087206719040e-01
6.562458000000000538e+03 9.999998815047065337e-01 9.999998629496830160e-01 9.999998625498871530e-01
6.562476000000000568e+03 9.999998213852893114e-01 9.999997952705893534e-01 9.999997946957716044e-01
6.562493999999999687e+03 9.999997334444528096e-01 9.999996973257379018e-01 9.999996965064703591e-01
6.562512000000000626e+03 9.999996068753252976e-01 9.999995577367682964e-01 9.999995565740504855e-01
6.562530000000000655e+03 9.999994275870217608e-01 9.999993617269437030e-01 9.999993600743709576e-01
6.562547999999999774e+03 9.999991774779387610e-01 9.999990903107787155e-01 9.999990879444714542e-01
6.562566000000000713e+03 9.999988335270959539e-01 9.999987191707334633e-01 9.999987157412002503e-01
6.562584000000000742e+03 9.999983665552130141e-01 9.999982166501047987e-01 9.999982115999449528e-01
6.562601999999999862e+03 9.999977393457258890e-01 9.999975382956963754e-01 9.999975306615186410e-01
6.562620000000000800e+03 9.999969030041990781e-01 9.999966066487653293e-01 9.999965944196250733e-01
6.562638000000000829e+03 9.999957854124464918e-01 9.999952347349067017e-01 9.999952129899486453e-01
6.562655999999999949e+03 9.999942385587635707e-01 9.999928849202380787e-01 9.999928425112233343e-01
6.562674000000000888e+03 9.999917869472353393e-01 9.999881345716096215e-01 9.999880538749384984e-01
6.562692000000000917e+03 9.999865884987092501e-01 9.999780879869596406e-01 9.999779583167885955e-01
6.562710000000000036e+03 9.999726442138650029e-01 9.999588350876573717e-01 9.999586776464490789e-01
6.562728000000000975e+03 9.999398570030216815e-01 9.999279008982080441e-01 9.999277751134036940e-01
6.562746000000000095e+03 9.998910944284385982e-01 9.998872238565167381e-01 9.998872022354727829e-01
6.562764000000000124e+03 9.998380048947593801e-01 9.998441881134795262e-01 9.998443254313197359e-01
6.562782000000001062e+03 9.997874894242804178e-01 9.998103454886232422e-01 9.998106412612151050e-01
6.562800000000000182e+03 9.997658856017462847e-01 9.997973592930148312e-01 9.997977241168568563e-01
6.562818000000000211e+03 9.997874892010012449e-01 9.998103448590641706e-01 9.998106406294247073e-01
6.562836000000001150e+03 9.998380036911461710e-01 9.998441866926229826e-01 9.998443240092914630e-01
6.562854000000000269e+03 9.998910918925201230e-01 9.998872216201469820e-01 9.998872000018099726e-01
6.562872000000000298e+03 9.999398531971614990e-01 9.999278982211177169e-01 9.999277724411523849e-01
6.562890000000001237e+03 9.999726412133277398e-01 9.999588326001801475e-01 9.999586751610323176e-01
6.562908000000000357e+03 9.999865869109644256e-01 9.999780861204654592e-01 9.999779564477506710e-01
6.562926000000000386e+03 9.999917860607914211e-01 9.999881333346015699e-01 9.999880526334826714e-01
6.562944000000001324e+03 9.999942379043408325e-01 9.999928840874017233e-01 9.999928416748580240e-01
6.562962000000000444e+03 9.999957848370071289e-01 9.999952341010712731e-01 9.999952123540676308e-01
6.562980000000000473e+03 9.999969024766217629e-01 9.999966061099477832e-01 9.999965938796546716e-01
6.562998000000000502e+03 9.999977388662630862e-01 9.999975378173199259e-01 9.999975301823701423e-01
6.563016000000000531e+03 9.999983661285721803e-01 9.999982162255118823e-01 9.999982111747547364e-01
6.563034000000000560e+03 9.999988331562466026e-01 9.999987188001471239e-01 9.999987153701324072e-01
6.563052000000000589e+03 9.999991771631815407e-01 9.999990899942036160e-01 9.999990876275055562e-01
6.563070000000000618e+03 9.999994273261897382e-01 9.999993614625461991e-01 9.999993598096525993e-01
6.563088000000000648e+03 9.999996066642673487e-01 9.999995575209082999e-01 9.999995563579217039e-01
6.563106000000000677e+03 9.999997332776430214e-01 9.999996971534339529e-01 9.999996963339384815e-01
6.563124000000000706e+03 9.999998212564573663e-01 9.999997951360745096e-01 9.999997945610625827e-01
6.563141999999999825e+03 9.999998814074152476e-01 9.999998628469255468e-01 9.999998624469654818e-01
6.563160000000000764e+03 9.999999218719265448e-01 9.999999089186004664e-01 9.999999086436729412e-01
6.563178000000000793e+03 9.999999486642990876e-01 9.999999397880832142e-01 9.999999396016948650e-01
6.563195999999999913e+03 9.999999661372179771e-01 9.999999601655856774e-01 9.999999600411078049e-01
6.563214000000000851e+03 9.999999773754215671e-01 9.999999734306190824e-01 9.999999733487821008e-01
6.563232000000000880e+03 9.999999845192701908e-01 9.999999819596760986e-01 9.999999819067257878e-01
6.563250000000000000e+03 9.999999890227078136e-01 9.999999873903694381e-01 9.999999873566493003e-01
6.563268000000000939e+03 9.999999918527636700e-01 9.999999908284853412e-01 9.999999908073380350e-01
6.563286000000000968e+03 9.999999936393125788e-01 9.999999930057772435e-01 9.999999929927020359e-01
6.563304000000000087e+03 9.999999947842793668e-01 9.999999943969275495e-01 9.999999943889422704e-01
6.563322000000001026e+03 9.999999955390677098e-01 9.999999953039105938e-01 9.999999952990770158e-01
6.563340000000000146e+03 9.999999960579618596e-01 9.999999959152453544e-01 9.999999959123307969e-01
6.563358000000000175e+03 9.999999964339916225e-01 9.999999963465491248e-01 9.999999963447847584e-01
6.563376000000001113e+03 9.999999967224002528e-01 9.999999966675970908e-01 9.999999966665127360e-01
6.563394000000000233e+03 9.999999969556089274e-01 9.999999969199337979e-01 9.999999969192477911e-01
6.563412000000000262e+03 9.999999971525304066e-01 9.999999971280660871e-01 9.999999971276116728e-01
6.563430000000001201e+03 9.999999973242265083e-01 9.999999973064063186e-01 9.999999973060874625e-01
6.563448000000000320e+03 9.999999974772646461e-01 9.999999974634861122e-01 9.999999974632486355e-01
6.563466000000000349e+03 9.999999976156681569e-01 9.999999976044563477e-01 9.999999976042689420e-01
6.563484000000001288e+03 9.999999977420235275e-01 9.999999977325400025e-01 9.999999977323850153e-01
6.563502000000000407e+03 9.999999978581028959e-01 9.999999978498620434e-01 9.999999978497291497e-01
6.563520000000000437e+03 9.999999979652026694e-01 9.999999979579136111e-01 9.999999979577971487e-01
6.563538000000001375e+03 9.999999980643321518e-01 9.999999980578111458e-01 9.999999980577074510e-01
6.563556000000000495e+03 9.999999981563162388e-01 9.999999981504386071e-01 9.999999981503456814e-01
6.563574000000000524e+03 9.999999982418510402e-01 9.999999982365265216e-01 9.999999982364424778e-01
6.563592000000000553e+03 9.999999983215394073e-01 9.999999983166978357e-01 9.999999983166216744e-01
6.563610000000000582e+03 9.999999983959088068e-01 9.999999983914935608e-01 9.999999983914241719e-01
6.563628000000000611e+03 9.999999984654260876e-01 9.999999984613898718e-01 9.999999984613258119e-01
6.563646000000000640e+03 9.999999985305062511e-01 9.999999985268085423e-01 9.999999985267501446e-01
6.563664000000000669e+03 9.999999985915209999e-01 9.999999985881266040e-01 9.999999985880733133e-01
6.563682000000000698e+03 9.999999986488030679e-01 9.999999986456812318e-01 9.999999986456322709e-01
6.563699999999999818e+03 9.999999987026521042e-01 9.999999986997758494e-01 9.999999986997304413e-01
6.563718000000000757e+03 9.999999987533370049e-01 9.999999987506827948e-01 9.999999987506409393e-01
6.563735999999999876e+03 9.999999988011021301e-01 9.999999987986485372e-01 9.999999987986101235e-01
6.563753999999999905e+03 9.999999988461676370e-01 9.999999988438963427e-01 9.999999988438605936e-01
6.563772000000000844e+03 9.999999988887342539e-01 9.999999988866280498e-01 9.999999988865952982e-01
6.563789999999999964e+03 9.999999989289829472e-01 9.999999989270276224e-01 9.999999989269970913e-01
6.563807999999999993e+03 9.999999989670798062e-01 9.999999989652620380e-01 9.999999989652335053e-01
6.563826000000000931e+03 9.999999990031761543e-01 9.999999990014836193e-01 9.999999990014570850e-01
6.563844000000000051e+03 9.999999990374092151e-01 9.999999990358316992e-01 9.999999990358072743e-01
6.563862000000000080e+03 9.999999990699058872e-01 9.999999990684333984e-01 9.999999990684105278e-01
6.563880000000001019e+03 9.999999991007816336e-01 9.999999990994057342e-01 9.999999990993839738e-01
6.563898000000000138e+03 9.999999991301424807e-01 9.999999991288552881e-01 9.999999991288348600e-01
6.563916000000000167e+03 9.999999991580862391e-01 9.999999991568808699e-01 9.999999991568618851e-01
6.563934000000001106e+03 9.999999991847026148e-01 9.999999991835727409e-01 9.999999991835546442e-01
6.563952000000000226e+03 9.999999992100746526e-01 9.999999992090141676e-01 9.999999992089974032e-01
6.563970000000000255e+03 9.999999992342791799e-01 9.999999992332827548e-01 9.999999992332669896e-01
6.563988000000000284e+03 9.999999992573858076e-01 9.999999992564491125e-01 9.999999992564344575e-01
6.564006000000000313e+03 9.999999992794610382e-01 9.999999992785794101e-01 9.999999992785656433e-01
6.564024000000000342e+03 9.999999993005653787e-01 9.999999992997349318e-01 9.999999992997217202e-01
6.564042000000000371e+03 9.999999993207547844e-01 9.999999993199713000e-01 9.999999993199587545e-01
6.564060000000000400e+03 9.999999993400812137e-01 9.999999993393416942e-01 9.999999993393300368e-01
6.564078000000000429e+03 9.999999993585929614e-01 9.999999993578949642e-01 9.999999993578841950e-01
6.564096000000000458e+03 9.999999993763363237e-01 9.999999993756761851e-01 9.999999993756660821e-01
6.564114000000000487e+03 9.999999993933522680e-01 9.999999993927281006e-01 9.999999993927183306e-01
6.564131999999999607e+03 9.999999994096807621e-01 9.999999994090895683e-01 9.999999994090801314e-01
6.564150000000000546e+03 9.999999994253578883e-01 9.999999994247977808e-01 9.999999994247890100e-01
6.564168000000000575e+03 9.999999994404178416e-01 9.999999994398870440e-01 9.999999994398786063e-01
6.564185999999999694e+03 9.999999994548932625e-01 9.999999994543894433e-01 9.999999994543814497e-01
6.564204000000000633e+03 9.999999994688136828e-01 9.999999994683351767e-01 9.999999994683277382e-01
6.564222000000000662e+03 9.999999994822067473e-01 9.999999994817522220e-01 9.999999994817451165e-01
6.564239999999999782e+03 9.999999994950989901e-01 9.999999994946671134e-01 9.999999994946601189e-01
6.564258000000000720e+03 9.999999995075155024e-01 9.999999995071044978e-01 9.999999995070979475e-01
6.564276000000000749e+03 9.999999995194788216e-01 9.999999995190876900e-01 9.999999995190815838e-01
6.564293999999999869e+03 9.999999995310112633e-01 9.999999995306386724e-01 9.999999995306330103e-01
6.564312000000000808e+03 9.999999995421329224e-01 9.999999995417778731e-01 9.999999995417724330e-01
6.564330000000000837e+03 9.999999995528635610e-01 9.999999995525250540e-01 9.999999995525197249e-01
6.564347999999999956e+03 9.999999995632207206e-01 9.999999995628976457e-01 9.999999995628926497e-01
6.564366000000000895e+03 9.999999995732221647e-01 9.999999995729136337e-01 9.999999995729089708e-01
6.564384000000000015e+03 9.999999995828836585e-01 9.999999995825890053e-01 9.999999995825846755e-01
6.564402000000000044e+03 9.999999995922205231e-01 9.999999995919389706e-01 9.999999995919346407e-01
6.564420000000000982e+03 9.999999996012467474e-01 9.999999996009776293e-01 9.999999996009735215e-01
6.564438000000000102e+03 9.999999996099764310e-01 9.999999996097189703e-01 9.999999996097153065e-01
6.564456000000000131e+03 9.999999996184224527e-01 9.999999996181758721e-01 9.999999996181720974e-01
6.564474000000001070e+03 9.999999996265968027e-01 9.999999996263607693e-01 9.999999996263574387e-01
6.564492000000000189e+03 9.999999996345111386e-01 9.999999996342852082e-01 9.999999996342818775e-01
6.564510000000000218e+03 9.999999996421764514e-01 9.999999996419595139e-01 9.999999996419564052e-01
6.564528000000001157e+03 9.999999996496027332e-01 9.999999996493930121e-01 9.999999996493894594e-01
6.564546000000000276e+03 9.999999996568001981e-01 9.999999996565739346e-01 9.999999996565682725e-01
6.564564000000000306e+03 9.999999996637777278e-01 9.999999996633780475e-01 9.999999996633635035e-01
6.564582000000000335e+03 9.999999996705447591e-01 9.999999996693499371e-01 9.999999996693152982e-01
6.564600000000000364e+03 9.999999996771091748e-01 9.999999996737096719e-01 9.999999996736486096e-01
