# lambda[A]  T_theo  T_instr  T_rot+instr  (H-alpha 6562.8)
6.560966979165960765e+03 9.999999998813176028e-01 9.999999998800915835e-01 9.999999998800678247e-01
6.560985309374301323e+03 9.999999998789012023e-01 9.999999998784809829e-01 9.999999998784676603e-01
6.561003639582641881e+03 9.999999998764104170e-01 9.999999998762720832e-01 9.999999998762667541e-01
6.561021969790981530e+03 9.999999998738416940e-01 9.999999998737622020e-01 9.999999998737602036e-01
6.561040299999322997e+03 9.999999998711918137e-01 9.999999998711174287e-01 9.999999998711162075e-01
6.561058630207663555e+03 9.999999998684576674e-01 9.999999998683806179e-01 9.999999998683793967e-01
6.561076960416003203e+03 9.999999998656357025e-01 9.999999998655552114e-01 9.999999998655538791e-01
6.561095290624343761e+03 9.999999998627218112e-01 9.999999998626377673e-01 9.999999998626363240e-01
6.561113620832684319e+03 9.999999998597118855e-01 9.999999998596240669e-01 9.999999998596225126e-01
6.561131951041023967e+03 9.999999998566017068e-01 9.999999998565098913e-01 9.999999998565085590e-01
6.561150281249364525e+03 9.999999998533866119e-01 9.999999998532906886e-01 9.999999998532893564e-01
6.561168611457705993e+03 9.999999998500624931e-01 9.999999998499623510e-01 9.999999998499607967e-01
6.561186941666045641e+03 9.999999998466242435e-01 9.999999998465189943e-01 9.999999998465171069e-01
6.561205271874386199e+03 9.999999998430655346e-01 9.999999998429557335e-01 9.999999998429539572e-01
6.561223602082726757e+03 9.999999998393817036e-01 9.999999998392664624e-01 9.999999998392644640e-01
6.561241932291066405e+03 9.999999998355663111e-01 9.999999998354457409e-01 9.999999998354438535e-01
6.561260262499406963e+03 9.999999998316131400e-01 9.999999998314870187e-01 9.999999998314847982e-01
6.561278592707747521e+03 9.999999998275156399e-01 9.999999998273831903e-01 9.999999998273809698e-01
6.561296922916088988e+03 9.999999998232671494e-01 9.999999998231275944e-01 9.999999998231250409e-01
6.561315253124428637e+03 9.999999998188586758e-01 9.999999998187123484e-01 9.999999998187097949e-01
6.561333583332769194e+03 9.999999998142833357e-01 9.999999998141296809e-01 9.999999998141270163e-01
6.561351913541109752e+03 9.999999998095323583e-01 9.999999998093701548e-01 9.999999998093677123e-01
6.561370243749449401e+03 9.999999998045963068e-01 9.999999998044257765e-01 9.999999998044231120e-01
6.561388573957789959e+03 9.999999997994653000e-01 9.999999997992861100e-01 9.999999997992832235e-01
6.561406904166130516e+03 9.999999997941299013e-01 9.999999997939407193e-01 9.999999997939372776e-01
6.561425234374471074e+03 9.999999997885778980e-01 9.999999997883782799e-01 9.999999997883747271e-01
6.561443564582811632e+03 9.999999997827979659e-01 9.999999997825871345e-01 9.999999997825835818e-01
6.561461894791152190e+03 9.999999997767771154e-01 9.999999997765546267e-01 9.999999997765506299e-01
6.561480224999491838e+03 9.999999997705023569e-01 9.999999997702671006e-01 9.999999997702632148e-01
6.561498555207832396e+03 9.999999997639587024e-01 9.999999997637097904e-01 9.999999997637052385e-01
6.561516885416172954e+03 9.999999997571307198e-01 9.999999997568670418e-01 9.999999997568623789e-01
6.561535215624512603e+03 9.999999997500018667e-01 9.999999997497220905e-01 9.999999997497172055e-01
6.561553545832853160e+03 9.999999997425526033e-01 9.999999997422566178e-01 9.999999997422516218e-01
6.561571876041194628e+03 9.999999997347662761e-01 9.999999997344511948e-01 9.999999997344458658e-01
6.561590206249534276e+03 9.999999997266200147e-01 9.999999997262853935e-01 9.999999997262793983e-01
6.561608536457874834e+03 9.999999997180913924e-01 9.999999997177360100e-01 9.999999997177292377e-01
6.561626866666215392e+03 9.999999997091568726e-01 9.999999997087781756e-01 9.999999997087712922e-01
6.561645196874555040e+03 9.999999996997894769e-01 9.999999996993857998e-01 9.999999996993786944e-01
6.561663527082895598e+03 9.999999996899613386e-01 9.999999996895304610e-01 9.999999996895226895e-01
6.561681857291236156e+03 9.999999996796409274e-01 9.999999996791806289e-01 9.999999996791727463e-01
6.561700187499577623e+03 9.999999996687954917e-01 9.999999996683032188e-01 9.999999996682945591e-01
6.561718517707917272e+03 9.999999996573882832e-01 9.999999996568613714e-01 9.999999996568521565e-01
6.561736847916257830e+03 9.999999996453798889e-01 9.999999996448151185e-01 9.999999996448053485e-01
6.561755178124598388e+03 9.999999996327265661e-01 9.999999996321206064e-01 9.999999996321101703e-01
6.561773508332938036e+03 9.999999996193819074e-01 9.999999996187303175e-01 9.999999996187193263e-01
6.561791838541278594e+03 9.999999996052939544e-01 9.999999996045931816e-01 9.999999996045810802e-01
6.561810168749619152e+03 9.999999995904060857e-01 9.999999995896512450e-01 9.999999995896383664e-01
6.561828498957959710e+03 9.999999995746573500e-01 9.999999995738423353e-01 9.999999995738281244e-01
6.561846829166300267e+03 9.999999995579783585e-01 9.999999995570976186e-01 9.999999995570821865e-01
6.561865159374640825e+03 9.999999995402946151e-01 9.999999995393412666e-01 9.999999995393247243e-01
6.561883489582980474e+03 9.999999995215235193e-01 9.999999995204893466e-01 9.999999995204715830e-01
6.561901819791321032e+03 9.999999995015730336e-01 9.999999995004494879e-01 9.999999995004298370e-01
6.561920149999661589e+03 9.999999994803412395e-01 9.999999994791173297e-01 9.999999994790960134e-01
6.561938480208001238e+03 9.999999994577144502e-01 9.999999994563776307e-01 9.999999994563543160e-01
6.561956810416342705e+03 9.999999994335644349e-01 9.999999994320987184e-01 9.999999994320729613e-01
6.561975140624683263e+03 9.999999994077456433e-01 9.999999994061304909e-01 9.999999994061019581e-01
6.561993470833022911e+03 9.999999993800906539e-01 9.999999993782959784e-01 9.999999993782642260e-01
6.562011801041363469e+03 9.999999993503994045e-01 9.999999993483807970e-01 9.999999993483446037e-01
6.562030131249704027e+03 9.999999993184264246e-01 9.999999993161124978e-01 9.999999993160703093e-01
6.562048461458043676e+03 9.999999992838515261e-01 9.999999992811231531e-01 9.999999992810728600e-01
6.562066791666384233e+03 9.999999992462337284e-01 9.999999992428865170e-01 9.999999992428231232e-01
6.562085121874725701e+03 9.999999992049228847e-01 9.999999992005997873e-01 9.999999992005162985e-01
6.562103452083066259e+03 9.999999991589039183e-01 9.999999991529848753e-01 9.999999991528675247e-01
6.562121782291405907e+03 9.999999991065269267e-01 9.999999990979376863e-01 9.999999990977633813e-01
6.562140112499746465e+03 9.999999990450326726e-01 9.999999990319345944e-01 9.999999990316639220e-01
6.562158442708086113e+03 9.999999989697555547e-01 9.999999989490435670e-01 9.999999989486098029e-01
6.562176772916426671e+03 9.999999988727868994e-01 9.999999988393000194e-01 9.999999988385931404e-01
6.562195103124767229e+03 9.999999987407911517e-01 9.999999986861000112e-01 9.999999986849412714e-01
6.562213433333108696e+03 9.999999985515101164e-01 9.999999984620914217e-01 9.999999984601946057e-01
6.562231763541448345e+03 9.999999982682756805e-01 9.999999981228347989e-01 9.999999981197499332e-01
6.562250093749788903e+03 9.999999978315794458e-01 9.999999975972209132e-01 9.999999975922525541e-01
6.562268423958129461e+03 9.999999971464084147e-01 9.999999967732958739e-01 9.999999967653896427e-01
6.562286754166469109e+03 9.999999960636312135e-01 9.999999954777439859e-01 9.999999954653278067e-01
6.562305084374809667e+03 9.999999943532603686e-01 9.999999934468477569e-01 9.999999934276218028e-01
6.562323414583150225e+03 9.999999916669451983e-01 9.999999902863206946e-01 9.999999902569757237e-01
6.562341744791489873e+03 9.999999874865935778e-01 9.999999854170410485e-01 9.999999853728994692e-01
6.562360074999831340e+03 9.999999810557417268e-01 9.999999780035147001e-01 9.999999779380728260e-01
6.562378405208171898e+03 9.999999712902144511e-01 9.999999668619136139e-01 9.999999667662722302e-01
6.562396735416511547e+03 9.999999566649179217e-01 9.999999503449310545e-01 9.999999502070826551e-01
6.562415065624852105e+03 9.999999350743715709e-01 9.999999262014490631e-01 9.999999260053792360e-01
6.562433395833192662e+03 9.999999036658742124e-01 9.999998914101746461e-01 9.999998911346732466e-01
6.562451726041532311e+03 9.999998586458721528e-01 9.999998419876432454e-01 9.999998416046174121e-01
6.562470056249872869e+03 9.999997950617871556e-01 9.999997727718090701e-01 9.999997722436768655e-01
6.562488386458214336e+03 9.999997065622895365e-01 9.999996771817442065e-01 9.999996764571639218e-01
6.562506716666553984e+03 9.999995851370727662e-01 9.999995469501681278e-01 9.999995459569963607e-01
6.562525046874894542e+03 9.999994208304179288e-01 9.999993718156843236e-01 9.999993704499066105e-01
6.562543377083235100e+03 9.999992014092402570e-01 9.999991391359723814e-01 9.999991372456950023e-01
6.562561707291574749e+03 9.999989119437082685e-01 9.999988332978403394e-01 9.999988306616005573e-01
6.562580037499915306e+03 9.999985342053169246e-01 9.999984344718905183e-01 9.999984307651941240e-01
6.562598367708255864e+03 9.999980455601414908e-01 9.999979150217415125e-01 9.999979097358427937e-01
6.562616697916597332e+03 9.999974159928293194e-01 9.999972276232621526e-01 9.999972198015695257e-01
6.562635028124936980e+03 9.999965977479080559e-01 9.999962665830768316e-01 9.999962540443539938e-01
6.562653358333277538e+03 9.999954873464669269e-01 9.999947560429732762e-01 9.999947337506739364e-01
6.562671688541618096e+03 9.999937915414035539e-01 9.999919924970424034e-01 9.999919510957938629e-01
6.562690018749957744e+03 9.999906000421040497e-01 9.999864569429547378e-01 9.999863862001105996e-01
6.562708348958298302e+03 9.999833410554176405e-01 9.999757037100163171e-01 9.999756064891196505e-01
6.562726679166638860e+03 9.999667698647253244e-01 9.999573929453673404e-01 9.999573021701714248e-01
6.562745009374979418e+03 9.999365029436634300e-01 9.999317170727692883e-01 9.999316906250289572e-01
6.562763339583319976e+03 9.998982011488225519e-01 9.999034385060509011e-01 9.999035221551939578e-01
6.562781669791660534e+03 9.998661073993403425e-01 9.998809720827277481e-01 9.998811604568075273e-01
6.562800000000000182e+03 9.998534635630921263e-01 9.998723806898761612e-01 9.998726119535339407e-01
6.562818330208340740e+03 9.998661072641631398e-01 9.998809716613578091e-01 9.998811600342902839e-01
6.562836660416681298e+03 9.998982003063335844e-01 9.999034375760390558e-01 9.999035212250730886e-01
6.562854990625020946e+03 9.999365011179950358e-01 9.999317156788640748e-01 9.999316892330049056e-01
6.562873320833362413e+03 9.999667677873536054e-01 9.999573913731965025e-01 9.999573005999869979e-01
6.562891651041702971e+03 9.999833395402923930e-01 9.999757023075551698e-01 9.999756050866486223e-01
6.562909981250042620e+03 9.999905991204166567e-01 9.999864558839354212e-01 9.999863851392606362e-01
6.562928311458383178e+03 9.999937909389210455e-01 9.999919917484741960e-01 9.999919503450822589e-01
6.562946641666723735e+03 9.999954868727432000e-01 9.999947554888487522e-01 9.999947331950284068e-01
6.562964971875063384e+03 9.999965973232426419e-01 9.999962661280058507e-01 9.999962535884041603e-01
6.562983302083403942e+03 9.999974155943136545e-01 9.999972272181222310e-01 9.999972193958963640e-01
6.563001632291745409e+03 9.999980451862174879e-01 9.999979146494577531e-01 9.999979093631590210e-01
6.563019962500085967e+03 9.999985338602491725e-01 9.999984341300113266e-01 9.999984304229692089e-01
6.563038292708425615e+03 9.999989116319211169e-01 9.999988329884353933e-01 9.999988303518902999e-01
6.563056622916766173e+03 9.999992011336347186e-01 9.999991388613305165e-01 9.999991369707880162e-01
6.563074953125106731e+03 9.999994205920714752e-01 9.999993715768837887e-01 9.999993702108792570e-01
6.563093283333446379e+03 9.999995849353703337e-01 9.999995467468115740e-01 9.999995457534439636e-01
6.563111613541786937e+03 9.999997063952141829e-01 9.999996770121133416e-01 9.999996762873619716e-01
6.563129943750128405e+03 9.999997949262826591e-01 9.999997726331680825e-01 9.999997721048859978e-01
6.563148273958468053e+03 9.999998585382243732e-01 9.999998418765838615e-01 9.999998414934264668e-01
6.563166604166808611e+03 9.999999035820741344e-01 9.999998913229470876e-01 9.999998910473310021e-01
6.563184934375149169e+03 9.999999350104162854e-01 9.999999261342497059e-01 9.999999259380820682e-01
6.563203264583488817e+03 9.999999566170415521e-01 9.999999502941279150e-01 9.999999501561976922e-01
6.563221594791829375e+03 9.999999712550388109e-01 9.999999668242033346e-01 9.999999667284948934e-01
6.563239925000169933e+03 9.999999810303572545e-01 9.999999779760120333e-01 9.999999779105168685e-01
6.563258255208510491e+03 9.999999874685827628e-01 9.999999853973169373e-01 9.999999853531332805e-01
6.563276585416851049e+03 9.999999916543629297e-01 9.999999902723925027e-01 9.999999902430155574e-01
6.563294915625191607e+03 9.999999943445875283e-01 9.999999934371474053e-01 9.999999934178974703e-01
6.563313245833531255e+03 9.999999960577142799e-01 9.999999954710631078e-01 9.999999954586294981e-01
6.563331576041871813e+03 9.999999971423958467e-01 9.999999967687283053e-01 9.999999967608093066e-01
6.563349906250212371e+03 9.999999978288552915e-01 9.999999975941042951e-01 9.999999975891269433e-01
6.563368236458552019e+03 9.999999982664079523e-01 9.999999981206956212e-01 9.999999981176045383e-01
6.563386566666892577e+03 9.999999985502012745e-01 9.999999984605990599e-01 9.999999984586983581e-01
6.563404896875234044e+03 9.999999987398415779e-01 9.999999986850288680e-01 9.999999986838675747e-01
6.563423227083574602e+03 9.999999988720651434e-01 9.999999988384997707e-01 9.999999988377908933e-01
6.563441557291914251e+03 9.999999989691776836e-01 9.999999989484151808e-01 9.999999989479800844e-01
6.563459887500254808e+03 9.999999990445446185e-01 9.999999990314153431e-01 9.999999990311437825e-01
6.563478217708595366e+03 9.999999991060954940e-01 9.999999990974873798e-01 9.999999990973126307e-01
6.563496547916935015e+03 9.999999991585096781e-01 9.999999991525789778e-01 9.999999991524616272e-01
6.563514878125275573e+03 9.999999992045531805e-01 9.999999992002236437e-01 9.999999992001399329e-01
6.563533208333617040e+03 9.999999992458822318e-01 9.999999992425304685e-01 9.999999992424672968e-01
6.563551538541956688e+03 9.999999992835131302e-01 9.999999992807824256e-01 9.999999992807322435e-01
6.563569868750297246e+03 9.999999993180985758e-01 9.999999993157836498e-01 9.999999993157415723e-01
6.563588198958637804e+03 9.999999993500816586e-01 9.999999993480619409e-01 9.999999993480256366e-01
6.563606529166977452e+03 9.999999993797811237e-01 9.999999993779856711e-01 9.999999993779534746e-01
6.563624859375318010e+03 9.999999994074437737e-01 9.999999994058279551e-01 9.999999994057990893e-01
6.563643189583658568e+03 9.999999994332692266e-01 9.999999994318031771e-01 9.999999994317776419e-01
6.563661519791999126e+03 9.999999994574259032e-01 9.999999994560887506e-01 9.999999994560653249e-01
6.563679850000339684e+03 9.999999994800593539e-01 9.999999994788350000e-01 9.999999994788134616e-01
6.563698180208680242e+03 9.999999995012969212e-01 9.999999995001730424e-01 9.999999995001533915e-01
6.563716510417019890e+03 9.999999995212534021e-01 9.999999995202193404e-01 9.999999995202011327e-01
6.563734840625360448e+03 9.999999995400300490e-01 9.999999995390764784e-01 9.999999995390599361e-01
6.563753170833701006e+03 9.999999995577190104e-01 9.999999995568380484e-01 9.999999995568227273e-01
6.563771501042040654e+03 9.999999995744027759e-01 9.999999995735878722e-01 9.999999995735737723e-01
6.563789831250382122e+03 9.999999995901570626e-01 9.999999995894017779e-01 9.999999995893886773e-01
6.563808161458722680e+03 9.999999996050495943e-01 9.999999996043484884e-01 9.999999996043362760e-01
6.563826491667063237e+03 9.999999996191414331e-01 9.999999996184905093e-01 9.999999996184790740e-01
6.563844821875402886e+03 9.999999996324906437e-01 9.999999996318847950e-01 9.999999996318740259e-01
6.563863152083743444e+03 9.999999996451481854e-01 9.999999996445833039e-01 9.999999996445735340e-01
6.563881482292084002e+03 9.999999996571607985e-01 9.999999996566337757e-01 9.999999996566246718e-01
6.563899812500423650e+03 9.999999996685720038e-01 9.999999996680797310e-01 9.999999996680712933e-01
6.563918142708765117e+03 9.999999996794211032e-01 9.999999996789609158e-01 9.999999996789527001e-01
6.563936472917105675e+03 9.999999996897447341e-01 9.999999996893139675e-01 9.999999996893064180e-01
6.563954803125445324e+03 9.999999996995767582e-01 9.999999996991728590e-01 9.999999996991658646e-01
6.563973133333785881e+03 9.999999997089472625e-01 9.999999997085683434e-01 9.999999997085615711e-01
6.563991463542126439e+03 9.999999997178856681e-01 9.999999997175295086e-01 9.999999997175231803e-01
6.564009793750466088e+03 9.999999997264166218e-01 9.999999997260822227e-01 9.999999997260763385e-01
6.564028123958806646e+03 9.999999997345659919e-01 9.999999997342514657e-01 9.999999997342458036e-01
6.564046454167148113e+03 9.999999997423560938e-01 9.999999997420594422e-01 9.999999997420544462e-01
6.564064784375487761e+03 9.999999997498074666e-01 9.999999997495276904e-01 9.999999997495229165e-01
6.564083114583828319e+03 9.999999997569395394e-01 9.999999997566757504e-01 9.999999997566714205e-01
6.564101444792168877e+03 9.999999997637708526e-01 9.999999997635214966e-01 9.999999997635169446e-01
6.564119775000508525e+03 9.999999997703168386e-01 9.999999997700813603e-01 9.999999997700773635e-01
6.564138105208849083e+03 9.999999997765941506e-01 9.999999997763715509e-01 9.999999997763678872e-01
6.564156435417189641e+03 9.999999997826173326e-01 9.999999997824065012e-01 9.999999997824028375e-01
6.564174765625529290e+03 9.999999997883999292e-01 9.999999997882003111e-01 9.999999997881966474e-01
6.564193095833870757e+03 9.999999997939542640e-01 9.999999997937648599e-01 9.999999997937614182e-01
6.564211426042211315e+03 9.999999997992919942e-01 9.999999997991124712e-01 9.999999997991094736e-01
6.564229756250551873e+03 9.999999998044252214e-01 9.999999998042548022e-01 9.999999998042516935e-01
6.564248086458891521e+03 9.999999998093638265e-01 9.999999998092017339e-01 9.999999998091985143e-01
6.564266416667232079e+03 9.999999998141168023e-01 9.999999998139629254e-01 9.999999998139600388e-01
6.564284746875571727e+03 9.999999998186941408e-01 9.999999998185479244e-01 9.999999998185452599e-01
6.564303077083912285e+03 9.999999998231046128e-01 9.999999998229650577e-01 9.999999998229628373e-01
6.564321407292253753e+03 9.999999998273554347e-01 9.999999998272227630e-01 9.999999998272203205e-01
6.564339737500594310e+03 9.999999998314546001e-01 9.999999998313281457e-01 9.999999998313259253e-01
6.564358067708933959e+03 9.999999998354097697e-01 9.999999998352890884e-01 9.999999998352869790e-01
6.564376397917274517e+03 9.999999998392269385e-01 9.999999998391115863e-01 9.999999998391096989e-01
6.564394728125615075e+03 9.999999998429122128e-01 9.999999998428027448e-01 9.999999998428008574e-01
6.564413058333954723e+03 9.999999998464729201e-01 9.999999998463676709e-01 9.999999998463661166e-01
6.564431388542295281e+03 9.999999998499130571e-01 9.999999998498126930e-01 9.999999998498112497e-01
6.564449718750636748e+03 9.999999998532389522e-01 9.999999998531429179e-01 9.999999998531414747e-01
6.564468048958976397e+03 9.999999998564551573e-01 9.999999998563636749e-01 9.999999998563622317e-01
6.564486379167316954e+03 9.999999998595670014e-01 9.999999998594791828e-01 9.999999998594778505e-01
6.564504709375657512e+03 9.999999998625788145e-01 9.999999998624945485e-01 9.999999998624929942e-01
6.564523039583997161e+03 9.999999998654941491e-01 9.999999998654136579e-01 9.999999998654123257e-01
6.564541369792337719e+03 9.999999998683178903e-01 9.999999998682407298e-01 9.999999998682391755e-01
6.564559700000678276e+03 9.999999998710533688e-01 9.999999998709789839e-01 9.999999998709773186e-01
6.564578030209018834e+03 9.999999998737045814e-01 9.999999998736252005e-01 9.999999998736228690e-01
6.564596360417359392e+03 9.999999998762748588e-01 9.999999998761367470e-01 9.999999998761311959e-01
6.564614690625699950e+03 9.999999998787671984e-01 9.999999998783465349e-01 9.999999998783328792e-01
6.564633020834039598e+03 9.999999998811847091e-01 9.999999998799581347e-01 9.999999998799339318e-01
