# lambda[A]  T_theo  T_instr  T_rot+instr  (Ly-alpha 1215.67)
1.214099999999999909e+03 9.994040283082531451e-01 9.994021298962205702e-01 9.994020868283084447e-01
1.214114687646242601e+03 9.993956489885138517e-01 9.993955173419744042e-01 9.993955043941876726e-01
1.214129375292485747e+03 9.993870689549877451e-01 9.993870173106432775e-01 9.993870152754515956e-01
1.214144062938728439e+03 9.993782815368430494e-01 9.993782286904542289e-01 9.993782271266844486e-01
1.214158750584971131e+03 9.993692797664457395e-01 9.993692251252308534e-01 9.993692235066581331e-01
1.214173438231214050e+03 9.993600563622375699e-01 9.993599998438451593e-01 9.993599981643190855e-01
1.214188125877456741e+03 9.993506037104176176e-01 9.993505452280933010e-01 9.993505434846368107e-01
1.214202813523699660e+03 9.993409138453310803e-01 9.993408533071431732e-01 9.993408514966019007e-01
1.214217501169942352e+03 9.993309784284728492e-01 9.993309157369392182e-01 9.993309138559660632e-01
1.214232188816185044e+03 9.993207887259771827e-01 9.993207237776651208e-01 9.993207218227063704e-01
1.214246876462427963e+03 9.993103355844857871e-01 9.993102682695765848e-01 9.993102662368563704e-01
1.214261564108670655e+03 9.992996094052498668e-01 9.992995396070684100e-01 9.992995374925723873e-01
1.214276251754913574e+03 9.992886001163224785e-01 9.992885277108282116e-01 9.992885255102861297e-01
1.214290939401156265e+03 9.992772971426898687e-01 9.992772219979225712e-01 9.992772197067897322e-01
1.214305627047398957e+03 9.992656893741547197e-01 9.992656113496374282e-01 9.992656089630715943e-01
1.214320314693642104e+03 9.992537651307956681e-01 9.992536840768831974e-01 9.992536815897222757e-01
1.214335002339884795e+03 9.992415121257862687e-01 9.992414278829598873e-01 9.992414252896990590e-01
1.214349689986127487e+03 9.992289174253564665e-01 9.992288298234580646e-01 9.992288271182206971e-01
1.214364377632370406e+03 9.992159674056435570e-01 9.992158762630429791e-01 9.992158734395520936e-01
1.214379065278613098e+03 9.992026477061707324e-01 9.992025528288595027e-01 9.992025498804056882e-01
1.214393752924855789e+03 9.991889431796480148e-01 9.991888443602561232e-01 9.991888412796612329e-01
1.214408440571098708e+03 9.991748378377867112e-01 9.991747348545098051e-01 9.991747316340907625e-01
1.214423128217341400e+03 9.991603147927649031e-01 9.991602074081972207e-01 9.991602040397220552e-01
1.214437815863584319e+03 9.991453561939579453e-01 9.991452441538212215e-01 9.991452406284648813e-01
1.214452503509827011e+03 9.991299431595171976e-01 9.991298261912724410e-01 9.991298224995647237e-01
1.214467191156069703e+03 9.991140557023172608e-01 9.991139335136520749e-01 9.991139296454243368e-01
1.214481878802312622e+03 9.990976726497720062e-01 9.990975449269481334e-01 9.990975408712714501e-01
1.214496566448555313e+03 9.990807715569459679e-01 9.990806379629924017e-01 9.990806337081113986e-01
1.214511254094798460e+03 9.990633286123431489e-01 9.990631887850804915e-01 9.990631843183405136e-01
1.214525941741041152e+03 9.990453185356815702e-01 9.990451720855583195e-01 9.990451673933246068e-01
1.214540629387283843e+03 9.990267144668973920e-01 9.990265609746195041e-01 9.990265560421880409e-01
1.214555317033526762e+03 9.990074878455348362e-01 9.990073268594642508e-01 9.990073216709637327e-01
1.214570004679769454e+03 9.989876082795875467e-01 9.989874393128833630e-01 9.989874338511668395e-01
1.214584692326012146e+03 9.989670434027507762e-01 9.989668659302262110e-01 9.989668601767510703e-01
1.214599379972255065e+03 9.989457587189284338e-01 9.989455721735889249e-01 9.989455661082837779e-01
1.214614067618497756e+03 9.989237174327038060e-01 9.989235212019257348e-01 9.989235148030409794e-01
1.214628755264740448e+03 9.989008802643156715e-01 9.989006736856267388e-01 9.989006669295716900e-01
1.214643442910983367e+03 9.988772052475283214e-01 9.988769876039351736e-01 9.988769804650944328e-01
1.214658130557226059e+03 9.988526475085571787e-01 9.988524180233634420e-01 9.988524104738923937e-01
1.214672818203468978e+03 9.988271590239869990e-01 9.988269168550371058e-01 9.988269088646333227e-01
1.214687505849711670e+03 9.988006883553511850e-01 9.988004325886173929e-01 9.988004241242651737e-01
1.214702193495954361e+03 9.987731803577137857e-01 9.987729100001416782e-01 9.987729010258246110e-01
1.214716881142197508e+03 9.987445758592491396e-01 9.987442898307515859e-01 9.987442803071304720e-01
1.214731568788440200e+03 9.987148113083647027e-01 9.987145084328453715e-01 9.987144983168952939e-01
1.214746256434683119e+03 9.986838183844368722e-01 9.986834973796988590e-01 9.986834866242987330e-01
1.214760944080925810e+03 9.986515235676379776e-01 9.986511830340061291e-01 9.986511715874761830e-01
1.214775631727168502e+03 9.986178476626476064e-01 9.986174860701165779e-01 9.986174738756922187e-01
1.214790319373411421e+03 9.985827052702657136e-01 9.985823209439326220e-01 9.985823079391685786e-01
1.214805007019654113e+03 9.985460041999852931e-01 9.985455953035042853e-01 9.985455814195962621e-01
1.214819694665896805e+03 9.985076448154990292e-01 9.985072093322373554e-01 9.985071944932467636e-01
1.214834382312139724e+03 9.984675193038335950e-01 9.984670550153517121e-01 9.984670391373208220e-01
1.214849069958382415e+03 9.984255108572618331e-01 9.984250153186844390e-01 9.984249983086207481e-01
1.214863757604625107e+03 9.983814927554010010e-01 9.983809632671559742e-01 9.983809450218655845e-01
1.214878445250868026e+03 9.983353273327700839e-01 9.983347609080913676e-01 9.983347413128357273e-01
1.214893132897110945e+03 9.982868648146511203e-01 9.982862581421189097e-01 9.982862370690642750e-01
1.214907820543353864e+03 9.982359420011391871e-01 9.982352914014244183e-01 9.982352687078456244e-01
1.214922508189596556e+03 9.981823807758989364e-01 9.981816821516962257e-01 9.981816576778930195e-01
1.214937195835839248e+03 9.981259864120296532e-01 9.981252351900034014e-01 9.981252087568756037e-01
1.214951883482082167e+03 9.980665456426789373e-01 9.980657367060091767e-01 9.980657081122268348e-01
1.214966571128324858e+03 9.980038244583122609e-01 9.980029520681571453e-01 9.980029210868514022e-01
1.214981258774567777e+03 9.979375655857511962e-01 9.979366232896199618e-01 9.979365896644952771e-01
1.214995946420810469e+03 9.978674855959388523e-01 9.978664661205335351e-01 9.978664295612927893e-01
1.215010634067053161e+03 9.977932715775240657e-01 9.977921667031218744e-01 9.977921268800629129e-01
1.215025321713296080e+03 9.977145773014999275e-01 9.977133777142503934e-01 9.977133342518579306e-01
1.215040009359538772e+03 9.976310187874484203e-01 9.976297139051595320e-01 9.976296663744771420e-01
1.215054697005781463e+03 9.975421691640342647e-01 9.975407469299004681e-01 9.975406948394154316e-01
1.215069384652024610e+03 9.974475526939512449e-01 9.974459993312653205e-01 9.974459421159626027e-01
1.215084072298267301e+03 9.973466378053729153e-01 9.973449375243512716e-01 9.973448745325007581e-01
1.215098759944509993e+03 9.972388289360963887e-01 9.972369635813852495e-01 9.972368940585062402e-01
1.215113447590752912e+03 9.971234569503528711e-01 9.971214055742244620e-01 9.971213286434889023e-01
1.215128135236995604e+03 9.969997678277102704e-01 9.969975061688407525e-01 9.969974208069465327e-01
1.215142822883238523e+03 9.968669092423503297e-01 9.968644090824709814e-01 9.968643140896450427e-01
1.215157510529481215e+03 9.967239145393770317e-01 9.967211428977479359e-01 9.967210368599819237e-01
1.215172198175723906e+03 9.965696834538992910e-01 9.965666015578924508e-01 9.965664827985338814e-01
1.215186885821966825e+03 9.964029586718511355e-01 9.963995205984090830e-01 9.963993871143039804e-01
1.215201573468209517e+03 9.962222969140951401e-01 9.962184476911239983e-01 9.962182970628568057e-01
1.215216261114452436e+03 9.960260324145878696e-01 9.960217047513694189e-01 9.960215339453319938e-01
1.215230948760695128e+03 9.958122285251458372e-01 9.958073205397626193e-01 9.958071237762444738e-01
1.215245636406937820e+03 9.955785858103280983e-01 9.955724572783217763e-01 9.955721913212897123e-01
1.215260324053180966e+03 9.953212781291418398e-01 9.953044291605935845e-01 9.953036411383411330e-01
1.215275011699423658e+03 9.950095530357820905e-01 9.948902629364794192e-01 9.948853361059052380e-01
1.215289699345666349e+03 9.942856945581458605e-01 9.936267817437045569e-01 9.935935635936248289e-01
1.215304386991909269e+03 9.910830701189341507e-01 9.887989559575239840e-01 9.886686939983080347e-01
1.215319074638151960e+03 9.786465502263131944e-01 9.750979130406995932e-01 9.750182236774519451e-01
1.215333762284394652e+03 9.490714199555391195e-01 9.585270665851503002e-01 9.588726791157051732e-01
1.215348449930637571e+03 9.615589347652571117e-01 9.642793862521843451e-01 9.644235892367732932e-01
1.215363137576880263e+03 9.849947196852906206e-01 9.810375385969717366e-01 9.808915882904621908e-01
1.215377825223123182e+03 9.906793250265075734e-01 9.893116473878058592e-01 9.892278315639888575e-01
1.215392512869365873e+03 9.911564847666424205e-01 9.908391603613270204e-01 9.908241286437827755e-01
1.215407200515608565e+03 9.904777506814734789e-01 9.904120305321080231e-01 9.904089271764409119e-01
1.215421888161851484e+03 9.895683732989081216e-01 9.895285686518784374e-01 9.895266357211330854e-01
1.215436575808094176e+03 9.885020663166845800e-01 9.884555939872731178e-01 9.884533323960383866e-01
1.215451263454337322e+03 9.872479933283209164e-01 9.871896555994119637e-01 9.871867524569215568e-01
1.215465951100580014e+03 9.857580085559688454e-01 9.856834177902253913e-01 9.856796046865504701e-01
1.215480638746822706e+03 9.839665183616986832e-01 9.838693306865516908e-01 9.838642109179629447e-01
1.215495326393065625e+03 9.817824307003205631e-01 9.816528494997196486e-01 9.816457871918214950e-01
1.215510014039308317e+03 9.790755477185137945e-01 9.788960000864181943e-01 9.788858510855946715e-01
1.215524701685551008e+03 9.756481971302614076e-01 9.753697341436095014e-01 9.753540270730990391e-01
1.215539389331793927e+03 9.711164678948813744e-01 9.705949366801605027e-01 9.705683210136046846e-01
1.215554076978036619e+03 9.644899355039072697e-01 9.635878334562789638e-01 9.635376539044387956e-01
1.215568764624279311e+03 9.542918327767481168e-01 9.524624639211400901e-01 9.523411125081331363e-01
1.215583452270522230e+03 9.369632316557230389e-01 9.322353062183883488e-01 9.316871301007106920e-01
1.215598139916764922e+03 9.021661431457597136e-01 8.819500674204017177e-01 8.783088964542949961e-01
1.215612827563007841e+03 8.004546948989169630e-01 6.927218200286414662e-01 6.862062704407978497e-01
1.215627515209250532e+03 2.086335978797378421e-01 2.925253440363898005e-01 2.961770198108501506e-01
1.215642202855493224e+03 4.504049981328506152e-11 5.103353852607014907e-02 5.674411769868625832e-02
1.215656890501736370e+03 5.058449074845209000e-71 2.118785051516105817e-03 3.648813497076981889e-03
1.215671578147979062e+03 5.915733254833359505e-125 3.806946893597154677e-05 2.334773798726964508e-04
1.215686265794221981e+03 1.223607275447797339e-53 3.963420984587117182e-03 6.564711408998100128e-03
1.215700953440464673e+03 6.709645558055716112e-07 8.971070242914844228e-02 9.648065402764015308e-02
1.215715641086707365e+03 3.944757076514694427e-01 4.050835703151423606e-01 4.047373060348868345e-01
1.215730328732950284e+03 8.344292375076308721e-01 7.523320298863521716e-01 7.463355258028743222e-01
1.215745016379192975e+03 9.116118592891977457e-01 8.970872260116817820e-01 8.945376518913621400e-01
1.215759704025435667e+03 9.413334820155032645e-01 9.375315601514647712e-01 9.371464867927336018e-01
1.215774391671678586e+03 9.567334980864149463e-01 9.551765221561906438e-01 9.550782639742982916e-01
1.215789079317921278e+03 9.660456774282866199e-01 9.652374540854502527e-01 9.651938263423102127e-01
1.215803766964163970e+03 9.721425771281392292e-01 9.716837013745852625e-01 9.716599312386913212e-01
1.215818454610406889e+03 9.764006233456756778e-01 9.761496635363150487e-01 9.761353752597216049e-01
1.215833142256649580e+03 9.796622269504632330e-01 9.794949342342018639e-01 9.794855393062845694e-01
1.215847829902892727e+03 9.822513025576161683e-01 9.821292786348825299e-01 9.821226735203333336e-01
1.215862517549135418e+03 9.843478854331301209e-01 9.842558947751632870e-01 9.842510773277285407e-01
1.215877205195378110e+03 9.860728092668923361e-01 9.860019307126954846e-01 9.859983261219495976e-01
1.215891892841621029e+03 9.875112020511458422e-01 9.874555949771360863e-01 9.874528405725885305e-01
1.215906580487863721e+03 9.887246980921965411e-01 9.886803894722218100e-01 9.886782464639750634e-01
1.215921268134106640e+03 9.897589276288649707e-01 9.897231407478456200e-01 9.897214471061173136e-01
1.215935955780349332e+03 9.906483253178545167e-01 9.906190746302343531e-01 9.906177175876336172e-01
1.215950643426592023e+03 9.914193142541850579e-01 9.913951514383255725e-01 9.913940507638224764e-01
1.215965331072834942e+03 9.920924701031885728e-01 9.920723200513643647e-01 9.920714175452954864e-01
1.215980018719077634e+03 9.926840257290263647e-01 9.926670778565693798e-01 9.926663305679499505e-01
1.215994706365320326e+03 9.932069383269658269e-01 9.931925729069696063e-01 9.931919486464628744e-01
1.216009394011563245e+03 9.936716597986694488e-01 9.936593970381402130e-01 9.936588713450060784e-01
1.216024081657805937e+03 9.940867018436727598e-01 9.940761660500141428e-01 9.940757201019098099e-01
1.216038769304048628e+03 9.944590565159521223e-01 9.944499504694369607e-01 9.944495696166150145e-01
1.216053456950291775e+03 9.947945133599309653e-01 9.947865997083461531e-01 9.947862724292778625e-01
1.216068144596534466e+03 9.950979014308926063e-01 9.950909889936409014e-01 9.950907061400130482e-01
1.216082832242777386e+03 9.953732759988677126e-01 9.953672095562272615e-01 9.953669637998264763e-01
1.216097519889020077e+03 9.956240639976516871e-01 9.956187165904274439e-01 9.956185020129525443e-01
1.216112207535262769e+03 9.958531783521227254e-01 9.958484454142577658e-01 9.958482571996997157e-01
1.216126895181505688e+03 9.960631085854950717e-01 9.960589034319260460e-01 9.960587376334809617e-01
1.216141582827748380e+03 9.962559931811008074e-01 9.962522435087788342e-01 9.962520968705498303e-01
1.216156270473991299e+03 9.964336777927332855e-01 9.964303229465022449e-01 9.964301927659025004e-01
1.216170958120233990e+03 9.965977623950353914e-01 9.965947512158902510e-01 9.965946352365802063e-01
1.216185645766476682e+03 9.967496397284226761e-01 9.967469288484603895e-01 9.967468251763991205e-01
1.216200333412719601e+03 9.968905268447791901e-01 9.968880793271659435e-01 9.968879863643035355e-01
1.216215021058962293e+03 9.970214911492780718e-01 9.970192753963044163e-01 9.970191917878431509e-01
1.216229708705204985e+03 9.971434720226924897e-01 9.971414608934416890e-01 9.971413854856160386e-01
1.216244396351448131e+03 9.972572988721607468e-01 9.972554689650158233e-01 9.972554007710761059e-01
1.216259083997690823e+03 9.973637062773113016e-01 9.973620373429098462e-01 9.973619755155536115e-01
1.216273771643933514e+03 9.974633467595764857e-01 9.974618212175916376e-01 9.974617650264919755e-01
1.216288459290176434e+03 9.975568015948608203e-01 9.975554041339835809e-01 9.975553529473712988e-01
1.216303146936419125e+03 9.976445900062859140e-01 9.976433072513055667e-01 9.976432605207962157e-01
1.216317834582662044e+03 9.977271770086111324e-01 9.977259972419385559e-01 9.977259544899725885e-01
1.216332522228904736e+03 9.978049801247177442e-01 9.978038930524085748e-01 9.978038538618059228e-01
1.216347209875147428e+03 9.978783751543266467e-01 9.978773717086729667e-01 9.978773357139080202e-01
1.216361897521390347e+03 9.979477011430126776e-01 9.979467733153839504e-01 9.979467401952684114e-01
1.216376585167633039e+03 9.980132646740096369e-01 9.980124053728509637e-01 9.980123748443759935e-01
1.216391272813875958e+03 9.980753435847017352e-01 9.980745465145445250e-01 9.980745183276746868e-01
1.216405960460118649e+03 9.981341901928948435e-01 9.981334497510223613e-01 9.981334236842863694e-01
1.216420648106361568e+03 9.981900341043975500e-01 9.981893452923665810e-01 9.981893211491048579e-01
1.216435335752604487e+03 9.982430846620800047e-01 9.982424430098193469e-01 9.982424206149839163e-01
1.216450023398847179e+03 9.982935330873700108e-01 9.982929345879223426e-01 9.982929137853404633e-01
1.216464711045089871e+03 9.983415543573085360e-01 9.983409954106230444e-01 9.983409760606481997e-01
1.216479398691332790e+03 9.983873088538279816e-01 9.983867862182517205e-01 9.983867681957453444e-01
1.216494086337575482e+03 9.984309438164558070e-01 9.984304545667893604e-01 9.984304377593781199e-01
1.216508773983818173e+03 9.984725946250333495e-01 9.984721361161875697e-01 9.984721204227589020e-01
1.216523461630061092e+03 9.985123859351506814e-01 9.985119557705930404e-01 9.985119410999900857e-01
1.216538149276303784e+03 9.985504326857032042e-01 9.985500286900005351e-01 9.985500149598877107e-01
1.216552836922546703e+03 9.985868409951702551e-01 9.985864611900455712e-01 9.985864483259223601e-01
1.216567524568789395e+03 9.986217089608514508e-01 9.986213515442493582e-01 9.986213394785882214e-01
1.216582212215032087e+03 9.986551273732594547e-01 9.986547907010041580e-01 9.986547793724959154e-01
1.216596899861275233e+03 9.986871803561674366e-01 9.986868629258458530e-01 9.986868522787391012e-01
1.216611587507517925e+03 9.987179459413324523e-01 9.987176463781014535e-01 9.987176363616211416e-01
1.216626275153760844e+03 9.987474965856945053e-01 9.987472136297432801e-01 9.987472041975780090e-01
1.216640962800003535e+03 9.987758996377503751e-01 9.987756321332046383e-01 9.987756232430551329e-01
1.216655650446246227e+03 9.988032177589537541e-01 9.988029646440219622e-01 9.988029562572009468e-01
1.216670338092489146e+03 9.988295093051693385e-01 9.988292696033750362e-01 9.988292616844528515e-01
1.216685025738731838e+03 9.988548286725892345e-01 9.988546014849498667e-01 9.988545940014392777e-01
1.216699713384974530e+03 9.988792266119393970e-01 9.988790111099702385e-01 9.988790040320454366e-01
1.216714401031217449e+03 9.989027505143257546e-01 9.989025459337683710e-01 9.989025392340147302e-01
1.216729088677460140e+03 9.989254446716545610e-01 9.989252503068448696e-01 9.989252439600367905e-01
1.216743776323702832e+03 9.989473505142212328e-01 9.989471657130168936e-01 9.989471596959162980e-01
1.216758463969945751e+03 9.989685068277330826e-01 9.989683309869391570e-01 9.989683252781166312e-01
1.216773151616188443e+03 9.989889499517845550e-01 9.989887825130192578e-01 9.989887770926935140e-01
1.216787839262431589e+03 9.990087139615748679e-01 9.990085544075271162e-01 9.990085492574191095e-01
1.216802526908674281e+03 9.990278308344460179e-01 9.990276786854817015e-01 9.990276737886844005e-01
1.216817214554916973e+03 9.990463306026641233e-01 9.990461854137449027e-01 9.990461807546062722e-01
1.216831902201159892e+03 9.990642414937076499e-01 9.990641028515869770e-01 9.990640984156028415e-01
1.216846589847402583e+03 9.990815900591870635e-01 9.990814575798609987e-01 9.990814533535781194e-01
1.216861277493645503e+03 9.990984012934248648e-01 9.990982746198036057e-01 9.990982705907333061e-01
1.216875965139888194e+03 9.991146987425966186e-01 9.991145775423844189e-01 9.991145736989235360e-01
1.216890652786130886e+03 9.991305046052757488e-01 9.991303885690291375e-01 9.991303849003881909e-01
1.216905340432373805e+03 9.991458398251027440e-01 9.991457286644590541e-01 9.991457251605960765e-01
1.216920028078616497e+03 9.991607241762735514e-01 9.991606176223277735e-01 9.991606142738896912e-01
1.216934715724859188e+03 9.991751763424443489e-01 9.991750741442639860e-01 9.991750709425322174e-01
1.216949403371102107e+03 9.991892139896126901e-01 9.991891159128736266e-01 9.991891128497156771e-01
1.216964091017344799e+03 9.992028538334727372e-01 9.992027596592115701e-01 9.992027567270339583e-01
1.216978778663587491e+03 9.992161117017046568e-01 9.992160212251719464e-01 9.992160184168757953e-01
1.216993466309830637e+03 9.992290025916176210e-01 9.992289156206122236e-01 9.992289129246419987e-01
1.217008153956073329e+03 9.992415407235146763e-01 9.992414563508679182e-01 9.992414529903107523e-01
1.217022841602316248e+03 9.992537395901430752e-01 9.992535430839581956e-01 9.992535236870181414e-01
1.217037529248558940e+03 9.992656120025306121e-01 9.992629217729729341e-01 9.992628580593324594e-01
