# EXHALE lower-atmosphere profile (docs/phase_e_flux_closure_design.md section 2)
# solution_id f7a251b95e6e7e8278803df13883f1196d6d02d6350ddeacc01eed847ac5b227
# source_code photochem
# source_version photochem 0.8.4, photochem_to_lower_profile.py
# mechanism zahnle_HHeNOC_rxns.yaml sha256 908cc51ef08cfce6
# stellar_flux lhs1140_sed_gj1132_at_b.txt sha256 37a95348aeb58b91 dilution 1.000000E+00
# p_match_bar 9.99999999999999955E-07
# p_top_bar 1.09174422005328960E-08
# p_deep_bar 1.67309812445515718E+01
# trial_flux_H 4.99235351721915603E+06
# trial_flux_He 1.96278761645810977E+07
# measured_flux_H 4.99277988988555782E+06
# measured_flux_He 1.96295488553664163E+07
# iteration 2
# reached_steady_state T
# notes F_H and F_He columns are the STATED trial fluxes; the header measured_flux_* are what the solution carries across its own top. measured elemental escape at the model top (r_top = 1.143557e+09 cm): H 4.992780e+06 g/s, He 1.962955e+07 g/s; imposed H 4.992354e+06, He 1.962788e+07; atomic-H share of the hydrogen nuclei at the top 2.029e-55 imposed, 1.971e-04 converged. climate solved: deep boundary 20 bar at 419.9 K, background He, tropopause 2.49 bar at 185.5 K, cold-trap f_H2O 5.897e-08 (deep 5.943e-05). cold trap at the match: O/H gas 8.7588e-07 vs all-carrier 8.7588e-07; C/H gas 2.7779e-04 vs all-carrier 2.7779e-04; N/H gas 8.1904e-05 vs all-carrier 8.1904e-05; chemistry q_H2O at the tropopause (2.49 bar) 2.0947e-07, at the match 8.1635e-08.
# units p[bar] r[R_J] T[K] n_tot[cm^-3] rho[g/cm^3] Kzz[cm^2/s] q_*[-] X_*[El/H nuclei] F_*[g/s]
# columns: p r T n_tot rho Kzz q_H2 q_H X_He X_C X_N X_O F_H F_He q_H2O q_CO q_CO2 q_CH4 q_NH3 q_HCN q_N2 q_OH q_C2H2
  1.67309812445515718E+01   1.56545183323853254E-01   3.91540499088713773E+02   3.09500560327086309E+20   2.00781694221495444E-03   1.00000000000000000E+09   4.88952402752856272E-02   1.74212623796466855E-28   9.69999999904639587E+00   2.77587999972712311E-04   8.18465327626463656E-05   6.06177999940412434E-04   4.99235351721915603E+06   1.96278761645810977E+07   5.94310715124589191E-05   3.01942758583603550E-24   7.41921602944799405E-24   2.72153596451747145E-05   8.02436130766752223E-06   4.89582763612573308E-31   2.95733122287753260E-11   3.30841543558752995E-39   5.66487332580422459E-47
  1.57510701137523430E+01   1.56583364549522486E-01   3.82886633107400144E+02   2.97959047314103861E+20   1.93294391002745802E-03   1.00000000000000000E+09   4.88952402754983251E-02   3.42250261872205603E-29   9.69999999913809852E+00   2.77587999972657342E-04   8.18462603874752420E-05   6.06177999946143201E-04   4.99235351721915603E+06   1.96278761645810977E+07   5.94310715132799719E-05   3.01942758584917496E-24   2.50258748322251300E-23   2.72153596452930450E-05   8.02436130770242169E-06   4.89582763614701968E-31   1.62211712601650569E-11   4.02741688935421606E-40   3.55635570099260871E-48
  1.40445754067055582E+01   1.56653607046485094E-01   3.66450465225007974E+02   2.77593986730530865E+20   1.80082998367817938E-03   1.00000000000000000E+09   4.88952407757733409E-02   3.63031729993210215E-14   9.70000202097988407E+00   2.77588057829683207E-04   8.18462774464613423E-05   6.06073906772797741E-04   4.99235351721915603E+06   1.96278761645810977E+07   5.94208542028362691E-05   1.14949932988304637E-17   3.11899634666814506E-22   2.72153598037337392E-05   8.02436092272088190E-06   1.53149446457080617E-15   1.63736318700915436E-11   1.82732027111589730E-25   3.62562393979080120E-15
  1.24570182567475527E+01   1.56723849530219173E-01   3.49260468832265815E+02   2.58333891187453460E+20   1.67588420223560618E-03   1.00000000000000000E+09   4.88952419421946061E-02   7.56625541615081731E-14   9.70000673845131978E+00   2.77588192828198774E-04   8.18463172504563762E-05   6.05831032019181395E-04   4.99235351721915603E+06   1.96278761645810977E+07   5.93970147423902181E-05   2.38339124274941502E-17   6.20030311591904605E-22   2.72153603240781168E-05   8.02436061245278955E-06   3.17647744353030910E-15   1.65373740392450717E-11   1.37603139257185333E-25   7.52284724023168772E-15
  1.09841807173575514E+01   1.56794091992826568E-01   3.32416094976996135E+02   2.39332867092914242E+20   1.55261892385670248E-03   1.00000000000000000E+09   4.88952447415808844E-02   1.19796516796727250E-13   9.70001806414880363E+00   2.77588516936173012E-04   8.18464128129889269E-05   6.05247939920388212E-04   4.99235351721915603E+06   1.96278761645810977E+07   5.93397812140849672E-05   3.71011337005012160E-17   9.51945957512373194E-22   2.72153617433994863E-05   8.02436053144843689E-06   4.94845180001790226E-15   1.67136994091748250E-11   7.29095464932605542E-26   1.17309882301527373E-14
  9.62419409310362006E+00   1.56864334434472119E-01   3.15940466057993774E+02   2.20635725859186344E+20   1.43132463143840144E-03   1.00000000000000000E+09   4.88952516775689808E-02   1.71493849013996000E-13   9.70004613009795236E+00   2.77589320104945820E-04   8.18466496256241836E-05   6.03802994224177992E-04   4.99235351721915603E+06   1.96278761645810977E+07   5.91979528116947124E-05   5.14166949263101819E-17   1.31118336287461401E-21   2.72153654537533522E-05   8.02436108482736194E-06   6.86629891005121025E-15   1.69044247476841668E-11   3.26653010956680507E-26   1.63048995833010788E-14
  8.37249969142894912E+00   1.56934576831731704E-01   2.98584456407787400E+02   2.03097539437058261E+20   1.31754786726265413E-03   1.00000000000000000E+09   4.88952694115365252E-02   2.34550494147249478E-13   9.70011789503298516E+00   2.77591373821272052E-04   8.18472551596716484E-05   6.00108254282815312E-04   4.99235351721915603E+06   1.96278761645810977E+07   5.88352997824002807E-05   6.69000894407176316E-17   1.70122359506108137E-21   2.72153751614907026E-05   8.02436336014665513E-06   8.94859887406655954E-15   1.71113198890717669E-11   1.30349618584087592E-26   2.13003685352628253E-14
  7.22594352333173795E+00   1.57004819140565549E-01   2.82258073116318144E+02   1.85423556932216685E+20   1.20288785318839876E-03   1.00000000000000000E+09   4.88953164524668013E-02   3.13890667720442684E-13   9.70030826855620276E+00   2.77596821797020045E-04   8.18488614842382683E-05   5.90307081505883732E-04   4.99235351721915603E+06   1.96278761645810977E+07   5.78733014529905603E-05   8.37364067509621855E-17   2.12683944381496115E-21   2.72154011668162608E-05   8.02437038719917221E-06   1.12208264295113697E-14   1.73368262515310015E-11   7.99475478505345354E-27   2.67902236792742127E-14
  6.18177722463987589E+00   1.57075061219097978E-01   2.65348452390550506E+02   1.68738237481381298E+20   1.09463564728115603E-03   1.00000000000000000E+09   4.88954459280991627E-02   4.14598948986535597E-13   9.70083229679075920E+00   2.77611818075823103E-04   8.18532831066429503E-05   5.63328063048606793E-04   4.99235351721915603E+06   1.96278761645810977E+07   5.52254598491622691E-05   1.02152837829791548E-16   2.59391254717772843E-21   2.72154730382276235E-05   8.02439087537574533E-06   1.37143783718714555E-14   1.75839648114632823E-11   1.03274737943260927E-26   3.28618998389686403E-14
  5.23559880889848728E+00   1.57145302655117725E-01   2.48647122125255407E+02   1.52510463352810111E+20   9.89336136917179365E-04   1.00000000000000000E+09   4.88958152466646215E-02   5.41185765250914958E-13   9.70232734774538663E+00   2.77654602421561103E-04   8.18658979843749454E-05   4.86357008519934465E-04   4.99235351721915603E+06   1.96278761645810977E+07   4.76726711280163202E-05   1.22402741539134311E-16   3.10914302776207312E-21   2.72156783865127966E-05   8.02445064651788770E-06   1.64650221773237246E-14   1.78562046331663818E-11   1.84664853053441670E-26   3.96124589982966475E-14
  4.38416156929635648E+00   1.57215542260843194E-01   2.31986985286648263E+02   1.36879889812492845E+20   8.87870927038820839E-04   1.00000000000000000E+09   4.88968765074131242E-02   7.00212151635398101E-13   9.70662592183840367E+00   2.77777616084228386E-04   8.19021683139341771E-05   2.65049651084289621E-04   4.99235351721915603E+06   1.96278761645810977E+07   2.59692017906540698E-05   1.44832759755274541E-16   3.68151306800835018E-21   2.72162688482617326E-05   8.02462388137682370E-06   1.95207093044865614E-14   1.81582997066737668E-11   2.36665668451318214E-26   4.71669983705421921E-14
  3.62361011937413480E+00   1.57285782046627742E-01   2.15307164705397668E+02   1.21898875460844274E+20   7.90639056752184756E-04   1.00000000000000000E+09   4.88978622507484917E-02   9.02279640632366232E-13   9.71062186214169465E+00   2.77891969178185188E-04   8.19358850923118545E-05   5.93230607992749446E-05   4.99235351721915603E+06   1.96278761645810977E+07   5.81011755859072588E-06   1.69875002107958266E-16   4.32208157674702643E-21   2.72168172462129112E-05   8.02478461149283510E-06   2.29404822295514296E-14   1.84956753397410414E-11   1.37161173401948545E-26   5.56754745188355181E-14
  2.94982430733753453E+00   1.57356023791170863E-01   1.98566870640629190E+02   1.07598465023963595E+20   6.97874214439209465E-04   1.00000000000000000E+09   4.88980956791383800E-02   1.16360987869906815E-12   9.71156857165337151E+00   2.77919061459591058E-04   8.19438731965776372E-05   1.05827614712622094E-05   4.99235351721915603E+06   1.96278761645810977E+07   1.03638259262611140E-06   1.98077281953416228E-16   5.04497549789118958E-21   2.72169468649689845E-05   8.02482174264656916E-06   2.67997624986418767E-14   1.88753800018610715E-11   7.06103520445368120E-27   6.53252775719510873E-14
  2.37006695853089022E+00   1.57426266030021383E-01   1.90178141266365088E+02   9.02644488339821855E+19   5.85445555804142920E-04   1.00000000000000000E+09   4.88981361156265448E-02   1.51504190185648376E-12   9.71173258010934681E+00   2.77923754933116687E-04   8.19452570576169754E-05   2.13896342763763981E-06   4.99235351721915603E+06   1.96278761645810977E+07   2.09467898576123072E-07   2.30871512657752969E-16   5.88706528177726577E-21   2.72169690106709675E-05   8.02482700727837997E-06   3.12953877579763954E-14   1.93167720033527006E-11   3.24254239094473187E-27   7.66031283779255276E-14
  1.89014820198633338E+00   1.57496508345853770E-01   1.85456145207604720E+02   7.38195419871775949E+19   4.78785435939632826E-04   1.00000000000000000E+09   4.88981421640466568E-02   2.00219216634447256E-12   9.71175710461994690E+00   2.77924456748163302E-04   8.19454639861977318E-05   8.76342160131315754E-07   4.99235351721915603E+06   1.96278761645810977E+07   8.58196533961097122E-08   2.70476014831573549E-16   6.90566526903180046E-21   2.72169719381947677E-05   8.02482634094647637E-06   3.67333394052408037E-14   1.98496770809311950E-11   2.63304153689917422E-27   9.02759149157525504E-14
  1.50338031677080219E+00   1.57566750664082295E-01   1.85456145207604720E+02   5.87143623446734438E+19   3.80814900963994101E-04   1.00000000000000000E+09   4.88981421668743532E-02   2.68883126463671888E-12   9.71175710451214158E+00   2.77924456731237172E-04   8.19454639809958924E-05   8.76342160073522802E-07   4.99235351721915603E+06   1.96278761645810977E+07   8.58196520855293157E-08   3.19628052261318433E-16   8.17174777862014820E-21   2.72169713918061972E-05   8.02482427920168564E-06   4.34925140419325779E-14   2.05108443609348882E-11   3.77995519409058827E-27   1.07299330083939485E-13
  1.19599809939783408E+00   1.57636992968795547E-01   1.85456145207604720E+02   4.67095817260795822E+19   3.02953213297624366E-04   1.00000000000000000E+09   4.88981421703787861E-02   3.65531517267175179E-12   9.71175710437672990E+00   2.77924456709959162E-04   8.19454639744564186E-05   8.76342160000869398E-07   4.99235351721915603E+06   1.96278761645810977E+07   8.58196504361408358E-08   3.81393049688099302E-16   9.76513600397513577E-21   2.72169707014604538E-05   8.02482168406669041E-06   5.19990599544769810E-14   2.13414025310542659E-11   5.56651033280471746E-27   1.28757400685399879E-13
  9.51657397629016244E-01   1.57707235261382805E-01   1.85456145207604720E+02   3.71668809608989983E+19   2.41060304957300839E-04   1.00000000000000000E+09   4.88981421747191197E-02   5.00214997661156112E-12   9.71175710420666860E+00   2.77924456683214984E-04   8.19454639662371497E-05   8.76342159909550776E-07   4.99235351721915603E+06   1.96278761645810977E+07   8.58196483607853894E-08   4.58989212283887939E-16   1.17700299593535981E-20   2.72169698292523423E-05   8.02481841814458802E-06   6.27024916863438236E-14   2.23844681691528569E-11   8.43092413073160178E-27   1.55798013258013229E-13
  7.57389285192667905E-01   1.57777477538396077E-01   1.85456145207604720E+02   2.95797599786954834E+19   1.91851072154772896E-04   1.00000000000000000E+09   4.88981421800907742E-02   6.86379080876423894E-12   9.71175710399314873E+00   2.77924456649608024E-04   8.19454639559085519E-05   8.76342159794797187E-07   4.99235351721915603E+06   1.96278761645810977E+07   8.58196457499926900E-08   5.56448804467371192E-16   1.42921836082506449E-20   2.72169687271862348E-05   8.02481430902437670E-06   7.61673927746712237E-14   2.36940073635140819E-11   1.31319512433242581E-26   1.89865302677132430E-13
  6.02900936301376533E-01   1.57847719804259962E-01   1.85456145207604720E+02   2.35462335358875443E+19   1.52718282781715291E-04   1.00000000000000000E+09   4.88981421867343211E-02   9.41842633468652588E-12   9.71175710372509826E+00   2.77924456607385613E-04   8.19454639429320343E-05   8.76342159650623498E-07   4.99235351721915603E+06   1.96278761645810977E+07   8.58196424662981708E-08   6.78822115710662177E-16   1.74643950440004200E-20   2.72169673344731652E-05   8.02480914040767392E-06   9.31027259115365863E-14   2.53375283420778970E-11   2.08967798898537527E-26   2.32775933335048096E-13
  4.80021748451419206E-01   1.57917962055432154E-01   1.85456145207604720E+02   1.87471995991265403E+19   1.21592276121814064E-04   1.00000000000000000E+09   4.88981421949461828E-02   1.29003373267916898E-11   9.71175710338868114E+00   2.77924456554350509E-04   8.19454639266322066E-05   8.76342159469524677E-07   4.99235351721915603E+06   1.96278761645810977E+07   8.58196383371192261E-08   8.32431957637197941E-16   2.14533881610675971E-20   2.72169655740799086E-05   8.02480264089401878E-06   1.14398571776825673E-13   2.73994289503011312E-11   3.36836495409836327E-26   2.86815011588323910E-13
  3.82264446994411644E-01   1.57988204293075279E-01   1.85456145207604720E+02   1.49292983298635674E+19   9.68297881086089629E-05   1.00000000000000000E+09   4.88981422050923514E-02   1.76153861941498382E-11   9.71175710296654060E+00   2.77924456487746506E-04   8.19454639061620630E-05   8.76342159242089766E-07   4.99235351721915603E+06   1.96278761645810977E+07   8.58196331458284371E-08   1.02519116640977252E-15   2.64684367276663654E-20   2.72169633483279806E-05   8.02479446989338594E-06   1.41172169936475259E-13   2.99851542959769964E-11   5.46162955804275936E-26   3.54856638789396802E-13
  3.04477230562631818E-01   1.58058446518655610E-01   1.85456145207604720E+02   1.18913266600140718E+19   7.71258377564058232E-05   1.00000000000000000E+09   4.88981422176255065E-02   2.39603619180310601E-11   9.71175710243693402E+00   2.77924456404119661E-04   8.19454638804598443E-05   8.76342158956521502E-07   4.99235351721915603E+06   1.96278761645810977E+07   8.58196266205684352E-08   1.26699861222466460E-15   3.27721698192146997E-20   2.72169605332791206E-05   8.02478420001742610E-06   1.74825605257053167E-13   3.32263552614385175E-11   8.86576616990812865E-26   4.40515392031329008E-13
  2.42568016094229816E-01   1.58128688730441475E-01   1.85456145207604720E+02   9.47346871001802957E+18   6.14438768354820986E-05   1.00000000000000000E+09   4.88981422331065674E-02   3.24471982914275557E-11   9.71175710177266716E+00   2.77924456299141352E-04   8.19454638481951125E-05   8.76342158598035559E-07   4.99235351721915603E+06   1.96278761645810977E+07   8.58196184202409716E-08   1.57023300504288852E-15   4.06941076021510102E-20   2.72169569715689490E-05   8.02477129507207443E-06   2.17118070697545441E-13   3.72872815334391889E-11   1.43619278081402090E-25   5.48336614843490046E-13
  1.93285794689425583E-01   1.58198930928740794E-01   1.85456145207604720E+02   7.54875666448096154E+18   4.89604060500156382E-05   1.00000000000000000E+09   4.88981422522314219E-02   4.37334656879806079E-11   9.71175710093964817E+00   2.77924456167386231E-04   8.19454638077001614E-05   8.76342158148104363E-07   4.99235351721915603E+06   1.96278761645810977E+07   8.58196081169585254E-08   1.95036849221276672E-15   5.06476139284477016E-20   2.72169524632544340E-05   8.02475508247924206E-06   2.70256371246545266E-13   4.23726946643518950E-11   2.31691053565157001E-25   6.84035392876764398E-13
  1.54047234809234046E-01   1.58269173113714023E-01   1.85456145207604720E+02   6.01629877808442880E+18   3.90210526287192042E-05   1.00000000000000000E+09   4.88981422758647047E-02   5.86609895355207642E-11   9.71175709989523384E+00   2.77924456002058573E-04   8.19454637568862754E-05   8.76342157583517411E-07   4.99235351721915603E+06   1.96278761645810977E+07   8.58195951740719511E-08   2.42674188576630591E-15   6.31511239215223905E-20   2.72169467541195445E-05   8.02473471862106950E-06   3.37008250526679885E-13   4.87376489309717434E-11   3.71826964074590033E-25   8.54796577582233906E-13
  1.22799141035866921E-01   1.58339415285374291E-01   1.85456145207604720E+02   4.79590771673895731E+18   3.11057303359484099E-05   1.00000000000000000E+09   4.88981423050813754E-02   7.83050238029453208E-11   9.71175709858604108E+00   2.77924455794646252E-04   8.19454636931368682E-05   8.76342156875199873E-07   4.99235351721915603E+06   1.96278761645810977E+07   8.58195789186614692E-08   3.02350860540810215E-15   7.88547191937245704E-20   2.72169395207270029E-05   8.02470914517881209E-06   4.20844266510488859E-13   5.66995619703934105E-11   5.93574339995072091E-25   1.06965132462246066E-12
  9.79093318284160324E-02   1.58409657443587232E-01   1.85456145207604720E+02   3.82383879965012378E+18   2.48009981781451401E-05   1.00000000000000000E+09   4.88981423412185728E-02   1.04037140424995770E-10   9.71175709694527356E+00   2.77924455534488742E-04   8.19454636131752910E-05   8.76342155986743415E-07   4.99235351721915603E+06   1.96278761645810977E+07   8.58195585071056767E-08   3.77083341234561160E-15   9.85733911172957899E-20   2.72169303513075135E-05   8.02467703400215393E-06   5.26115372382453736E-13   6.66530849079033789E-11   9.43467225146666117E-25   1.33994948209097880E-12
  7.80800466735152021E-02   1.58479899588070849E-01   1.85456145207604720E+02   3.04940812456885658E+18   1.97781259359074604E-05   1.00000000000000000E+09   4.88981423859398759E-02   1.37605728639505319E-10   9.71175709488938743E+00   2.77924455208240165E-04   8.19454635128989635E-05   8.76342154872562099E-07   4.99235351721915603E+06   1.96278761645810977E+07   8.58195328819938284E-08   4.70637315242133067E-15   1.23328666864979096E-19   2.72169187213278635E-05   8.02463671755529733E-06   6.58275143258591023E-13   7.90883843354260869E-11   1.49606944629612353E-24   1.67995197969708458E-12
  6.22792172413388634E-02   1.58550141720011473E-01   1.85456145207604720E+02   2.43230836991733965E+18   1.57756847515939656E-05   1.00000000000000000E+09   4.88981424413148513E-02   1.81238464115450998E-10   9.71175709231387430E+00   2.77924454799192966E-04   8.19454633871721826E-05   8.76342153475590788E-07   4.99235351721915603E+06   1.96278761645810977E+07   8.58195007182163450E-08   5.87712253797507361E-15   1.54400690179789070E-19   2.72169039622658557E-05   8.02458610181857061E-06   8.24157816985975292E-13   9.46135671049813247E-11   2.37266525266797820E-24   2.10757335806870056E-12
  4.96859061496992133E-02   1.58620383839009144E-01   1.85456145207604720E+02   1.94047791137977984E+18   1.25857264537334896E-05   1.00000000000000000E+09   4.88981425099173292E-02   2.37771581659759255E-10   9.71175708908806001E+00   2.77924454286437872E-04   8.19454632295675675E-05   8.76342151724409356E-07   4.99235351721915603E+06   1.96278761645810977E+07   8.58194603555289739E-08   7.34171111981981286E-15   1.93393369503287991E-19   2.72168852217312121E-05   8.02452255840488416E-06   1.03232609691054026E-12   1.13982114032369719E-10   3.77064850436439677E-24   2.64531201074070529E-12
  3.96469840766958750E-02   1.58690625943241043E-01   1.85456145207604720E+02   1.54840885103028224E+18   1.00428096199103233E-05   1.00000000000000000E+09   4.88981425949472359E-02   3.10812303501108886E-10   9.71175708504858548E+00   2.77924453643811457E-04   8.19454630320423438E-05   8.76342149529651910E-07   4.99235351721915603E+06   1.96278761645810977E+07   8.58194097142149754E-08   9.17326083345086585E-15   2.42315855694762076E-19   2.72168614125934690E-05   8.02444279154987737E-06   1.29350613249260905E-12   1.38126339785300076E-10   6.00668392732745071E-24   3.32141492740129976E-12
  3.16427234184579534E-02   1.58760868035958125E-01   1.85456145207604720E+02   1.23580328120450406E+18   8.01528425192356395E-06   1.00000000000000000E+09   4.88981427003802316E-02   4.04943964581472958E-10   9.71175707999122828E+00   2.77924452838582419E-04   8.19454627845346003E-05   8.76342146779515289E-07   4.99235351721915603E+06   1.96278761645810977E+07   8.58193461896277211E-08   1.14629398207993497E-14   3.03684421874654481E-19   2.72168311481978042E-05   8.02434267294037532E-06   1.62113141954447405E-12   1.68198060580338379E-10   9.57939916060986644E-24   4.17133514991488310E-12
  2.52594677991484391E-02   1.58831110113394375E-01   1.85456145207604720E+02   9.86505895047525376E+17   6.39836880511569945E-06   1.00000000000000000E+09   4.88981428311526245E-02   5.25987558218429200E-10   9.71175707366080232E+00   2.77924451829811661E-04   8.19454624744588912E-05   8.76342143334158378E-07   4.99235351721915603E+06   1.96278761645810977E+07   8.58192665203541716E-08   1.43243808066796570E-14   3.80649828474488863E-19   2.72167926600584454E-05   8.02421703374966019E-06   2.03202275680249873E-12   2.05617821586659353E-10   1.52712452274719016E-23   5.23955432344211507E-12
  2.01679178618576829E-02   1.58901352179689564E-01   1.85456145207604720E+02   7.87655940329337600E+17   5.10864985402718329E-06   1.00000000000000000E+09   4.88981429933881204E-02   6.81337466485971887E-10   9.71175706573843733E+00   2.77924450566303645E-04   8.19454620860764362E-05   8.76342139018702965E-07   4.99235351721915603E+06   1.96278761645810977E+07   8.58191666234311540E-08   1.78991725875400292E-14   4.77156516605399377E-19   2.72167436936011425E-05   8.02405939987583267E-06   2.54723812235739633E-12   2.52134198316129708E-10   2.55450023351995907E-23   6.58186033374632282E-12
  1.61058757434032369E-02   1.58971594231480579E-01   1.85456145207604720E+02   6.29013306697850496E+17   4.07971116838810028E-06   1.00000000000000000E+09   4.88981431946763842E-02   8.80392551751190660E-10   9.71175705582581372E+00   2.77924448984049732E-04   8.19454615997085322E-05   8.76342133614498824E-07   4.99235351721915603E+06   1.96278761645810977E+07   8.58190413884234078E-08   2.23636829587257388E-14   5.98141543641345550E-19   2.72166813765730686E-05   8.02386165369499993E-06   3.19313471925415512E-12   3.09894817643452978E-10   1.37214692053726394E-22   8.26819194840792051E-12
  1.28645299483280007E-02   1.59041836269387837E-01   1.85456145207604720E+02   5.02422882855388352E+17   3.25865959263651115E-06   1.00000000000000000E+09   4.88981434444135041E-02   1.13510633491471513E-09   9.71175704342547341E+00   2.77924447003038673E-04   8.19454609907557975E-05   8.76342126848229282E-07   4.99235351721915603E+06   1.96278761645810977E+07   8.58188844201397753E-08   2.79375328982752263E-14   7.49783132631027867E-19   2.72166020536290017E-05   8.02361360385477826E-06   4.00269589133482300E-12   3.81530808055828824E-10   3.63528093963057653E-21   1.03861897466451607E-11
  1.02775520288881633E-02   1.59112078294724235E-01   1.85456145207604720E+02   4.01388728526482816E+17   2.60336317210367403E-06   1.00000000000000000E+09   4.88981437542187966E-02   1.46068091984181053E-09   9.71175702791618889E+00   2.77924444523272823E-04   8.19454602284726437E-05   8.76342118378299927E-07   4.99235351721915603E+06   1.96278761645810977E+07   8.58186877171975651E-08   3.48941178272488463E-14   9.39811144672674074E-19   2.72165010793036821E-05   8.02330244450284014E-06   5.01718863439545987E-12   4.70256330486816342E-10   6.95229925795698785E-20   1.30456268487689390E-11
  8.21242686772572644E-03   1.59182320307051345E-01   1.85456145207604720E+02   3.20735479546850880E+17   2.08025506363559611E-06   1.00000000000000000E+09   4.88981441384421442E-02   1.87642870559427284E-09   9.71175700852244361E+00   2.77924441419804115E-04   8.19454592744397841E-05   8.76342107777877410E-07   4.99235351721915603E+06   1.96278761645810977E+07   8.58184412701481018E-08   4.35736657443858997E-14   1.17789478811415241E-18   2.72163725600188003E-05   8.02291208683356077E-06   6.28823365345427215E-12   5.79984581886789495E-10   8.08854946386191875E-19   1.63839357129035132E-11
  6.56355761511112461E-03   1.59252562305801704E-01   1.85456145207604720E+02   2.56339061902542912E+17   1.66258697644781145E-06   1.00000000000000000E+09   4.88981446147813553E-02   2.40682340353559577E-09   9.71175698427622969E+00   2.77924437536537197E-04   8.19454580806573793E-05   8.76342094513720926E-07   4.99235351721915603E+06   1.96278761645810977E+07   8.58181325575149785E-08   5.43994380809001225E-14   1.47612635079045221E-18   2.72162090338294727E-05   8.02242234923022029E-06   7.88039012654065881E-12   7.15461094715582369E-10   6.19065264754765913E-18   2.05730996909884382E-11
  5.24678091792861890E-03   1.59322804291016945E-01   1.85456145207604720E+02   2.04912484566834144E+17   1.32903984800869905E-06   1.00000000000000000E+09   4.88981452050305174E-02   3.08274806445987246E-09   9.71175695396952854E+00   2.77924432678504439E-04   8.19454565871672740E-05   8.76342077919787507E-07   4.99235351721915603E+06   1.96278761645810977E+07   8.58177459102493547E-08   6.78978212678583270E-14   1.84962279928539491E-18   2.72160010740882891E-05   8.02180800660612368E-06   9.87438249948027249E-12   8.82414134228549203E-10   3.36309271722043538E-17   2.58282374301373627E-11
  4.19500311146521216E-03   1.59393046262593541E-01   1.85456145207604720E+02   1.63835411423144032E+17   1.06261846626313467E-06   1.00000000000000000E+09   4.88981459359850643E-02   3.94291373374631118E-09   9.71175691609512093E+00   2.77924426602232683E-04   8.19454547190868224E-05   8.76342057164326266E-07   4.99235351721915603E+06   1.96278761645810977E+07   8.58172617074801934E-08   8.47232283761221683E-14   2.31726757071211071E-18   2.72157367998401401E-05   8.02103773377341003E-06   1.23711279574558151E-11   1.08772035922488668E-09   1.38387152133343379E-16   3.24182629397280422E-11
  3.35472758094269895E-03   1.59463288221865118E-01   1.85456145207604720E+02   1.31018537729843488E+17   8.49771830289510977E-07   1.00000000000000000E+09   4.88981468405313840E-02   5.03539877548180233E-09   9.71175686877281130E+00   2.77924419003735710E-04   8.19454523829104176E-05   8.76342031208848341E-07   4.99235351721915603E+06   1.96278761645810977E+07   8.58166553637450504E-08   1.05688935362660750E-13   2.90261093284038720E-18   2.72154012712533734E-05   8.02007300302920918E-06   1.54967621890510109E-11   1.33958151637507203E-09   4.55422621871921603E-16   4.06790375330269361E-11
  2.68329074816722182E-03   1.59533530167842247E-01   1.85456145207604720E+02   1.04795641865530080E+17   6.79693009784079529E-07   1.00000000000000000E+09   4.88981479589450305E-02   6.41930380291425193E-09   9.71175680965767718E+00   2.77924409503548236E-04   8.19454494618980679E-05   8.76341998757007816E-07   4.99235351721915603E+06   1.96278761645810977E+07   8.58158960682899656E-08   1.31805228021977384E-13   3.63494068260096335E-18   2.72149757423978808E-05   8.01886695831653134E-06   1.94089095297527573E-11   1.64770467443606967E-09   1.25332654310662933E-15   5.10294404821245565E-11
  2.14666164316425082E-03   1.59603772099695562E-01   1.85456145207604720E+02   8.38376478274547680E+16   5.43761763870929106E-07   1.00000000000000000E+09   4.88981493404105558E-02   8.16662165904557298E-09   9.71175673582571264E+00   2.77924397628075191E-04   8.19454458103252901E-05   8.76341958190879331E-07   4.99235351721915603E+06   1.96278761645810977E+07   8.58149452304870916E-08   1.64326555988889967E-13   4.55053096794235610E-18   2.72144367357245001E-05   8.01736319759949255E-06   2.43045038440540899E-11   2.02347425474119367E-09   2.99036191311918362E-15   6.39908018898186258E-11
  1.71768979666254333E-03   1.59674014018123811E-01   1.85456145207604720E+02   6.70841968542072960E+16   4.35100722167413359E-07   1.00000000000000000E+09   4.88981510447642070E-02   1.03644833283447610E-08   9.71175664363160607E+00   2.77924382786357059E-04   8.19454412463165461E-05   8.76341907491587912E-07   4.99235351721915603E+06   1.96278761645810977E+07   8.58137545646763252E-08   2.04809801304857371E-13   5.69407921663623053E-18   2.72137548919345138E-05   8.01549435226897320E-06   3.04295414166905390E-11   2.48009872316049854E-09   6.36838662706501770E-15   8.02102082808250430E-11
  1.37470983412484038E-03   1.59744255924186618E-01   1.85456145207604720E+02   5.36891499903129520E+16   3.48221920407677918E-07   1.00000000000000000E+09   4.88981531444467113E-02   1.31178575005572034E-08   9.71175652853167115E+00   2.77924364241122429E-04   8.19454355429104691E-05   8.76341844140433553E-07   4.99235351721915603E+06   1.96278761645810977E+07   8.58122637169321827E-08   2.55186282256390191E-13   7.12034702905505594E-18   2.72128935345480451E-05   8.01318045690121853E-06   3.80912401427803043E-11   3.03270821706847594E-09   1.23917505201436880E-14   1.00488337226664403E-10
  1.10042993191697370E-03   1.59814497815708473E-01   1.85456145207604720E+02   4.29771768572035840E+16   2.78745239982367444E-07   1.00000000000000000E+09   4.88981557266394973E-02   1.65525525953281955E-08   9.71175638486359993E+00   2.77924341072736871E-04   8.19454284169248223E-05   8.76341764995746910E-07   4.99235351721915603E+06   1.96278761645810977E+07   8.58103973084246903E-08   3.17850732460194440E-13   8.89602374605792940E-18   2.72118068694677387E-05   8.01032735585060024E-06   4.76731945977957424E-11   3.69837198654768261E-09   2.24425964564906952E-14   1.25812694755222020E-10
  8.81046215105692069E-04   1.59884739694868744E-01   1.85456145207604720E+02   3.44091685510641240E+16   2.23174079795526388E-07   1.00000000000000000E+09   4.88981588955283430E-02   2.08181213936485570E-08   9.71175620557244734E+00   2.77924312134307202E-04   8.19454195150791175E-05   8.76341666139561628E-07   4.99235351721915603E+06   1.96278761645810977E+07   8.58080612526756384E-08   3.95771241557022219E-13   1.11018278937188725E-17   2.72104377150322822E-05   8.00682567366330345E-06   5.96542589643873464E-11   4.49599768601671800E-09   3.83739122251992978E-14   1.57397384787771928E-10
  7.05537030433454372E-04   1.59954981560563203E-01   1.85456145207604720E+02   2.75546755470593280E+16   1.78716591540853615E-07   1.00000000000000000E+09   4.88981627745988176E-02   2.60901241558835766E-08   9.71175598186988687E+00   2.77924275995779430E-04   8.19454083967017670E-05   8.76341542686710263E-07   4.99235351721915603E+06   1.96278761645810977E+07   8.58051381874580038E-08   4.92625076038056513E-13   1.38348571065101348E-17   2.72087146261092659E-05   8.00255106839250257E-06   7.46320645077192022E-11   5.44607093597376541E-09   6.26066088662466733E-14   1.96730807243863607E-10
  5.65100448733334582E-04   1.60025223412082557E-01   1.85456145207604720E+02   2.20699394144887880E+16   1.43143195820827964E-07   1.00000000000000000E+09   4.88981675088253839E-02   3.25711147833514594E-08   9.71175570281047662E+00   2.77924230874341486E-04   8.19453945121835302E-05   8.76341388547206025E-07   4.99235351721915603E+06   1.96278761645810977E+07   8.58014818309318829E-08   6.12966496366499058E-13   1.72112006791243318E-17   2.72065482392716618E-05   7.99736664168123163E-06   9.33522899624948651E-11   6.57019727361430195E-09   9.82129275775409867E-14   2.45632965048409073E-10
  4.52705839413873774E-04   1.60095465250337327E-01   1.85456145207604720E+02   1.76803796048023140E+16   1.14672993378690178E-07   1.00000000000000000E+09   4.88981732666116178E-02   4.04896834591600324E-08   9.71175535476485763E+00   2.77924174547787334E-04   8.19453771761345521E-05   8.76341196130487353E-07   4.99235351721915603E+06   1.96278761645810977E+07   8.57969100249041732E-08   7.62434213956661446E-13   2.13688442804119763E-17   2.72038266334976690E-05   7.99112847441485660E-06   1.16745054036468828E-10   7.89042523256299025E-09   1.48979559715261392E-13   3.06324382189187106E-10
  3.62736313202593531E-04   1.60165707076177971E-01   1.85456145207604720E+02   1.41666290900328380E+16   9.18831937840322926E-08   1.00000000000000000E+09   4.88981802414027306E-02   5.00973916057765605E-08   9.71175492076507041E+00   2.77924104246678649E-04   8.19453555339528665E-05   8.76340955977404971E-07   4.99235351721915603E+06   1.96278761645810977E+07   8.57911961797861709E-08   9.48008032829639099E-13   2.64709184771879338E-17   2.72004094752730760E-05   7.98369480655286805E-06   1.45970088364675330E-10   9.42836565816710165E-09   2.19460398323560676E-13   3.81509011614992591E-10
  2.90703563600132938E-04   1.60235948888306390E-01   1.85456145207604720E+02   1.13533975253636380E+16   7.36368831289111737E-08   1.00000000000000000E+09   4.88981886531155568E-02   6.16649234970099906E-08   9.71175437969081301E+00   2.77924016520121890E-04   8.19453285201899629E-05   8.76340656302293851E-07   4.99235351721915603E+06   1.96278761645810977E+07   8.57840587995550377E-08   1.17832654532981290E-12   3.27093624109753058E-17   2.71961206874350469E-05   7.97493792444964618E-06   1.82472680411538007E-10   1.12041830439197099E-08   3.15039440023791528E-13   4.74473950705935926E-10
  2.33020402923923815E-04   1.60306190686820949E-01   1.85456145207604720E+02   9.10058766790605800E+15   5.90254060958493131E-08   1.00000000000000000E+09   4.88981987500232904E-02   7.54806598076881410E-08   9.71175370525853943E+00   2.77923907068716757E-04   8.19452948067204062E-05   8.76340282423300468E-07   4.99235351721915603E+06   1.96278761645810977E+07   8.57751487453346442E-08   1.46408056737942179E-12   4.03090844850063517E-17   2.71907393335656442E-05   7.96475592141989461E-06   2.28052779823538393E-10   1.32356115839101613E-08   4.42022084474546179E-13   5.89209287855423540E-10
  1.86819284269880193E-04   1.60376432471676600E-01   1.85456145207604720E+02   7.29620777073574800E+15   4.73223965238864093E-08   1.00000000000000000E+09   4.88982108124303289E-02   9.18557347969697134E-08   9.71175286476563748E+00   2.77923770536641344E-04   8.19452527382295170E-05   8.76339816053707069E-07   4.99235351721915603E+06   1.96278761645810977E+07   8.57640338904013916E-08   1.81850039136301303E-12   4.95327033389617828E-17   2.71839883396995749E-05   7.95308056157590726E-06   2.84950209288306662E-10   1.55372071839182113E-08   6.07756713906877053E-13   7.30551971780158555E-10
  1.49807484113587689E-04   1.60446674243045789E-01   1.85456145207604720E+02   5.85071575440219700E+15   3.79470943261272516E-08   1.00000000000000000E+09   4.88982251598983272E-02   1.11138646591926648E-07   9.71175181753072891E+00   2.77923600252867392E-04   8.19452002519333917E-05   8.76339234420442060E-07   4.99235351721915603E+06   1.96278761645810977E+07   8.57501808134249312E-08   2.25795899555234399E-12   6.06859530078403332E-17   2.71755205934633979E-05   7.93987841457843270E-06   3.55949660862773555E-10   1.81200320591532404E-08   8.20776525660357383E-13   9.04358200464355428E-10
  1.20151517044266785E-04   1.60516916002106408E-01   1.85456145207604720E+02   4.69250503635188800E+15   3.04350670754086822E-08   1.00000000000000000E+09   4.88982421634657563E-02   1.33740147896205098E-07   9.71175051295696079E+00   2.77923387909031247E-04   8.19451347776924268E-05   8.76338509167681410E-07   4.99235351721915603E+06   1.96278761645810977E+07   8.57329331101275967E-08   2.80271802740980863E-12   7.41238416281546947E-17   2.71649019650477887E-05   7.92514476814078992E-06   4.44509986477816412E-10   2.09918529622592656E-08   1.09103343257375152E-12   1.11770939397539614E-09
  9.63848639273733157E-05   1.60587157747205417E-01   1.85456145207604720E+02   3.76430086388886150E+15   2.44148370162562810E-08   1.00000000000000000E+09   4.88982622633169980E-02   1.60166347793763887E-07   9.71174888812764792E+00   2.77923123158396962E-04   8.19450531137346313E-05   8.76337604993179709E-07   4.99235351721915603E+06   1.96278761645810977E+07   8.57114856786001063E-08   3.47784762370463194E-12   9.02576118133847962E-17   2.71515913889934992E-05   7.90889215121140990E-06   5.54922867996223775E-10   2.41577567979492759E-08   1.43066731915237497E-12   1.37915699446687297E-09
  7.73342968091508809E-05   1.60657399477716983E-01   1.85456145207604720E+02   3.02028294096340100E+15   1.95892187391240543E-08   1.00000000000000000E+09   4.88982859910090453E-02   1.91054324875425672E-07   9.71174686482182281E+00   2.77922793116489313E-04   8.19449512720283121E-05   8.76336477952159215E-07   4.99235351721915603E+06   1.96278761645810977E+07   8.56848542064541983E-08   4.31435010734418259E-12   1.09562234531857328E-16   2.71349206022601560E-05   7.89113663647331783E-06   6.92505631942606468E-10   2.76209235632963436E-08   1.85641302036672460E-12   1.69900973082188825E-09
  6.20610410413783181E-05   1.60727641196150683E-01   1.85456145207604720E+02   2.42378752105656550E+15   1.57204152082422868E-08   1.00000000000000000E+09   4.88983139938028999E-02   2.27199329339497791E-07   9.71174434581059920E+00   2.77922381739172119E-04   8.19448242858840018E-05   8.76335073347626919E-07   4.99235351721915603E+06   1.96278761645810977E+07   8.56518402602442227E-08   5.35049802560440199E-12   1.32583162874117358E-16   2.71140810919045010E-05   7.87188551095102331E-06   8.63830589657879904E-10   3.13832077240246855E-08   2.39485768515428182E-12   2.08966048802931365E-09
  4.98137774434573888E-05   1.60797882900036410E-01   1.85456145207604720E+02   1.94547191149501775E+15   1.26181129391818107E-08   1.00000000000000000E+09   4.88983470577287332E-02   2.69558988005862125E-07   9.71174121026179193E+00   2.77921869047985035E-04   8.19446659705466403E-05   8.76333323106058527E-07   4.99235351721915603E+06   1.96278761645810977E+07   8.56109962168215187E-08   6.63333651138684238E-12   1.59939235733753825E-16   2.70881299090540600E-05   7.85112956476448385E-06   1.07698710414891061E-09   3.54452107939413703E-08   3.09011045091293871E-12   2.56593582732924739E-09
  3.99910946068143366E-05   1.60868124591068223E-01   1.85456145207604720E+02   1.56184805209378350E+15   1.01299709517039129E-08   1.00000000000000000E+09   4.88983861272819856E-02   3.19224171717128598E-07   9.71173730803932500E+00   2.77921230165222965E-04   8.19444686253016635E-05   8.76331142512599855E-07   4.99235351721915603E+06   1.96278761645810977E+07   8.55606001358740630E-08   8.22018127292138776E-12   1.92316768683255442E-16   2.70560231691708257E-05   7.82884182002168064E-06   1.34186111360742351E-09   3.98056958621261724E-08   4.01045106111612517E-12   3.14543192128270881E-09
  3.21114853136648094E-05   1.60938366266832750E-01   1.85456145207604720E+02   1.25411072840300775E+15   8.13402068984622916E-09   1.00000000000000000E+09   4.88984323232508483E-02   3.77358894739652619E-07   9.71173245263278240E+00   2.77920434112263683E-04   8.19442226628582714E-05   8.76328426148995710E-07   4.99235351721915603E+06   1.96278761645810977E+07   8.54986553625845988E-08   1.01797843246336977E-11   2.30449635975234564E-16   2.70166755037569144E-05   7.80498220639489000E-06   1.67040054355837266E-09   4.44604389139310103E-08   5.24879991504391841E-12   3.84878441033434394E-09
  2.57893666469634579E-05   1.61008607931151682E-01   1.85456145207604720E+02   1.00720103958917050E+15   6.53259177729111227E-09   1.00000000000000000E+09   4.88984869639488770E-02   4.45124203789313162E-07   9.71172641238988277E+00   2.77919442313653159E-04   8.19439161483635639E-05   8.76325042839137410E-07   4.99235351721915603E+06   1.96278761645810977E+07   8.54229294505455768E-08   1.25927104053895561E-11   2.75082730406056563E-16   2.69690328553824692E-05   7.77950572984594508E-06   2.07681749509389780E-09   4.94008129028886421E-08   6.91370299186221130E-12   4.69981435112264319E-09
  2.07159107256721333E-05   1.61078849580787303E-01   1.85456145207604720E+02   8.09057744789174875E+14   5.24745633161583361E-09   1.00000000000000000E+09   4.88985515967756343E-02   5.23604824040206304E-07   9.71171889964643320E+00   2.77918206735961945E-04   8.19435342261735233E-05   8.76320829359532390E-07   4.99235351721915603E+06   1.96278761645810977E+07   8.53310400595778336E-08   1.55504583146492040E-11   3.26921150863459867E-16   2.69121424727760043E-05   7.75237117655322616E-06   2.57766465342281031E-09   5.46124723638422790E-08   9.11234729895784381E-12   5.72549974352240451E-09
  1.66437180353066749E-05   1.61149091216167495E-01   1.85456145207604720E+02   6.50018681624495000E+14   4.21594663005778951E-09   1.00000000000000000E+09   4.88986280462866060E-02   6.13751961927711320E-07   9.71170955725249918E+00   2.77916667573801862E-04   8.19430584072673832E-05   8.76315582613319473E-07   4.99235351721915603E+06   1.96278761645810977E+07   8.52205833527735544E-08   1.91530168525982887E-11   3.86572807026999470E-16   2.68452083431580923E-05   7.72354825176147632E-06   3.19171849293339081E-09   6.00744504556132158E-08   1.19317712706087745E-11   6.95573802124304244E-09
  1.33745607128800346E-05   1.61219332837576751E-01   1.85456145207604720E+02   5.22342081465865000E+14   3.38785041255813339E-09   1.00000000000000000E+09   4.88987184832757327E-02   7.16347004208942981E-07   9.71169794187425062E+00   2.77914750374879619E-04   8.19424656836867713E-05   8.76309049893984494E-07   4.99235351721915603E+06   1.96278761645810977E+07   8.50892878221688880E-08   2.35048319785963111E-11   4.54495454405157186E-16   2.67676276656725730E-05   7.69302235738458215E-06   3.93960841639691023E-09   6.57588564442557913E-08   1.54258840383894304E-11   8.42288413912749238E-09
  1.07495789771202853E-05   1.61289574445155792E-01   1.85456145207604720E+02   4.19823692032245188E+14   2.72292758082548179E-09   1.00000000000000000E+09   4.88988255182420048E-02   8.31984436091260932E-07   9.71168350330417063E+00   2.77912362470654950E-04   8.19417274283363239E-05   8.76300916775507069E-07   4.99235351721915603E+06   1.96278761645810977E+07   8.49351688141787758E-08   2.87094988508687498E-11   5.30958983407014755E-16   2.66790095824359730E-05   7.66079716902428421E-06   4.84315119574868802E-09   7.16312304647116317E-08   1.96134485785301469E-11   1.01610688892387272E-08
  8.64143820192735957E-06   1.61359816038898402E-01   1.85456145207604720E+02   3.37490472708123375E+14   2.18892353978685125E-09   1.00000000000000000E+09   4.88989523226286346E-02   9.61069914358005802E-07   9.71166555883067062E+00   2.77909388547892494E-04   8.19408080285347122E-05   8.76290792055271793E-07   4.99235351721915603E+06   1.96278761645810977E+07   8.47566591702727630E-08   3.48637883118852306E-11   6.16030128340685468E-16   2.65791796689174704E-05   7.62689554736055718E-06   5.92438530154287651E-09   7.76515060594342844E-08   2.44875385840141063E-11   1.22053228354643756E-08
  6.94805331008950497E-06   1.61430057618648592E-01   1.85456145207604720E+02   2.71355501391000969E+14   1.75997955039035131E-09   1.00000000000000000E+09   4.88991027821982643E-02   1.10382994301609575E-06   9.71164326149404822E+00   2.77905685157623132E-04   8.19396631894097905E-05   8.76278189039457393E-07   4.99235351721915603E+06   1.96278761645810977E+07   8.45526983549377406E-08   4.20517921396397972E-11   7.09581089984866972E-16   2.64681735616897002E-05   7.59135928148615272E-06   7.20434769633960454E-09   8.37754561305245947E-08   3.00328027856774980E-11   1.45905526454240586E-08
  5.58756631012792363E-06   1.61500299184098389E-01   1.85456145207604720E+02   2.18221822713777656E+14   1.41536051082707469E-09   1.00000000000000000E+09   4.88992816884312662E-02   1.26033111799738271E-06   9.71161556077873378E+00   2.77901073909839994E-04   8.19382378280525539E-05   8.76262502291619371E-07   4.99235351721915603E+06   1.96278761645810977E+07   8.43227726083571815E-08   5.03399728885231385E-11   8.11318002130399736E-16   2.63462221403499259E-05   7.55424797879267694E-06   8.70168812009101496E-09   8.99564510027676634E-08   3.62450357431799504E-11   1.73504361045577932E-08
  4.49432597050736541E-06   1.61570540734781803E-01   1.85456145207604720E+02   1.75525434638024188E+14   1.13843658492877090E-09   1.00000000000000000E+09   4.88994949756225566E-02   1.43050814235891645E-06   9.71158115395051880E+00   2.77895333042263806E-04   8.19364634606035226E-05   8.76242978756134261E-07   4.99235351721915603E+06   1.96278761645810977E+07   8.40669081840390486E-08   5.97737283815197749E-11   9.20821528032387792E-16   2.62137299389179688E-05   7.51563726490100690E-06   1.04312590659395950E-08   9.61473354815115803E-08   4.31483138834509531E-11   2.05163150373770834E-08
  3.61566905631228659E-06   1.61640782270071143E-01   1.85456145207604720E+02   1.41209579986211812E+14   9.15867870944094822E-10   1.00000000000000000E+09   4.88997500133774923E-02   1.61420033924067425E-06   9.71153842582589277E+00   2.77888186976841026E-04   8.19342549613244920E-05   8.76218681909804839E-07   4.99235351721915603E+06   1.96278761645810977E+07   8.37856262358946258E-08   7.03757801913773729E-11   1.03759091736031087E-15   2.60712482578447912E-05   7.47561639606598876E-06   1.24028390362313250E-08   1.02302234949569475E-07   5.08072590819847571E-11   2.41161671152345404E-08
  2.90934282114612170E-06   1.61711023792587727E-01   1.85456145207604720E+02   1.13624082130170828E+14   7.36951503939018656E-10   1.00000000000000000E+09   4.89000559666021017E-02   1.81119635359220279E-06   9.71148537424121372E+00   2.77879293384963649E-04   8.19315065442171334E-05   8.76188447276002500E-07   4.99235351721915603E+06   1.96278761645810977E+07   8.34798708754112330E-08   8.21463598712259966E-11   1.16108420907005779E-15   2.59194446236377059E-05   7.43428539785395785E-06   1.46201336107302075E-08   1.08378127628331929E-07   5.93344388428474455E-11   2.81737260347188284E-08
  2.34144060583405720E-06   1.61781265299014071E-01   1.85456145207604720E+02   9.14447200125418906E+13   5.93098731089452678E-10   1.00000000000000000E+09   4.89004242380642398E-02   2.02128648196224299E-06   9.71141951784942847E+00   2.77868227167890852E-04   8.19280867826842210E-05   8.76150827242847949E-07   4.99235351721915603E+06   1.96278761645810977E+07   8.31509220443220805E-08   9.50648863602578062E-11   1.29074985545285640E-15   2.57590705009597338E-05   7.39175188532762637E-06   1.70801551599459440E-08   1.14336065901970071E-07   6.88945664690316408E-11   3.27077965090941234E-08
  1.88474808335127639E-06   1.61851506790498978E-01   1.85456145207604720E+02   7.36086409139721094E+13   4.77416006014894032E-10   1.00000000000000000E+09   4.89008690123590647E-02   2.24432190307096589E-06   9.71133778208310794E+00   2.77854460617972488E-04   8.19238324396226128E-05   8.76104022643476790E-07   4.99235351721915603E+06   1.96278761645810977E+07   8.28003032832419289E-08   1.09092658976846929E-10   1.42604773149021050E-15   2.55909292783917762E-05   7.34812775661741957E-06   1.97730198741091302E-08   1.20141984777074762E-07   7.97077982684975509E-11   3.77317807811600413E-08
  1.51741821229541657E-06   1.61921748266194543E-01   1.85456145207604720E+02   5.92626108984121797E+13   3.84369346869861488E-10   1.00000000000000000E+09   4.89014079248357159E-02   2.48028017253122716E-06   9.71123635815251518E+00   2.77837338853712467E-04   8.19185408274618592E-05   8.76045797963082986E-07   4.99235351721915603E+06   1.96278761645810977E+07   8.24296922167581122E-08   1.24176042553941176E-10   1.56645952995411206E-15   2.54158464370113321E-05   7.30352596607868004E-06   2.26821378543601941E-08   1.25767089679296332E-07   9.20542949600577480E-11   4.32534031023127421E-08
  1.22190936081867023E-06   1.61991989726741004E-01   1.85456145207604720E+02   4.77215433534197266E+13   3.09515357020921113E-10   1.00000000000000000E+09   4.89020628848853695E-02   2.72933678126078554E-06   9.71111052875337322E+00   2.77816049410840719E-04   8.19119603529027334E-05   8.75973376310629156E-07   4.99235351721915603E+06   1.96278761645810977E+07   8.20408392143334005E-08   1.40249668425260399E-10   1.71148967455212184E-15   2.52346434682668657E-05   7.25805756780832178E-06   2.57847245972957022E-08   1.31187860508163432E-07   1.06281741545203515E-10   4.92745934889325656E-08
  9.99999999999999955E-07   1.62057040161997595E-01   1.85456145207604720E+02   3.91215362594447422E+13   2.53736745847783015E-10   1.00000000000000000E+09   4.89028021009241254E-02   2.97253615110781615E-06   9.71096598708031777E+00   2.77791540425031762E-04   8.19043834563566269E-05   8.75889965561652058E-07   4.99235351721915603E+06   1.96278761645810977E+07   8.16654531574962201E-08   1.55983703724572333E-10   1.84963431762897053E-15   2.50619013457305624E-05   7.21524555892049554E-06   2.88110402390268299E-08   1.36001604060843245E-07   1.21595058005250325E-10   5.53098630316831049E-08
  9.84134170167386096E-07   1.62062231169707305E-01   1.85456145207604720E+02   3.84352579439761875E+13   2.49285627273486139E-10   1.00000000000000000E+09   4.89028610901705643E-02   2.99194339717608532E-06   9.71095445269263458E+00   2.77789584614378249E-04   8.19037788219951276E-05   8.75883309405712335E-07   4.99235351721915603E+06   1.96278761645810977E+07   8.16354974483995280E-08   1.57239275623844308E-10   1.86065822399390896E-15   2.50481165695589556E-05   7.21182917181519316E-06   2.90525394352470767E-08   1.36385739536585493E-07   1.22817056651251499E-10   5.57914759617583874E-08
  7.92777204823574957E-07   1.62132472596008853E-01   1.85456145207604720E+02   3.09618315095348945E+13   2.00813892710950983E-10   1.00000000000000000E+09   4.89038362771286594E-02   3.26891450948304570E-06   9.71076089884087779E+00   2.77756695043396740E-04   8.18936089847914110E-05   8.75771316751351969E-07   4.99235351721915603E+06   1.96278761645810977E+07   8.12153655658089331E-08   1.75063931849324899E-10   2.01348705903957017E-15   2.48570205249603589E-05   7.16494088383117815E-06   3.24527583023180515E-08   1.41346586362728713E-07   1.42183180759701229E-10   6.27944003516665414E-08
  6.38747813775826308E-07   1.62202714005296789E-01   1.85456145207604720E+02   2.49462296177045664E+13   1.61797439286281886E-10   1.00000000000000000E+09   4.89050302637489206E-02   3.56152525902553376E-06   9.71052091761401037E+00   2.77715832019205262E-04   8.18809706816966379E-05   8.75632086855714568E-07   4.99235351721915603E+06   1.96278761645810977E+07   8.07820426046434929E-08   1.93637476538568308E-10   2.16948023238153346E-15   2.46620576716825087E-05   7.11748473409989730E-06   3.59489072749139067E-08   1.46059985469598346E-07   1.65021414866914277E-10   7.02679581446607047E-08
  5.14741326960332929E-07   1.62272955395369900E-01   1.85456145207604720E+02   2.01031691367651523E+13   1.30385952331966467E-10   1.00000000000000000E+09   4.89064948536911126E-02   3.87162393715356223E-06   9.71022343548928113E+00   2.77665076585820875E-04   8.18652688119322165E-05   8.75459031790515373E-07   4.99235351721915603E+06   1.96278761645810977E+07   8.03369937992516742E-08   2.12869105936725024E-10   2.32809898615861529E-15   2.44638715984374292E-05   7.06954356467050354E-06   3.95018094216515591E-08   1.50518484377999974E-07   1.92118898467948379E-10   7.81909276526825892E-08
  4.14887069536123720E-07   1.62343196765207587E-01   1.85456145207604720E+02   1.62033714696940977E+13   1.05092356524821153E-10   1.00000000000000000E+09   4.89082941869224477E-02   4.20176290116793629E-06   9.70985475476589599E+00   2.77602051894074219E-04   8.18457661738489201E-05   8.75243984488712064E-07   4.99235351721915603E+06   1.96278761645810977E+07   7.98815254972294077E-08   2.32663071926145558E-10   2.48873183689283326E-15   2.42630451524926504E-05   7.02119033271247402E-06   4.30705212969635559E-08   1.54716826549532264E-07   2.24439100982324359E-10   8.65360996018759134E-08
  3.34465963584958171E-07   1.62413438113348213E-01   1.85456145207604720E+02   1.30625335178453652E+13   8.47212827454505372E-11   1.00000000000000000E+09   4.89105076421651533E-02   4.55535127365812194E-06   9.70939793677012730E+00   2.77523815232048432E-04   8.18215500224811346E-05   8.74976825945863363E-07   4.99235351721915603E+06   1.96278761645810977E+07   7.94167673491123626E-08   2.52917500581682320E-10   2.65066045478023743E-15   2.40601022468516240E-05   6.97248777161668949E-06   4.66132507499270409E-08   1.58651226091111425E-07   2.63150467292781827E-10   9.52699414415197782E-08
  2.69683917042695104E-07   1.62483679437817996E-01   1.85456145207604720E+02   1.05324774091675664E+13   6.83116661656254176E-11   1.00000000000000000E+09   4.89132334219664483E-02   4.93683076586021067E-06   9.70883204183605564E+00   2.77426725149120868E-04   8.17914909469172243E-05   8.74645026855743751E-07   4.99235351721915603E+06   1.96278761645810977E+07   7.89436600067594482E-08   2.73522365051629710E-10   2.81302287340325242E-15   2.38555127616346773E-05   6.92348831842632529E-06   5.00882523080569287E-08   1.62318713065333799E-07   3.09644707549366976E-10   1.04352068007303292E-07
  2.17489944904480422E-07   1.62553920736043855E-01   1.85456145207604720E+02   8.49404724073658594E+12   5.50906752804720423E-11   1.00000000000000000E+09   4.89165929829346868E-02   5.35187227146559395E-06   9.70813119350772524E+00   2.77306278184698371E-04   8.17541923843700079E-05   8.74233085143606159E-07   4.99235351721915603E+06   1.96278761645810977E+07   7.84629466864570421E-08   2.94356682529124680E-10   2.97477677171383580E-15   2.36496996416599418E-05   6.87423418292563664E-06   5.34546919727138914E-08   1.65716560525948320E-07   3.65532181607404271E-10   1.13734495671113958E-07
  1.75430165202232180E-07   1.62624162005807121E-01   1.85456145207604720E+02   6.85140690679942480E+12   4.44367282301456107E-11   1.00000000000000000E+09   4.89207365111799033E-02   5.80758812706471577E-06   9.70726342733010128E+00   2.77156908626283345E-04   8.17079287561402006E-05   8.73721837331824639E-07   4.99235351721915603E+06   1.96278761645810977E+07   7.79751671131714819E-08   3.15285055781088040E-10   3.13466694012460795E-15   2.34430472785202972E-05   6.82475742897393671E-06   5.66734647009188602E-08   1.68841788693122160E-07   4.32598495666903048E-10   1.23360662892561081E-07
  1.41530571566209130E-07   1.62694403243951291E-01   1.85456145207604720E+02   5.52746179332479688E+12   3.58497983993809693E-11   1.00000000000000000E+09   4.89258496875557211E-02   6.31275296654693658E-06   9.70618927613715066E+00   2.76971743484331543E-04   8.16505698325242714E-05   8.73087617674276160E-07   4.99235351721915603E+06   1.96278761645810977E+07   7.74806525615529190E-08   3.36153748666306174E-10   3.29120219702372948E-15   2.32359104640202471E-05   6.77507997180955515E-06   5.97079407013366382E-08   1.71690728829803309E-07   5.12705413857719540E-10   1.33164199465158381E-07
  1.14202892979329183E-07   1.62764644444048895E-01   1.85456145207604720E+02   4.46018214047201758E+12   2.89275681394192523E-11   1.00000000000000000E+09   4.89321620443195007E-02   6.87801756752999945E-06   9.70486003372110062E+00   2.76742303499386119E-04   8.15794885136697555E-05   8.72301234559072899E-07   4.99235351721915603E+06   1.96278761645810977E+07   7.69795209182058015E-08   3.56786567050879523E-10   3.44264748164953152E-15   2.30286234823439262E-05   6.72521344811613931E-06   6.25246145565233459E-08   1.74258619740990080E-07   6.07622206263731712E-10   1.43067419997775355E-07
  9.21689796617540585E-08   1.62834885601575968E-01   1.85456145207604720E+02   3.59964994115597168E+12   2.33462752688876731E-11   1.00000000000000000E+09   4.89399572909653621E-02   7.51607564617616071E-06   9.70321562701438545E+00   2.76458139533267144E-04   8.14914487644835371E-05   8.71326728911966066E-07   4.99235351721915603E+06   1.96278761645810977E+07   7.64716708579208333E-08   3.76980899717728134E-10   3.58703615641773126E-15   2.28215090959091167E-05   6.67515896218413740E-06   6.50936349103312392E-08   1.76539203605200632E-07   7.18781701684031467E-10   1.52979507002356309E-07
  7.44000578913446416E-08   1.62905126710446685E-01   1.85456145207604720E+02   2.90568654436032959E+12   1.88453259650789077E-11   1.00000000000000000E+09   4.89495860882546499E-02   8.24169503817932641E-06   9.70118201333389152E+00   2.76106392227355279E-04   8.13824699910533332E-05   8.70119874485654630E-07   4.99235351721915603E+06   1.96278761645810977E+07   7.59567743044151549E-08   3.96504341926441167E-10   3.72220544512986171E-15   2.26148872117324027E-05   6.62490674296773512E-06   6.73892007332345138E-08   1.78524285633512213E-07   8.46968224299235410E-10   1.62794339156443525E-07
  6.00679207620983397E-08   1.62975367760716028E-01   1.85456145207604720E+02   2.34594641527068799E+12   1.52149310999749890E-11   1.00000000000000000E+09   4.89614818753527428E-02   9.07145616157458818E-06   9.69866800384594718E+00   2.75671261491701838E-04   8.12476637430176098E-05   8.68626375495822696E-07   4.99235351721915603E+06   1.96278761645810977E+07   7.54342663304080555E-08   4.15092357710953615E-10   3.84585451180352293E-15   2.24090829840789507E-05   6.57443577179752086E-06   6.93898205729908262E-08   1.80203225002595664E-07   9.91959850537719209E-10   1.72387916113528178E-07
  4.85057022323617329E-08   1.63045608743110054E-01   1.85456145207604720E+02   1.89438516979593457E+12   1.22861700808794483E-11   1.00000000000000000E+09   4.89761804924599350E-02   1.00229794769644301E-05   9.69556139745473011E+00   2.75133371477080809E-04   8.10810383548097712E-05   8.66779713982617618E-07   4.99235351721915603E+06   1.96278761645810977E+07   7.49033316582758789E-08   4.32447414601145972E-10   3.95562048636369367E-15   2.22044341889394776E-05   6.52371346183434728E-06   7.10784399151379173E-08   1.81562332319379789E-07   1.15216062566805409E-09   1.81615340632620895E-07
  3.91763469768312146E-08   1.63115849645446120E-01   1.85456145207604720E+02   1.53002816790835962E+12   9.92300408393665694E-12   1.00000000000000000E+09   4.89943445208692180E-02   1.11133134104687727E-05   9.69172429139271330E+00   2.74469016591510938E-04   8.08752671344446246E-05   8.64498599101296186E-07   4.99235351721915603E+06   1.96278761645810977E+07   7.43628872625653667E-08   4.48239922052502021E-10   4.04916369445090295E-15   2.20012981394482709E-05   6.47269549057949530E-06   7.24424430677078169E-08   1.82584157038621105E-07   1.32426420093673617E-09   1.90307348391063098E-07
  3.16472614623532048E-08   1.63186090450778476E-01   1.85456145207604720E+02   1.23598051403815869E+12   8.01585502956040110E-12   1.00000000000000000E+09   4.90167936617376399E-02   1.23556567604850881E-05   9.68698741695599885E+00   2.73649275491770830E-04   8.06214161826691509E-05   8.61683975776523533E-07   4.99235351721915603E+06   1.96278761645810977E+07   7.38115617748027770E-08   4.62111100151650081E-10   4.12425055652682195E-15   2.18000595334050998E-05   6.42132593849306858E-06   7.34735292844362168E-08   1.83246654172961761E-07   1.50298456206863329E-09   1.98266421941051383E-07
  2.55699306706600983E-08   1.63256331140957722E-01   1.85456145207604720E+02   9.98630990293988159E+11   6.47644238929423147E-12   1.00000000000000000E+09   4.90445432749096397E-02   1.37523605771246463E-05   9.68114333278660411E+00   2.72638983767270406E-04   8.03086291962215365E-05   8.58215564579287441E-07   4.99235351721915603E+06   1.96278761645810977E+07   7.32476747030672873E-08   4.73677597147162244E-10   4.17882196135683205E-15   2.16011424592447643E-05   6.36953800165502652E-06   7.41674666498835155E-08   1.83522236588413383E-07   1.68087171399257911E-09   2.05262583576338369E-07
  2.06635246854273619E-08   1.63326571694376088E-01   1.85456145207604720E+02   8.07011813420763184E+11   5.23363065246257864E-12   1.00000000000000000E+09   4.90788540864701348E-02   1.52807885191180449E-05   9.67393829694445095E+00   2.71395563648639602E-04   7.99237691466193065E-05   8.53947933845419362E-07   4.99235351721915603E+06   1.96278761645810977E+07   7.26692206500003297E-08   4.82537243066308465E-10   4.21103651291693283E-15   2.14050312099584754E-05   6.31725564369098723E-06   7.45237674111550614E-08   1.83376767890807388E-07   1.84820604592994501E-09   2.11029063624369922E-07
  1.67017117097476241E-08   1.63396812084092208E-01   1.85456145207604720E+02   6.52283618564828735E+11   4.23008899880359717E-12   1.00000000000000000E+09   4.91212962916345031E-02   1.68685378691621479E-05   9.66506263845347213E+00   2.69867722547700731E-04   7.94510212073738244E-05   8.48706156811560173E-07   4.99235351721915603E+06   1.96278761645810977E+07   7.20738633170131251E-08   4.88274524439828642E-10   4.21928121747839505E-15   2.12123038179654312E-05   6.26439646008244508E-06   7.45453935649026901E-08   1.82768621236637727E-07   1.99294467824477993E-09   2.15258228921800083E-07
  1.35020483970675236E-08   1.63467052277845304E-01   1.85456145207604720E+02   5.27321099749106689E+11   3.41960381157865234E-12   1.00000000000000000E+09   4.91738308130511212E-02   1.83557274524682986E-05   9.65413946789229271E+00   2.67994054378251382E-04   7.88714686604113528E-05   8.42281191570560680E-07   4.99235351721915603E+06   1.96278761645810977E+07   7.14589412662802149E-08   4.90462406581910276E-10   4.20214618630308438E-15   2.10236798551934651E-05   6.21087576892038122E-06   7.42386474326491007E-08   1.81647988491804080E-07   2.10068382413678968E-09   2.17598348486162401E-07
  1.09174422005328960E-08   1.63537292238863680E-01   1.85456145207604720E+02   4.26379572812275024E+11   2.76491603694058885E-12   1.00000000000000000E+09   4.92389107818016203E-02   1.94417185740185716E-05   9.64071161562184642E+00   2.65701612066017738E-04   7.81626649479451910E-05   8.34425253547801539E-07   4.99235351721915603E+06   1.96278761645810977E+07   7.08214878643684980E-08   4.88652310511753086E-10   4.15836465304622182E-15   2.08400850167191763E-05   6.15661195308327446E-06   7.36134391740340262E-08   1.79956717146921816E-07   2.15460196069444545E-09   2.17651700435500712E-07
