# EXHALE schema 2
# columns r[Rp] rho[mH/cm3] v[cm/s] p[cgs] T[K] heat[erg/cm3/s] cool[erg/cm3/s]
# rows 504: 2 ghost cells at each end; physical cells are rows 3 to 502
# coupling: sec_ion=T sec_ion_step=0 recon=PLM certified=F cert_reason=no_stationary_claim mode=init
# provenance: git=43bc28cef587 tree=dirty run=2026-09-15T23:00:17
# provenance: ck_input=2305791220613575850 ck_base=3549936922155334377 ck_metals=-1
# provenance: recon=PLM base_bc=characteristic carrier=none restart_schema=3 resid_def=145 N=500
# restart_schema 1
# reservoir He/H 1.2013736152284455E+01 C/H 2.7779976477794802E-04 O/H 1.0515689750685553E-06 N/H 8.1906831177145067E-05
# species_columns 34 r HI HII HeI HeII HeIII HeITR CI CII CIII OI OII OIII NI NII NIII MgI MgII MgIII SiI SiII SiIII CaI CaII CaIII NaI NaII KI KII SI SII FeI FeII FeIII
# grid N 500 R0[cm] 1.1591568917468145E+09 r_min[Rp] 1.0001933187778382E+00 r_max[Rp] 2.9031224061195065E+01 mode Mixed
# constants set IAU2015+CODATA2018 RJ[cm] 7.1492000000000000E+09 kB[erg/K] 1.3806490000000000E-16
# options He23S=T metals=T eos_metals=T mol=F molbase=F oxychem=F carrier=F carrier_newton=F iontrans=F he_diff=T he_metal_diff=F sec_ion=T caloric_mono=F excH=F base_ir=F mol_ir=F mol_heat=T visc=F cond=F jlya=0 wellbal=T
# t_phys[s] 0.0000000000000000E+00
# source git=43bc28cef587 tree=dirty restart_input=provenance_unknown
  0.99980668122216187        154260707536948.06       -10.597977773884418        1.0938266522681042        192.25558713058612        5.4918501177596961E-008   1.5992443661669422E-010
   1.0000000000000000        146196650990249.28       -11.178228125485866        1.0002059836934210        185.49737942206698        6.0096968556334153E-008   1.6854256037300771E-010
   1.0001933187778382        119174318155915.86       -1.5949603366245861       0.91768638868317309        208.78402927189822        5.5999643351798724E-008   1.7692599231905314E-010
   1.0003866375556763        95035824718658.750      -0.54003135003995451       0.85102194082272364        242.79393524215905        5.0055266106273881E-008   1.8419607879999469E-010
   1.0005799563335145        78172169237940.844        1.8519241594871633E-002  0.79711122873179874        276.47079065691145        4.5385367354711650E-008   1.9043568613110499E-010
   1.0007732751113527        66303889959872.094        1.4426233847094716E-003  0.75216091674267238        307.57521587242576        4.1924454273654353E-008   1.9590898919780890E-010
   1.0009665938891910        57554776011802.773        5.5057382827374719E-002  0.71363833573992763        336.18072794511761        3.9285877652759882E-008   2.0081082884681976E-010
   1.0011599126670290        50824085708178.945        5.0584822657510749E-002  0.67994367351921925        362.72332003047433        3.7197674658808060E-008   2.0527264909664088E-010
   1.0013532314448672        45469471246341.227        6.2647994258710996E-002  0.65001769542312893        387.59070646514414        3.5491609093257390E-008   2.0938267346485895E-010
   1.0015465502227054        41097581224292.664        6.7230953949232078E-002  0.62312496018995389        411.07669387881907        3.4062334231886656E-008   2.1320861149463047E-010
   1.0017398690005437        37454413447754.305        7.4563467096002839E-002  0.59873157250948250        433.40005232186667        3.2841079847175426E-008   2.1679407992366923E-010
   1.0019331877783817        34368178878650.250        8.0906119969588394E-002  0.57643654229404695        454.72679878465664        3.1780980263591345E-008   2.2017133129734998E-010
   1.0021265065562199        31718138416678.277        8.7740796123053230E-002  0.55593007320717591        475.18611276012928        3.0848858066650999E-008   2.2336812735464486E-010
   1.0023198253340582        29416707117760.102        9.4514289459012205E-002  0.53696736022928249        494.88093110431277        3.0020464522027659E-008   2.2640679201975248E-010
   1.0025131441118964        27398657150517.117       0.10144607188574924       0.51935125720515762        513.89495561953095        2.9277596243791381E-008   2.2930560987533307E-010
   1.0027064628897344        25614322409673.562       0.10845777017993212       0.50292045813049369        532.29742363496621        2.8606276767060613E-008   2.3207977658076060E-010
   1.0028997816675727        24025162998953.875       0.11558376398406528       0.48754117074911762        550.14643910890925        2.7995566709048824E-008   2.3474209063310730E-010
   1.0030931004454109        22600778964194.605       0.12281471535452609       0.47310110837219466        567.49137237085984        2.7436760533665746E-008   2.3730344886193489E-010
   1.0032864192232491        21316845460728.195       0.13015745129599754       0.45950505567901723        584.37462382111312        2.6922829200970201E-008   2.3977321225941657E-010
   1.0034797380010871        20153651567959.469       0.13761225250405967       0.44667153470615928        600.83295008564710        2.6448024385380510E-008   2.4215948508030223E-010
   1.0036730567789254        19095044955449.238       0.14518158499249242       0.43453025554670544        616.89847970268181        2.6007591376137979E-008   2.4446932957765373E-010
   1.0038663755567636        18127655888034.738       0.15286683921446353       0.42302013830834945        632.59950280825763        2.5597557096783503E-008   2.4671023991663550E-010
   1.0040596943346018        17240317507454.803       0.16066961670986868       0.41208775790947777        647.96109062236053        2.5214571286194185E-008   2.4888965786557612E-010
   1.0042530131124399        16423626050871.561       0.16859127844670957       0.40168610688432677        663.00559795762933        2.4855784880053671E-008   2.5100901133000440E-010
   1.0044463318902781        15669603408655.057       0.17663314579977546       0.39177360062081507        677.75306262852223        2.4518756874877065E-008   2.5307258166165055E-010
   1.0046396506681163        14971434754930.580       0.18479644659119471       0.38231326970108492        692.22153246028256        2.4201381194515308E-008   2.5508417885275795E-010
   1.0048329694459543        14323262520764.260       0.19308235374746369       0.37327209835296010        706.42733397140250        2.3901829257404581E-008   2.5704720334909242E-010
   1.0050262882237926        13720022871717.809       0.20149198527071033       0.36462047818120102        720.38529680877900        2.3618503955602985E-008   2.5896469671553369E-010
   1.0052196070016308        13157314868259.254       0.21002641619399168       0.35633175372574932        734.10894036706486        2.3350002877723295E-008   2.6083938617882564E-010
   1.0054129257794691        12631294787129.191       0.21868668373675076       0.34838184180374626        747.61063189966160        2.3095088279801030E-008   2.6267372147446910E-010
   1.0056062445573071        12138590189423.551       0.22747379320949704       0.34074891062721768        760.90171873712507        2.2852662644319495E-008   2.6446990698344816E-010
   1.0057995633351453        11676229466652.174       0.23638872228712302       0.33341310770822424        773.99264378179089        2.2621748512183232E-008   2.6622993003206263E-010
   1.0059928821129835        11241583761446.256       0.24543242485423936       0.32635632786319774        786.89304207604516        2.2401471837327278E-008   2.6795558574839027E-010
   1.0061862008908218        10832318725855.928       0.25460583387773328       0.31956201438710446        799.61182553803644        2.2191048026626443E-008   2.6964850133192806E-010
   1.0063795196686598        10446354252142.209       0.26390986400508748       0.31301498784155590        812.15725697099617        2.1989770310581402E-008   2.7131014995679653E-010
   1.0065728384464980        10081830669808.570       0.27334541371563681       0.30670129795251377        824.53701203263017        2.1796999838220631E-008   2.7294187113241827E-010
   1.0067661572243365        9737080211501.2324       0.28291336705873044       0.30060809495666374        836.75823625006228        2.1612157375283210E-008   2.7454488683425994E-010
   1.0069594760021756        9410602818681.1699       0.29261459507042953       0.29472351739877017        848.82759335278081        2.1434716151485799E-008   2.7612031145947024E-010
   1.0071527947800178        9101045539468.5273       0.30244995706673544       0.28903659390544761        860.75130813994872        2.1264195807734990E-008   2.7766916084730836E-010
   1.0073461135578718        8807184883943.7656       0.31242030163750401       0.28353715689196052        872.53520652556790        2.1100157167989779E-008   2.7919235932420751E-010
   1.0075394323357734        8527911690388.2256       0.32252646756565445       0.27821576649561020        884.18474655345824        2.0942197671669807E-008   2.8069074394395175E-010
   1.0077327511138647        8262218052905.7490       0.33276928447864129       0.27306364330821647        895.70505074886808        2.0789947493380233E-008   2.8216507074046394E-010
   1.0079260698927159        8009186019465.9902       0.34314957358214032       0.26807260870769317        907.10093194620583        2.0643066113297317E-008   2.8361602064362102E-010
   1.0081193886746063        7767977767621.3916       0.35366814828486143       0.26323503175848867        918.37691944902042        2.0501239411762154E-008   2.8504420842357787E-010
   1.0083127074686531        7537827035603.5215       0.36432581500327793       0.25854378176226833        929.53727984710213        2.0364176967061387E-008   2.8645019055998390E-010
   1.0085060263113255        7318031612278.0752       0.37512337543319052       0.25399218548109420        940.58604008620932        2.0231609822527788E-008   2.8783447644263045E-010
   1.0086993453485009        7107946645311.4912       0.38606163441606556       0.24957398745342935        951.52701705950801        2.0103288421306529E-008   2.8919754149294297E-010
   1.0088926651636878        6906978395158.4004       0.39714143038080862       0.24528330914391949        962.36387678894732        1.9978980702666174E-008   2.9053985161719524E-010
   1.0090859880909211        6714577289786.8467       0.40836375842144768       0.24111459197350027        973.10032528430304        1.9858470061792168E-008   2.9186193846395964E-010
   1.0092793234663395        6530226334016.1807       0.41973026751596237       0.23706246740363299        983.74081871098826        1.9741552501135544E-008   2.9316468807904710E-010
   1.0094727086344986        6353409806065.1953       0.43124527449657440       0.23312133398519788        994.29335688851859        1.9628030143997836E-008   2.9445050583451644E-010
   1.0096662929736202        6183504907643.5859       0.44292391376429657       0.22928378504488844        1004.7805334149780        1.9517692757421385E-008   2.9573071933168105E-010
   1.0098606739965927        6019546039161.2314       0.45481229908261706       0.22553450014699206        1015.2545086087022        1.9410244566293914E-008   2.9702415082068254E-010
   1.0100574069010908        5860304904649.5010       0.46698863597367285       0.22184178374351357        1025.7505840388108        1.9305099174439257E-008   2.9833568296376328E-010
   1.0102575990216738        5704904963590.3154       0.47951936142214524       0.21818509660748683        1036.3061398961363        1.9201447584336595E-008   2.9965569282698328E-010
   1.0104613111828178        5553055879587.2715       0.49243349165902228       0.21456441466488183        1046.9588859450043        1.9098871868300482E-008   3.0098278930681841E-010
   1.0106686052784950        5404686766077.2920       0.50574444702460297       0.21097977853366295        1057.7100946160697        1.8997342803818045E-008   3.0231680007856175E-010
   1.0108795442909790        5259728358989.7695       0.51946617223147662       0.20743122554959659        1068.5610239537148        1.8896831169754190E-008   3.0365752730124025E-010
   1.0110941923099799        5118112863780.4463       0.53361314271601379       0.20391878952601300        1079.5129324949660        1.8797307313958931E-008   3.0500474510362404E-010
   1.0113126145521172        4979773892289.9121       0.54820039307922930       0.20044250055657609        1090.5670844211661        1.8698741196906097E-008   3.0635820045453307E-010
   1.0115348773807351        4844646416396.7070       0.56324353684843864       0.19700238482938631        1101.7247455210334        1.8601102249524837E-008   3.0771760986711618E-010
   1.0117610483260642        4712666727048.3330       0.57875879118481821       0.19359846444658257        1112.9871835270280        1.8504359441947328E-008   3.0908265956276297E-010
   1.0119911961057415        4583772394049.7959       0.59476300071212385       0.19023075724859556        1124.3556673326714        1.8408481307918307E-008   3.1045295475695524E-010
   1.0122253906456866        4457902228181.9688       0.61127366318954646       0.18689927664331982        1135.8314651093960        1.8313435948770319E-008   3.1182794182218642E-010
   1.0124637031013488        4334996245668.9810       0.62830895575941426       0.18360403143960244        1147.4158400425583        1.8219190980168623E-008   3.1320737714136840E-010
   1.0127062058793259        4214995632618.1567       0.64588776239835788       0.18034502568545602        1159.1100516480960        1.8125713665534371E-008   3.1459080797396299E-010
   1.0129529726593638        4097842709519.5581       0.66402970287669094       0.17712225851211399        1170.9153531953600        1.8032970904359482E-008   3.1597774654127919E-010
   1.0132040784167418        3983480900522.7617       0.68275516222975630       0.17393572398334803        1182.8329886739937        1.7940929265291337E-008   3.1736766929574548E-010
   1.0134595994450530        3871854698817.5181       0.70208532220411957       0.17078541095082334        1194.8641920035882        1.7849555032841110E-008   3.1876001689861893E-010
   1.0137196133793853        3762909637439.1411       0.72204219362399402       0.16767130291611679        1207.0101849141818        1.7758814276081003E-008   3.2015419432109875E-010
   1.0139841992199077        3656592259474.4980       0.74264865009426384       0.16459337789865597        1219.2721739649605        1.7668672875863089E-008   3.2154957032425437E-010
   1.0142534373558743        3552850088638.2749       0.76392846339420306       0.16155160831078169        1231.6513497642300        1.7579096618607083E-008   3.2294547838360562E-010
   1.0145274095900483        3451631601290.3735       0.78590634027663564       0.15854596084039410        1244.1488835236348        1.7490051217127892E-008   3.2434121621629193E-010
   1.0148061991635569        3352886201571.3745       0.80860796059773521       0.15557639634040549        1256.7659250124022        1.7401502418045593E-008   3.2573604766025707E-010
   1.0150898907811812        3256564191624.3027       0.83206001788261641       0.15264286972694185        1269.5036020683733        1.7313416063734400E-008   3.2712864026875975E-010
   1.0153785706370937        3162616750194.7964       0.85629026097072436       0.14974532988592609        1282.3630167388781        1.7225758176549341E-008   3.2851852130658616E-010
   1.0156723264410457        3070995908807.4775       0.88132753711649670       0.14688371958656915        1295.3452418841773        1.7138495013352283E-008   3.2990494371866965E-010
   1.0159712474450167        2981654528033.0894       0.90720183801549537       0.14405797540380005        1308.4513220044737        1.7051593231354750E-008   3.3128702354013823E-010
   1.0162754244703309        2894546275274.5752       0.93394434738577736       0.14126802765006508        1321.6822706062851        1.6965019961453215E-008   3.3266384681363385E-010
   1.0165849499352533        2809625603657.8447       0.96158749082922057       0.13851380031636373        1335.0390653464642        1.6878742826820606E-008   3.3403446968092158E-010
   1.0168999178830667        2726847732047.5781       0.99016498791855789       0.13579521102258121        1348.5226470469750        1.6792730079724528E-008   3.3539792111224007E-010
   1.0172204240106471        2646168625796.3071        1.0197119065868590       0.13311217097720551        1362.1339204658555        1.6706950781034856E-008   3.3675320681909162E-010
   1.0175465656975389        2567544977475.3945        1.0502647203524142       0.13046458494714674        1375.8737512554005        1.6621374853196274E-008   3.3809931075361058E-010
   1.0178784420355407        2490934190070.7969        1.0818613679576981       0.12785235123747035        1389.7429631703305        1.6535973173347438E-008   3.3943519743926595E-010
   1.0182161538588137        2416294359760.7998        1.1145413159914759       0.12527536168093703        1403.7423377697160        1.6450717705365382E-008   3.4075981555575047E-010
   1.0185598037745174        2343584259627.9688        1.1483456246997681       0.12273350163807976        1417.8726122940172        1.6365581579842394E-008   3.4207156947906481E-010
   1.0189094961939849        2272763322611.3916        1.1833170175336287       0.12022665000868520        1432.1344794562888        1.6280539180428924E-008   3.4336888730233240E-010
   1.0192653373644465        2203791631918.3008        1.2194999519111034       0.11775467925202919        1446.5285869563988        1.6195566367997930E-008   3.4465148346524298E-010
   1.0196274354013106        2136629905462.1709        1.2569406946574324       0.11531745541575772        1461.0555339761397        1.6110640475868671E-008   3.4591825072214081E-010
   1.0199959003210131        2071239482769.7324        1.2956874024443985       0.11291483817609667        1475.7158746928712        1.6025740505897446E-008   3.4716808308950509E-010
   1.0203708440744426        2007582313052.7207        1.3357902048956565       0.11054668088820344        1490.5101167970163        1.5940847198784281E-008   3.4839987924688797E-010
   1.0207523805809555        1945620943868.1831        1.3773012925454344       0.10821283064639566        1505.4387200551446        1.5855943095221738E-008   3.4961254594774333E-010
   1.0211406257629874        1885318510571.0642        1.4202750090904068       0.10591312835411869        1520.5021000379111        1.5771012709043296E-008   3.5080500433698504E-010
   1.0215356975812748        1826638726470.0078        1.4647679484831051       0.10364740880339644        1535.7006268742357        1.5686042570578393E-008   3.5197619341333830E-010
   1.0219377160706946        1769545873835.3125        1.5108390568603618       0.10141550076341647        1551.0346273828291        1.5601021341934034E-008   3.5312507540239590E-010
   1.0223468033767336        1714004794555.2910        1.5585497407691202        9.9217227078440537E-002   1566.5043859629995        1.5515939861679648E-008   3.5425063984011178E-010
   1.0227630837926021        1659980884816.8303        1.6079639787416160        9.7052404773219428E-002   1582.1101476548411        1.5430791322972803E-008   3.5535281056481684E-010
   1.0231866837969956        1607440086044.8640        1.6591484409295709        9.4920845166069162E-002   1597.8521206174255        1.5345571301342605E-008   3.5643027079497665E-010
   1.0236177320925250        1556348874991.3682        1.7121726184459816        9.2822353992922185E-002   1613.7304819671592        1.5260277782709829E-008   3.5748089010670389E-010
   1.0240563596448189        1506674260851.1826        1.7671089544453424        9.0756731538865279E-002   1629.7453777098210        1.5174911246354348E-008   3.5850421570460781E-010
   1.0245026997223152        1458383779221.7817        1.8240329830943318        8.8723772774727511E-002   1645.8969319762198        1.5089474819970485E-008   3.5949942604369733E-010
   1.0249568879367523        1411445486766.2883        1.8830234781956998        8.6723267500431286E-002   1662.1852453860888        1.5003974202090075E-008   3.6046575503635770E-010
   1.0254190622843729        1365827956176.0024        1.9441626094319544        8.4755000494539129E-002   1678.6104065275017        1.4918417828744982E-008   3.6140250009528075E-010
   1.0258893631878496        1321500272023.8657        2.0075361076164824        8.2818751669252053E-002   1695.1724932430579        1.4832816835703149E-008   3.6230902478613040E-010
   1.0263679335389522        1278432026233.0774        2.0732334389373843        8.0914296230460314E-002   1711.8715844744797        1.4747185184334785E-008   3.6318476595438415E-010
   1.0268549187419593        1236593314443.2905        2.1413479899741934        7.9041404842463983E-002   1728.7077623837388        1.4661539603388090E-008   3.6402923578393244E-010
   1.0273504667578401        1195954732674.5476        2.2119772626091856        7.7199843796341039E-002   1745.6811234019710        1.4575899687165008E-008   3.6484202786898411E-010
   1.0278547281492065        1156487373232.5435        2.2852230816683656        7.5389375182173479E-002   1762.7917890024760        1.4490287928308381E-008   3.6562282174368879E-010
   1.0283678561260603        1118162823691.9045        2.3611918118771400        7.3609757063131900E-002   1780.0399108792101        1.4404729749091790E-008   3.6637106442486275E-010
   1.0288900065923423        1080953156701.5189        2.4399945989295326        7.1860743655939710E-002   1797.4256952712608        1.4319253468343067E-008   3.6708391844187160E-010
   1.0294213381933011        1044830936814.3271        2.5217476084270878        7.0142085511470331E-002   1814.9493959924368        1.4233890391558921E-008   3.6776402178544123E-010
   1.0299620123636948        1009769214466.4724        2.6065722794662172        6.8453529691541670E-002   1832.6113359330402        1.4148674879433303E-008   3.6841140985908192E-010
   1.0305121933768382        975741522842.68018        2.6945956108777609        6.6794819949343734E-002   1850.4119181737647        1.4063644325515318E-008   3.6902621878430783E-010
   1.0310720483945157        942721875176.82214        2.7859504517777833        6.5165696910558013E-002   1868.3516413324649        1.3978839207941722E-008   3.6960868800344639E-010
   1.0316417475177699        910684761923.15662        2.8807758153739087        6.3565898254521039E-002   1886.4311208888041        1.3894303212670787E-008   3.7015916444547724E-010
   1.0322214638385825        879605148129.69836        2.9792172107178834        6.1995158894917551E-002   1904.6511012597675        1.3810083204877993E-008   3.7067810168134905E-010
   1.0328113734924655        849458470790.02417        3.0814269957718579        6.0453211159360462E-002   1923.0124719380572        1.3726229259435766E-008   3.7116606003452336E-010
   1.0334116557119772        820220635971.82703        3.1875647533321296        5.8939784967572711E-002   1941.5162943427470        1.3642794830690235E-008   3.7162371013770809E-010
   1.0340224928811779        791868016010.08911        3.2977976911769926        5.7454608007787240E-002   1960.1638187381525        1.3559836762817592E-008   3.7205183112611465E-010
   1.0346440705910427        764377446188.50317        3.4123010695096712        5.5997405911262482E-002   1978.9565131273007        1.3477415438398054E-008   3.7245131239811497E-010
   1.0352765776958524        737726222406.17041        3.5312586541790263        5.4567902423926916E-002   1997.8960809896701        1.3395594807211984E-008   3.7282282669797105E-010
   1.0359202063705704        711892094599.33508        3.6548632119556062        5.3165819577744633E-002   2016.9845010444226        1.3314442470832069E-008   3.7316566979405758E-010
   1.0365751521692328        686853268038.39722        3.7833170202849837        5.1790877857902630E-002   2036.2240456312700        1.3234029884774494E-008   3.7348296703077531E-010
   1.0372416140843632        662588398337.23779        3.9168324128950101        5.0442796363594826E-002   2055.6173101027825        1.3154432364733828E-008   3.7377601882563827E-010
   1.0379197946074332        639076587331.66309        4.0556323820872366        4.9121292967032555E-002   2075.1672560900042        1.3075729285017586E-008   3.7404622870892091E-010
   1.0386098997903854        616297379301.45288        4.1999512082876862        4.7826084469096843E-002   2094.8772451260538        1.2998004129175133E-008   3.7429509974263478E-010
   1.0393121393082374        594230757137.70044        4.3500351382942144        4.6556886750837120E-002   2114.7510719753077        1.2921344499777345E-008   3.7452422983331389E-010
   1.0400267265227883        572857138290.38562        4.5061431091243600        4.5313414920580074E-002   2134.7930218389301        1.2845842357141828E-008   3.7473531491258392E-010
   1.0407538785474446        552157370762.96899        4.6685475241420074        4.4095383456311234E-002   2155.0078983535564        1.2771593843852762E-008   3.7493013993506608E-010
   1.0414938163131853        532112729115.01904        4.8375350822339493        4.2902506342755130E-002   2175.4010793115103        1.2698699382409654E-008   3.7511057972285563E-010
   1.0422467646356879        512704910244.25519        5.0134076670009327        4.1734497202837076E-002   2195.9785698794412        1.2627263640491294E-008   3.7527859757618352E-010
   1.0430129522836342        493916029433.62329        5.1964832965371359        4.0591069422946026E-002   2216.7470549776353        1.2557395413395576E-008   3.7543624327905500E-010
   1.0437926120482171        475728615808.22528        5.3870971433320891        3.9471936271811170E-002   2237.7139543617586        1.2489207393126394E-008   3.7558565064219620E-010
   1.0445859808138698        458125609691.02618        5.5856026126152836        3.8376811010914114E-002   2258.8874748639510        1.2422815943406047E-008   3.7573001800533604E-010
   1.0453932996302382        441090356994.24286        5.7923725092138474        3.7305406997015789E-002   2280.2766776650242        1.2358340691568533E-008   3.7587078006952725E-010
   1.0462148137854201        424606605806.44940        6.0078002857100525        3.6257437777110213E-002   2301.8915448221023        1.2295904133039313E-008   3.7601027841360865E-010
   1.0470507728804894        408658502706.93842        6.2323013547229227        3.5232617172932440E-002   2323.7430392956567        1.2235631012096081E-008   3.7615098963912297E-010
   1.0479014309053347        393230589124.53882        6.4663144988648860        3.4230659354522255E-002   2345.8431732476756        1.2177647646615984E-008   3.7629548240757065E-010
   1.0487670463158272        378307797788.21710        6.7103033637020291        3.3251278901927445E-002   2368.2050630426170        1.2122080986882699E-008   3.7644641904707191E-010
   1.0496478821123492        363875449229.13440        6.9647580425472073        3.2294190854054036E-002   2390.8430051655455        1.2069057732595620E-008   3.7660656598022780E-010
   1.0505442059197001        349919248429.11121        7.2301967536357488        3.1359110743579367E-002   2413.7725281139319        1.2018703093468175E-008   3.7677879850902493E-010
   1.0514562900684101        336425281473.45819        7.5071676085206471        3.0445754616840924E-002   2437.0104653060434        1.1971139608868172E-008   3.7696611525642465E-010
   1.0523844116774823        323380012122.46008        7.7962504759118003        2.9553839037886727E-002   2460.5749997514008        1.1926485583860341E-008   3.7717164633548826E-010
   1.0533288527385896        310770278932.44604        8.0980589267151384        2.8683081075109133E-002   2484.4857130751743        1.1884853526250919E-008   3.7739866830118881E-010
   1.0542899002017521        298583290570.04535        8.4132422898527359        2.7833198271200146E-002   2508.7636419836986        1.1846348378942400E-008   3.7765185401662760E-010
   1.0552678460625220        286806628046.90143        8.7424876724805820        2.7003908588295850E-002   2533.4312610670036        1.1811065859768883E-008   3.7794119580495503E-010
   1.0562629874507008        275428232799.34717        9.0865222428188961        2.6194930337175591E-002   2558.5125729662896        1.1779090171868115E-008   3.7826412237872328E-010
   1.0572756267206158        264436404940.96542        9.4461155905702796        2.5405982095634050E-002   2584.0331009331567        1.1750491964840427E-008   3.7862403691860585E-010
   1.0583060715429848        253819799727.39377        9.8220819425764443        2.4636782603545439E-002   2610.0198859276898        1.1725326264512132E-008   3.7902528398146187E-010
   1.0593546349983962        243567422822.73645        10.215282559656735        2.3887050637830056E-002   2636.5014688267606        1.1703630305461801E-008   3.7947248966478434E-010
   1.0604216356724316        233668624901.69312        10.626628119211354        2.3156504869350232E-002   2663.5078511887045        1.1685421330308396E-008   3.7997058904441751E-010
   1.0615073977524627        224113095540.00278        11.057081125776007        2.2444863703274469E-002   2691.0704485484453        1.1670694507843782E-008   3.8052485845101283E-010
   1.0626122511261489        214890856447.07318        11.507658302190833        2.1751845104689402E-002   2719.2220058288863        1.1659420830542468E-008   3.8114094378190196E-010
   1.0637365314816669        205992253752.06186        11.979432953531557        2.1077166411861532E-002   2747.9965136140499        1.1651545283762686E-008   3.8182489607083656E-010
   1.0648805804097041        197407949800.05984        12.473537257403425        2.0420544139580072E-002   2777.4290786094239        1.1646985101241443E-008   3.8258320181872617E-010
   1.0660447455072439        189128912987.17548        12.991164501216508        1.9781693776990787E-002   2807.5557969385932        1.1645628276676396E-008   3.8342281702406762E-010
   1.0672293804831747        181146409717.76895        13.533571088134055        1.9160329580415338E-002   2838.4135507042311        1.1647332493941233E-008   3.8435525827966009E-010
   1.0684348452657599        173451991294.93234        14.102078484650614        1.8556164367017621E-002   2870.0398489880968        1.1651924229730314E-008   3.8538722054624797E-010
   1.0696615061119930        166037480961.94742        14.698075119863939        1.7968909319150513E-002   2902.4726179431836        1.1659198172696779E-008   3.8652520286919365E-010
   1.0709097357188797        158894961733.84500        15.323017877948974        1.7398273799982242E-002   2935.7499582604637        1.1668917259375991E-008   3.8777840770983945E-010
   1.0721799133366723        152016762787.44928        15.978433368092491        1.6843965183773426E-002   2969.9098820582926        1.1680813088664862E-008   3.8915665143945318E-010
   1.0734724248840997        145395445085.57028        16.665918947547386        1.6305688707242465E-002   3004.9900339058750        1.1694586829148135E-008   3.9067038321669369E-010
   1.0747876630656195        139023786419.50412        17.387143424869450        1.5783147347455808E-002   3041.0273916554961        1.1709910604066620E-008   3.9233069774563013E-010
   1.0761260274907352        132894766229.98524        18.143847417217106        1.5276041731068989E-002   3078.0579580944368        1.1726429434852186E-008   3.9414934497227932E-010
   1.0774879247954079        127001549851.56020        18.937843377267459        1.4784070080076506E-002   3116.1164416972833        1.1743763607791575E-008   3.9613873067401315E-010
   1.0788737687656071        121337474025.47252        19.771015137909895        1.4306928196686322E-002   3155.2358976581027        1.1761511626143049E-008   3.9831190737735627E-010
   1.0802839804630291        115896029140.54521        20.645317370048204        1.3844309495280326E-002   3195.4474718808365        1.1779253363619333E-008   4.0067645167764560E-010
   1.0817189883530298        110670847332.23729        21.562774307590313        1.3395905080858346E-002   3236.7799959767508        1.1796554029552596E-008   4.0325012920215022E-010
   1.0831792284348056        105655688272.87383        22.525477877111193        1.2961403871221296E-002   3279.2596601731975        1.1812968277577679E-008   4.0604874516774504E-010
   1.0846651443738622        100844425731.34741        23.535585894734844        1.2540492769834211E-002   3322.9097072022391        1.1828044598442858E-008   4.0908738904099749E-010
   1.0861771876368154        96231035546.341492        24.595319647800849        1.2132856889209471E-002   3367.7501300831941        1.1841329933703632E-008   4.1238157065896009E-010
   1.0877158176285582        91809585158.367050        25.706961128862076        1.1738179822650203E-002   3413.7973824880801        1.1852374462273595E-008   4.1594714376946818E-010
   1.0892815018318442        87574224005.149261        26.872849985605388        1.1356143962909985E-002   3461.0641394801341        1.1860736382632228E-008   4.1979816365554161E-010
   1.0908747159493224        83519175877.764374        28.095380235088211        1.0986430865061915E-002   3509.5590630513993        1.1865986651630297E-008   4.2395078624570071E-010
   1.0924959440480688        79638734267.472519        29.376996290088954        1.0628721645704439E-002   3559.2865537334465        1.1867713838039129E-008   4.2841223744068915E-010
   1.0941456787066632        75927249138.149780        30.720191356252855        1.0282697433148722E-002   3610.2469926724257        1.1865527198520055E-008   4.3316752355842349E-010
   1.0958244211648480        72379138292.054550        32.127501294763952        9.9480398355088397E-003   3662.4360294206326        1.1859062738350986E-008   4.3826479928793095E-010
   1.0975326814758202        68988881131.527008        33.601498732086647        9.6244314113981475E-003   3715.8446719297590        1.1847986318402891E-008   4.4371808122968522E-010
   1.0992709786612012        65751018001.946281        35.144791361380939        9.3115561695296667E-003   3770.4592820763260        1.1831996807143972E-008   4.4954063351308548E-010
   1.1010398408687325        62660151797.280869        36.760016921571932        9.0091000803532457E-003   3826.2615785393182        1.1810828835890433E-008   4.5574478403380976E-010
   1.1028398055327413        59710950659.623962        38.449839586170057        8.7167515911813348E-003   3883.2286861676557        1.1784254955433540E-008   4.6234173643359758E-010
   1.1046714195374312        56898152583.273956        40.216945860130664        8.4342021365477627E-003   3941.3331763820183        1.1752087377061545E-008   4.6934138154144507E-010
   1.1065352393830408        54216568488.373596        42.064041815088487        8.1611466411355103E-003   4000.5433061677977        1.1714178632748187E-008   4.7671621851069977E-010
   1.1084318313549262        51661078283.988495        43.993856317541123        7.8972840347327020E-003   4060.8239561122755        1.1670419772671674E-008   4.8441609481570917E-010
   1.1103617716956165        49226657633.402924        46.009129790830912        7.6423177188077555E-003   4122.1353742344681        1.1620744431514154E-008   4.9251660020205212E-010
   1.1123256467798925        46908376184.874214        48.112607047279653        7.3959559746981669E-003   4184.4338551921610        1.1565126680175887E-008   5.0101800992508848E-010
   1.1143240532929459        44701402088.711456        50.307042768463177        7.1579123642823211E-003   4247.6721066950104        1.1503579414584779E-008   5.0991833087649003E-010
   1.1163575984116705        42601008814.204285        52.595196407983465        6.9279061000124334E-003   4311.7994623171744        1.1436152785655230E-008   5.1921322677209033E-010
   1.1184268999891407        40602578720.668617        54.979833720119395        6.7056623832524344E-003   4376.7624026643371        1.1362931396130997E-008   5.2889600671101316E-010
   1.1205325867423348        38701615777.468475        57.463720485733795        6.4909126917210647E-003   4442.5041015870702        1.1284033754463685E-008   5.3895756089856305E-010
   1.1226752984431581        36893730168.897224        60.049639515113959        6.2833950641266170E-003   4508.9670621083815        1.1199603569691932E-008   5.4923611086248096E-010
   1.1248556861128247        35174659082.146072        62.740391394975845        6.0828543578852114E-003   4576.0919397897615        1.1109810778610912E-008   5.5975381079956888E-010
   1.1270744122196581        33540279438.237854        65.538766663149119        5.8890423998755308E-003   4643.8166368018465        1.1014851351655977E-008   5.7057381068713112E-010
   1.1293321508803693        31986603356.553265        68.447555745095556        5.7017180927164219E-003   4712.0773534724922        1.0914942124344529E-008   5.8167581826193729E-010
   1.1316295880648737        30509778796.929424        71.469557133263905        5.5206475086417139E-003   4780.8090855945266        1.0810317057221985E-008   5.9303792984824176E-010
   1.1339674218047104        29106092168.525208        74.607575238751167        5.3456039497481334E-003   4849.9457688471084        1.0701224387949899E-008   6.0463692665415520E-010
   1.1363463624051242        27771966162.580917        77.864427932124357        5.1763679807844964E-003   4919.4210671149031        1.0587922388519281E-008   6.1644868637697583E-010
   1.1387671326608793        26503969423.293678        81.242934653061425        5.0127274112943109E-003   4989.1669802947454        1.0470680002568117E-008   6.2844832807367610E-010
   1.1412304680758660        25298789066.902008        84.745965664946468        4.8544773025207232E-003   5059.1191287240808        1.0349763370094407E-008   6.4035050007846927E-010
   1.1437371170865689        24153254066.953686        88.376438403494205        4.7014199568806685E-003   5129.2130794498471        1.0225442047663850E-008   6.5223198703911321E-010
   1.1462878412894646        23064340411.962772        92.137249573352094        4.5533647906995369E-003   5199.3828273502722        1.0097990036988038E-008   6.6418637761040173E-010
   1.1488834156724195        22029160153.412876        96.031309215503271        4.4101281881945599E-003   5269.5623753069976        9.9676805721167518E-009   6.7618930904695584E-010
   1.1515246288501526        21044957401.712688        100.06155234116551        4.2715333671443263E-003   5339.6860934666802        9.8347837860372465E-009   6.8821785464879936E-010
   1.1542122833038420        20109104462.018986        104.23094051308310        4.1374102355149168E-003   5409.6890565523727        9.6995647391116034E-009   7.0025083558308823E-010
   1.1569471956249431        19219100266.238632        108.54245937310471        4.0075952311783491E-003   5479.5066566307032        9.5622829347322988E-009   7.1226893514790121E-010
   1.1597301967632936        18372561570.164101        112.99913795566592        3.8819311617840466E-003   5549.0761372946745        9.4231885978839876E-009   7.2425505471061514E-010
   1.1625621322795818        17567234306.050804        117.60400146158263        3.7602670010362252E-003   5618.3321014015537        9.2825296531866944E-009   7.3619353325478751E-010
   1.1654438626022534        16800945173.123535        122.36023884048835        3.6424577786765984E-003   5687.2205922159064        9.1405272999107179E-009   7.4756873360087774E-010
   1.1683762632889361        16071650723.711487        127.27110551692459        3.5283644342250725E-003   5755.6833568700122        8.9974029097800464E-009   7.5880192904002342E-010
   1.1713602252924609        15377418906.285341        132.33976000550143        3.4178535386907597E-003   5823.6612627337581        8.8533712045491534E-009   7.6992365352678307E-010
   1.1743966552315608        14716419664.144808        137.56943486863588        3.3107970723589312E-003   5891.0956683115483        8.7086375229750514E-009   7.8092699413808138E-010
   1.1774864756663284        14086919589.494425        142.96338793069111        3.2070722249280723E-003   5957.9287424691220        8.5633971664689629E-009   7.9180590934108236E-010
   1.1806306253785190        13487277468.115652        148.52492486142390        3.1065611993131835E-003   6024.1034882984259        8.4178352958795587E-009   8.0255462598311730E-010
   1.1838300596567810        12915939733.573835        154.25739428610760        3.0091510190646906E-003   6089.5638458460598        8.2721268094563605E-009   8.1316698115596245E-010
   1.1870857505869004        12371436827.910105        160.16418878406432        2.9147333372545746E-003   6154.2544231634811        8.1264368249183309E-009   8.2363562973434033E-010
   1.1903986873471515        11852377264.713106        166.24875974550244        2.8232042537935198E-003   6218.1213956462370        7.9809196320708888E-009   8.3395149497536609E-010
   1.1937698765088389        11357448778.239416        172.51458467546706        2.7344641238640135E-003   6281.1098447415579        7.8357224299288263E-009   8.4410235091299257E-010
   1.1972003423421254        10885399159.735710        178.96530207731195        2.6484174109418931E-003   6343.1721454875224        7.6909748591556555E-009   8.5375340700196914E-010
   1.2006911271272349        10435041655.713974        185.60475144011698        2.5649725686196648E-003   6404.2642801754755        7.5467949168359169E-009   8.6293095108689674E-010
   1.2042432914711307        10005264581.549503        192.43670272325190        2.4840418439543142E-003   6464.3378189481618        7.4032990852188644E-009   8.7188559482019254E-010
   1.2078579146297592        9595018604.8476429        199.46491455627967        2.4055410686948143E-003   6523.3444284816014        7.2605965694952550E-009   8.8059242650703819E-010
   1.2115360948359608        9203311631.8858128        206.69324815141627        2.3293894968962566E-003   6581.2368591739523        7.1187883755936848E-009   8.8902120247150190E-010
   1.2152789496331473        8829205293.0414009        214.12564128156868        2.2555096578134775E-003   6637.9693382304895        6.9779673364374731E-009   8.9713624433293135E-010
   1.2190876162148445        8471811863.7750196        221.76613348192794        2.1838272160340025E-003   6693.4977384406975        6.8382183536596777E-009   9.0489644244625474E-010
   1.2229632517702078        8130291399.0817642        229.61887179595345        2.1142708380578199E-003   6747.7797550003488        6.6996186814377863E-009   9.1225545648287855E-010
   1.2269070338356107        7803849037.5331917        237.68812585039171        2.0467720646769934E-003   6800.7750892953582        6.5622382276319222E-009   9.1916211372500559E-010
   1.2309201606524165        7491732462.2283325        245.97830112376707        1.9812651889658493E-003   6852.4456393480386        6.4261398662721323E-009   9.2556100216764640E-010
   1.2350038515310395        7193229518.8025961        254.49395449417514        1.9176871395556094E-003   6902.7556843191287        6.2913797666463218E-009   9.3139324380734236E-010
   1.2391593472214111        6907665968.2733107        263.23981110590108        1.8559773689443312E-003   6951.6720797511962        6.1580077235821636E-009   9.3659743750065891E-010
   1.2433879102899557        6634403418.4322033        272.22078084514601        1.7960777463927773E-003   6999.1644025845389        6.0260675351018978E-009   9.4111072302507433E-010
   1.2476908255031967        6372837279.7979174        281.44198271959311        1.7379324554329795E-003   7045.2051955423267        5.8955972916663151E-009   9.4486999806874882E-010
   1.2520694002181090        6122395171.4035082        290.90876406024324        1.6814878945482390E-003   7089.7698436055252        5.7666299799485827E-009   9.4771812207667437E-010
   1.2565249647793331        5882527182.1624327        300.62699912408976        1.6266926179194108E-003   7132.8464345757166        5.6391859879217194E-009   9.4939787710427489E-010
   1.2610588729233749        5652719944.0286131        310.60274060795882        1.5734972434894678E-003   7174.4183500718564        5.5132884054535749E-009   9.5017327482298567E-010
   1.2656725021899122        5432488617.9307079        320.84203793395983        1.5218543255709424E-003   7214.4706159952839        5.3889576018268814E-009   9.4999389836003104E-010
   1.2703672543403324        5221374231.8884354        331.35132508031126        1.4717182607375677E-003   7252.9911150862445        5.2662104802402408E-009   9.4881468547227095E-010
   1.2751445557836316        5018942128.2583094        342.13730719832313        1.4230452053659876E-003   7289.9709737442836        5.1450606310895728E-009   9.4659708621774858E-010
   1.2800058580098004        4824780680.9721479        353.20703198836082        1.3757929959675229E-003   7325.4045105847417        5.0255186846069673E-009   9.4330991811452490E-010
   1.2849526380308309        4638500119.4666395        364.56788409894068        1.3299210724097082E-003   7359.2891568389632        4.9075926838711370E-009   9.3893005393833180E-010
   1.2899863988294786        4459731420.7577829        376.22760776609965        1.2853904032355853E-003   7391.6253388598716        4.7912884503990301E-009   9.3344292450297730E-010
   1.2951086698159142        4288125257.9978838        388.19431621549683        1.2421634131597440E-003   7422.4163300913515        4.6766099334958335E-009   9.2684283085299585E-010
   1.3003210072924043        4123350998.7718472        400.47650416856015        1.2002039126268532E-003   7451.6680750549795        4.5635595387250317E-009   9.1913306481850108E-010
   1.3056249949261645        3965095748.1753893        413.08305690058700        1.1594770294510025E-003   7479.3889885287881        4.4521384321679566E-009   9.1032584357853840E-010
   1.3110222442305255        3813063432.6133151        426.02325840654737        1.1199491425421179E-003   7505.5897361240977        4.3423468175551646E-009   9.0044207050827567E-010
   1.3165143950545604        3666973920.9870968        439.30679767471321        1.0815878177593693E-003   7530.2829992080942        4.2341841843206187E-009   8.8951093831474587E-010
   1.3221031160813197        3526562180.6135201        452.94377352543745        1.0443617459402468E-003   7553.4832293296331        4.1276495250666536E-009   8.7756939489356253E-010
   1.3277901053348302        3391577465.7981114        466.94469793707498        1.0082406831652872E-003   7575.2063971911748        4.0227415215877656E-009   8.6466149485894247E-010
   1.3335770906960043        3261782537.5583053        481.32049802977093        9.7319539332179359E-004   7595.4697404185026        3.9194586993459309E-009   8.5083766086188544E-010
   1.3394658304276241        3136952913.3877301        496.08251680844540        9.3919759302986828E-004   7614.2915142400670        3.8177995508359103E-009   8.3615387916876989E-010
   1.3454581137085557        3016876146.3526931        511.24251281428832        9.0621989898973529E-004   7631.6907483714685        3.7177626289034738E-009   8.2067085317144426E-010
   1.3515557611773557        2901351133.0736470        526.81265882851574        8.7423577780147243E-004   7647.6870151910089        3.6193466114089548E-009   8.0445313768452902E-010
   1.3577606254854362        2790187450.3597493        542.80553978212799        8.4321949829772901E-004   7662.3002090928840        3.5225503393764823E-009   7.8756827346215758E-010
   1.3640745918599584        2683204720.3712282        559.23415002213710        8.1314608641718065E-004   7675.5503425292145        3.4273728306737133E-009   7.7008594063441443E-010
   1.3704995786766205        2580232004.2746496        576.11189007988742        7.8399128263236873E-004   7687.4573582269686        3.3338132719105345E-009   7.5207714544374140E-010
   1.3770375380425204        2481107224.3405128        593.45256308379203        7.5573150193033404E-004   7698.0409591699627        3.2418709912026244E-009   7.3361345260183879E-010
   1.3836904563892638        2385676614.4196644        611.27037094460718        7.2834379632919811E-004   7707.3204590773448        3.1515454144926925E-009   7.1476627316467705E-010
   1.3904603550765042        2293794198.6436830        629.57991043701065        7.0180581989861971E-004   7715.3146504306869        3.0628360083897804E-009   6.9560621384658663E-010
   1.3973492910060930        2205321298.1329794        648.39616928578357        6.7609579623750663E-004   7722.0416938817589        2.9757422121058381E-009   6.7620249308083846E-010
   1.4043593572470283        2120126065.3463559        667.73452235541640        6.5119248834884084E-004   7727.5190245448648        2.8902633613214570E-009   6.5662242502321927E-010
   1.4114926836713946        2038083045.6386688        687.61072803407376        6.2707517083912057E-004   7731.7632791874457        2.8063986063097814E-009   6.3693097295884570E-010
   1.4187514376014818        1959072765.4309106        708.04092488835397        6.0372360435902682E-004   7734.7902395480896        2.7241468268138836E-009   6.1719037002642161E-010
   1.4261378244682847        1882981346.3234808        729.04162866050058        5.8111801219258986E-004   7736.6147929083081        2.6435065457362109E-009   5.9745980538297065E-010
   1.4336540884815800        1809700144.3511560        750.62972966982704        5.5923905889431282E-004   7737.2509089954892        2.5644758435437397E-009   5.7779517252207359E-010
   1.4413025133117852        1739125413.5074737        772.82249067542102        5.3806783086763623E-004   7736.7116305684240        2.4870522751444844E-009   5.5824887545803499E-010
   1.4490854227838079        1671157992.5753305        795.63754525082595        5.1758581877343012E-004   7735.0090784888553        2.4112327906162706E-009   5.3886968876762454E-010
   1.4570051815830944        1605703014.2437553        819.09289671852548        4.9777490165417925E-004   7732.1544680544685        2.3370136610928187E-009   5.1970266641349694E-010
   1.4650641959740942        1542669635.4381051        843.20691768980589        4.7861733265774204E-004   7728.1581370671538        2.2643904107575624E-009   5.0078909491592483E-010
   1.4732649145313550        1481970787.7617385        867.99835025242282        4.6009572624418024E-004   7723.0295835409024        2.1933577557807245E-009   4.8216648596126334E-010
   1.4816098288834760        1423522946.9216485        893.48630685088199        4.4219304675980925E-004   7716.7775118198979        2.1239095507983776E-009   4.6386860384765103E-010
   1.4901014744701397        1367245920.0101466        919.69027190042459        4.2489259826435950E-004   7709.4098870401349        2.0560387433326776E-009   4.4592552354327621E-010
   1.4987424313124560        1313062649.5120387        946.63010417840576        4.0817801549973602E-004   7700.9339956992808        1.9897373364367892E-009   4.2836371501396825E-010
   1.5075353247968519        1260899032.9296498        974.32604003950257        3.9203325589219303E-004   7691.3565117133194        1.9249963596647977E-009   4.1120615003357835E-010
   1.5164828264727435        1210683756.9324605        1002.7986974968035        3.7644259248373303E-004   7680.6835674322529        1.8618058483251742E-009   3.9447242797593940E-010
   1.5255876548642340        1162348144.9775774        1032.0690812189293        3.6139060769300768E-004   7668.9208288873870        1.8001548308812241E-009   3.7817891733401335E-010
   1.5348525762960854        1115826017.3932838        1062.1585884748461        3.4686218781077125E-004   7656.0735727052534        1.7400313243114408E-009   3.6233890976859479E-010
   1.5442804057342112        1071053562.8851873        1093.0890161255954        3.3284251814048399E-004   7642.1467668865089        1.6814223369526621E-009   3.4696278440239955E-010
   1.5538740076409501        1027969220.7409898        1124.8825685414520        3.1931707869889056E-004   7627.1451509813032        1.6243138788192674E-009   3.3205817943941778E-010
   1.5636362968453756        986513572.20983505        1157.5618669900732        3.0627164040031914E-004   7611.0733211068500        1.5686909778725195E-009   3.1763016968858966E-010
   1.5735702394289115        946629242.14254272        1191.1499590435108        2.9369226164385108E-004   7593.9358036074318        1.5145377049389905E-009   3.0368144626396600E-010
   1.5836788536265174        908260804.36317718        1225.6703325473563        2.8156528525827610E-004   7575.7371620991180        1.4618371971969361E-009   2.9021250147627208E-010
   1.5939652107437192        871354707.16675484        1261.1469207842588        2.6987733567539066E-004   7556.4819997811410        1.4105717083297552E-009   2.7722180400209301E-010
   1.6044324360897693        835859167.19659424        1297.6041401713499        2.5861531647449989E-004   7536.1752798231464        1.3607225988620894E-009   2.6470600072838581E-010
   1.6150837099272057        801724183.24565494        1335.0668403631043        2.4776640764898457E-004   7514.8216536476521        1.3122705238708902E-009   2.5266003644844788E-010
   1.6259222684381180        768901215.76949382        1373.5605588986159        2.3731806431043283E-004   7492.4278516784343        1.2651950442351802E-009   2.4106130983161802E-010
   1.6369514047073945        737343296.81470478        1413.1115740390564        2.2725801573162031E-004   7469.0014655823516        1.2194749609674282E-009   2.2990681078432652E-010
   1.6481744697232639        707005184.31580532        1453.7464123878613        2.1757426215342354E-004   7444.5488962429263        1.1750887350218510E-009   2.1920230787418926E-010
   1.6595948733954264        677843145.26299882        1495.4919978114806        2.0825507125668051E-004   7419.0767517443101        1.1320142651861059E-009   2.0893757313321986E-010
   1.6712160855910900        649814875.12863493        1538.3758710428424        1.9928897573624803E-004   7392.5921705858354        1.0902288898313975E-009   1.9910155233880781E-010
   1.6830416371892205        622879446.42580199        1582.4261473020408        1.9066477122644068E-004   7365.1029278813721        1.0497094335600938E-009   1.8968251103332552E-010
   1.6950751211533317        596997264.79045963        1627.6715689177186        1.8237151414085217E-004   7336.6174925292498        1.0104322625380688E-009   1.8066816927526061E-010
   1.7073201936231359        572130028.36869776        1674.1415190197492        1.7439851945987502E-004   7307.1450705971920        9.7237334145856655E-010   1.7204582737945020E-010
   1.7197805750253923        548240689.46579731        1721.8660517562832        1.6673535841281708E-004   7276.6956395954157        9.3550829045142249E-010   1.6380248266703515E-010
   1.7324600512042847        525293417.85108751        1770.8759174860902        1.5937185605794459E-004   7245.2799795723486        8.9981244092931160E-010   1.5592493728401129E-010
   1.7453624745716776        503253566.16739386        1821.2025900986650        1.5229808874551315E-004   7212.9096902990632        8.6526089126839214E-010   1.4839989659047499E-010
   1.7584917652775960        482087635.15530324        1872.8782979630562        1.4550438147123692E-004   7179.5972239264183        8.3182855822676011E-010   1.4121405886026401E-010
   1.7718519124012868        461763244.77624869        1925.9360447053305        1.3898130508900564E-004   7145.3558444081436        7.9949023523961541E-010   1.3435419423547393E-010
   1.7854469751632227        442249092.42679030        1980.4096673118145        1.3271967346715187E-004   7110.1997880030212        7.6822062322146196E-010   1.2780721880320869E-010
   1.7992810841584179        423514953.79331040        2036.3338001600969        1.2671054033613023E-004   7074.1437744165887        7.3799443605312785E-010   1.2155825273355149E-010
   1.8133584426114275        405531495.67491484        2093.7443807295144        1.2094519706453849E-004   7037.2056608959219        7.0878615345234469E-010   1.1558611675133953E-010
   1.8276833276534170        388270502.71540105        2152.6781674266726        1.1541516926945622E-004   6999.4023477518404        6.8057053640024334E-010   1.0989088603912964E-010
   1.8422600916216840        371704747.68305200        2213.1723720930891        1.1011221280006382E-004   6960.7511936288674        6.5332248308940798E-010   1.0446042759001847E-010
   1.8570931633820325        355807944.13383490        2275.2653276905171        1.0502830996793151E-004   6921.2702804572127        6.2701703090347528E-010   9.9282986176463548E-011
   1.8721870496743962        340554716.25740713        2338.9962863361002        1.0015566613483090E-004   6880.9784443445951        6.0162938621460417E-010   9.4347208147460512E-011
   1.8875463364821243        325920572.08244842        2404.4055482753693        9.5486706126544796E-005   6839.8952527047086        5.7713495690419552E-010   8.9642157824808709E-011
   1.9031756904253432        311881877.80937546        2471.5344527963202        9.1014070618202210E-005   6798.0409689124554        5.5350938355054644E-010   8.5157327948947940E-011
   1.9190798601788175        298415832.63768268        2540.4254236963861        8.6730612433334533E-005   6755.4365101431749        5.3072856819441985E-010   8.0882644787086597E-011
   1.9352636779147439        285500444.03071022        2611.1219919231589        8.2629392788785680E-005   6712.1034024062465        5.0876870063148952E-010   7.6808468590502175E-011
   1.9517320607709099        273114503.37388229        2683.6688267477566        7.8703677485041952E-005   6668.0637322097537        4.8760628222678935E-010   7.2925589955348029E-011
   1.9684900123446742        261237562.03819099        2758.1117626942728        7.4946933054339355E-005   6623.3400959546461        4.6721814734464197E-010   6.9225222692936784E-011
   1.9855426242132079        249849907.82866123        2834.4978274768496        7.1352822873868712E-005   6577.9555483632221        4.4758148243269294E-010   6.5698993782282978E-011
   2.0028950774804746        238932541.89229411        2912.8752683865378        6.7915203252556010E-005   6531.9335474927493        4.2867384299041226E-010   6.2338930910345200E-011
   2.0205526443514064        228467155.89805183        2993.2935793548227        6.4628119500110035E-005   6485.2979034525060        4.1047316813766808E-010   5.9137448162622043E-011
   2.0385206897337591        218436110.09380919        3075.8035241907805        6.1485801982910540E-005   6438.0727146386416        3.9295779404954792E-010   5.6087330266264547E-011
   2.0568046728681404        208822410.47560307        3160.4571693890089        5.8482662182481815E-005   6390.2823403034972        3.7610646290905939E-010   5.3181715939379519E-011
   2.0754101489866859        199609690.41008067        3247.3078891130713        5.5613288736503840E-005   6341.9512587723730        3.5989833790390925E-010   5.0414080395218160E-011
   2.0943427710009153        190782180.73805013        3336.4104754703012        5.2872443544684330E-005   6293.1042834735990        3.4431299305958651E-010   4.7777014130854096E-011
   2.1136082912192551        182324681.22808710        3427.8213587672349        5.0255058000372021E-005   6243.7668711679535        3.2933040277156673E-010   4.5263980520484631E-011
   2.1332125630947667        174222579.06723252        3521.5981714042423        4.7756228992417857E-005   6193.9638090388380        3.1493102214791540E-010   4.2871841921276601E-011
   2.1531615430036064        166461808.94459388        3617.7996869305071        4.5371214900690508E-005   6143.7197447315257        3.0109575024233281E-010   4.0595140991213494E-011
   2.1734612920547494        159028830.44844979        3716.4862049955887        4.3095431681720128E-005   6093.0592454310790        2.8780592481676239E-010   3.8428701331651711E-011
   2.1941179779315436        151910609.20276091        3817.7194400636145        4.0924449084300668E-005   6042.0067747777430        2.7504332228144785E-010   3.6367590750141945E-011
   2.2151378767656396        145094599.03794527        3921.5625993331396        3.8853986873766960E-005   5990.5866535368996        2.6279015765683619E-010   3.4407106237034586E-011
   2.2365273750438694        138568724.80955425        4028.0803800963326        3.6879911103407784E-005   5938.8230194890621        2.5102908387870686E-010   3.2542759878817609E-011
   2.2582929715486566        132321365.71070112        4137.3389990446376        3.4998230419735036E-005   5886.7397895277281        2.3974319023422889E-010   3.0770265725179458E-011
   2.2804412793325475        126341339.15986650        4249.4062065724083        3.3205092409399785E-005   5834.3606220820984        2.2891600017239283E-010   2.9085527626864897E-011
   2.3029790277274529        120617884.99394330        4364.3513100666623        3.1496779989117170E-005   5781.7088901388097        2.1853146803142223E-010   2.7484628023436254E-011
   2.3259130643892307        115140650.74787204        4482.2451819476028        2.9869707836847107E-005   5728.8076312017292        2.0857397633142266E-010   2.5963817644090543E-011
   2.3492503573782075        109899675.65513919        4603.1603074343348        2.8320418878946428E-005   5675.6795816382801        1.9902832894469909E-010   2.4519506112318198E-011
   2.3729979972762916        104885380.47361220        4727.1707159864745        2.6845580794630788E-005   5622.3469559277728        1.8987975456291359E-010   2.3148235409385525E-011
   2.3971631993413061        100088541.18690735        4854.3523111745262        2.5441982660971642E-005   5568.8320711440929        1.8111387610437491E-010   2.1845956412257475E-011
   2.4217533056992049        95500293.241640195        4984.7826183168581        2.4106531547350561E-005   5515.1564748650517        1.7271674057287490E-010   2.0610464184664744E-011
   2.4467757875748362        91112112.067771569        5118.5405019504942        2.2836249175842103E-005   5461.3412143950572        1.6467479982601584E-010   1.9438688115602983E-011
   2.4722382475619264        86915799.172575504        5255.7066151043391        2.1628268613729577E-005   5407.4068984497617        1.5697490130844462E-010   1.8327679914522191E-011
   2.4981484219329810        82903470.683516636        5396.3632359805088        2.0479831068365240E-005   5353.3736662703886        1.4960428258762829E-010   1.7274663177949387E-011
   2.5245141829898015        79067545.516788170        5540.5943435221507        1.9388282719070456E-005   5299.2611989390298        1.4255056405886580E-010   1.6276929997238541E-011
   2.5513435414553287        75400734.324021190        5688.4856219741105        1.8351071608759081E-005   5245.0887156623703        1.3580174220346564E-010   1.5331884988596746E-011
   2.5786446489075461        71896028.864653453        5840.1244750420046        1.7365744588272136E-005   5190.8749705956070        1.2934618274508056E-010   1.4437040457243856E-011
   2.6064258002561789        68546691.847080871        5995.6000299671750        1.6429944313937533E-005   5136.6382456882448        1.2317261384595619E-010   1.3590011928150931E-011
   2.6346954362629398        65346246.885111377        6155.0031542295519        1.5541406300399669E-005   5082.3963620335244        1.1727011866969445E-010   1.2788513994932645E-011
   2.6634621461060890        62288469.554386526        6318.4264340027748        1.4697956023188088E-005   5028.1666384962355        1.1162812938039218E-010   1.2030356441873615E-011
   2.6927346699900907        59367376.514069661        6485.9642728844010        1.3897506089246077E-005   4973.9660219414045        1.0623641638212584E-010   1.1313323581219039E-011
   2.7225219018011533        56577218.621832952        6657.7128460225777        1.3138053449973194E-005   4919.8109620830510        1.0108508500782286E-010   1.0635511624241932E-011
   2.7528328918094620        53912472.346764527        6833.7699609764459        1.2417676669779757E-005   4865.7174004982853        9.6164568073327397E-011   9.9950436420541348E-012
   2.7836768494189297        51367830.949846171        7014.2351645137114        1.1734533245916465E-005   4811.7008196654351        9.1465617267769743E-011   9.3900677702103727E-012
   2.8150631459652939        48938196.456856728        7199.2097420237842        1.1086856991564724E-005   4757.7762589628501        8.6979295552285689E-011   8.8188124729935994E-012
   2.8470013175634135        46618672.006494246        7388.7967124908746        1.0472955475090695E-005   4703.9583241607379        8.2696969750119650E-011   8.2795834912993360E-012
   2.8795010680046320        44404554.481259018        7583.1008195343793        9.8912075151925845E-006   4650.2611972760333        7.8610303170386205E-011   7.7707609304604471E-012
   2.9125722717050868        42291327.411643341        7782.2285189732038        9.3400607317555963E-006   4596.6986449875412        7.4711248280865987E-011   7.2907964681590095E-012
   2.9462249767058575        40274654.094474643        7986.2879671074161        8.8180291527732445E-006   4543.2840316963147        7.0992039335605450E-011   6.8382106745902558E-012
   2.9804694077258649        38350371.058795802        8195.3889955278501        8.3236908763585346E-006   4490.0303210508355        6.7445185265863167E-011   6.4115904298301960E-012
   3.0153159692684586        36514481.435974412        8409.6431197708171        7.8556857905492860E-006   4436.9501130464096        6.4063461939724710E-011   6.0095674051563737E-012
   3.0507752487826170        34763149.024850912        8629.1635110858624        7.4127133470761563E-006   4384.0556363433134        6.0839905451635454E-011   5.6308656347768852E-012
   3.0868580198797391        33092692.463020630        8854.0649119978589        6.9935303902325389E-006   4331.3587409044630        5.7767805266292598E-011   5.2742713300903672E-012
   3.1235752456069985        31499579.340706691        9084.4636323985251        6.5969490405181329E-006   4278.8709236300347        5.4840696879740802E-011   4.9386107274724991E-012
   3.1609380817782493        29980420.636961598        9320.4775329903987        6.2218346340344949E-006   4226.6033423606395        5.2052354813181129E-011   4.6227650671995019E-012
   3.1989578803635026        28531965.372285411        9562.2259818256935        5.8671037171963176E-006   4174.5668265472805        4.9396785743398930E-011   4.3256684049796927E-012
   3.2376461929380054        27151095.452463109        9809.8298145420413        5.5317220955063971E-006   4122.7718873798758        4.6868221735579733E-011   4.0463054996574767E-012
   3.2770147741919571        25834820.684992369        10063.411288227515        5.2147029363360865E-006   4071.2287280626497        4.4461113559895263E-011   3.7837097710450658E-012
   3.3170755855019443        24580273.988968544        10323.094028069649        4.9151049249441616E-006   4019.9472509353895        4.2170124152144321E-011   3.5369613261500410E-012
   3.3578407985651739        23384706.706868596        10589.002982888453        4.6320304738932799E-006   3968.9370728765512        3.9990122045830887E-011   3.3051829255386961E-012
   3.3993227990976052        22245484.214856140        10861.264348596324        4.3646239840497736E-006   3918.2075221637733        3.7916175196461049E-011   3.0875481685206202E-012
   3.4415341905971086        21160081.540197209        11140.005497801014        4.1120701580965536E-006   3867.7676520657537        3.5943544615971667E-011   2.8832640908206801E-012
   3.4844877981727906        20126079.178027511        11425.354937050744        3.8735923648023895E-006   3817.6262507283450        3.4067678219584007E-011   2.6915777187112726E-012
   3.5281966724416578        19141159.072767720        11717.442219068995        3.6484510543413801E-006   3767.7918470207205        3.2284204832318794E-011   2.5117749509868931E-012
   3.5726740934937888        18203100.731173985        12016.397863876868        3.4359422232045872E-006   3718.2727161604148        3.0588928299155267E-011   2.3431778743688851E-012
   3.6179335749272341        17309777.470145665        12322.353271526696        3.2353959282488490E-006   3669.0768855057540        2.8977821714622352E-011   2.1851431898129674E-012
   3.6639888679538570        16459152.791984983        12635.440631234060        3.0461748491016680E-006   3620.2121405615235        2.7447021768349352E-011   2.0370606942770691E-012
   3.7108539655773720        15649276.894766038        12955.792820766321        2.8676728980621928E-006   3571.6860282386947        2.5992823233791821E-011   1.8983518156021160E-012
   3.7585431068448472        14878283.277989084        13283.543311328409        2.6993138769262759E-006   3523.5058655107437        2.4611673525149340E-011   1.7684662042827346E-012
   3.8070707811729609        14144385.492679182        13618.826063197848        2.5405501796233541E-006   3475.6787441082906        2.3300167432850537E-011   1.6468851320508480E-012
   3.8564517327503305        13445874.054694859        13961.775364506562        2.3908615395186012E-006   3428.2115216392986        2.2055042089898102E-011   1.5331207082341581E-012
   3.9067009650172428        12781113.352608817        14312.525725657542        2.2497538212934564E-006   3381.1108377044525        2.0873171821077632E-011   1.4267046835359512E-012
   3.9578337452241605        12148538.732114775        14671.211779728035        2.1167578556397732E-006   3334.3831169512414        1.9751563261540516E-011   1.3271960338420958E-012
   4.0098656090703795        11546653.683883131        15037.968113983261        1.9914283167112429E-006   3288.0345703736580        1.8687350603061826E-011   1.2341781249107770E-012
   4.0628123654242456        10974027.124867439        15412.929128939026        1.8733426405756353E-006   3242.0711994034477        1.7677790949141939E-011   1.1472570675953462E-012
   4.1166901011263723        10429290.776363660        15796.228878602407        1.7620999841245778E-006   3196.4987990191275        1.6720259795714858E-011   1.0660606386414147E-012
   4.1715151858773156        9911136.6345637124        16188.000907722293        1.6573202233488126E-006   3151.3229613240055        1.5812246632722101E-011   9.9023672075551651E-013
   4.2273042772111857        9418314.5208860636        16588.378092347757        1.5586429901652964E-006   3106.5490842340109        1.4951350643263170E-011   9.1945256699428346E-013
   4.2840743255567180        8949629.7611100841        16997.492431436531        1.4657267464075256E-006   3062.1823669886517        1.4135276612263896E-011   8.5339664491541909E-013
   4.3418425793873263        8503940.9082197305        17415.474839960749        1.3782478945192400E-006   3018.2278177792818        1.3361830868591337E-011   7.9177334444776075E-013
   4.4006265904617212        8080157.5578947468        17842.454970767671        1.2958999234520026E-006   2974.6902594969993        1.2628917367397955E-011   7.3430394370678574E-013
   4.4604442191566633        7677238.2469619820        18278.560987768673        1.2183925892523448E-006   2931.5743347805878        1.1934533897786758E-011   6.8072576305330754E-013
   4.5213136398934965        7294188.4289640654        18723.919341931683        1.1454511290416104E-006   2888.8845119237135        1.1276768406458626E-011   6.3079135509589155E-013
   4.5832533466600882        6930058.5257469453        19178.654527116450        1.0768155075103253E-006   2846.6250908858551        1.0653795439343980E-011   5.8426772952652244E-013
   4.6462821586298713        6583942.0483765574        19642.888829319982        1.0122396949318868E-006   2804.8002103129043        1.0063872691512292E-011   5.4093529421620889E-013
   4.7104192258796767        6254973.7880785353        20116.742065863098        9.5149097573029994E-007   2763.4138564513228        9.5053376680003741E-012   5.0058761539618987E-013
   4.7756840352081200        5942328.0880697817        20600.331278637590        8.9434928653456050E-007   2722.4698664794837        8.9766044839919150E-012   4.6303145989872441E-013
   4.8420964160562763        5645217.1644388586        21093.770427137682        8.4060658294678547E-007   2681.9719385501221        8.4761607396595878E-012   4.2808453045658528E-013
   4.9096765465324781        5362889.4948643558        21597.170088157651        7.9006623387482047E-007   2641.9236409771415        8.0025645115775466E-012   3.9557560562799527E-013
   4.9784449595430367        5094628.2699177274        22110.637110388394        7.4254244270537812E-007   2602.3284210403117        7.5544414533213264E-012   3.6534395118131811E-013
   5.0484225490307644        4839749.9037537603        22634.274259072827        6.9785969425918036E-007   2563.1896144215380        7.1304820001827973E-012   3.3723875966006472E-013
   5.1196305763231962        4597602.6018187245        23168.179835547922        6.5585222668246838E-007   2524.5104539642507        6.7294386771562487E-012   3.1111861661702785E-013
   5.1920906765924215        4367564.9848586442        23712.447273355156        6.1636352735711203E-007   2486.2940790401431        6.3501235086273351E-012   2.8685122548716807E-013
   5.2658248654285229        4149044.7704232293        24267.164691254558        5.7924585192726792E-007   2448.5435401322211        5.9914055381418898E-012   2.6431278684206926E-013
   5.3408555455285720        3941477.4899563943        24832.414475785328        5.4435976574623018E-007   2411.2618123625371        5.6522084108949652E-012   2.4338648805106892E-013
   5.4172055135032586        3744325.2712791022        25408.272826684934        5.1157370664908391E-007   2374.4517995446231        5.3315080848498582E-012   2.2396364886095321E-013
   5.4948979668032001        3557075.6659351117        25994.809224002114        4.8076356852442372E-007   2338.1163375300098        5.0283306293738534E-012   2.0594268200812687E-013
   5.5739565107670250        3379240.5216369987        26592.085917834651        4.5181230462020760E-007   2302.2581959667855        4.7417501120733894E-012   1.8922869702321419E-013
   5.6544051657934054        3210354.8993698466        27200.157375980358        4.2460954996340992E-007   2266.8800761639886        4.4708865750833827E-012   1.7373312244444331E-013
   5.7362683746391792        3049976.0335103753        27819.069717545259        3.9905126206858610E-007   2231.9846056434244        4.2149040961803850E-012   1.5937331983232009E-013
   5.8195710098458129        2897682.3323663059        28448.860130739064        3.7503937923266319E-007   2197.5743280251509        3.9730089303867912E-012   1.4607223448379612E-013
   5.9043383812964354        2753072.4217111655        29089.556262116745        3.5248149564758624E-007   2163.6516857231300        3.7444477351741319E-012   1.3375826290103014E-013
   5.9905962439057507        2615764.2237966456        29741.175599460672        3.3129055269583094E-007   2130.2189976658365        3.5285058629308936E-012   1.2236463996806410E-013
   6.0783708054451688        2485394.0741506270        30403.724870776703        3.1138454567671235E-007   2097.2784300664530        3.3245057215872066E-012   1.1182925468374899E-013
   6.1676887345055320        2361615.8742651446        31077.199435268507        2.9268624536695971E-007   2064.8319590945198        3.1318051968347015E-012   1.0209434246916848E-013
   6.2585771685998344        2244100.2788849892        31761.582699316339        2.7512293373534635E-007   2032.8813259580634        2.9497961279054360E-012   9.3106209129714950E-014
   6.3510637224084414        2132533.9166706824        32456.845559681315        2.5862615320690352E-007   2001.4279842743788        2.7779028293017751E-012   8.4814925884631494E-014
   6.4451764961692612        2026618.6423240271        33162.945902441425        2.4313146887422595E-007   1970.4730408858536        2.6155806487405307E-012   7.7174019404521337E-014
   6.5409440842154618        1926070.8210247918        33879.828158021279        2.2857824305902282E-007   1940.0171898481501        2.4623145566074097E-012   7.0140280425473623E-014
   6.6383955836632937        1830620.6423396571        34607.422934861366        2.1490942168422395E-007   1910.0606432174475        2.3176177552365597E-012   6.3673405321808657E-014
   6.7375606032526933        1740011.4635023875        35345.646764581579        2.0207133188352921E-007   1880.6030597579402        2.1810303030511932E-012   5.7735747333241192E-014
   6.8384692723433131        1653999.1814864392        36094.401956506314        1.9001349033969219E-007   1851.6434749997311        2.0521177484236549E-012   5.2292065693035949E-014
   6.9411522500687424        1572351.6330635319        36853.576586028837        1.7868842183045512E-007   1823.1802361944956        1.9304697701685372E-012   4.7309278706715134E-014
   7.0456407346516920        1494848.0222509217        37623.044626063253        1.6805148749036674E-007   1795.2109453954149        1.8156988250956762E-012   4.2756232652825795E-014
   7.1519664728829611        1421278.3744851700        38402.666231305921        1.5806072231057681E-007   1767.7324152677654        1.7074388051798419E-012   3.8603487283394807E-014
   7.2601617697670813        1351443.0170416338        39192.288176064416        1.4867668141536633E-007   1740.7406404255032        1.6053437115033120E-012   3.4823136330081251E-014
   7.3702594983375729        1285152.0851197590        39991.744438605630        1.3986229467223192E-007   1714.2307876244968        1.5090863542330088E-012   3.1388650320188048E-014
   7.4822931096447602        1222225.0526605912        40800.856925591645        1.3158272921058636E-007   1688.1972069769745        1.4183570901543595E-012   2.8274736114837052E-014
   7.5962966429192358        1162490.2873346668        41619.436317152358        1.2380525943749289E-007   1662.6334649642929        1.3328626113849158E-012   2.5457247039905289E-014
   7.7123047359140076        1105784.6287157033        42447.283004697732        1.1649914416407472E-007   1637.5323990657935        1.2523247985205727E-012   2.2913117270346713E-014
   7.8303526354285102        1051952.9887684896        43284.188091150463        1.0963551046560698E-007   1612.8861921135774        1.1764796509154614E-012   2.0620324865687810E-014
   7.9504762080176601        1000847.9729572871        44129.934429052111        1.0318724393005763E-007   1588.6864639693019        1.1050763033217874E-012   1.8557879282060153E-014
   8.0727119508892038        952329.52239401673        44984.297625612591        9.7128884938346300E-008   1564.9243750863182        1.0378761383737184E-012   1.6705887399111961E-014
   8.1970970029926882        906264.57270455826        45847.047027758184        9.1436530699316426E-008   1541.5907404901009        9.7465199323838660E-013   1.5045425101386290E-014
   8.3236691563034082        862526.73005501600        46717.946690408215        8.6087742691732990E-008   1518.6761478844096        9.1518746229943921E-013   1.3558632969537598E-014
   8.4524668673047554        820995.96404566010        47596.756174260961        8.1061459269447491E-008   1496.1710733324276        8.5927629318399372E-013   1.2228806200733790E-014
   8.5835292686724820        781558.31454542140        48483.231222425013        7.6337913154422650E-008   1474.0659923107357        8.0672186552949728E-013   1.1040366576196654E-014
   8.7168961811643904        744105.61150433111        49377.124319519273        7.1898553555332727E-008   1452.3514820367006        7.5733674274307413E-013   9.9788725988048188E-015
   8.8526081257191009        708535.20676644391        50278.185093246502        6.7725972688833939E-008   1431.0183123219551        7.1094228565549296E-013   9.0310175438741671E-015
   8.9907063357675554        674749.71688819758        51186.160566519167        6.3803836475429145E-008   1410.0575228193218        6.6736831590439616E-013   8.1846141377336597E-015
   9.1312327697609774        642656.77614207298        52100.795257087797        6.0116819200892869E-008   1389.4604860322593        6.2645281744946420E-013   7.4285658975957656E-015
   9.2742301239191445        612168.79903999821        53021.831132712003        5.6650541942277711E-008   1369.2189554943807        5.8804166570715406E-013   6.7528270834161395E-015
   9.4197418452027968        583202.75181479426        53949.007431748105        5.3391514566257232E-008   1349.3250998468448        5.5198837501113495E-013   6.1483505218144437E-015
   9.5678121445141500        555679.93245941482        54882.060363099044        5.0327081119867094E-008   1329.7715240091375        5.1815385682610754E-013   5.6070286384114023E-015
   9.7184860101295154        529525.75901420903        55820.722698447615        4.7445368436256879E-008   1310.5512783283975        4.8640618306567998E-013   5.1216282691790095E-015
   9.8718092213681121        504669.56587295525        56764.723272966621        4.4735237789589975E-008   1291.6578578774952        4.5662035016562255E-013   4.6857220210646115E-015
   10.027828362501229        481044.40794422571        57713.786408998923        4.2186239437791895E-008   1273.0851932679209        4.2867804139385951E-013   4.2936184340937898E-015
   10.186590836905935        458586.87254118850        58667.631277279121        3.9788569898771882E-008   1254.8276348497066        4.0246738585391720E-013   3.9402925995097761E-015
   10.348144881467684        437236.89889837574        59625.971208976458        3.7533031811875967E-008   1236.8799317581609        3.7788271386423136E-013   3.6213189754242672E-015
   10.512539581236142        416937.60522304580        60588.512970283926        3.5410996242197323E-008   1219.2372074310733        3.5482430901780864E-013   3.3328074234707382E-015
   10.679824884338730        397635.12318283372        61554.956010107649        3.3414367291314501E-008   1201.8949327143330        3.3319815780496549E-013   3.0713432324082280E-015
   10.850051617156396        379278.43972490617        62524.991689678915        3.1535548883693003E-008   1184.8488979010501        3.1291569804365089E-013   2.8339318043346869E-015
   11.023271499766199        361819.24610311724        63498.302501278318        2.9767413603801276E-008   1168.0951843037335        2.9389356751177672E-013   2.6179481251490874E-015
   11.199537161655478        345211.79397195537        64474.561282226365        2.8103273464549580E-008   1151.6301364034721        2.7605335426341331E-013   2.4210911142219771E-015
   11.378902157712268        329412.75838702230        65453.430428651089        2.6536852493323824E-008   1135.4503349470929        2.5932135000320080E-013   2.2413427474369725E-015
   11.561420984496927        314381.10753152322        66434.561112788768        2.5062261027370579E-008   1119.5525713576226        2.4362830790245319E-013   2.0769317345869580E-015
   11.747149096799845        300077.97897283180        67417.592506471337        2.3673971615716182E-008   1103.9338240243542        2.2890920596605791E-013   1.9263014600077177E-015
   11.936142924490309        286466.56223755120        68402.151012617818        2.2366796430133160E-008   1088.5912363929574        2.1510301695186221E-013   1.7880818597310617E-015
   12.128459889661618        273511.98748141277        69387.849506162296        2.1135866092851667E-008   1073.5220970944918        2.0215248571372020E-013   1.6610648321426258E-015
   12.324158424077661        261181.22002087752        70374.286585375085        1.9976609833724592E-008   1058.7238220679590        1.9000391454260808E-013   1.5441828750169720E-015
   12.523297986926277        249442.96048950628        71361.045833897500        1.8884736894457924E-008   1044.1939387661159        1.7860695702791434E-013   1.4364905603669819E-015
   12.725939082884775        238267.55037114251        72347.695094670940        1.7856219102279005E-008   1029.9300722336784        1.6791442074241389E-013   1.3371485203383382E-015
   12.932143280503086        227626.88268237392        73333.785753895980        1.6887274539606782E-008   1015.9299331556949        1.5788207894662586E-013   1.2454096333751451E-015
   13.141973230910187        217494.31751366088        74318.852042167389        1.5974352241697067E-008   1002.1913075909766        1.4846849135494005E-013   1.1606071264363797E-015
   13.355492686849413        207844.60233859881        75302.410329911771        1.5114117855282098E-008   988.71204795729386        1.3963483409563905E-013   1.0821481046439407E-015
   13.572766522048488        198653.79659718982        76283.958447048761        1.4303440202113515E-008   975.49006639549145        1.3134473833484345E-013   1.0094953461637495E-015
   13.793860750930149        189899.20046161549        77262.975063566817        1.3539378683033670E-008   962.52332897090082        1.2356413780714537E-013   9.4216442653218630E-016
   14.018842548669342        181559.28769226526        78238.919032020276        1.2819171475907665E-008   949.80985106167725        1.1626112490791905E-013   8.7972106771374386E-016
   14.247780271603080        173613.64221348229        79211.228750937385        1.2140224474951752E-008   937.34769388442135        1.0940581500055527E-013   8.2177259583351947E-016
   14.480743477999200        166042.89821958597        80179.321567556835        1.1500100922643558E-008   925.13496207470587        1.0297021863433517E-013   7.6796310666236037E-016
   14.717802949190276        158828.68363533638        81142.593199924304        1.0896511692033746E-008   913.16980211219845        9.6928121371918799E-014   7.1796929030558050E-016
   14.959030711079151        151953.56673667970        82100.417192339926        1.0327306177364443E-008   901.45040148558587        9.1254970877055558E-014   6.7149681787119421E-016
   15.204500056022610        145401.00575502036        83052.144405375104        9.7904637546366584E-009   889.97498855916513        8.5927770908945266E-014   6.2827720719319497E-016
   15.454285565099829        139155.30129312788        83997.102548445924        9.2840857758099234E-009   878.74183295237469        8.0924981883717217E-014   5.8806509689145446E-016
   15.708463130772389        133201.55139102705        84934.595761624078        8.8063880627801953E-009   867.74924639777407        7.6226427642341188E-014   5.5063586881041478E-016
   15.967109979942707        127525.60908830415        85863.904255437417        8.3556938694117797E-009   856.99558398137674        7.1813208096042492E-014   5.1578356793770728E-016
   16.230304697417949        122114.04233786596        86784.284018184335        7.9304272819340953E-009   846.47924568498001        6.7667617405803173E-014   4.8331907673360773E-016
   16.498127249786481        116954.09613420461        87694.966601715540        7.5291070299267445E-009   836.19867812156826        6.3773067379296805E-014   4.5306850743360932E-016
   16.770659009714151        112033.65672687785        88595.158997952778        7.1503406818898464E-009   826.15237641060412        6.0114015777109009E-014   4.2487178148706692E-016
   17.047982780667805        107341.21779780797        89484.043619652803        6.7928192010731646E-009   816.33888618294463        5.6675899221619425E-014   3.9858137015086295E-016
   17.330182822073503        102865.84848767176        90360.778400302705        6.4553118388075629E-009   806.75680551576215        5.3445070436813052E-014   3.7406117413681814E-016
   17.617344874917091        98597.163163880949        91224.497029517021        6.1366613440124021E-009   797.40478689974907        5.0408739539514566E-014   3.5118552371995881E-016
   17.909556187794941        94525.292828976453        92074.309341274551        5.8357794689776128E-009   788.28153905198576        4.7554919132178038E-014   3.2983828375750514E-016
   18.206905543422746        90640.858074383839        92909.301873955468        5.5516427527438252E-009   779.38582854332014        4.4872372954587371E-014   3.0991204935577355E-016
   18.509483285610397        86934.943490507299        93728.538621862506        5.2832885646429673E-009   770.71648123235286        4.2350567864795668E-014   2.9130742053664104E-016
   18.817381346711212        83399.073449590767        94531.061998958045        5.0298113916696308E-009   762.27238338115751        3.9979628936676016E-014   2.7393234991739277E-016
   19.130693275553778        80025.189183170573        95315.894036068610        4.7903593544148422E-009   754.05248248963335        3.7750297469678380E-014   2.5770154955541347E-016
   19.449514265864938        76805.627080824474        96082.037833125360        4.5641309372721727E-009   746.05578770386740        3.5653891722734291E-014   2.4253595321266619E-016
   19.773941185192562        73733.098141706665        96828.479287964918        4.3503719195608143E-009   738.28136977970507        3.3682270198304911E-014   2.2836222714865020E-016
   20.104072604336857        70800.668514903155        97554.189122438984        4.1483724950727322E-009   730.72836061195665        3.1827797302177374E-014   2.1511232416950216E-016
   20.440008827299181        68001.741068906995        98258.125225386189        3.9574645683621658E-009   723.39595223032950        3.0083311230021755E-014   2.0272307634416542E-016
   20.781851921757479        65330.037934463428        98939.235330177748        3.7770192168723189E-009   716.28339524683918        2.8442093933524873E-014   1.9113582241753859E-016
   21.129705750077530        62779.583968935352        99596.460041768281        3.6064443086867273E-009   709.38999675796106        2.6897843026682533E-014   1.8029606645161585E-016
   21.483676000869529        60344.691093906134        100228.73622488715        3.4451822663915336E-009   702.71511759557268        2.5444645513517169E-014   1.7015316464390559E-016
   21.843870221099497        58019.943460940587        100835.00075989761        3.2927079681255245E-009   696.25816895819548        2.4076953210343910E-014   1.6066003765375962E-016
   22.210397848765343        55800.183404158146        101414.19466987756        3.1485267775561307E-009   690.01860848205081        2.2789559755084018E-014   1.5177290609099928E-016
   22.583370246147449        53680.498139829404        101965.26760830721        3.0121726948790584E-009   683.99593561102552        2.1577579102495487E-014   1.4345104704448526E-016
   22.962900733643963        51656.207179819299        102487.18271295859        2.8832066219922453E-009   678.18968644297070        2.0436425405710339E-014   1.3565656982657861E-016
   23.349104624200962        49722.850416909816        102978.92175348887        2.7612147339254361E-009   672.59942784263728        1.9361794193857283E-014   1.2835420920499898E-016
   23.742099258348059        47876.176875866317        103439.49069759628        2.6458069534726012E-009   667.22475142175165        1.8349644764395529E-014   1.2151113480728261E-016
   24.142004039850040        46112.134028528584        103867.92519365408        2.5366155138546641E-009   662.06526566006971        1.7396183694595996E-014   1.1509677486370389E-016
   24.548940471985365        44426.857864317019        104263.29726558007        2.4332936307380372E-009   657.12059132202410        1.6497849442405866E-014   1.0908265455863350E-016
   24.963032194462574        42816.663079925143        104624.71899665672        2.3355142044666732E-009   652.39034534013751        1.5651297782622358E-014   1.0344224395961314E-016
   25.384405020985806        41278.035326603422        104951.35452512561        2.2429687731255188E-009   647.87415477758316        1.4853388461994313E-014   9.8150826662781787E-017
   25.813186977480850        39807.620635579311        105242.40105118116        2.1553661480068274E-009   643.57160273847001        1.4100766129927092E-014   9.3185358653131087E-017
   26.249508340993309        38402.268455997495        105497.08399022534        2.0724320919481167E-009   639.48181623084940        1.3390751271095000E-014   8.8524421206621315E-017
   26.693501679270760        37058.835437890484        105714.71009263521        1.9939071842570917E-009   635.60564013310534        1.2721121984688203E-014   8.4147855472383802E-017
   27.145301891040880        35774.677189619681        105894.74360710075        1.9195469886732218E-009   631.93862486668604        1.2089595505189363E-014   8.0037348416201815E-017
   27.605046246997787        34546.168621580247        106036.62127139817        1.8491189696844445E-009   628.49282782310706        1.1493360202483334E-014   7.6174356275194213E-017
   28.072874431509074        33373.188331508405        106140.02247570678        1.7824065970054157E-009   625.22792003279415        1.0931775791674573E-014   7.2546000785189690E-017
   28.548928585056196        32246.682293867678        106204.89674305083        1.7191992149772634E-009   622.24832794266092        1.0398952224185560E-014   6.9128498134097342E-017
   29.031224061195065        31191.677398189277        106230.42318803213        1.6595337960064257E-009   619.17116074640910        9.9084525624246932E-015   6.5949927408275129E-017
   29.515612030597531        30141.537799189657        106230.42318803212        1.6036617717860908E-009   617.25190629431972        9.4207231295617878E-015   6.2926462286492493E-017
   30.000000000000000        29158.983401611873        106230.42318803215        1.5513855761721377E-009   615.40244273190331        8.9713069160932831E-015   6.0128583714462370E-017
