# lambda[A]  T_theo  T_instr  T_rot+instr  (H-beta 4861.35)
4.859923082426930705e+03 9.999999999990017985e-01 9.999999999989922506e-01 9.999999999989922506e-01
4.859937351602661693e+03 9.999999999989817034e-01 9.999999999989787058e-01 9.999999999989789279e-01
4.859951620778392680e+03 9.999999999989604982e-01 9.999999999989597210e-01 9.999999999989597210e-01
4.859965889954122758e+03 9.999999999989389599e-01 9.999999999989386268e-01 9.999999999989386268e-01
4.859980159129853746e+03 9.999999999989168664e-01 9.999999999989165334e-01 9.999999999989163113e-01
4.859994428305584734e+03 9.999999999988937738e-01 9.999999999988931076e-01 9.999999999988931076e-01
4.860008697481315721e+03 9.999999999988700150e-01 9.999999999988695709e-01 9.999999999988693489e-01
4.860022966657044890e+03 9.999999999988457011e-01 9.999999999988448129e-01 9.999999999988445909e-01
4.860037235832775877e+03 9.999999999988201660e-01 9.999999999988194999e-01 9.999999999988194999e-01
4.860051505008506865e+03 9.999999999987937427e-01 9.999999999987932986e-01 9.999999999987931876e-01
4.860065774184237853e+03 9.999999999987666532e-01 9.999999999987660981e-01 9.999999999987660981e-01
4.860080043359967931e+03 9.999999999987388977e-01 9.999999999987382315e-01 9.999999999987382315e-01
4.860094312535698919e+03 9.999999999987099208e-01 9.999999999987092547e-01 9.999999999987092547e-01
4.860108581711429906e+03 9.999999999986801669e-01 9.999999999986793897e-01 9.999999999986791677e-01
4.860122850887160894e+03 9.999999999986490806e-01 9.999999999986484145e-01 9.999999999986480814e-01
4.860137120062890972e+03 9.999999999986168842e-01 9.999999999986161070e-01 9.999999999986161070e-01
4.860151389238621960e+03 9.999999999985836885e-01 9.999999999985826893e-01 9.999999999985826893e-01
4.860165658414352947e+03 9.999999999985491606e-01 9.999999999985482724e-01 9.999999999985480503e-01
4.860179927590083935e+03 9.999999999985134114e-01 9.999999999985126342e-01 9.999999999985123011e-01
4.860194196765814922e+03 9.999999999984763299e-01 9.999999999984751087e-01 9.999999999984751087e-01
4.860208465941544091e+03 9.999999999984376942e-01 9.999999999984370280e-01 9.999999999984366950e-01
4.860222735117275079e+03 9.999999999983979482e-01 9.999999999983967269e-01 9.999999999983966159e-01
4.860237004293006066e+03 9.999999999983564258e-01 9.999999999983552046e-01 9.999999999983552046e-01
4.860251273468737054e+03 9.999999999983132382e-01 9.999999999983121279e-01 9.999999999983117949e-01
4.860265542644467132e+03 9.999999999982682741e-01 9.999999999982670529e-01 9.999999999982668308e-01
4.860279811820198120e+03 9.999999999982216448e-01 9.999999999982203125e-01 9.999999999982199794e-01
4.860294080995929107e+03 9.999999999981729060e-01 9.999999999981715737e-01 9.999999999981712406e-01
4.860308350171660095e+03 9.999999999981220578e-01 9.999999999981205034e-01 9.999999999981203924e-01
4.860322619347390173e+03 9.999999999980692111e-01 9.999999999980676568e-01 9.999999999980673238e-01
4.860336888523121161e+03 9.999999999980141441e-01 9.999999999980122567e-01 9.999999999980122567e-01
4.860351157698852148e+03 9.999999999979566345e-01 9.999999999979545251e-01 9.999999999979544141e-01
4.860365426874583136e+03 9.999999999978965715e-01 9.999999999978943510e-01 9.999999999978943510e-01
4.860379696050312305e+03 9.999999999978337328e-01 9.999999999978316234e-01 9.999999999978316234e-01
4.860393965226043292e+03 9.999999999977681187e-01 9.999999999977656762e-01 9.999999999977657872e-01
4.860408234401774280e+03 9.999999999976996179e-01 9.999999999976970644e-01 9.999999999976970644e-01
4.860422503577505267e+03 9.999999999976275644e-01 9.999999999976251219e-01 9.999999999976251219e-01
4.860436772753236255e+03 9.999999999975524023e-01 9.999999999975494047e-01 9.999999999975495157e-01
4.860451041928966333e+03 9.999999999974733544e-01 9.999999999974704679e-01 9.999999999974704679e-01
4.860465311104697321e+03 9.999999999973907538e-01 9.999999999973877562e-01 9.999999999973877562e-01
4.860479580280428308e+03 9.999999999973036013e-01 9.999999999973002707e-01 9.999999999973002707e-01
4.860493849456159296e+03 9.999999999972123410e-01 9.999999999972085662e-01 9.999999999972086773e-01
4.860508118631889374e+03 9.999999999971161957e-01 9.999999999971123099e-01 9.999999999971123099e-01
4.860522387807620362e+03 9.999999999970147213e-01 9.999999999970106135e-01 9.999999999970107245e-01
4.860536656983351349e+03 9.999999999969080289e-01 9.999999999969036990e-01 9.999999999969036990e-01
4.860550926159081428e+03 9.999999999967955633e-01 9.999999999967905673e-01 9.999999999967907893e-01
4.860565195334811506e+03 9.999999999966767694e-01 9.999999999966714403e-01 9.999999999966714403e-01
4.860579464510542493e+03 9.999999999965509812e-01 9.999999999965454300e-01 9.999999999965454300e-01
4.860593733686273481e+03 9.999999999964183095e-01 9.999999999964120923e-01 9.999999999964120923e-01
4.860608002862004469e+03 9.999999999962775332e-01 9.999999999962710939e-01 9.999999999962708719e-01
4.860622272037734547e+03 9.999999999961284303e-01 9.999999999961209918e-01 9.999999999961206587e-01
4.860636541213465534e+03 9.999999999959696684e-01 9.999999999959616748e-01 9.999999999959613417e-01
4.860650810389196522e+03 9.999999999958009145e-01 9.999999999957921437e-01 9.999999999957915886e-01
4.860665079564927510e+03 9.999999999956210583e-01 9.999999999956110663e-01 9.999999999956106222e-01
4.860679348740658497e+03 9.999999999954281016e-01 9.999999999954165553e-01 9.999999999954163332e-01
4.860693617916388575e+03 9.999999999952211560e-01 9.999999999952067231e-01 9.999999999952066121e-01
4.860707887092118654e+03 9.999999999949965579e-01 9.999999999949780172e-01 9.999999999949777951e-01
4.860722156267849641e+03 9.999999999947495333e-01 9.999999999947237761e-01 9.999999999947232210e-01
4.860736425443580629e+03 9.999999999944720885e-01 9.999999999944324536e-01 9.999999999944317874e-01
4.860750694619310707e+03 9.999999999941483475e-01 9.999999999940846207e-01 9.999999999940832884e-01
4.860764963795041695e+03 9.999999999937516648e-01 9.999999999936428630e-01 9.999999999936405315e-01
4.860779232970772682e+03 9.999999999932308592e-01 9.999999999930416772e-01 9.999999999930372363e-01
4.860793502146503670e+03 9.999999999924944483e-01 9.999999999921620475e-01 9.999999999921541649e-01
4.860807771322233748e+03 9.999999999913790072e-01 9.999999999907944748e-01 9.999999999907805970e-01
4.860822040497964736e+03 9.999999999895945457e-01 9.999999999885733626e-01 9.999999999885493818e-01
4.860836309673695723e+03 9.999999999866361344e-01 9.999999999848715460e-01 9.999999999848302457e-01
4.860850578849426711e+03 9.999999999816392426e-01 9.999999999786302052e-01 9.999999999785599281e-01
4.860864848025155879e+03 9.999999999731465916e-01 9.999999999680914131e-01 9.999999999679741736e-01
4.860879117200886867e+03 9.999999999587497745e-01 9.999999999503886849e-01 9.999999999501956172e-01
4.860893386376617855e+03 9.999999999345341450e-01 9.999999999209293611e-01 9.999999999206165002e-01
4.860907655552348842e+03 9.999999998942555868e-01 9.999999998724841133e-01 9.999999998719858452e-01
4.860921924728079830e+03 9.999999998281363656e-01 9.999999997938839869e-01 9.999999997931029450e-01
4.860936193903809908e+03 9.999999997211547198e-01 9.999999996681878667e-01 9.999999996669843849e-01
4.860950463079540896e+03 9.999999995506702044e-01 9.999999994701816997e-01 9.999999994683587135e-01
4.860964732255271883e+03 9.999999992832221407e-01 9.999999991630547092e-01 9.999999991603383265e-01
4.860979001431002871e+03 9.999999988703343057e-01 9.999999986941080499e-01 9.999999986901296767e-01
4.860993270606732949e+03 9.999999982431972967e-01 9.999999979894003133e-01 9.999999979836721176e-01
4.861007539782463937e+03 9.999999973061628467e-01 9.999999969473012396e-01 9.999999969391940580e-01
4.861021808958194924e+03 9.999999959291065998e-01 9.999999954310541117e-01 9.999999954197755780e-01
4.861036078133925912e+03 9.999999939388990455e-01 9.999999932606352671e-01 9.999999932452107165e-01
4.861050347309655081e+03 9.999999911104561212e-01 9.999999902044007793e-01 9.999999901836592597e-01
4.861064616485386068e+03 9.999999871581223276e-01 9.999999859712984662e-01 9.999999859438648553e-01
4.861078885661117056e+03 9.999999817284439541e-01 9.999999802046632968e-01 9.999999801689573031e-01
4.861093154836848043e+03 9.999999743956491383e-01 9.999999724788460886e-01 9.999999724330839168e-01
4.861107424012578122e+03 9.999999646613408899e-01 9.999999623000507265e-01 9.999999622422566237e-01
4.861121693188309109e+03 9.999999519599115372e-01 9.999999491127194995e-01 9.999999490407516234e-01
4.861135962364040097e+03 9.999999356710151943e-01 9.999999323124680872e-01 9.999999322240785693e-01
4.861150231539771084e+03 9.999999151399232566e-01 9.999999112655705291e-01 9.999999111585125000e-01
4.861164500715502072e+03 9.999998897055489833e-01 9.999998853315391623e-01 9.999998852036430241e-01
4.861178769891232150e+03 9.999998587329850253e-01 9.999998538727009612e-01 9.999998537214355165e-01
4.861193039066963138e+03 9.999998216363366055e-01 9.999998161884616765e-01 9.999998160081204901e-01
4.861207308242694126e+03 9.999997778312600394e-01 9.999997711548148649e-01 9.999997709251839950e-01
4.861221577418425113e+03 9.999997263773505729e-01 9.999997158454425605e-01 9.999997154929023413e-01
4.861235846594154282e+03 9.999996644787308986e-01 9.999996408470722686e-01 9.999996401255706324e-01
4.861250115769885269e+03 9.999995822931210254e-01 9.999995156502187177e-01 9.999995138488460000e-01
4.861264384945616257e+03 9.999994461301963122e-01 9.999992497949570236e-01 9.999992453259400893e-01
4.861278654121347245e+03 9.999991421848908324e-01 9.999986199256423181e-01 9.999986106298694999e-01
4.861292923297077323e+03 9.999983047156358884e-01 9.999972222324985394e-01 9.999972081395864798e-01
4.861307192472808310e+03 9.999960461914167986e-01 9.999946535692003646e-01 9.999946414686415874e-01
4.861321461648539298e+03 9.999914222940627928e-01 9.999910712730402107e-01 9.999910739072294108e-01
4.861335730824270286e+03 9.999856730291990514e-01 9.999876867809955883e-01 9.999877108641164192e-01
4.861350000000000364e+03 9.999829218275394505e-01 9.999862686287991353e-01 9.999863032548435005e-01
4.861364269175731351e+03 9.999856729997892435e-01 9.999876867277531778e-01 9.999877108108802259e-01
4.861378538351462339e+03 9.999914221601575726e-01 9.999910711707191702e-01 9.999910738050402648e-01
4.861392807527193327e+03 9.999960460134393880e-01 9.999946534428635347e-01 9.999946413424436464e-01
4.861407076702923405e+03 9.999983045887155253e-01 9.999972221183135446e-01 9.999972080253307638e-01
4.861421345878653483e+03 9.999991421153253679e-01 9.999986198434153151e-01 9.999986105473870346e-01
4.861435615054384471e+03 9.999994460902981164e-01 9.999992497417541371e-01 9.999992452724764114e-01
4.861449884230115458e+03 9.999995822643766852e-01 9.999995156139460661e-01 9.999995138124069260e-01
4.861464153405846446e+03 9.999996644526916167e-01 9.999996408177996843e-01 9.999996400962203325e-01
4.861478422581576524e+03 9.999997263507698353e-01 9.999997158179319001e-01 9.999997154653640363e-01
4.861492691757307512e+03 9.999997778034335205e-01 9.999997711271225720e-01 9.999997708974862620e-01
4.861506960933038499e+03 9.999998216076787516e-01 9.999998161603437241e-01 9.999998159800044251e-01
4.861521230108769487e+03 9.999998587042929765e-01 9.999998538446379648e-01 9.999998536933749627e-01
4.861535499284499565e+03 9.999998896776686186e-01 9.999998853042335600e-01 9.999998851763381991e-01
4.861549768460230553e+03 9.999999151136034214e-01 9.999999112397081058e-01 9.999999111326486334e-01
4.861564037635960631e+03 9.999999356468425304e-01 9.999999322886117259e-01 9.999999322002179891e-01
4.861578306811691618e+03 9.999999519382865021e-01 9.999999490912662159e-01 9.999999490192924556e-01
4.861592575987422606e+03 9.999999646424752031e-01 9.999999622812255629e-01 9.999999622234240215e-01
4.861606845163152684e+03 9.999999743795847662e-01 9.999999724627113284e-01 9.999999724169410520e-01
4.861621114338883672e+03 9.999999817150809767e-01 9.999999801911473307e-01 9.999999801554327883e-01
4.861635383514614659e+03 9.999999871472564639e-01 9.999999859602242136e-01 9.999999859327823870e-01
4.861649652690345647e+03 9.999999911018135901e-01 9.999999901955211046e-01 9.999999901747711473e-01
4.861663921866075725e+03 9.999999939321710940e-01 9.999999932536631775e-01 9.999999932382310774e-01
4.861678191041806713e+03 9.999999959239779246e-01 9.999999954256915125e-01 9.999999954144060954e-01
4.861692460217537700e+03 9.999999973023327993e-01 9.999999969432581404e-01 9.999999969351454077e-01
4.861706729393268688e+03 9.999999982403944276e-01 9.999999979864120370e-01 9.999999979806789563e-01
4.861720998568998766e+03 9.999999988683226926e-01 9.999999986919413386e-01 9.999999986879585245e-01
4.861735267744728844e+03 9.999999992818061623e-01 9.999999991615131645e-01 9.999999991587935622e-01
4.861749536920459832e+03 9.999999995496922089e-01 9.999999994691052274e-01 9.999999994672796877e-01
4.861763806096190820e+03 9.999999997204918056e-01 9.999999996674494573e-01 9.999999996662444213e-01
4.861778075271920898e+03 9.999999998276947188e-01 9.999999997933863849e-01 9.999999997926044548e-01
4.861792344447651885e+03 9.999999998939663737e-01 9.999999998721547101e-01 9.999999998716552208e-01
4.861806613623382873e+03 9.999999999343477386e-01 9.999999999207143109e-01 9.999999999204011170e-01
4.861820882799113861e+03 9.999999999586315358e-01 9.999999999502507952e-01 9.999999999500572834e-01
4.861835151974844848e+03 9.999999999730722067e-01 9.999999999680038165e-01 9.999999999678857998e-01
4.861849421150574926e+03 9.999999999815926133e-01 9.999999999785750271e-01 9.999999999785045279e-01
4.861863690326305914e+03 9.999999999866071576e-01 9.999999999848369070e-01 9.999999999847953847e-01
4.861877959502036902e+03 9.999999999895764491e-01 9.999999999885513802e-01 9.999999999885272883e-01
4.861892228677767889e+03 9.999999999913672388e-01 9.999999999907802639e-01 9.999999999907663861e-01
4.861906497853497058e+03 9.999999999924865657e-01 9.999999999921526106e-01 9.999999999921448390e-01
4.861920767029228045e+03 9.999999999932251971e-01 9.999999999930352379e-01 9.999999999930305750e-01
4.861935036204959033e+03 9.999999999937472239e-01 9.999999999936380890e-01 9.999999999936355355e-01
4.861949305380690021e+03 9.999999999941449058e-01 9.999999999940806239e-01 9.999999999940791806e-01
4.861963574556420099e+03 9.999999999944689799e-01 9.999999999944292339e-01 9.999999999944284568e-01
4.861977843732151086e+03 9.999999999947465357e-01 9.999999999947207785e-01 9.999999999947201124e-01
4.861992112907882074e+03 9.999999999949936713e-01 9.999999999949752416e-01 9.999999999949747975e-01
4.862006382083613062e+03 9.999999999952184915e-01 9.999999999952040586e-01 9.999999999952038365e-01
4.862020651259343140e+03 9.999999999954255481e-01 9.999999999954138907e-01 9.999999999954137797e-01
4.862034920435074127e+03 9.999999999956181718e-01 9.999999999956082908e-01 9.999999999956080687e-01
4.862049189610805115e+03 9.999999999957984720e-01 9.999999999957894792e-01 9.999999999957893682e-01
4.862063458786536103e+03 9.999999999959674479e-01 9.999999999959593433e-01 9.999999999959590102e-01
4.862077727962267090e+03 9.999999999961258768e-01 9.999999999961187713e-01 9.999999999961184383e-01
4.862091997137996259e+03 9.999999999962753128e-01 9.999999999962687625e-01 9.999999999962684294e-01
4.862106266313727247e+03 9.999999999964159780e-01 9.999999999964096498e-01 9.999999999964098718e-01
4.862120535489458234e+03 9.999999999965487607e-01 9.999999999965430986e-01 9.999999999965432096e-01
4.862134804665189222e+03 9.999999999966745490e-01 9.999999999966692199e-01 9.999999999966692199e-01
4.862149073840919300e+03 9.999999999967934539e-01 9.999999999967884579e-01 9.999999999967884579e-01
4.862163343016650288e+03 9.999999999969059195e-01 9.999999999969012565e-01 9.999999999969014786e-01
4.862177612192381275e+03 9.999999999970126119e-01 9.999999999970085041e-01 9.999999999970087261e-01
4.862191881368112263e+03 9.999999999971141973e-01 9.999999999971103115e-01 9.999999999971103115e-01
4.862206150543842341e+03 9.999999999972104536e-01 9.999999999972065678e-01 9.999999999972064568e-01
4.862220419719573329e+03 9.999999999973016029e-01 9.999999999972983833e-01 9.999999999972983833e-01
4.862234688895304316e+03 9.999999999973887554e-01 9.999999999973854248e-01 9.999999999973857578e-01
4.862248958071035304e+03 9.999999999974714671e-01 9.999999999974685805e-01 9.999999999974685805e-01
4.862263227246764473e+03 9.999999999975502929e-01 9.999999999975477394e-01 9.999999999975477394e-01
4.862277496422495460e+03 9.999999999976257881e-01 9.999999999976233456e-01 9.999999999976233456e-01
4.862291765598226448e+03 9.999999999976979526e-01 9.999999999976953990e-01 9.999999999976953990e-01
4.862306034773957435e+03 9.999999999977665643e-01 9.999999999977641219e-01 9.999999999977641219e-01
4.862320303949688423e+03 9.999999999978319565e-01 9.999999999978300691e-01 9.999999999978300691e-01
4.862334573125418501e+03 9.999999999978949061e-01 9.999999999978931298e-01 9.999999999978931298e-01
4.862348842301149489e+03 9.999999999979550802e-01 9.999999999979529708e-01 9.999999999979529708e-01
4.862363111476880476e+03 9.999999999980124787e-01 9.999999999980107024e-01 9.999999999980107024e-01
4.862377380652611464e+03 9.999999999980676568e-01 9.999999999980661025e-01 9.999999999980658805e-01
4.862391649828341542e+03 9.999999999981203924e-01 9.999999999981188381e-01 9.999999999981188381e-01
4.862405919004072530e+03 9.999999999981714627e-01 9.999999999981697973e-01 9.999999999981695753e-01
4.862420188179802608e+03 9.999999999982200904e-01 9.999999999982184251e-01 9.999999999982183141e-01
4.862434457355533596e+03 9.999999999982667198e-01 9.999999999982654986e-01 9.999999999982652765e-01
4.862448726531263674e+03 9.999999999983114618e-01 9.999999999983105736e-01 9.999999999983102406e-01
4.862462995706994661e+03 9.999999999983547605e-01 9.999999999983536503e-01 9.999999999983534282e-01
4.862477264882725649e+03 9.999999999983966159e-01 9.999999999983952836e-01 9.999999999983950616e-01
4.862491534058456637e+03 9.999999999984363619e-01 9.999999999984351406e-01 9.999999999984351406e-01
4.862505803234186715e+03 9.999999999984748866e-01 9.999999999984739985e-01 9.999999999984737764e-01
4.862520072409917702e+03 9.999999999985119681e-01 9.999999999985109689e-01 9.999999999985109689e-01
4.862534341585648690e+03 9.999999999985476062e-01 9.999999999985469401e-01 9.999999999985468291e-01
4.862548610761379678e+03 9.999999999985822452e-01 9.999999999985813570e-01 9.999999999985812460e-01
4.862562879937110665e+03 9.999999999986155519e-01 9.999999999986144417e-01 9.999999999986144417e-01
4.862577149112840743e+03 9.999999999986475263e-01 9.999999999986466381e-01 9.999999999986465271e-01
4.862591418288570821e+03 9.999999999986786126e-01 9.999999999986779464e-01 9.999999999986776134e-01
4.862605687464301809e+03 9.999999999987086996e-01 9.999999999987079224e-01 9.999999999987079224e-01
4.862619956640032797e+03 9.999999999987376764e-01 9.999999999987368993e-01 9.999999999987367882e-01
4.862634225815762875e+03 9.999999999987654320e-01 9.999999999987646548e-01 9.999999999987648769e-01
4.862648494991493862e+03 9.999999999987925214e-01 9.999999999987921884e-01 9.999999999987921884e-01
4.862662764167224850e+03 9.999999999988190558e-01 9.999999999988185007e-01 9.999999999988181676e-01
4.862677033342955838e+03 9.999999999988442578e-01 9.999999999988438137e-01 9.999999999988438137e-01
4.862691302518685916e+03 9.999999999988687938e-01 9.999999999988684607e-01 9.999999999988684607e-01
4.862705571694416903e+03 9.999999999988924415e-01 9.999999999988921084e-01 9.999999999988919974e-01
4.862719840870147891e+03 9.999999999989155341e-01 9.999999999989150901e-01 9.999999999989149790e-01
4.862734110045878879e+03 9.999999999989378496e-01 9.999999999989372945e-01 9.999999999989375166e-01
4.862748379221608047e+03 9.999999999989593880e-01 9.999999999989586108e-01 9.999999999989586108e-01
4.862762648397339035e+03 9.999999999989803712e-01 9.999999999989773736e-01 9.999999999989774846e-01
4.862776917573070023e+03 9.999999999990006883e-01 9.999999999989911403e-01 9.999999999989911403e-01
